date,scheme_code,scheme_name,nav
2011-01-16,100041,Aditya Birla Sun Life Liquid Fund -Institutional - IDCW,10.8023
2011-01-16,100042,Aditya Birla Sun Life Liquid Fund-Retail (Growth),25.5038
2011-01-16,100043,Aditya Birla Sun Life Liquid Fund-Institutional (Growth),25.9612
2011-01-16,100044,Aditya Birla Sun Life Liquid Fund -Retail - IDCW,16.3694
2011-01-16,100046,Aditya Birla Sun Life Liquid Fund -Daily IDCW,10.0195
2011-01-16,100047,Aditya Birla Sun Life Liquid Fund - Growth,15.4353
2011-01-16,100048,Aditya Birla Sun Life Liquid Fund -Institutional - weekly  IDCW,10.8112
2011-01-16,100049,Aditya Birla Sun Life Cash Plus-Institutional - Fortnightly Dividend,10.8254
2011-01-16,100051,Aditya Birla Sun Life Liquid Fund -weekly IDCW,10.0268
2011-01-16,100052,Aditya Birla Sun Life Cash Plus-Institutional Premium - Fortnightly Dividend,10.0
2011-01-16,100053,Aditya Birla Sun Life Cash Plus-Institutional Premium Plan-Monthly Dividend,10.0
2011-01-16,100190,ING Liquid Fund-Regular Growth Option,20.1554
2011-01-16,100191,ING Liquid Fund-Regular Weekly Dividend Option,10.8377
2011-01-16,100192,ING Liquid Fund-Regular Daily Dividend Option,10.7873
2011-01-16,100196,ING Liquid Fund-Institutional Growth Option,15.1194
2011-01-16,100197,ING Liquid Fund-Institutional Weekly Dividend Option,10.0665
2011-01-16,100198,ING Liquid Fund-Institutional Daily Dividend Option,10.0121
2011-01-16,100199,ING Liquid Fund-Super Institutional Growth Option,14.3976
2011-01-16,100200,ING Liquid Fund-Super Institutional Daily Dividend Option,10.0048
2011-01-16,100201,ING Liquid Fund-Super Institutional Weekly Dividend Option,10.0
2011-01-16,100233,JM Liquid Fund (Regular) - Weekly IDCW,10.7863
2011-01-16,100234,JM Liquid Fund - Growth Option,26.3146
2011-01-16,100237,JM High Liquidity Fund-- Institutional Plan - Growth,15.8765
2011-01-16,100238,JM High Liquidity Fund-Institutional Plan - Daily Dividend,10.0159
2011-01-16,100241,JM High Liquidity Fund-- Institutional Plan - Dividend,10.5412
2011-01-16,100244,JM Liquid Fund (Regular) - Quarterly IDCW,14.8942
2011-01-16,100245,JM High Liquidity Fund-Super Institutional Plan- Daily Dividend,10.0165
2011-01-16,100246,JM High Liquidity Fund-Super Institutional Plan- Weekly  Dividend,10.0192
2011-01-16,100247,JM Liquid Fund (Regular) - Super Institutional Plan - Growth Option,15.0962
2011-01-16,100357,ICICI Prudential Liquid Fund -Quarterly IDCW,100.5736
2011-01-16,100359,ICICI Prudential Liquid Institutional Plus Fund - Div - Daily,118.515
2011-01-16,100360,ICICI Prudential Liquid Institutional Plus Fund - Div - Weekly,118.7141
2011-01-16,100362,ICICI Prudential Liquid Institutional Plus Fund - Growth,238.3041
2011-01-16,100537,Franklin India Liquid Fund - Regular Plan - Weekly - IDCW,1244.3238
2011-01-16,100538,Franklin India Liquid Fund - Regular Plan - Growth,2366.7074
2011-01-16,100541,Franklin India Liquid Fund - Regular Plan - Daily - IDCW,1512.34
2011-01-16,100542,Franklin India Liquid Fund - Liquid Plan - Weekly Dividend,1000.5749
2011-01-16,100543,Franklin India Liquid Fund - Liquid Plan - Daily IDCW,1000.673
2011-01-16,100544,Franklin India Liquid Fund - Liquid Plan - Growth,1441.861
2011-01-16,100546,Franklin India Liquid Fund - Super Institutional Plan - Growth,1433.5971
2011-01-16,100547,Franklin India Liquid Fund - Super Institutional Plan - Daily - IDCW,1000.673
2011-01-16,100548,Franklin India Liquid Fund - Super Institutional Plan - Weekly - IDCW,1021.1243
2011-01-16,100641,SBI ULTRA SHORT DURATION FUND - REGULAR PLAN - GROWTH,21.4268
2011-01-16,100723,UTI MMF-Discontinued - Regular Plan -Growth,2683.1967
2011-01-16,100724,UTI MMF- Discontinued - Regular Plan - Flexi Dividend Option,1878.677
2011-01-16,100725,UTI MMF- Discontinued - Regular Plan - Periodic Dividend Option,1869.5751
2011-01-16,100828,Kotak Liquid-Regular (Dividend),10.0347
2011-01-16,100829,Kotak Liquid-Regular (Growth),18.5833
2011-01-16,100830,Kotak Liquid-Institutional Plan  (Growth),18.9839
2011-01-16,100831,Kotak Liquid Fund -Institutional Plan - (Daily Dividend),12.2281
2011-01-16,100832,Kotak Liquid-Institutional Plan (Weekly Dividend),10.0352
2011-01-16,100833,Kotak Liquid Fund - Regular  - Daily Reinvestment of Income Distribution cum capital withdrawal option,12.2281
2011-01-16,100834,Kotak Liquid Fund Regular Plan Weekly Reinvestment of Income Distribution cum capital withdrawal option Dividend,10.0753
2011-01-16,100835,Kotak Liquid Fund - Regular Plan - Growth,19.5579
2011-01-16,100837,Nippon India Liquid Fund - Retail Option - Growth Plan,23.0414
2011-01-16,100838,NIPPON INDIA LIQUID FUND - RETAIL Plan - WEEKLY IDCW OPTION,10.3459
2011-01-16,100842,NIPPON INDIA LIQUID FUND - RETAIL Plan - DAILY IDCW OPTION,15.2428
2011-01-16,100843,NIPPON INDIA LIQUID FUND - RETAIL plan - MONTHLY IDCW OPTION,13.3619
2011-01-16,100844,NIPPON INDIA LIQUID FUND - RETAIL Plan - QUARTERLY IDCW OPTION,12.2157
2011-01-16,100845,Reliance Liquid Fund-Cash Plan-Growth Plan,15.6281
2011-01-16,100848,Reliance Liquid Fund-Cash Plan-Weekly Dividend Reinvestment Option,10.9215
2011-01-16,100849,Reliance Liquid Fund-Cash Plan-Daily Dividend Reinvestment Option,11.1415
2011-01-16,100851,Nippon India Liquid Fund -Growth Plan,23.4809
2011-01-16,100852,NIPPON INDIA LIQUID FUND - DAILY IDCW OPTION,15.2874
2011-01-16,100853,NIPPON INDIA LIQUID FUND - WEEKLY IDCW OPTION,15.3094
2011-01-16,100855,NIPPON INDIA LIQUID FUND - MONTHLY IDCW OPTION,21.8331
2011-01-16,100868,HDFC Liquid Fund - Growth Plan,19.0657
2011-01-16,100872,HDFC Liquid Fund-PREMIUM PLUS- Growth,19.3697
2011-01-16,100873,HDFC Liquid Fund-PREMIUM- Growth,19.3305
2011-01-16,100874,HDFC Liquid Fund - IDCW Plan Weekly,10.3233
2011-01-16,100875,HDFC Liquid Fund - IDCW Daily,10.1982
2011-01-16,100876,HDFC Liquid Fund - IDCW Monthly,10.3053
2011-01-16,100877,HDFC Liquid Fund-Premium Plan - Dividend-Daily,12.2598
2011-01-16,100878,HDFC Liquid Fund-Premium Plan - Dividend-Weekly,10.0148
2011-01-16,100881,HDFC Liquid Fund-Premium Plus Plan - Dividend-Weekly,10.0
2011-01-16,100895,Principal Cash Management Fund - Daily Income Distribution CUM Capital Withdrawal,10.0007
2011-01-16,100896,Principal Cash Management Fund - Weekly Income Distribution CUM Capital Withdrawal Option,10.0662
2011-01-16,100897,Principal Cash Management Fund - Monthly Income Distribution CUM Capital Withdrawal Option,10.106
2011-01-16,100898,Principal Cash Management Fund -Growth Option,15.0039
2011-01-16,100940,DSP BlackRock Liquidity Fund - Regular Plan - Growth,22.8939
2011-01-16,100941,DSP BlackRock Liquidity Fund - Regular Plan Weekly Dividend,12.4182
2011-01-16,100943,DSP BlackRock Liquidity Fund - Regular Plan - Daily Dividend,10.01
2011-01-16,101044,Franklin India Floating Rate Fund - IDCW,10.0
2011-01-16,101048,Franklin India Floating Rate Fund - Growth Plan,16.4363
2011-01-16,101078,JM Liquid Fund (Regular) - Daily IDCW,10.4302
2011-01-16,101184,LIC MF Liquid Fund-Regular Plan-Daily IDCW,10.9801
2011-01-16,101185,LIC MF Liquid Fund-Regular Plan-Growth,17.6497
2011-01-16,101206,SBI OVERNIGHT FUND - REGULAR PLAN - GROWTH,16.641
2011-01-16,101221,ICICI Prudential Money Market Fund Retail Growth (erstwhile Cash Option),155.3983
2011-01-16,101361,Canara Robeco Liquid Fund- INSTITUTIONAL-Weekly dividend,10.055
2011-01-16,101362,Canara Robeco Liquid Fund- INSTITUTIONAL-Growth,17.5024
2011-01-16,101363,Canara Robeco Liquid Fund- INSTITUTIONAL-Daily Dividend Reinvestment,10.055
2011-01-16,101364,Canara Robeco Liquid Fund-Retail-DRI,10.07
2011-01-16,101365,Canara Robeco Liquid Fund-Retail-Growth,17.441
2011-01-16,101393,Sahara Liquid Fund-Fixed Pricing - Daily Dividend Option,1024.9063
2011-01-16,101394,Sahara Liquid Fund-Fixed Pricing - Growth option,1746.9692
2011-01-16,101397,Sahara Liquid Fund-Fixed Pricing -  Weekly Dividend Option,1027.4373
2011-01-16,101398,Sahara Liquid Fund-Fixed Pricing - Monthly Dividend Option,1029.5592
2011-01-16,101399,Sahara Liquid Fund-Variable Pricing - Daily Dividend option,1024.9281
2011-01-16,101400,Sahara Liquid Fund-Variable Pricing - Weekly Dividend Option,1025.14
2011-01-16,101401,Sahara Liquid Fund-Variable Pricing- Monthly Dividend Option,1029.8867
2011-01-16,101402,Sahara Liquid Fund-Variable Pricing - Growth option,1760.7489
2011-01-16,101407,Baroda BNP Paribas LIQUID FUND-Defunct Plan- IDCW Option,14.3457
2011-01-16,101408,Baroda BNP Paribas LIQUID FUND- Defunct Plan -Growth Option,16.7441
2011-01-16,101409,Baroda BNP Paribas LIQUID FUND-Defunct Plan-Daily IDCW Option,10.0606
2011-01-16,101420,JM Floater Short Term Fund - Daily Dividend Option,10.0883
2011-01-16,101421,JM Floater Short Term Fund - Growth Option,15.4672
2011-01-16,101549,JM Liquid Fund (Regular) - Bonus Option - Principal Units,13.8188
2011-01-16,101691,HSBC Cash Fund - Inst. - Growth,15.6461
2011-01-16,101692,HSBC Cash Fund - Inst. - Dividend - Daily,10.4401
2011-01-16,101693,HSBC Cash Fund - Inst. - Dividend - Weekly,10.4675
2011-01-16,101694,HSBC Cash Fund - Inst. - Dividend - Monthly,10.5531
2011-01-16,101696,HSBC Liquid Fund - Growth closed plan,15.4728
2011-01-16,101697,HSBC Cash Fund - Regular - Dividend - Daily,10.193
2011-01-16,101698,HSBC Cash Fund - Regular - Dividend - Weekly,10.0206
2011-01-16,101699,HSBC Liquid Fund Closed,14.7858
2011-01-16,101700,HSBC Cash Fund - Dividend - Daily,10.0056
2011-01-16,101701,HSBC Cash Fund - Dividend - Weekly,10.2384
2011-01-16,101702,HSBC Cash Fund - Dividend - Monthly,10.1084
2011-01-16,101714,Tata Liquid Fund- Regular Plan - Daily Reinvestment of IDCW Option,10.0152
2011-01-16,101716,DWS Insta Cash Plus Fund-DIVIDEND-WEEKLY DIVIDEND,10.3563
2011-01-16,101717,DWS Insta Cash Plus Fund-DIVIDEND-MONTHLY DIVIDEND,11.1721
2011-01-16,101718,DWS Insta Cash Plus Fund-DIVIDEND-Daily Dividend,10.301
2011-01-16,101719,DWS Insta Cash Plus Fund-Growth-GROWTH,16.1141
2011-01-16,101720,DWS Insta Cash Plus Fund-Institutional Plan-Dividend,10.2914
2011-01-16,101721,DWS Insta Cash Plus Fund-Institutional Plan-Growth,15.1665
2011-01-16,101722,DWS Insta Cash Plus Fund-Institutional Plan-Daily Dividend,10.0516
2011-01-16,101723,DWS Insta Cash Plus Fund-Institutional Plan-Weekly Dividend,10.0819
2011-01-16,101748,ICICI Prudential Liquid Fund - Institutional - Daily - Div,118.502
2011-01-16,101749,ICICI Prudential Liquid Fund - Institutional - Monthly - Div,100.4617
2011-01-16,101750,ICICI Prudential Liquid Fund Retail Growth,231.9688
2011-01-16,101751,ICICI Prudential Liquid Institutional Fund - Growth,236.7578
2011-01-16,101752,ICICI Prudential Liquid Fund Retail Weekly Dividend,118.949
2011-01-16,101753,ICICI Prudential Liquid Fund - Institutional - Weekly - Div,118.5829
2011-01-16,101754,ICICI Prudential Liquid Fund Retail Daily Dividend,118.514
2011-01-16,101755,ICICI Prudential Liquid Fund Retail Monthly Dividend,100.475
2011-01-16,101847,Tata Money Market Fund-Regular Plan - Growth Option,1780.6344
2011-01-16,101858,Tata Liquid Retail Investment Plan - Growth,2206.8612
2011-01-16,101859,Tata Liquid High Investment Plan - Weekly,1147.7067
2011-01-16,101860,Tata Liquid High Investment Plan - Growth,1596.8381
2011-01-16,101861,Tata Liquid Fund-Regular Plan  - Weekly Dividend,1151.7537
2011-01-16,101892,Kotak Money market Fund - (Monthly Payout of Income Distribution cum capital withdrawal option),10.0106
2011-01-16,101893,Kotak Money Market Fund - (Growth),15.771
2011-01-16,101894,Kotak Money Market Fund - (Weekly Reinvestment of Income Distribution cum capital withdrawal option),10.0717
2011-01-16,101970,Aditya Birla Sun Life Money Manager Fund - RETAIL - WEEKLY IDCW,10.3789
2011-01-16,101971,Aditya Birla Sun Life Money Manager Fund - Retail Growth,15.874
2011-01-16,101972,Aditya Birla Sun Life Money Manager Fund - Retail - Daily IDCW,10.0016
2011-01-16,101973,Aditya Birla Sun Life Money Manager Fund - Daily IDCW,10.0
2011-01-16,101974,Aditya Birla Sun Life Money Manager Fund - WEEKLY IDCW,10.0119
2011-01-16,101975,Aditya Birla Sun Life Floating Rate Fund-Short Term Plan-Institutional Fortnightly Dividend,10.0
2011-01-16,101976,Aditya Birla Sun Life Money Manager Fund - Growth,12.792
2011-01-16,101982,Tata Liquid Retail Investment PLan - Daily,1116.8143
2011-01-16,101983,Tata Liquid Retail Investment Plan - Fortnightly,1148.6792
2011-01-16,101984,Tata Liquid High Investment Plan - Daily,1114.3379
2011-01-16,101985,Tata Liquid High Investment Plan - Monthly,1022.9112
2011-01-16,101986,Tata Money Market Fund- Regular Plan - Daily Reinvestment of IDCW Option,1114.52
2011-01-16,101987,Tata Liquid Fund Reglar Plan - Monthly Dividend,1006.9671
2011-01-16,101993,HDFC Money Market Fund - Growth Option,20.1551
2011-01-16,101994,HDFC Money Market Fund - Daily IDCW Option,10.6364
2011-01-16,101995,HDFC Money Market Fund - Weekly IDCW Option,10.6293
2011-01-16,101996,HDFC Overnight Fund - Growth Option,15.8999
2011-01-16,101997,HDFC Overnight Fund - IDCW Option (Daily),10.4266
2011-01-16,102007,UTI-  Liquid Cash Plan- Discontinued -Regular Plan Periodic Dividend Option,1067.1868
2011-01-16,102008,UTI-  Liquid Cash Plan- Discontinued - Regular Plan - Monthly Dividend Option,1080.9866
2011-01-16,102009,UTI-  Liquid Cash Plan- Discontinued - Regular Plan -Growth,1554.628
2011-01-16,102010,UTI Liquid Fund - Regular Plan - Daily IDCW (Reinvestment),1019.4457
2011-01-16,102011,UTI Liquid Fund - Regular Plan - Monthly IDCW,1027.9979
2011-01-16,102012,UTI-  Liquid Cash Plan - Regular Plan - Growth Option,1583.6339
2011-01-16,102013,UTI Liquid Fund - Regular Plan - Weekly IDCW,1042.4499
2011-01-16,102152,Tata Money Market Fund Regular (Bonus / Dividend),10.1597
2011-01-16,102153,Tata Money Market Fund Regular (Growth),15.4123
2011-01-16,102441,Franklin India Liquid Fund - Institution-Growth,1503.3885
2011-01-16,102442,Franklin India Liquid Fund - Institutional Plan - Weekly - IDCW,1054.7186
2011-01-16,102443,Franklin India Liquid Fund - Institutional Plan - Daily - IDCW,1000.673
2011-01-16,102672,Tata Liquid Fund -Regular Plan - Growth Option,15.1325
2011-01-16,102832,HSBC Floating Rate Fund - Short Term - Regular - Growth,14.1761
2011-01-16,102833,HSBC Floating Rate Fund - Short Term - Regular - Dividend - Daily,10.0
2011-01-16,102834,HSBC Floating Rate Fund - Short Term - Regular - Dividend - Weekly,10.0184
2011-01-16,102835,HSBC Floating Rate Fund - Short Term - Inst. - Growth,14.336
2011-01-16,102836,HSBC Floating Rate Fund - Short Term - Inst. - Dividend - Daily,10.5191
2011-01-16,102838,HSBC Floating Rate Fund - Short Term - Inst. - Dividend - Monthly,10.4634
2011-01-16,103048,Nippon India Money Market Fund-Growth Plan-Growth Option,14.5219
2011-01-16,103050,NIPPON INDIA MONEY MARKET FUND - DAILY IDCW Option,10.0051
2011-01-16,103051,NIPPON INDIA MONEY MARKET FUND - WEEKLY IDCW Option,10.0077
2011-01-16,103140,SBI Overnight Fund - Regular Plan - Weekly Income Distribution cum Capital Withdrawal Option (IDCW),10.314
2011-01-16,103340,ICICI Prudential Liquid Fund - Growth,142.6119
2011-01-16,103341,ICICI Prudential Liquid Fund -Monthly IDCW,100.4403
2011-01-16,103342,ICICI Prudential Liquid Fund - Weekly IDCW,100.2779
2011-01-16,103343,ICICI Prudential Liquid Fund - Daily IDCW,100.0226
2011-01-16,103344,ICICI Prudential Liquid Fund - Institutional Option - I,139.246
2011-01-16,103347,DSP Liquidity Fund - Regular Plan - Growth,1380.6856
2011-01-16,103348,DSP Liquidity Fund - Regular Plan - IDCW - Weekly,1000.8478
2011-01-16,103349,DSP Liquidity Fund- Regular Plan - IDCW - Daily,1000.3161
2011-01-16,103519,Tata Liquidity Management Fund - Regular Plan  -Weekly Dividend,1006.301
2011-01-16,103631,Tata Liquidity Management Fund - Regular Plan - Daily Dividend,1002.6089
2011-01-16,103632,Tata Liquidity Management Fund - Regular Plan - Growth,1308.9453
2011-01-16,103633,ICICI Prudential Money Market Fund Option - Growth,134.1976
2011-01-16,103634,ICICI Prudential Money Market Fund Option - Daily IDCW,100.0115
2011-01-16,103635,ICICI Prudential Money Market Fund Option - Weekly IDCW,100.1507
2011-01-16,103636,ICICI Prudential Money Market Fund Option -Fortnightly IDCW,100.5291
2011-01-16,103637,ICICI Prudential Money Market Fund Option - Monthly IDCW,100.5509
2011-01-16,103734,Quantum Liquid Fund - Direct Plan Growth Option,13.74
2011-01-16,103735,Quantum Liquid Fund - Direct Plan Monthly IDCW,10.0421
2011-01-16,103736,Quantum Liquid Fund - Direct Plan Daily IDCW,10.0
2011-01-16,103884,SBI Ultra Short Duration Fund - Regular Plan - Weekly Income Distribution cum Capital Withdrawal Option (IDCW),10.7781
2011-01-16,104240,Taurus Liquid Fund-Dividend,1001.2175
2011-01-16,104241,Taurus Liquid Fund-Growth,1267.1808
2011-01-16,104308,ICICI Prudential Liquid Fund - Half Yearly IDCW,102.0006
2011-01-16,104483,Religare Invesco Liquid Fund - Institutional - Daily Dividend,10.0022
2011-01-16,104484,Invesco India Liquid Fund - Daily IDCW (Reinvestment),10.0078
2011-01-16,104486,Invesco India Liquid Fund - Growth,13.2467
2011-01-16,104488,Invesco India Liquid Fund - Regular - Growth,13.0414
2011-01-16,104489,Invesco India Liquid Fund - Regular - Weekly IDCW (Reinvestment),10.0152
2011-01-16,104491,Religare Invesco Liquid Fund - Institutional - Growth,13.1771
2011-01-16,104493,Fidelity Cash Fund - Retail Plan - Growth option,12.8585
2011-01-16,104494,Fidelity Cash Fund - Super Institutional Plan - Daily Dividend Option,10.233
2011-01-16,104495,Fidelity Cash Fund - Retail Plan - Daily Dividend option,10.0025
2011-01-16,104496,Fidelity Cash Fund - Super Institutional Plan - Growth Option,13.1411
2011-01-16,104497,Fidelity Cash Fund - Institutional Plan - Growth Option,13.0714
2011-01-16,104498,Fidelity Cash Fund - Institutional Plan - Daily Dividend Option,10.0025
2011-01-16,104546,Fidelity Cash Fund - Institutional Plan - Weekly Dividend Option,10.181
2011-01-16,104547,Fidelity Cash Fund - Retail Plan - Monthly Dividend Option,10.0438
2011-01-16,104548,Fidelity Cash Fund - Institutional Plan - Monthly Dividend Option,10.0
2011-01-16,104549,Fidelity Cash Fund - Retail Plan - Weekly Dividend Option,10.0133
2011-01-16,104550,Fidelity Cash Fund - Super Institutional Plan - Weekly Dividend Option,10.0
2011-01-16,104551,Fidelity Cash Fund - Super Institutional Plan - Monthly Dividend Option,10.0
2011-01-16,105080,SBI Ultra Short Duration Fund - Regular Plan - Daily Income Distribution cum Capital Withdrawal Option (IDCW),16.7503
2011-01-16,105274,SBI Liquid Fund - Institutional - Growth,15.3281
2011-01-16,105275,SBI Liquid Fund - Institutional Daily Income Distribution cum Capital Withdrawal Option (IDCW),10.0325
2011-01-16,105278,SBI Liquid Fund - Institutional Weekly Income Distribution cum Capital Withdrawal Option (IDCW),10.6057
2011-01-16,105279,SBI Liquid Fund - Institutional Fortnightly Income Distribution cum Capital Withdrawal Option (IDCW),10.1934
2011-01-16,105280,SBI Liquid Fund - REGULAR PLAN -Growth,15.1647
2011-01-16,105281,SBI Liquid Fund - Regular Plan - Daily Income Distribution cum Capital Withdrawal Option (IDCW),10.0325
2011-01-16,105282,SBI Liquid Fund - Regular Plan - Weekly Income Distribution cum Capital Withdrawal Option (IDCW),10.6053
2011-01-16,105672,DWS INSTA CASH PLUS FUND - Regular Plan BONUS OPTION,11.9675
2011-01-16,106467,DWS Insta Cash Plus Fund-Daily Dividend,10.0304
2011-01-16,106471,DWS Insta Cash Plus Fund -Growth,12.525
2011-01-16,106501,Religare Invesco Overnight Fund - Growth,11.5719
2011-01-16,106502,Religare Invesco Overnight Fund - Daily Dividend Reinvestment,10.0
2011-01-16,106503,PineBridge India Liquid Fund-Retail Plan-DailyDividend Option,1001.0
2011-01-16,106504,PineBridge India Liquid Fund-Retail Plan-Monthly Dividend Option,1005.9891
2011-01-16,106506,PineBridge India Liquid Fund-Institutional Plan-Daily Dividend Option,1001.0
2011-01-16,106507,PineBridge India Liquid Fund-Institutional Plan-Weekly Dividend Option,1002.575
2011-01-16,106508,PineBridge India Liquid Fund- Standard Plan-Growth Option,1239.9713
2011-01-16,106509,PineBridge India Liquid Fund- Standard Plan-Weekly Dividend Option,1002.5911
2011-01-16,106510,PineBridge India Liquid Fund-Retail Plan-Weekly Dividend Option,1002.5255
2011-01-16,106511,PineBridge India Liquid Fund-Institutional Plan-Growth Option,1235.86
2011-01-16,106513,PineBridge India Liquid Fund- Standard Plan-Daily Dividend Option,1001.0
2011-01-16,106514,PineBridge India Liquid Fund-Retail Plan-Growth Option,1223.3646
2011-01-16,106516,PineBridge India Liquid Fund-Retail Plan-Quarterly Dividend Option,1007.6961
2011-01-16,106561,JPMorgan India Liquid Fund - Retail Plan - Growth Option,11.4765
2011-01-16,106562,JPMorgan India Liquid Fund - Retail Plan - Daily Dividend Option,10.015
2011-01-16,106842,Kotak Money Market Fund - (Daily Reinvestment of Income Distribution cum capital withdrawal option),10.1162
2011-01-16,107328,Principal Ultra Short Term Fund-Growth Option,10.9535
2011-01-16,107329,Principal Ultra Short Term Fund-Daily Income Distribution CUM Capital Withdrawal Option,10.0247
2011-01-16,107330,Principal Ultra Short Term Fund-Monthly Income Distribution CUM Capital Withdrawal Option,10.4828
2011-01-16,107332,Principal Ultra Short Term Fund-Weekly Income Distribution CUM Capital Withdrawal Option,10.1206
2011-01-16,107646,Mirae Asset Liquid Fund- Regular Plan - Daily Dividend,979.146
2011-01-16,107647,Mirae Asset Liquid Fund- Regular Plan - Weekly Dividend,980.5462
2011-01-16,107648,Mirae Asset Liquid Fund- Regular Plan - Growth,1028.4531
2011-01-16,107649,Mirae Asset Liquid Fund- Regular Plan - Monthly Dividend,982.7312
2011-01-16,108607,BANDHAN Liquid Fund - Plan A-Dividend (Weekly),10.0144
2011-01-16,108681,BANDHAN Liquid Fund - Plan B-Daily-Dividend(Institutional Plan),10.5873
2011-01-16,108690,BANDHAN LIQUID Fund - Regular Plan - Growth,11.7305
2011-01-16,108692,BANDHAN LIQUID Fund - Regular Plan - Daily IDCW,10.0025
2011-01-16,108778,BANDHAN Liquid Fund-Plan A-Growth,17.1418
2011-01-16,108779,BANDHAN Liquid Fund-Plan A-Dividend (Daily),10.5819
2011-01-16,108781,BANDHAN Liquid Fund - Plan B (G) (Institutional Plan),17.2826
2011-01-16,109177,JPMorgan India Liquid Fund - Retail Plan - Weekly Dividend Option,10.0252
2011-01-16,109178,JPMorgan India Liquid Fund - Retail Plan - Fortnightly Dividend Option,10.0402
2011-01-16,109179,JPMorgan India Liquid Fund - Retail Plan - Monthly Dividend Option,10.0573
2011-01-16,109254,BANK OF INDIA Liquid Fund- Regular Plan- Growth,1137.2904
2011-01-16,109255,BANK OF INDIA Liquid Fund- Regular Plan- Weekly IDCW,1001.0454
2011-01-16,109256,BANK OF INDIA Liquid Fund- Institutional Plan-Growth,1151.1555
2011-01-16,109257,BANK OF INDIA Liquid Fund- Institutional Plan- Daily Dividend,1000.0
2011-01-16,109258,BANK OF INDIA Liquid Fund- Super Institutional Plan-Growth,1155.2723
2011-01-16,109262,BANK OF INDIA Liquid Fund-Institutional Plan-Weekly Dividend,1001.1194
2011-01-16,109263,BANK OF INDIA Liquid Fund- Super Institutional Plan-Daily Dividend,1000.0
2011-01-16,109346,Canara Robeco Liquid Fund-Retail-Fortnightly Div Reinvest,10.0768
2011-01-16,109347,Canara Robeco Liquid Fund-Retail-Monthly Div Reinvest,10.0907
2011-01-16,109349,CANARA ROBECO LIQUID FUND - REGULAR PLAN - DAILY IDCW (Reinvestment),10.055
2011-01-16,109350,CANARA ROBECO LIQUID FUND - REGULAR PLAN - WEEKLY IDCW (Payout/Reinvestment),10.055
2011-01-16,109353,CANARA ROBECO LIQUID FUND - REGULAR PLAN - GROWTH OPTION,11.7263
2011-01-16,109355,Canara Robeco Liquid Fund-Regular Plan-Fortnightly Div Reinvest.,10.055
2011-01-16,109356,Canara Robeco Liquid Fund-Retail-Weekly Div Reinvest,10.0628
2011-01-16,109357,Canara Robeco Liquid Fund-Institutional-Fortnightly Div Reinvest,10.055
2011-01-16,109934,Edelweiss Liquid Fund - Retail Plan - Daily Dividend Option,10.0
2011-01-16,109939,Edelweiss Liquid Fund - Retail Plan - Monthly Dividend Option,10.0218
2011-01-16,109940,Edelweiss Liquid Fund - Retail Plan - Growth Option,11.2069
2011-01-16,110149,JPMorgan India Liquid Fund - Super Institutional Plan - Daily Dividend Option,10.0079
2011-01-16,110150,JPMorgan India Liquid Fund - Super Institutional Plan - Growth Option,12.4982
2011-01-16,110151,JPMorgan India Liquid Fund - Super Institutional Plan - Monthly Dividend Option,10.0761
2011-01-16,110153,JPMorgan India Liquid Fund - Super Institutional Plan - Weekly Dividend Option,10.0494
2011-01-16,111547,Taurus Liquid Fund Insti DDRIP,1000.0639
2011-01-16,111644,Mirae Asset Liquid Fund - Regular Plan - Weekly IDCW,1068.6572
2011-01-16,111645,Mirae Asset Liquid Fund - Regular Plan - Monthly IDCW,1069.8504
2011-01-16,111646,Mirae Asset Liquid Fund - Regular Plan - Growth,1069.8052
2011-01-16,111647,Mirae Asset Liquid Fund - Regular - Daily IDCW,1030.4962
2011-01-16,111703,Taurus Liquid Fund - Regular Plan -SI Daily Dividend Option,1000.0639
2011-01-16,111704,Baroda BNP Paribas LIQUID FUND - Regular Plan - GROWTH OPTION,11.0474
2011-01-16,111707,Baroda BNP Paribas LIQUID FUND - Regular Plan - DAILY IDCW OPTION,10.0063
2011-01-16,111760,Taurus Liquid Fund Insti Growth,1058.6616
2011-01-16,111915,Taurus Liquid Fund - Regular Plan - SI Growth Option,1037.442
2011-01-16,111971,BANK OF INDIA Liquid Fund- Regular Plan- Daily IDCW,1000.0
2011-01-16,112014,Aditya Birla Sun Life Liquid Fund- Discipline Advantage Plan,10.696
2011-01-16,112040,Shinsei Liquid Fund - Retail - Growth,1078.4431
2011-01-16,112041,Shinsei Liquid Fund - Institutional - Growth,1079.6719
2011-01-16,112049,Shinsei Liquid Fund - Institutional - Daily Dividend,1000.5197
2011-01-16,112051,Shinsei Liquid Fund - Retail - Weekly Dividend,1001.6633
2011-01-16,112052,Shinsei Liquid Fund - Retail - Daily Dividend,1000.52
2011-01-16,112076,UTI Money Market Fund - Regular Plan - Daily IDCW (Reinvestment),1003.3854
2011-01-16,112077,UTI MMF - Regular Plan - Growth Option,1080.1081
2011-01-16,112210,Axis Liquid Fund - Regular Plan - Growth Option,1068.6701
2011-01-16,112211,Axis Liquid Fund - Regular Plan - Daily IDCW,1000.0684
2011-01-16,112212,Axis Liquid Fund - Regular Plan - Weekly IDCW,1003.3735
2011-01-16,112213,Axis Liquid Fund - Regular Plan - Monthly IDCW,1004.3831
2011-01-16,112442,L&T Liquid Fund-Regular Cumulative,19.1626
2011-01-16,112445,L&T Liquid Fund -Regular Plan - Daily IDCW,10.1163
2011-01-16,112456,L&T Liquid Fund-Cum -Institutional Plus,19.4129
2011-01-16,112457,L&T Liquid Fund -Regular Plan - Growth,13.2304
2011-01-16,112468,L&T Liquid Fund - Regular Weekly Dividend,11.9972
2011-01-16,112483,L&T Liquid Fund - Institutional Plus Weekly Dividend,13.0219
2011-01-16,112636,Navi Liquid Fund-Regular Plan-Growth Option,10.5098
2011-01-16,112637,Navi Liquid Fund-Institutional Plan-Dividend Option-Daily,10.0015
2011-01-16,112640,Navi Liquid Fund-Institutional Plan-Growth,10.4869
2011-01-16,112641,Navi Liquid Fund-Retail Plan-Dividend Option-Daily,10.0015
2011-01-16,112642,Navi Liquid Fund-Retail Plan-Dividend Option-Weekly,10.0123
2011-01-16,112643,Navi Liquid Fund-Retail Plan-Dividend Option-Monthly,10.008
2011-01-16,112644,Navi Liquid Fund-Retail Plan-Growth,10.5096
2011-01-16,112645,Navi Liquid Fund - Regular Plan Daily IDCW,10.0015
2011-01-16,112646,Navi Liquid Fund - Regular Plan Weekly IDCW,10.0147
2011-01-16,112712,Axis Liquid Fund - Retail Plan - Daily IDCW,1000.0597
2011-01-16,112713,Axis Liquid Fund - Retail Plan - Growth Option,1050.3761
2011-01-16,112714,Axis Liquid Fund - Retail Plan - Monthly IDCW,1004.2733
2011-01-16,112715,Axis Liquid Fund - Retail Plan - Weekly IDCW,1001.3147
2011-01-16,112817,REDEEMED-SBI Debt Fund Series - 15 Months - 5 (09/03/2010)-GROWTH,10.4451
2011-01-16,112818,REDEEMED-SBI Debt Fund Series - 15 Months - 5 (09/03/2010)-DIVIDEND,10.3115
2011-01-16,112819,SBI Debt Fund Series -370 Days 3- Growth,10.4242
2011-01-16,112820,SBI Debt Fund Series -370 Days 3- Dividend (Payout),10.2991
2011-01-16,112893,Z-REDEEMED-SBI Debt Fund Series - 370 Days -4-Dividend,10.2253
2011-01-16,112916,Z-REDEEMED-SBI Debt Fund Series - 370 Days -4- Growth,10.3525
2011-01-16,113096,IDBI Liquid Fund-Growth,10.3492
2011-01-16,113102,IDBI Liquid Fund-Daily IDCW,10.0
2011-01-16,113103,IDBI Liquid Fund-Weekly IDCW,10.0022
2011-01-16,113104,IDBI Liquid Fund- Monthly IDCW,10.043
2011-01-16,113152,Z-REDEEMED-SBI Debt Fund Series - 180 Days Fund - 11 Dividend,10.2532
2011-01-16,113181,Z-REDEEMED-SBI Debt Fund Series - 370 Days - 5 Dividend,10.153
2011-01-16,113182,Z-REDEEMED-SBI Debt Fund Series - 370 Days - 6 - Dividend,10.1323
2011-01-16,113183,DHFL Pramerica Liquid Fund - Growth Option,1028.0761
2011-01-16,113184,DHFL Pramerica Liquid Fund - Dividend Option - Daily,1000.0089
2011-01-16,113185,DHFL Pramerica Liquid Fund -Dividend Option- Weekly,1001.096
2011-01-16,113186,DHFL Pramerica Liquid Fund - Dividend Option - Monthly,1004.185
2011-01-16,113187,DHFL Pramerica Liquid Fund - Dividend Option - Fortnightly,1001.0952
2011-01-16,113225,Z-REDEEMED-SBI Debt Fund Series - 180 Days Fund - 11 Growth,10.303
2011-01-16,113230,Z-REDEEMED-SBI Debt Fund Series - 370 Days - 5 Growth,10.178
2011-01-16,113248,Taurus Liquid Fund - Regular Plan - SI Weekly Dividend Option,1000.6842
2011-01-16,113275,SBI Debt Fund Series - 24 Months - 2 - Dividend,10.0865
2011-01-16,113321,SBI Debt Fund Series - 60 Months - 1 - Dividend,10.0403
2011-01-16,113340,Z-REDEEMED-SBI Debt Fund Series - 370 Days - 6 - Growth,10.1572
2011-01-16,113363,SBI Debt Fund Series - 24 Months - 2 - Growth,10.0875
2011-01-16,113401,SBI Debt Fund Series - 60 Months - 1 - Growth,10.0403
2011-01-16,113411,Z-REDEEMED-SBI Debt Fund Series - 370 Days - 7 - Dividend,10.0842
2011-01-16,113412,SBI Debt Fund Series - 90 Days - 35 Dividend,10.1818
2011-01-16,113632,BNP PARIBAS LIQUID Fund-Regular Plan-Monthly Dividend,10.0335
2011-01-16,113634,BNP PARIBAS LIQUID Fund-Institutional Plan-Growth Option,14.812
2011-01-16,113637,BNP PARIBAS LIQUID Fund-Regular Plan-Weekly Dividend Option,10.0067
2011-01-16,113638,BNP PARIBAS LIQUID Fund-Institutional Plan-Monthly Dividend Payout Option,10.035
2011-01-16,113640,BNP PARIBAS LIQUID Fund-Regular Plan-Growth Option,14.4466
2011-01-16,113641,BNP PARIBAS LIQUID Fund-Institutional Plan-Daily Dividend Option,10.003
2011-01-16,113642,BNP PARIBAS LIQUID Fund-Institutional Plan-Weekly Dividend Option,10.0071
2011-01-16,114193,Z-REDEEMED-SBI Debt Fund Series - 180 Days 12 - Dividend,10.1212
2011-01-16,114194,Z-REDEEMED-SBI Debt Fund Series - 370 Days - 8 - Dividend,10.0477
2011-01-16,114222,SBI Debt Fund Series - 90 Days - 35 Growth,10.1818
2011-01-16,114250,Z-REDEEMED-SBI Debt Fund Series - 370 Days - 7 - Growth,10.0842
2011-01-16,114251,Reliance Liquid Fund-Cash Plan-Monthly Dividend Plan,10.0722
2011-01-16,114283,Z-REDEEMED-SBI Debt Fund Series - 180 Days 12 - Growth,10.1212
2011-01-16,114297,SBI Overnight Fund - Regular Plan - Daily Income Distribution cum Capital Withdrawal Option (IDCW),10.0991
2011-01-16,114303,Z-REDEEMED-SBI Debt Fund Series - 18 Months - 4 - Growth Option,10.0581
2011-01-16,114306,SBI Debt Fund Series - 180 Days - 13 Growth,10.0865
2011-01-16,114311,Z-REDEEMED-SBI Debt Fund Series - 370 Days - 8 - Growth,10.0477
2011-01-16,114320,SBI Debt Fund Series - 90 Days - 36 Dividend,10.0794
2011-01-16,114321,SBI Debt Fund Series - 90 Days - 36 Growth,10.0795
2011-01-16,114343,Z-REDEEMED-SBI Debt Fund Series - 18 Months - 4 - Dividend Option,10.0581
2011-01-16,114344,SBI Debt Fund Series - 180 Days - 13 Dividend,10.0865
2011-01-16,114351,SBI Debt Fund Series - 180 Days - 14 Dividend,10.0555
2011-01-16,114352,SBI Debt Fund Series - 180 Days - 14 Growth,10.0555
2011-01-16,114373,SBI Debt Fund Series - 90 Days - 37 Dividend,10.0465
2011-01-16,114374,SBI Debt Fund Series - 90 Days - 37 Growth,10.0465
