date,scheme_code,scheme_name,nav
2025-01-07,100033,Aditya Birla Sun Life Large & Mid Cap Fund - Regular Growth,884.06
2025-01-07,100034,Aditya Birla Sun Life Large & Mid Cap Fund -Regular - IDCW,137.11
2025-01-07,100037,Aditya Birla Sun Life Income Fund - Regular - Quarterly IDCW,13.2647
2025-01-07,100038,Aditya Birla Sun Life Income Fund - Growth - Regular Plan,120.8451
2025-01-07,100041,Aditya Birla Sun Life Liquid Fund -Institutional - IDCW,108.023
2025-01-07,100042,Aditya Birla Sun Life Liquid Fund-Retail (Growth),660.6428
2025-01-07,100043,Aditya Birla Sun Life Liquid Fund-Institutional (Growth),677.9562
2025-01-07,100044,Aditya Birla Sun Life Liquid Fund -Retail - IDCW,163.694
2025-01-07,100046,Aditya Birla Sun Life Liquid Fund -Daily IDCW,100.195
2025-01-07,100047,Aditya Birla Sun Life Liquid Fund - Growth,407.1026
2025-01-07,100048,Aditya Birla Sun Life Liquid Fund -Institutional - weekly  IDCW,108.1609
2025-01-07,100051,Aditya Birla Sun Life Liquid Fund -weekly IDCW,100.3027
2025-01-07,100057,Aditya Birla Sun Life Govenment Securities Fund -Regular - Quarterly IDCW,11.3053
2025-01-07,100058,Aditya Birla Sun Life Government Securities Fund  - Growth - Regular Plan,78.5473
2025-01-07,100063,Aditya Birla Sun Life MNC Fund - Regular - IDCW,232.81
2025-01-07,100064,Aditya Birla Sun Life MNC Fund - Growth - Regular Plan,1347.95
2025-01-07,100077,DSP Bond Fund - IDCW,11.9026
2025-01-07,100078,DSP Bond Fund - Growth,78.0283
2025-01-07,100079,DSP Bond Fund - IDCW - Monthly,11.1281
2025-01-07,100080,DSP Flexi Cap Fund - Regular Plan - IDCW,67.523
2025-01-07,100081,DSP Aggressive Hybrid Fund- Regular Plan - Growth,343.12
2025-01-07,100082,DSP Aggressive Hybrid Fund- Regular Plan - IDCW,29.994
2025-01-07,100084,DSP Gilt Fund - Regular Plan - Growth,92.5103
2025-01-07,100085,DSP Gilt Fund - Regular Plan - IDCW,12.2821
2025-01-07,100086,DSP Gilt Fund - Regular Plan - IDCW - Monthly,10.7304
2025-01-07,100087,DSP Savings Fund - Regular Plan - Growth,50.8012
2025-01-07,100088,DSP Savings Fund - Regular Plan - IDCW,12.3781
2025-01-07,100089,DSP Savings Fund - Regular Plan - IDCW - Monthly,10.9377
2025-01-07,100119,HDFC Balanced Advantage Fund - Growth Plan,498.135
2025-01-07,100120,HDFC Balanced Advantage Fund - IDCW Plan,39.164
2025-01-07,100123,HDFC Income Fund - Quarterly IDCW Option,11.3496
2025-01-07,100124,HDFC Income Fund - Growth Option,55.8835
2025-01-07,100174,quant ELSS Tax Saver Fund - IDCW Option - Regular Plan,48.8961
2025-01-07,100175,quant ELSS Tax Saver Fund - Growth Option - Regular Plan,352.1037
2025-01-07,100176,quant Small Cap Fund - IDCW Option - Regular Plan,208.701
2025-01-07,100177,quant Small Cap Fund - Growth - Regular Plan,262.4268
2025-01-07,100218,JM Large Cap Fund (Regular) - IDCW,29.4043
2025-01-07,100219,JM Large Cap Fund (Regular) - Growth Option,151.472
2025-01-07,100220,JM Aggressive Hybrid Fund (Regular) - IDCW,34.2615
2025-01-07,100221,JM Aggressive Hybrid Fund (Regular) -Growth Option,122.4979
2025-01-07,100222,JM Medium to Long Duration Fund (Regular) - Quarterly IDCW,20.1788
2025-01-07,100223,JM Medium to Long Duration Fund (Regular) - Growth Option,59.3485
2025-01-07,100233,JM Liquid Fund (Regular) - Weekly IDCW,11.0035
2025-01-07,100234,JM Liquid Fund - Growth Option,68.9697
2025-01-07,100244,JM Liquid Fund (Regular) - Quarterly IDCW,39.0375
2025-01-07,100247,JM Liquid Fund (Regular) - Super Institutional Plan - Growth Option,39.6472
2025-01-07,100254,JM Value Fund (Regular) - Growth Option,100.1997
2025-01-07,100264,Kotak Gilt-Investment Regular-Payout of Income Distribution cum capital withdrawal option,18.2545
2025-01-07,100265,Kotak Gilt-Investment Regular-Growth,93.4199
2025-01-07,100280,Kotak Gilt-Investment  Provident Fund and Trust-Payout of Income Distribution cum capital withdrawal option,11.9326
2025-01-07,100281,Kotak Gilt-Investment  Provident Fund and Trust-Growth,95.5748
2025-01-07,100286,Kotak Aggressive Hybrid Fund - Regular Plan - IDCW - Payout & Reinvestment of Income Distribution cum capital withdrawal option,35.869
2025-01-07,100299,Kotak Bond Fund - Regular Plan Growth,73.9051
2025-01-07,100300,Kotak Bond Fund - Regular Plan - Standard IDCW Option,45.2793
2025-01-07,100312,LIC MF Flexi Cap Fund-Regular Plan-IDCW,31.9068
2025-01-07,100313,LIC MF Flexi Cap Fund-Regular Plan-Growth,101.1112
2025-01-07,100314,LIC MF Medium to Long Duration Fund-Regular Plan-IDCW,15.1953
2025-01-07,100315,LIC MF Medium to Long Duration Fund-Regular Plan-Growth,69.3232
2025-01-07,100316,LIC MF Gilt Fund-Regular Plan-IDCW,16.637
2025-01-07,100317,LIC MF Gilt Fund-Regular Plan-Growth,57.717
2025-01-07,100318,LIC MF Gilt Fund-PF Plan-IDCW,21.5713
2025-01-07,100319,LIC MF Gilt Fund-PF Plan-Growth,33.3353
2025-01-07,100321,LIC MF Aggressive Hybrid Fund-Regular Plan-IDCW,16.3198
2025-01-07,100323,LIC MF Aggressive Hybrid Fund-Regular Plan-Growth,190.2279
2025-01-07,100325,LIC MF ULIS (5 Yrs. Single Premium)-Regular Plan-IDCW Reinvestment,35.5876
2025-01-07,100332,LIC MF Large Cap Fund-Regular Plan-IDCW,32.9271
2025-01-07,100348,ICICI Prudential Large & Mid Cap Fund - IDCW,29.99
2025-01-07,100349,ICICI Prudential Large & Mid Cap Fund - Growth,937.12
2025-01-07,100351,ICICI Prudential FMCG Fund - IDCW,88.38
2025-01-07,100352,ICICI Prudential FMCG Fund - Growth,478.15
2025-01-07,100353,ICICI Prudential ELSS Tax Saver Fund - IDCW,24.27
2025-01-07,100354,ICICI Prudential ELSS Tax Saver Fund - Growth,884.32
2025-01-07,100355,ICICI Prudential Equity & Debt Fund - Monthly IDCW,41.69
2025-01-07,100356,ICICI Prudential Equity & Debt Fund - Growth,365.46
2025-01-07,100363,ICICI Prudential Technology Fund - Growth,213.97
2025-01-07,100365,ICICI Prudential Long Term Bond Fund - Growth,86.2065
2025-01-07,100367,ICICI Prudential Long Term Bond Fund - Quarterly IDCW,12.3126
2025-01-07,100368,ICICI Prudential Gilt Fund - IDCW,18.2693
2025-01-07,100369,ICICI Prudential Gilt Fund - Growth,98.2541
2025-01-07,100375,NIPPON INDIA GROWTH MID CAP FUND - IDCW Option,127.9535
2025-01-07,100376,Nippon India Growth Mid Cap Fund-Growth Plan-Bonus Option,676.2026
2025-01-07,100377,Nippon India Growth Mid Cap Fund-Growth Plan-Growth Option,4061.9952
2025-01-07,100378,Nippon India Vision Large & Midcap Fund - IDCW Option,70.0007
2025-01-07,100379,Nippon India Vision Large & Midcap Fund-GROWTH PLAN-Bonus Option,240.5495
2025-01-07,100380,Nippon India Vision Large & Midcap Fund-GROWTH PLAN-Growth Option,1428.2105
2025-01-07,100383,NIPPON INDIA MEDIUM TO LONG DURATION FUND - MONTHLY IDCW Option,10.7936
2025-01-07,100384,NIPPON INDIA MEDIUM TO LONG DURATION  FUND - QUARTERLY IDCW Option,13.1035
2025-01-07,100385,NIPPON INDIA MEDIUM TO LONG DURATION  FUND - HALF YEARLY IDCW Option,12.5118
2025-01-07,100386,NIPPON INDIA MEDIUM TO LONG DURATION  FUND - ANNUAL IDCW Option,13.4767
2025-01-07,100387,Nippon India Medium to Long Duration  Fund - Growth Plan Growth Option,86.3808
2025-01-07,100388,Nippon India Medium to Long Duration  Fund - Growth Plan Bonus Option,24.8339
2025-01-07,100414,Tata Aggressive Hybrid Fund- Regular Plan - Growth Option,426.5717
2025-01-07,100415,Tata Ethical Fund-Regular Plan - Growth Option,394.6586
2025-01-07,100470,Franklin India Large Cap Fund - IDCW,50.1053
2025-01-07,100471,Franklin India Large Cap Fund-Growth,988.3661
2025-01-07,100472,Franklin India Mid Cap Fund - IDCW,101.749
2025-01-07,100473,Franklin India Mid Cap Fund-Growth,2752.2086
2025-01-07,100474,Tata ELSS Fund- Regular Plan - Payout of IDCW Option,102.5498
2025-01-07,100475,Tata Large Cap Fund -Regular Plan - Growth Option,480.3504
2025-01-07,100476,Taurus Flexi Cap Fund - Regular Plan - Growth,227.54
2025-01-07,100477,Taurus Mid Cap Fund - Regular Plan - Growth,118.18
2025-01-07,100480,Taurus ELSS Tax Saver Fund - Regular Plan - Growth,182.67
2025-01-07,100484,Franklin India Index Fund- NSE Nifty 50 Index Fund - Growth,190.0348
2025-01-07,100493,Franklin India Government Securities Fund - Growth,56.536
2025-01-07,100494,Franklin India Government Securities Fund - IDCW,10.6342
2025-01-07,100496,Templeton India Value Fund - Growth Plan,694.5318
2025-01-07,100497,Templeton India Value Fund - IDCW,99.3969
2025-01-07,100519,Franklin India Flexi Cap Fund - IDCW,70.5134
2025-01-07,100520,Franklin India Flexi Cap Fund - Growth,1603.7516
2025-01-07,100521,Franklin India Technology Fund - IDCW,51.0467
2025-01-07,100522,Franklin India Technology Fund-Growth,545.7856
2025-01-07,100524,Franklin INDIA OPPORTUNITIES FUND - IDCW,38.9762
2025-01-07,100525,Franklin India ELSS Tax Saver Fund - IDCW,70.9537
2025-01-07,100526,Franklin India ELSS Tax Saver Fund-Growth,1458.1193
2025-01-07,100527,Franklin India Corporate Debt Fund - Plan A - Annual - IDCW,17.1535
2025-01-07,100528,Franklin India Corporate Debt Fund - Growth,94.4257
2025-01-07,100529,Franklin India Corporate Debt Fund - Plan B - Monthly - IDCW,15.0426
2025-01-07,100530,Franklin India Corporate Debt Fund - Plan B - Quarterly - IDCW,11.8618
2025-01-07,100531,Franklin India Corporate Debt Fund - Plan B - Half yearly - IDCW,12.677
2025-01-07,100535,Franklin India Retirement Fund - IDCW,17.4654
2025-01-07,100536,Franklin India Retirement Fund - Growth,212.3528
2025-01-07,100537,Franklin India Liquid Fund - Regular Plan - Weekly - IDCW,1244.7327
2025-01-07,100538,Franklin India Liquid Fund - Regular Plan - Growth,5736.4623
2025-01-07,100541,Franklin India Liquid Fund - Regular Plan - Daily - IDCW,1509.3204
2025-01-07,100546,Franklin India Liquid Fund - Super Institutional Plan - Growth,3801.7108
2025-01-07,100547,Franklin India Liquid Fund - Super Institutional Plan - Daily - IDCW,1000.0
2025-01-07,100548,Franklin India Liquid Fund - Super Institutional Plan - Weekly - IDCW,1026.9005
2025-01-07,100549,Franklin India Aggressive Hybrid Fund - IDCW,30.8395
2025-01-07,100550,Franklin India Aggressive Hybrid Fund - Growth Plan,264.3608
2025-01-07,100593,CANARA ROBECO ELSS TAX SAVER - REGULAR PLAN -IDCW (Payout),49.32
2025-01-07,100596,CANARA ROBECO GILT FUND - REGULAR PLAN - IDCW (Payout/Reinvestment),15.1219
2025-01-07,100597,CANARA ROBECO GILT FUND - REGULAR PLAN - GROWTH OPTION,72.9648
2025-01-07,100600,CANARA ROBECO CONSERVATIVE HYBRID FUND - REGULAR PLAN - MONTHLY IDCW (Payout/Reinvestment),13.4204
2025-01-07,100601,CANARA ROBECO CONSERVATIVE HYBRID FUND - REGULAR PLAN - GROWTH OPTION,93.5698
2025-01-07,100602,Sundaram Medium Duration Fund (Formerly Known as Sundaram Medium Term Bond Fund) Regular Plan-Income Distribution cum Capital Withdrawal(IDCW),13.1225
2025-01-07,100603,Sundaram Medium Duration Fund (Formerly Known as Sundaram Medium Term Bond Fund) Regular Plan - Growth,66.5925
2025-01-07,100604,Sundaram Medium Duration Fund (Formerly Known as Sundaram Medium Term Bond Fund) Regular Plan -Growth,22.745
2025-01-07,100608,Sundaram Medium Duration Fund (Formerly Known as Sundaram Medium Term Bond Fund) Institutional Plan - Growth,75.2476
2025-01-07,100609,Sundaram Medium Duration Fund (Formerly Known as Sundaram Medium Term Bond Fund) Regular Plan- Income Distribution cum Capital Withdrawal(IDCW),13.4888
2025-01-07,100610,Sundaram Medium Duration Fund (Formerly Known as Sundaram Medium Term Bond Fund) Regular Plan -Income Distribution cum Capital Withdrawal (IDCW),13.2312
2025-01-07,100614,Sundaram Value Fund Regular Plan - Income Distribution cum Capital Withdrawal (IDCW),16.6036
2025-01-07,100630,quant Multi Cap Fund-IDCW Option - Regular Plan,73.6363
2025-01-07,100631,quant Multi Cap Fund-GROWTH OPTION - Regular Plan,643.8019
2025-01-07,100638,SBI Medium to Long Duration Fund - Regular Plan - Half Yearly - Income Distribution cum Capital Withdrawal Option (IDCW),17.754
2025-01-07,100639,SBI Medium to Long Duration Fund-REGULAR PLAN-Growth,67.8799
2025-01-07,100640,SBI Medium to Long Duration Fund-REGULAR PLAN-Bonus,41.1291
2025-01-07,100641,SBI ULTRA SHORT DURATION FUND - REGULAR PLAN - GROWTH,5764.6198
2025-01-07,100643,SBI Technology Opportunities Fund - Regular Plan - Income Distribution cum Capital Withdrawal Option (IDCW),135.8004
2025-01-07,100644,SBI Healthcare Opportunities Fund - Regular Plan - Income Distribution cum Capital Withdrawal Option (IDCW),279.2498
2025-01-07,100645,SBI Consumption Opportunities Fund - Regular Plan - Income Distribution cum Capital Withdrawal Option (IDCW),197.8738
2025-01-07,100646,UTI - Unit Linked Insurance Plan,40.5147
2025-01-07,100650,UTI Large Cap Fund - Regular Plan - IDCW,53.2424
2025-01-07,100651,UTI Large Cap Fund - Regular Plan - Growth Option,262.9712
2025-01-07,100663,UTI Large & Mid Cap Fund - Regular Plan - IDCW,85.0535
2025-01-07,100664,UTI Large & Mid Cap Fund - Regular Plan - Growth Option,174.5925
2025-01-07,100668,UTI Flexi Cap Fund - Regular Plan - IDCW,211.3975
2025-01-07,100669,UTI - Flexi Cap Fund-Growth Option,319.7487
2025-01-07,100678,UTI Children's Hybrid Fund - Regular Plan,38.9515
2025-01-07,100682,UTI Retirement Fund - Regular Plan,48.0381
2025-01-07,100684,UTI Aggressive Hybrid Fund - Regular Plan - Growth,393.8854
2025-01-07,100685,UTI Aggressive Hybrid Fund - Regular Plan - IDCW,43.8507
2025-01-07,100723,UTI MMF-Discontinued - Regular Plan -Growth,6859.0784
2025-01-07,100724,UTI MMF- Discontinued - Regular Plan - Flexi Dividend Option,3701.0434
2025-01-07,100725,UTI MMF- Discontinued - Regular Plan - Periodic Dividend Option,2480.5515
2025-01-07,100739,UTI MNC Fund - Regular Plan - IDCW,201.404
2025-01-07,100740,UTI - MNC Fund - Regular Plan - Growth Option,390.6322
2025-01-07,100741,UTI Medium to Long Duration Fund- Regular Plan - Growth,70.4542
2025-01-07,100742,UTI Medium to Long Duration Fund - Regular Plan - Quarterly IDCW,18.0952
2025-01-07,100784,Sundaram Banking & PSU Fund (Formerly Known as Sundaram Banking and PSU Debt Fund) Regular Plan - Growth,41.2387
2025-01-07,100785,Sundaram Corporate Bond Fund Regular Plan -Income Distribution cum Capital Withdrawal(IDCW),16.6015
2025-01-07,100786,Sundaram Corporate Bond Fund Regular Plan - Income Distribution cum Capital Withdrawal (IDCW ),18.8357
2025-01-07,100787,Sundaram Corporate Bond Fund Regular Plan-Income Distribution cum Capital Withdrawal (IDCW),17.436
2025-01-07,100788,Sundaram Corporate Bond Fund Regular Plan- Income Distribution cum Capital Withdrawal (IDCW),17.1421
2025-01-07,100789,Sundaram Corporate Bond Fund Regular Plan- Growth,38.448
2025-01-07,100793,Sundaram Banking & PSU Fund (Formerly Known as Sundaram Banking and PSU Debt Fund) Regular Plan - Income Distribution cum Capital Withdrawal (IDCW),11.5974
2025-01-07,100794,Sundaram Small Cap Fund Regular Plan - Income Distribution cum Capital Withdrawal (IDCW),35.3214
2025-01-07,100795,Sundaram Small Cap Fund Regular Plan - Growth,258.1333
2025-01-07,100806,UTI Healthcare Fund - Regular Plan - IDCW,227.5777
2025-01-07,100807,UTI Healthcare Fund - Regular Plan - Growth Option,294.4618
2025-01-07,100813,UTI Overnight Fund - Regular Plan - Periodic IDCW,1756.0432
2025-01-07,100814,UTI - Overnight  Fund - Regular Plan - Growth Option,3408.6989
2025-01-07,100820,UTI ELSS Tax Saver Fund - Regular Plan - IDCW,38.5622
2025-01-07,100821,UTI ELSS Tax Saver Fund - Regular Plan - Growth Option,201.8529
2025-01-07,100822,UTI Nifty 50 Index Fund - Regular Plan - Growth Option,161.6861
2025-01-07,100823,UTI Nifty 50 Index Fund - Regular Plan - IDCW,81.4572
2025-01-07,100833,Kotak Liquid Fund - Regular  - Daily Reinvestment of Income Distribution cum capital withdrawal option,1222.81
2025-01-07,100835,Kotak Liquid Fund - Regular Plan - Growth,5106.8328
2025-01-07,100837,Nippon India Liquid Fund - Retail Option - Growth Plan,5476.0354
2025-01-07,100838,NIPPON INDIA LIQUID FUND - RETAIL Plan - WEEKLY IDCW OPTION,1034.8674
2025-01-07,100842,NIPPON INDIA LIQUID FUND - RETAIL Plan - DAILY IDCW OPTION,1524.28
2025-01-07,100843,NIPPON INDIA LIQUID FUND - RETAIL plan - MONTHLY IDCW OPTION,1329.794
2025-01-07,100844,NIPPON INDIA LIQUID FUND - RETAIL Plan - QUARTERLY IDCW OPTION,1218.0539
2025-01-07,100851,Nippon India Liquid Fund -Growth Plan,6166.422
2025-01-07,100852,NIPPON INDIA LIQUID FUND - DAILY IDCW OPTION,1528.74
2025-01-07,100853,NIPPON INDIA LIQUID FUND - WEEKLY IDCW OPTION,1531.4485
2025-01-07,100855,NIPPON INDIA LIQUID FUND - MONTHLY IDCW OPTION,1588.134
2025-01-07,100856,Nippon India Corporate Bond Fund - Growth Plan - Growth Option,57.3592
2025-01-07,100857,NIPPON INDIA CORPORATE BOND FUND - MONTHLY IDCW Option,11.6192
2025-01-07,100858,NIPPON INDIA CORPORATE BOND FUND - QUARTERLY IDCW Option,11.9365
2025-01-07,100859,Nippon India Corporate Bond Fund - Growth Plan - Bonus Option,40.9655
2025-01-07,100864,LIC MF ELSS Tax Saver-Regular Plan-IDCW,32.4791
2025-01-07,100865,LIC MF ELSS Tax Saver-Regular Plan-Growth,155.1481
2025-01-07,100868,HDFC Liquid Fund - Growth Plan,4957.3491
2025-01-07,100874,HDFC Liquid Fund - IDCW Plan Weekly,1031.2174
2025-01-07,100875,HDFC Liquid Fund - IDCW Daily,1019.82
2025-01-07,100876,HDFC Liquid Fund - IDCW Monthly,1028.2576
2025-01-07,100900,HDFC Childrens Fund - Growth Plan,290.3
2025-01-07,100915,SBI Contra Fund - Regular Plan - Income Distribution cum Capital Withdrawal Option (IDCW),64.9348
2025-01-07,100927,SBI Conservative Hybrid Fund - Regular Plan - Monthly Income Distribution cum Capital Withdrawal Option (IDCW),21.4067
2025-01-07,100928,SBI Conservative Hybrid Fund - Regular Plan - Quarterly Income Distribution cum Capital Withdrawal Option (IDCW),20.0992
2025-01-07,100929,SBI Conservative Hybrid Fund - Regular Plan - Annual Income Distribution cum Capital Withdrawal Option (IDCW),24.5819
2025-01-07,100948,Franklin India Conservative Hybrid Fund - Growth,87.1786
2025-01-07,100949,Franklin India Conservative Hybrid Fund - Plan A - Monthly - IDCW,13.3153
2025-01-07,100950,Franklin India Conservative Hybrid Fund - Plan A - Quarterly - IDCW,12.3414
2025-01-07,100968,SBI Conservative Hybrid Fund - Regular Plan - Growth,69.6891
2025-01-07,100999,SBI Gilt Fund - Regular Plan - Income Distribution cum Capital Withdrawal Option (IDCW),19.5725
2025-01-07,101001,SBI GILT FUND - REGULAR PLAN - GROWTH,63.651
2025-01-07,101002,SBI CONSTANT MATURITY 10 Year GILT FUND - REGULAR PLAN - GROWTH,60.8371
2025-01-07,101003,SBI Constant Maturity 10 Year Gilt Fund - Regular Plan - Income Distribution cum Capital Withdrawal Option (IDCW),19.7863
2025-01-07,101042,Tata Gilt Securities Fund -Regular Plan- Growth Option,75.0947
2025-01-07,101044,Franklin India Floating Rate Fund - IDCW,10.2544
2025-01-07,101048,Franklin India Floating Rate Fund - Growth Plan,39.0127
2025-01-07,101049,Tata Gilt Securities Fund - Regular Plan - Payout of IDCW Option,20.8166
2025-01-07,101065,quant Mid Cap Fund - Growth Option - Regular Plan,220.7066
2025-01-07,101066,quant Mid Cap Fund - IDCW Option - Regular Plan,78.4619
2025-01-07,101069,quant Aggressive Hybrid Fund-IDCW Option - Regular Plan,54.8322
2025-01-07,101070,quant Aggressive Hybrid Fund - Growth Option - Regular Plan,397.5374
2025-01-07,101071,quant Multi Asset Allocation Fund - IDCW Option - Regular Plan,124.5486
2025-01-07,101072,quant Multi Asset Allocation Fund-GROWTH OPTION - Regular Plan,135.866
2025-01-07,101078,JM Liquid Fund (Regular) - Daily IDCW,10.4302
2025-01-07,101083,HDFC Gilt Fund - Growth Plan,53.2845
2025-01-07,101084,HDFC Gilt Fund - IDCW Plan,12.0831
2025-01-07,101127,ICICI Prudential Children's Fund - Regular Plan,304.9
2025-01-07,101143,ICICI Prudential Multi-Asset Fund - IDCW,32.5938
2025-01-07,101144,ICICI Prudential Multi-Asset Fund - Growth,701.1018
2025-01-07,101161,Nippon India Multi Cap Fund-Growth Plan-Growth Option,288.1569
2025-01-07,101162,Nippon India Multi Cap Fund-Growth Plan-Bonus Option,288.1569
2025-01-07,101163,NIPPON INDIA MULTI CAP FUND - IDCW Option,66.4606
2025-01-07,101165,ICICI Prudential Short Term Fund - Monthly IDCW,12.0794
2025-01-07,101169,SBI Children's Fund - Savings Plan - REGULAR PLAN - GROWTH,107.3747
2025-01-07,101181,JM Medium to Long Duration Fund (Regular) - Bonus Option- Principal Units,24.2812
2025-01-07,101184,LIC MF Liquid Fund-Regular Plan-Daily IDCW,1000.1751
2025-01-07,101185,LIC MF Liquid Fund-Regular Plan-Growth,4569.7599
2025-01-07,101187,Baroda BNP Paribas GILT FUND - Regular Plan - Growth Option,40.8351
2025-01-07,101188,Baroda BNP Paribas GILT FUND - Regular Plan - IDCW Option,24.2376
2025-01-07,101198,LIC MF BSE Sensex Index Fund-Regular Plan-IDCW,50.0391
2025-01-07,101199,LIC MF BSE Sensex Index Fund-Regular Plan-Growth,145.9901
2025-01-07,101200,LIC MF Nifty 50 Index Fund-Regular Plan-IDCW,48.1799
2025-01-07,101201,LIC MF Nifty 50 Index Fund-Regular Plan-Growth,130.605
2025-01-07,101206,SBI OVERNIGHT FUND - REGULAR PLAN - GROWTH,4042.168
2025-01-07,101209,Taurus Large Cap Fund - Regular Plan - Growth,153.41
2025-01-07,101222,Tata Aggressive Hybrid Fund- Regular Plan - Periodic Payout of IDCW Option,94.3549
2025-01-07,101228,ICICI Prudential Multicap Fund - Growth,764.32
2025-01-07,101232,Franklin India Short-Term Income Plan-Growth,5149.4099
2025-01-07,101236,Franklin India Short Term Income Plan -  Retail Plan - Monthly - IDCW,1436.9029
2025-01-07,101238,Franklin India Short Term Income Plan -  Retail Plan - Quarterly - IDCW,1494.8231
2025-01-07,101242,Franklin India Short Term Income Plan -  Retail Plan - Weekly - IDCW,1301.4839
2025-01-07,101244,Franklin India Short-Term Income Plan-Institutional Plan - Growth,4256.4773
2025-01-07,101262,Nippon India Power & Infra Fund-Growth Plan -Growth Option,343.5829
2025-01-07,101263,Nippon India Power & Infra Fund-Growth Plan-Bonus Option,343.5829
2025-01-07,101264,NIPPON INDIA POWER & INFRA FUND - IDCW Option,70.7864
2025-01-07,101271,LIC MF Children's Fund-Regular Plan-Growth,34.8975
2025-01-07,101281,HDFC BSE Sensex Index Fund - Growth Plan,719.563
2025-01-07,101295,SBI ESG Exclusionary Strategy Fund - Regular Plan - Income Distribution cum Capital Withdrawal Option (IDCW),72.1001
2025-01-07,101303,DSP Short Term Fund - Regular Plan - Regular Plan - IDCW - Weekly,10.2067
2025-01-07,101304,DSP Short Term Fund - Regular Plan - Growth,44.688
2025-01-07,101305,DSP Short Term Fund - Regular Plan - IDCW,12.638
2025-01-07,101306,DSP Short Term Fund - IDCW - Monthly,11.5569
2025-01-07,101313,Aditya Birla Sun Life Nifty 50 Index Fund -REGULAR - IDCW,24.3608
2025-01-07,101314,Aditya Birla Sun Life Nifty 50 Index Fund - Growth - Regular Plan,238.3836
2025-01-07,101316,Aditya Birla Sun Life Savings Fund-Retail Growth,510.9605
2025-01-07,101317,Aditya Birla Sun Life Savings Fund - Growth - Regular Plan,528.0237
2025-01-07,101349,ICICI Prudential Nifty 50 Index Fund - Cumulative Option,236.857
2025-01-07,101351,ICICI Prudential All Seasons Bond Fund - Weekly IDCW,10.8736
2025-01-07,101356,Franklin India Money Market Fund Retail Option - Quarterly - IDCW,10.9191
2025-01-07,101357,Franklin India Money Market Fund - Growth Option,48.2887
2025-01-07,101373,Kotak Bond Short Term Plan-(Growth),49.9982
2025-01-07,101407,Baroda BNP Paribas LIQUID FUND-Defunct Plan- IDCW Option,3530.4569
2025-01-07,101408,Baroda BNP Paribas LIQUID FUND- Defunct Plan -Growth Option,4278.7824
2025-01-07,101491,Tata Childrens Fund -Regular Plan-Growth Option,60.5809
2025-01-07,101525,HDFC Nifty 50 Index Fund - Growth Plan,223.2548
2025-01-07,101530,SBI Large & Midcap Fund - Regular Plan - Income Distribution cum Capital Withdrawal Option (IDCW),266.2531
2025-01-07,101538,Sundaram Mid Cap Fund Regular Plan - Income Distribution cum Capital Withdrawal (IDCW),67.999
2025-01-07,101539,Sundaram Mid Cap Fund Regular Plan - Growth,1369.4735
2025-01-07,101547,Tata Short Term Bond Fund- Regular Plan - Monthly Payout of IDCW Option,20.7783
2025-01-07,101548,Tata Short Term Bond Fund -Regular Plan- Growth Option,46.0103
2025-01-07,101549,JM Liquid Fund (Regular) - Bonus Option - Principal Units,22.0844
2025-01-07,101551,SBI Equity Hybrid Fund - Regular Plan - Income Distribution cum Capital Withdrawal Option (IDCW),58.4508
2025-01-07,101585,HDFC Equity Savings Fund - GROWTH PLAN,63.609
2025-01-07,101586,HDFC Equity Savings Fund - IDCW PLAN,12.885
2025-01-07,101587,CANARA ROBECO INCOME FUND - REGULAR PLAN - QUARTERLY IDCW (Payout/Reinvestment),14.8704
2025-01-07,101588,CANARA ROBECO INCOME FUND - REGULAR PLAN - GROWTH OPTION,53.5788
2025-01-07,101591,Aditya Birla Sun Life Midcap Fund -REGULAR - IDCW,57.19
2025-01-07,101592,Aditya Birla Sun Life MIDCAP Fund-Growth,770.05
2025-01-07,101593,HSBC Large Cap Fund - Regular IDCW,45.8091
2025-01-07,101594,HSBC Large Cap Fund - Regular Growth,471.0876
2025-01-07,101609,TATA Equity Savings Fund- Regular Plan -Monthly Payout of IDCW option,17.2933
2025-01-07,101617,ICICI Prudential Savings Fund - Weekly IDCW,105.4482
2025-01-07,101618,ICICI Prudential Savings Fund - Daily IDCW,105.7358
2025-01-07,101619,ICICI Prudential Savings Fund - Growth,522.7892
2025-01-07,101635,DSP Large Cap Fund - Regular Plan - Growth,451.907
2025-01-07,101636,DSP Large Cap Fund - Regular Plan - IDCW,27.304
2025-01-07,101656,Franklin India Dynamic Asset Allocation Active Fund of Funds-Growth,159.0474
2025-01-07,101657,Franklin India Dynamic Asset Allocation Active Fund of funds - IDCW,43.9856
2025-01-07,101659,Tata Nifty 50 Index Fund -Regular Plan,146.713
2025-01-07,101665,Nippon India Short Duration  Fund-Growth Plan,50.5239
2025-01-07,101667,NIPPON INDIA SHORT DURATION FUND - MONTHLY IDCW Option,11.5053
2025-01-07,101669,NIPPON INDIA SHORT DURATION FUND - QUARTERLY IDCW OPTION,14.8529
2025-01-07,101672,Tata Value Fund - Regular Plan -Growth Option,345.7239
2025-01-07,101685,HSBC Medium to Long Duration Fund - Regular Growth,40.5075
2025-01-07,101686,HSBC Medium to Long Duration Fund - Regular Quarterly IDCW,10.6897
2025-01-07,101705,ICICI Prudential BSE Sensex ETF,882.0028
2025-01-07,101706,ICICI Prudential Multicap Fund - IDCW,33.7
2025-01-07,101714,Tata Liquid Fund- Regular Plan - Daily Reinvestment of IDCW Option,1001.5157
2025-01-07,101737,Aditya Birla Sun Life Dividend Yield Fund -REGULAR - IDCW,27.55
2025-01-07,101738,Aditya Birla Sun Life Dividend Yield Fund - Growth - Regular Plan,448.02
2025-01-07,101746,Tata S&P BSE Sensex Index Fund -Regular Plan,195.5979
2025-01-07,101758,ICICI Prudential Short Term Fund - Growth Option,57.6226
2025-01-07,101762,HDFC Flexi Cap Fund - Growth Plan,1860.701
2025-01-07,101763,HDFC Flexi Cap Fund - IDCW Plan,81.2
2025-01-07,101764,HDFC Value Fund - Growth Plan,708.396
2025-01-07,101765,HDFC Value Fund - IDCW Plan,35.956
2025-01-07,101766,Tata Infrastructure Fund-Regular Plan- Growth Option,175.6196
2025-01-07,101802,ICICI Prudential Floating Interest Fund - Growth,407.8208
2025-01-07,101804,ICICI Prudential Floating Interest Fund - Daily IDCW,101.7229
2025-01-07,101805,JM Dynamic Bond Fund (Regular) - IDCW,39.8554
2025-01-07,101806,JM Dynamic Bond Fund (Regular) - Growth Option,39.7308
2025-01-07,101816,Aditya Birla Sun Life Regular Savings Fund - REGULAR - MONTHLY IDCW,16.4087
2025-01-07,101818,Aditya Birla Sun Life Regular Savings Fund - Growth / Payment - Regular Plan,64.0194
2025-01-07,101823,Tata Large & Mid Cap Fund Regular Plan - Payout of IDCW Option,82.2245
2025-01-07,101824,Tata Large & Mid Cap Fund- Regular Plan - Growth Option,510.1031
2025-01-07,101829,LIC MF Low Duration Fund-Regular Plan-Monthly IDCW,13.1519
2025-01-07,101830,LIC MF Low Duration Fund-Regular Plan-Growth,38.1408
2025-01-07,101833,Tata Ethical Fund- Regular Plan - Payout of IDCW Option,160.8548
2025-01-07,101834,UTI - Master Equity Plan Unit Scheme,220.1145
2025-01-07,101837,DSP Credit Risk Fund - Regular Plan -Growth,42.039
2025-01-07,101838,DSP Credit Risk Fund - Regular Plan - IDCW - Weekly,10.2645
2025-01-07,101839,DSP Credit Risk Fund - Regular Plan - IDCW,12.2292
2025-01-07,101840,DSP Credit Risk Fund - Regular Plan - IDCW - Daily,10.2505
2025-01-07,101843,Aditya Birla Sun Life Short Term Fund - REGULAR - IDCW,14.4932
2025-01-07,101844,Aditya Birla Sun Life Short Term Fund - Growth - Regular Plan,45.6026
2025-01-07,101847,Tata Money Market Fund-Regular Plan - Growth Option,4545.9422
2025-01-07,101852,TATA Infrastructure Fund Regular Plan - Payout of IDCW Option,83.2444
2025-01-07,101853,Sundaram Value Fund Regular Plan - Growth,212.6464
2025-01-07,101862,Nippon India Banking & Financial Services Fund-Growth Plan-Growth Option,563.172
2025-01-07,101863,Nippon India Banking & Financial Services Fund-Growth Plan-Bonus Option,563.172
2025-01-07,101864,Nippon India Banking & Financial Services Fund - IDCW Option,70.0465
2025-01-07,101866,LIC MF Conservative Hybrid Fund-Regular Plan-Monthly IDCW,13.1928
2025-01-07,101867,LIC MF Conservative Hybrid Fund-Regular Plan-Quarterly IDCW,14.0465
2025-01-07,101868,LIC MF Conservative Hybrid Fund-Regular Plan-Yearly IDCW,12.7305
2025-01-07,101869,LIC MF Conservative Hybrid Fund-Regular Plan-Growth,79.9661
2025-01-07,101872,HDFC Dynamic Debt Fund - Growth Option,86.4698
2025-01-07,101873,HDFC Dynamic Debt Fund - Quarterly IDCW Option,12.5323
2025-01-07,101874,HDFC Dynamic Debt Fund - Half Yearly IDCW Option,11.7252
2025-01-07,101875,HDFC Dynamic Debt Fund - Yearly IDCW Option,13.8004
2025-01-07,101892,Kotak Money market Fund - (Monthly Payout of Income Distribution cum capital withdrawal option),1055.5731
2025-01-07,101893,Kotak Money Market Fund - (Growth),4324.1659
2025-01-07,101906,Tata Equity Savings Fund -Regular Plan-Growth Option,53.111
2025-01-07,101922,CANARA ROBECO FLEXICAP FUND - REGULAR PLAN - GROWTH OPTION,325.4
2025-01-07,101923,CANARA ROBECO FLEXICAP FUND - REGULAR PLAN - IDCW (Payout/Reinvestment),59.65
2025-01-07,101932,SBI GILT FUND -  GROWTH - PF (Regular) Option,40.8624
2025-01-07,101934,SBI GILT FUND -  GROWTH - PF (Fixed Period - 3 Yrs) Option,38.1788
2025-01-07,101945,Tata Gilt Retirement Plan- 28/2/25 Growth Option,34.2523
2025-01-07,101950,SBI Gilt Fund - Income Distribution cum Capital Withdrawal Option (IDCW) - PF (Fixed Period - 1 Yr),19.6653
2025-01-07,101951,SBI Gilt Fund - Income Distribution cum Capital Withdrawal Option (IDCW) - PF (Fixed Period - 2 Yrs),19.9001
2025-01-07,101952,SBI Gilt Fund - Income Distribution cum Capital Withdrawal Option (IDCW) - PF (Fixed Period - 3 Yrs),19.2947
2025-01-07,101970,Aditya Birla Sun Life Money Manager Fund - RETAIL - WEEKLY IDCW,103.8179
2025-01-07,101971,Aditya Birla Sun Life Money Manager Fund - Retail Growth,439.1802
2025-01-07,101972,Aditya Birla Sun Life Money Manager Fund - Retail - Daily IDCW,100.015
2025-01-07,101973,Aditya Birla Sun Life Money Manager Fund - Daily IDCW,100.02
2025-01-07,101974,Aditya Birla Sun Life Money Manager Fund - WEEKLY IDCW,100.1434
2025-01-07,101976,Aditya Birla Sun Life Money Manager Fund - Growth,356.3251
2025-01-07,101979,HDFC ELSS Tax saver - Growth Plan,1324.508
2025-01-07,101980,HDFC ELSS Tax saver - IDCW Plan,78.224
2025-01-07,101986,Tata Money Market Fund- Regular Plan - Daily Reinvestment of IDCW Option,1114.52
2025-01-07,101989,HDFC Medium Term Debt Fund - Growth Option,53.955
2025-01-07,101990,HDFC Medium Term Debt Fund - Fornightly IDCW Option,10.1297
2025-01-07,101993,HDFC Money Market Fund - Growth Option,5504.0732
2025-01-07,101994,HDFC Money Market Fund - Daily IDCW Option,1063.64
2025-01-07,101995,HDFC Money Market Fund - Weekly IDCW Option,1062.6201
2025-01-07,101996,HDFC Overnight Fund - Growth Option,3698.6354
2025-01-07,101997,HDFC Overnight Fund - IDCW Option (Daily),1042.66
2025-01-07,102000,HDFC Large Cap Fund - Growth Option - Regular Plan,1094.905
2025-01-07,102001,HDFC Large Cap Fund - IDCW Option - Regular Plan,61.196
2025-01-07,102007,UTI-  Liquid Cash Plan- Discontinued -Regular Plan Periodic Dividend Option,1132.9734
2025-01-07,102008,UTI-  Liquid Cash Plan- Discontinued - Regular Plan - Monthly Dividend Option,1070.8365
2025-01-07,102009,UTI-  Liquid Cash Plan- Discontinued - Regular Plan -Growth,3760.9276
2025-01-07,102010,UTI Liquid Fund - Regular Plan - Daily IDCW (Reinvestment),1090.9836
2025-01-07,102011,UTI Liquid Fund - Regular Plan - Monthly IDCW,1048.088
2025-01-07,102012,UTI-  Liquid Cash Plan - Regular Plan - Growth Option,4144.5465
2025-01-07,102013,UTI Liquid Fund - Regular Plan - Weekly IDCW,1054.2648
2025-01-07,102020,Baroda BNP Paribas MULTI CAP FUND - Regular Plan - Growth Option,294.3158
2025-01-07,102021,Baroda BNP Paribas MULTI CAP FUND - Regular Plan - IDCW Option,59.2964
2025-01-07,102036,Tata Large Cap Fund- Regular Plan - Payout of IDCW Option,104.6642
2025-01-07,102046,Tata Gilt Retirement Plan (28/2/25) - Payout of IDCW Option,34.196
2025-01-07,102053,SBI MEDIUM DURATION FUND - REGULAR PLAN - GROWTH,49.0628
2025-01-07,102054,SBI Medium Duration Fund - Regular Plan - Income Distribution cum Capital Withdrawal Option (IDCW),19.0182
2025-01-07,102118,Tata Equity Savings Fund- Regular Plan - Periodic Payout of IDCW Option,25.4433
2025-01-07,102133,ICICI Prudential Multi Sector Passive FOF - Growth,154.3702
2025-01-07,102134,ICICI Prudential Multi Sector Passive FOF - IDCW,120.2738
2025-01-07,102135,ICICI Prudential Aggressive Hybrid Active FOF - Growth,213.5223
2025-01-07,102136,ICICI Prudential Aggressive Hybrid Active FOF - IDCW,165.52
2025-01-07,102137,ICICI Prudential Dynamic Asset Allocation Active FOF - Growth,113.2466
2025-01-07,102138,ICICI Prudential Dynamic Asset Allocation Active FOF - IDCW,87.0292
2025-01-07,102139,ICICI Prudential Income Plus Arbitrage Omni FOF - Growth,60.4028
2025-01-07,102140,ICICI Prudential Income plus Arbitrage Omni FOF - IDCW,46.3495
2025-01-07,102141,ICICI Prudential Diversified Debt Strategy Active FOF - Growth,43.0134
2025-01-07,102142,Sundaram Consumption Fund(Formerly Known as Sundaram Rural and Consumption Fund Regular Plan - Growth),98.325
2025-01-07,102143,ICICI Prudential Diversified Debt Strategy Active FOF - IDCW,37.5187
2025-01-07,102147,HDFC Hybrid Debt Fund - Growth Plan,79.1847
2025-01-07,102148,HDFC Hybrid Debt Fund - IDCW Monthly,14.4639
2025-01-07,102149,HDFC Hybrid Debt Fund - IDCW Quarterly,15.1203
2025-01-07,102172,Nippon India Conservative Hybrid  Fund-Growth Plan,54.9613
2025-01-07,102173,NIPPON INDIA CONSERVATIVE HYBRID  FUND - MONTHLY IDCW Option,11.1024
2025-01-07,102174,NIPPON INDIA CONSERVATIVE HYBRID  FUND - QUARTERLY IDCW Option,12.1032
2025-01-07,102205,SBI Dynamic Bond Fund - REGULAR PLAN - Growth,34.3633
2025-01-07,102206,SBI Dynamic Bond Fund - Regular Plan - Income Distribution cum Capital Withdrawal Option (IDCW),18.0151
2025-01-07,102251,HSBC Flexi Cap Fund - Regular IDCW,49.3452
2025-01-07,102252,HSBC Flexi Cap Fund - Regular Growth,218.9712
2025-01-07,102260,HSBC Conservative Hybrid Fund - Regular Monthly IDCW,13.6951
2025-01-07,102261,HSBC Conservative Hybrid Fund - Regular Quarterly IDCW,17.9818
2025-01-07,102262,HSBC Conservative Hybrid Fund - Regular Growth,60.1936
2025-01-07,102266,UTI Children's Equity Fund - Regular Plan - IDCW,82.9658
2025-01-07,102267,UTI Children's Equity Fund - Regular Plan - Growth Option,82.9608
2025-01-07,102272,SBI NIFTY INDEX FUND - REGULAR PLAN - GROWTH,208.1264
2025-01-07,102273,SBI Nifty Index Fund - Regular Plan - Income Distribution cum Capital Withdrawal Option (IDCW),106.7804
2025-01-07,102326,Tata Mid Cap Fund-Regular Plan - IDCW Option,117.3769
2025-01-07,102328,Tata Mid Cap Fund Regular Plan- Growth Option,425.2524
2025-01-07,102330,ICICI Prudential Regular Savings Fund - Plan - Growth,72.4464
2025-01-07,102331,ICICI Prudential Regular Savings Fund - Plan - Monthly IDCW,13.7815
2025-01-07,102393,UTI Mid Cap Fund - Regular Plan - IDCW,143.4167
2025-01-07,102394,UTI Mid Cap Fund-Growth Option,303.0726
2025-01-07,102395,UTI Infrastructure Fund-Growth Option,136.688
2025-01-07,102396,UTI Infrastructure Fund - Regular Plan - IDCW,71.4391
2025-01-07,102397,UTI Transportation and Logistics Fund - Regular Plan - IDCW,115.3425
2025-01-07,102398,UTI-Transportation and Logistics  Fund-Growth Option,250.1414
2025-01-07,102401,UTI Banking and Financial Services Fund - Regular Plan - Growth Option,169.9367
2025-01-07,102402,UTI Banking and Financial Services Fund - Regular Plan - IDCW,66.1385
2025-01-07,102414,SBI CONTRA FUND - REGULAR PLAN -GROWTH,374.4647
2025-01-07,102428,Tata Value Fund Regular Plan - Payout of IDCW-Option B(10%),115.7226
2025-01-07,102431,Nippon India Pharma Fund-Growth Plan-Growth Option,529.7757
2025-01-07,102432,Nippon India Pharma Fund-Growth Plan-Bonus Option,529.7757
2025-01-07,102433,NIPPON INDIA PHARMA FUND - IDCW Option,134.8822
2025-01-07,102434,DSP India T.I.G.E.R. Fund - Regular Plan - Growth,320.196
2025-01-07,102435,DSP India T.I.G.E.R. Fund - Regular Plan - IDCW,32.757
2025-01-07,102442,Franklin India Liquid Fund - Institutional Plan - Weekly - IDCW,1055.1049
2025-01-07,102443,Franklin India Liquid Fund - Institutional Plan - Daily - IDCW,1000.0
2025-01-07,102448,DSP Regular Savings Fund- Regular Plan - Growth,56.172
2025-01-07,102450,DSP Regular Savings Fund - Regular Plan - IDCW - Monthly,11.461
2025-01-07,102451,DSP Regular Savings Fund - Regular Plan - IDCW - Quarterly,11.7363
2025-01-07,102452,HDFC Low Duration  Fund - Growth,55.5829
2025-01-07,102453,HDFC Low Duration  Fund - Weekly IDCW,10.0706
2025-01-07,102503,SBI  SAVINGS FUND - REGULAR PLAN - GROWTH,39.9634
2025-01-07,102504,SBI Savings Fund - Regular Plan - Income Distribution cum Capital Withdrawal Option (IDCW),15.7576
2025-01-07,102505,SBI CREDIT RISK FUND - REGULAR PLAN - GROWTH,43.7189
2025-01-07,102506,SBI Credit Risk Fund - Regular Plan - Income Distribution cum Capital Withdrawal Option (IDCW),19.7646
2025-01-07,102509,UTI Gilt Fund - Regular Plan - IDCW,37.0022
2025-01-07,102510,UTI - GILT FUND - Regular Plan - Growth Option,60.5113
2025-01-07,102511,UTI - GILT FUND -Discontinued PF Plan -Dividend Option,24.7638
2025-01-07,102512,UTI - GILT FUND - Discontinued PF Plan - Growth Option,44.9921
2025-01-07,102514,UTI - GILT FUND - Discontinued PF Plan Prescribed Date Auto Redemption Option,45.0171
2025-01-07,102528,ICICI Prudential MidCap Fund - Growth,281.42
2025-01-07,102529,ICICI Prudential MidCap Fund - IDCW,39.71
2025-01-07,102531,UTI Ultra Short Duration Fund - Regular Plan - Weekly IDCW (Reinvestment),1311.7533
2025-01-07,102532,UTI Ultra Short Duration Fund - Regular Plan - Growth Option,4095.6105
2025-01-07,102533,UTI Conservative Hybrd Fund - Regular Plan - Monthly Payment Option,66.5837
2025-01-07,102534,UTI Conservative Hybrid Fund - Regular Plan - Flexi IDCW,43.4168
2025-01-07,102535,UTI Conservative Hybrid Fund - Regular Plan - Growth Option,66.5496
2025-01-07,102536,UTI Conservative Hybrid Fund - Regular Plan - Monthly IDCW,17.3142
2025-01-07,102538,UTI Low Duration Fund - Discontinued - Annaul Dividend Option,3243.0175
2025-01-07,102539,UTI Low Duration Fund - Discontinued Bonus Option,4023.2383
2025-01-07,102540,UTI Low Duration Fund - Discontinued Growth Option,6035.5456
2025-01-07,102541,UTI Low Duration Fund - Discontinued - Quarterly Dividend Option,2134.0912
2025-01-07,102544,UTI Low Duration Fund - Regular Plan - Growth Option,3412.5076
2025-01-07,102545,UTI Low Duration Fund - Regular Plan - Bonus Option,2852.135
2025-01-07,102573,Kotak Multi Asset Omni FOF - Payout of Income Distribution cum capital withdrawal option,215.299
2025-01-07,102574,Kotak Multi Asset Omni FOF - Growth- Regular,221.181
2025-01-07,102591,Kotak Savings Fund -Growth,41.3915
2025-01-07,102592,Kotak Savings Fund -Monthly Payout of Income Distribution cum capital withdrawal option,10.7611
2025-01-07,102594,ICICI Prudential Value Fund (erstwhile Value Discovery Fund) - Growth,441.73
2025-01-07,102595,ICICI Prudential Value Fund (erstwhile Value Discovery Fund) - IDCW,41.36
2025-01-07,102672,Tata Liquid Fund -Regular Plan - Growth Option,3979.0278
2025-01-07,102673,Nippon India Floater Fund - Growth Plan-Growth Option,43.2557
2025-01-07,102675,NIPPON INDIA FLOATER FUND - MONTHLY IDCW Option,11.116
2025-01-07,102676,NIPPON INDIA FLOATER FUND - DAILY IDCW REINVESTMENT Option,10.2985
2025-01-07,102677,NIPPON INDIA FLOATER FUND - WEEKLY IDCW Option,10.3014
2025-01-07,102741,ICICI Prudential Medium Term Bond Fund - Growth,42.8387
2025-01-07,102751,Nippon India Consumption Fund-Growth Plan-Growth Option,196.4949
2025-01-07,102752,Nippon India Consumption Fund-Growth Plan-Bonus Option,196.4949
2025-01-07,102753,NIPPON INDIA CONSUMPTION FUND - IDCW Option,41.4564
2025-01-07,102756,SBI FOCUSED FUND - REGULAR PLAN -GROWTH,331.4358
2025-01-07,102760,HDFC Focused Fund - GROWTH PLAN,215.11
2025-01-07,102761,HDFC Focused Fund - IDCW PLAN,26.224
2025-01-07,102765,SBI Focused Fund - Regular Plan - Income Distribution cum Capital Withdrawal Option (IDCW),60.6225
2025-01-07,102766,Aditya Birla Sun Life Dynamic Bond Fund -Regular - Quarterly IDCW,10.6267
2025-01-07,102767,Aditya Birla Sun Life Dynamic Bond Fund - Growth - Regular Plan,44.3414
2025-01-07,102823,SBI HEALTHCARE OPPORTUNITIES FUND - REGULAR PLAN -GROWTH,443.2899
2025-01-07,102846,Nippon India Balanced Advantage Fund-Growth Plan-Growth Option,169.7526
2025-01-07,102847,Nippon India Balanced Advantage Fund-Growth Plan-Bonus Option,169.7526
2025-01-07,102848,NIPPON INDIA BALANCED ADVANTAGE FUND - IDCW Option,33.292
2025-01-07,102849,Nippon India Dynamic Bond Fund-Growth Plan-Growth Option,35.6409
2025-01-07,102851,NIPPON INDIA DYNAMIC BOND FUND - IDCW Option,23.9728
2025-01-07,102860,SBI Savings Fund - Regular Plan Weekly Income Distribution cum Capital Withdrawal Option (IDCW),14.8712
2025-01-07,102874,Kotak-Small Cap Fund - Payout of Income Distribution cum capital withdrawal option,120.658
2025-01-07,102875,Kotak-Small Cap Fund - Growth,276.569
2025-01-07,102883,Franklin India Large & Mid Cap Fund - Growth Plan,183.2427
2025-01-07,102884,Franklin India Large & Mid Cap Fund - IDCW,22.6933
2025-01-07,102885,SBI EQUITY HYBRID FUND - REGULAR PLAN -Growth,275.8351
2025-01-07,102913,CANARA ROBECO SAVINGS FUND - REGULAR PLAN - GROWTH OPTION,40.5826
2025-01-07,102914,CANARA ROBECO SAVINGS FUND - REGULAR PLAN - IDCW (Payout/Reinvestment),36.3521
2025-01-07,102915,CANARA ROBECO SAVINGS FUND - REGULAR PLAN - WEEKLY IDCW (Payout/Reinvestment),10.2689
2025-01-07,102920,CANARA ROBECO LARGE AND MID CAP FUND - REGULAR PLAN - GROWTH OPTION,253.17
2025-01-07,102921,CANARA ROBECO LARGE AND MID CAP FUND - REGULAR PLAN - IDCW (Payout/Reinvestment),86.55
2025-01-07,102941,SBI MIDCAP FUND - REGULAR PLAN - GROWTH,235.1942
2025-01-07,102942,SBI Midcap Fund - Regular Plan - Income Distribution cum Capital Withdrawal Option (IDCW),96.1035
2025-01-07,102947,HDFC Hybrid Equity Fund - IDCW Plan,16.611
2025-01-07,102948,HDFC Hybrid Equity Fund - Growth Plan,113.64
2025-01-07,103024,SBI LARGE & MIDCAP FUND- REGULAR PLAN -Growth,589.3335
2025-01-07,103025,UTI Dividend Yield Fund - Regular Plan - IDCW,33.3816
2025-01-07,103026,UTI-Dividend Yield Fund.-Growth,172.7781
2025-01-07,103034,SBI MNC FUND - REGULAR PLAN -GROWTH,372.2454
2025-01-07,103039,Kotak Contra Fund - Regular Plan - IDCW - Payout & Re-investment of Income Distribution cum capital withdrawal option,50.264
2025-01-07,103040,Kotak Contra Fund - Regular Plan - Growth,145.823
2025-01-07,103048,Nippon India Money Market Fund-Growth Plan-Growth Option,3995.5948
2025-01-07,103050,NIPPON INDIA MONEY MARKET FUND - DAILY IDCW Option,1004.4289
2025-01-07,103051,NIPPON INDIA MONEY MARKET FUND - WEEKLY IDCW Option,1005.495
2025-01-07,103052,NIPPON INDIA MONEY MARKET FUND - MONTHLY IDCW Option,1021.0383
2025-01-07,103085,Nippon India Value Fund- Growth Plan,222.0425
2025-01-07,103086,NIPPON INDIA VALUE FUND - IDCW Option,47.7238
2025-01-07,103097,UTI Value Fund - Regular Plan - IDCW,47.3159
2025-01-07,103098,UTI Value Fund - Regular Plan - Growth Option,162.3594
2025-01-07,103110,Aditya Birla Sun Life Consumption Fund -Regular - IDCW,41.88
2025-01-07,103111,Aditya Birla Sun Life Consumption Fund-Growth Option,211.05
2025-01-07,103114,SBI MNC Fund - Regular Plan - Income Distribution cum Capital Withdrawal Option (IDCW),113.7179
2025-01-07,103130,HDFC Multi-Asset Fund - IDCW Option,17.394
2025-01-07,103131,HDFC Multi-Asset Fund - Growth Option,67.02
2025-01-07,103140,SBI Overnight Fund - Regular Plan - Weekly Income Distribution cum Capital Withdrawal Option (IDCW),1292.6708
2025-01-07,103145,SBI COMMA Fund - REGULAR PLAN - Growth,98.2819
2025-01-07,103146,SBI Comma Fund - Regular Plan - Income Distribution cum Capital Withdrawal Option (IDCW),55.7858
2025-01-07,103149,ICICI Prudential Infrastructure Fund - Growth,184.56
2025-01-07,103150,ICICI Prudential Infrastructure Fund - IDCW,28.46
2025-01-07,103151,Franklin India Opportunities Fund - Growth,250.7135
2025-01-07,103154,Aditya Birla Sun Life Equity Hybrid'95 Fund -Regular - IDCW,178.85
2025-01-07,103155,Aditya Birla Sun Life Equity Hybrid'95 Fund - Regular Plan-Growth,1468.39
2025-01-07,103158,Tata Treasury Advantage Fund Regular Plan - Weekly Payout of IDCW Option,1008.0658
2025-01-07,103159,Tata Treasury Advantage Fund - Regular Plan - Growth Option,3786.0251
2025-01-07,103160,Tata Treasury Advantage Fund Regular Plan - Daily Reinvestment of IDCW Option,1003.5288
2025-01-07,103164,Aditya Birla Sun Life ELSS Tax Saver Fund-Regular - IDCW,200.92
2025-01-07,103165,Aditya Birla Sun Life Flexi Cap Fund -Regular - IDCW,156.25
2025-01-07,103166,Aditya Birla Sun Life Flexi Cap Fund - Growth - Regular Plan,1703.99
2025-01-07,103167,Aditya Birla Sun Life Digital India Fund -Regular - IDCW,49.32
2025-01-07,103168,Aditya Birla Sun Life Digital India Fund - Growth - Regular Plan,186.5
2025-01-07,103173,Aditya Birla Sun Life Large Cap Fund-Regular - IDCW,39.67
2025-01-07,103174,Aditya Birla Sun Life Large Cap Fund-Growth,501.54
2025-01-07,103176,Aditya Birla Sun Life Banking & PSU Debt Fund - Retail Plan-Growth,527.5418
2025-01-07,103178,Aditya Birla Sun Life Corporate Bond Fund - Growth - Regular Plan,108.2207
2025-01-07,103183,Aditya Birla Sun Life Corporate Bond Fund -REGULAR - MONTHLY IDCW,12.5209
2025-01-07,103191,Aditya Birla Sun Life Low Duration Fund -INSTITUTIONAL - DAILY IDCW,100.5585
2025-01-07,103192,Aditya Birla Sun Life Low Duration Fund - Growth Plan,633.0219
2025-01-07,103193,Aditya Birla Sun Life Low Duration Fund -REGULAR - WEEKLY IDCW,100.7163
2025-01-07,103195,Aditya Birla Sun Life Low Duration Fund - Institutional Plan - Growth,443.8536
2025-01-07,103196,Nippon India ELSS Tax Saver Fund-Growth Plan-Growth Option,122.5921
2025-01-07,103197,NIPPON INDIA ELSS TAX SAVER FUND - IDCW Option,36.6925
2025-01-07,103215,SBI Flexicap Fund - REGULAR PLAN -Growth Option,107.3121
2025-01-07,103216,SBI Flexicap Fund - Regular Plan - Income Distribution cum Capital Withdrawal Option (IDCW),48.0518
2025-01-07,103225,quant Liquid Fund - Growth Option - Regular Plan,40.0024
2025-01-07,103226,quant Liquid Fund-Daily IDCW Option - Regular Plan,12.8409
2025-01-07,103227,quant Liquid Fund - Weekly IDCW Option - Regular Plan,13.5897
2025-01-07,103228,quant Liquid Fund - Monthly IDCW Option - Regular Plan,15.1715
2025-01-07,103233,Kotak Large & Midcap Fund - IDCW-Regular,57.806
2025-01-07,103234,Kotak Large & Midcap Fund - Growth-Regular,331.339
2025-01-07,103308,Aditya Birla Sun Life Focused Fund -Regular - IDCW,24.7528
2025-01-07,103309,Aditya Birla Sun Life Focused Fund -Growth Option,136.1016
2025-01-07,103312,ICICI Prudential Exports & Services Fund - Growth,155.77
2025-01-07,103313,ICICI Prudential Exports & Services Fund - IDCW,38.3
2025-01-07,103338,Kotak ELSS Tax Saver Fund-Payout of Income Distribution cum capital withdrawal option,42.669
2025-01-07,103339,Kotak ELSS Tax Saver Fund-Growth,114.014
2025-01-07,103340,ICICI Prudential Liquid Fund - Growth,374.0669
2025-01-07,103342,ICICI Prudential Liquid Fund - Weekly IDCW,100.1762
2025-01-07,103343,ICICI Prudential Liquid Fund - Daily IDCW,100.1482
2025-01-07,103347,DSP Liquidity Fund - Regular Plan - Growth,3607.1336
2025-01-07,103348,DSP Liquidity Fund - Regular Plan - IDCW - Weekly,1001.8121
2025-01-07,103349,DSP Liquidity Fund- Regular Plan - IDCW - Daily,1000.9329
2025-01-07,103360,Franklin India Small Cap Fund-Growth,178.4405
2025-01-07,103361,Franklin India Small Cap Fund - IDCW,54.9439
2025-01-07,103389,CANARA ROBECO INFRASTRUCTURE FUND - REGULAR PLAN - IDCW (Payout/Reinvestment),63.35
2025-01-07,103390,CANARA ROBECO INFRASTRUCTURE FUND - REGULAR PLAN - GROWTH OPTION,156.66
2025-01-07,103400,SBI Multi Asset Allocation Fund - Regular Plan - Monthly Income Distribution cum Capital Withdrawal Option (IDCW),24.8097
2025-01-07,103401,SBI Multi Asset Allocation Fund - Regular Plan - Quarterly Income Distribution cum Capital Withdrawal Option (IDCW),24.7854
2025-01-07,103408,SBI MULTI ASSET ALLOCATION FUND - REGULAR PLAN - GROWTH,55.4828
2025-01-07,103409,SBI Multi Asset Allocation Fund - Regular Plan - Annual Income Distribution cum Capital Withdrawal Option (IDCW),31.3743
2025-01-07,103475,Aditya Birla Sun Life Infrastructure Fund -  Regular - IDCW,27.4
2025-01-07,103476,Aditya Birla Sun Life Infrastructure Fund-Growth,93.82
2025-01-07,103490,Quantum Value Fund - Direct Plan Growth Option,127.47
2025-01-07,103491,Quantum Value Fund - Direct Plan IDCW,128.56
2025-01-07,103504,SBI Large Cap FUND-REGULAR PLAN GROWTH,87.9928
2025-01-07,103616,SBI Large Cap Fund - Regular Plan - Income Distribution cum Capital Withdrawal Option (IDCW),50.0576
2025-01-07,103633,ICICI Prudential Money Market Fund Option - Growth,365.3292
2025-01-07,103634,ICICI Prudential Money Market Fund Option - Daily IDCW,100.1295
2025-01-07,103635,ICICI Prudential Money Market Fund Option - Weekly IDCW,100.7139
2025-01-07,103678,Franklin India Dividend Yield Fund-Growth Plan,137.7266
2025-01-07,103679,Franklin India Dividend Yield Fund - IDCW,26.9714
2025-01-07,103734,Quantum Liquid Fund - Direct Plan Growth Option,34.1588
2025-01-07,103735,Quantum Liquid Fund - Direct Plan Monthly IDCW,10.0344
2025-01-07,103736,Quantum Liquid Fund - Direct Plan Daily IDCW,10.0085
2025-01-07,103743,Sundaram Consumption Fund (Formerly Known as Sundaram Rural and Consumption Fund Regular Plan - Income Distribution cum Capital Withdrawal (IDCW),29.8559
2025-01-07,103780,JM Arbitrage Fund (Regular) - Growth Option,31.6916
2025-01-07,103781,JM Arbitrage Fund (Regular) - IDCW,14.7092
2025-01-07,103819,DSP Large & Mid Cap Fund - Regular Plan - Growth,599.721
2025-01-07,103820,DSP Large & Mid Cap Fund - Regular Plan - IDCW,41.591
2025-01-07,103883,SBI ELSS Tax Saver Fund - Regular Plan - Income Distribution cum Capital Withdrawal Option (IDCW),86.1474
2025-01-07,103884,SBI Ultra Short Duration Fund - Regular Plan - Weekly Income Distribution cum Capital Withdrawal Option (IDCW),1265.5323
2025-01-07,103885,Aditya Birla Sun Life Liquid Fund -Regular - IDCW,136.3187
2025-01-07,104074,UTI Arbitrage Fund - Regular Plan - IDCW,19.1705
2025-01-07,104075,UTI Arbitrage Fund - Regular Plan - Growth Option,33.9346
2025-01-07,104138,DSP Ultra Short Fund - Regular Plan - Growth,3287.0223
2025-01-07,104139,DSP Ultra Short Fund - Regular Plan - IDCW - Weekly Reinvest,1005.7608
2025-01-07,104140,DSP Ultra Short Fund - Regular Plan - IDCW - Daily Reinvest,1005.4914
2025-01-07,104457,SBI Arbitrage Opportunities Fund - Regular Plan - Gr,32.7341
2025-01-07,104458,SBI Arbitrage Opportunities Fund - Regular Plan - Income Distribution cum Capital Withdrawal Option (IDCW),17.2145
2025-01-07,104481,DSP Midcap Fund - Regular Plan - Growth,146.728
2025-01-07,104482,DSP Midcap Fund - Regular Plan - IDCW,33.067
2025-01-07,104484,Invesco India Liquid Fund - Daily IDCW (Reinvestment),1002.7594
2025-01-07,104485,Invesco India Liquid Fund - Weekly IDCW (Reinvestment),1018.5508
2025-01-07,104486,Invesco India Liquid Fund - Growth,3472.6659
2025-01-07,104488,Invesco India Liquid Fund - Regular - Growth,3082.9149
2025-01-07,104489,Invesco India Liquid Fund - Regular - Weekly IDCW (Reinvestment),1002.9053
2025-01-07,104492,Invesco India Liquid Fund - Monthly IDCW (Payout / Reinvestment),1004.8706
2025-01-07,104513,quant Large & Mid Cap Fund - Growth Option,117.1514
2025-01-07,104514,quant Large & Mid Cap Fund - IDCW Option - Regular Plan,71.5094
2025-01-07,104515,quant Large & Mid Cap Fund - Bonus Option - Regular Plan,117.412
2025-01-07,104523,SBI ESG Exclusionary Strategy Fund - Regular Plan - Growth,230.5398
2025-01-07,104559,CANARA ROBECO SAVINGS FUND - REGULAR PLAN - DAILY IDCW (Reinvestment),10.2599
2025-01-07,104635,Invesco India ELSS Tax Saver Fund - Regular Plan - IDCW Payout,28.03
2025-01-07,104636,Invesco India ELSS Tax Saver Fund - Regular Plan - Growth,128.8
2025-01-07,104637,Nippon India Focused Fund -Growth Plan -Growth Option,114.6424
2025-01-07,104638,NIPPON INDIA FOCUSED  FUND - IDCW OPTION,35.9776
2025-01-07,104681,ICICI Prudential Arbitrage Fund - IDCW,14.8966
2025-01-07,104683,ICICI Prudential Arbitrage Fund - Growth,33.2259
2025-01-07,104685,ICICI Prudential Balanced Advantage Fund - Growth,69.42
2025-01-07,104686,ICICI Prudential Balanced Advantage Fund - IDCW,17.67
2025-01-07,104706,HSBC Tax Saver Equity Fund - IDCW,38.2513
2025-01-07,104707,HSBC Tax Saver Equity Fund - Growth,95.3326
2025-01-07,104722,Invesco India Low Duration Fund - Regular - Weekly IDCW (Reinvestment),1375.5682
2025-01-07,104723,Invesco India Low Duration Fund - Regular - Monthly IDCW (Reinvestment),1312.378
2025-01-07,104725,Invesco India Low Duration Fund - Weekly IDCW (Payout / Reinvestment),1218.1558
2025-01-07,104726,Invesco India Low Duration Fund - Growth,3644.0242
2025-01-07,104728,Invesco India Low Duration Fund - Regular - Growth,3255.0671
2025-01-07,104729,Invesco India Low Duration Fund - Monthly IDCW (Payout / Reinvestment),1328.0414
2025-01-07,104772,DSP ELSS Tax Saver Fund - Regular Plan - Growth,134.68
2025-01-07,104773,DSP ELSS Tax Saver Fund - Regular Plan - IDCW,24.894
2025-01-07,104907,Kotak Midcap Fund - Regular Plan - IDCW -Payout & Re-investment of Income Distribution cum capital withdrawal option,73.597
2025-01-07,104908,Kotak Midcap Fund - Regular Plan - Growth,134.0
2025-01-07,105000,Sundaram Large and Midcap Regular Plan - Income Distribution cum Capital Withdrawal (IDCW),30.6114
2025-01-07,105001,Sundaram Large and Midcap Fund Regular Plan - Growth,84.6017
2025-01-07,105024,Invesco India Low Duration Fund - Regular Daily IDCW (Reinvestment),1618.9736
2025-01-07,105025,Invesco India Low Duration Fund - Daily IDCW (Reinvestment),1017.9524
2025-01-07,105067,Franklin India INDEX FUND- NSE NIFTY 50 INDEX FUND - IDCW,180.6926
2025-01-07,105080,SBI Ultra Short Duration Fund - Regular Plan - Daily Income Distribution cum Capital Withdrawal Option (IDCW),2171.2739
2025-01-07,105185,Invesco India Short Duration Fund - Regular Plan - Growth,3416.8528
2025-01-07,105187,Invesco India Short Duration Fund - Plan B - Monthly IDCW (Payout / Reinvestment),2227.1942
2025-01-07,105189,Invesco India Short Duration Fund - Plan B - Growth,3402.0409
2025-01-07,105190,Invesco India Short Duration Fund - Regular Plan - Weekly IDCW (Reinvestment),1019.3684
2025-01-07,105191,Invesco India Short Duration Fund - Regular Plan - Monthly IDCW (Payout / Reinvestment),1049.9879
2025-01-07,105192,Invesco India Short Duration Fund - Plan B - Weekly IDCW (Reinvestment),1015.8727
2025-01-07,105229,Nippon India Interval Fund-Monthly Interval Fund-Series-I- Growth Option,32.4633
2025-01-07,105230,NIPPON INDIA MONTHLY INTERVAL FUND - SERIES I - IDCW Option,10.0356
2025-01-07,105274,SBI Liquid Fund - Institutional - Growth,3988.1107
2025-01-07,105275,SBI Liquid Fund - Institutional Daily Income Distribution cum Capital Withdrawal Option (IDCW),1281.2267
2025-01-07,105280,SBI Liquid Fund - REGULAR PLAN -Growth,3950.7512
2025-01-07,105281,SBI Liquid Fund - Regular Plan - Daily Income Distribution cum Capital Withdrawal Option (IDCW),1140.7391
2025-01-07,105282,SBI Liquid Fund - Regular Plan - Weekly Income Distribution cum Capital Withdrawal Option (IDCW),1356.0519
2025-01-07,105283,SBI Liquid Fund - Regular Plan - Fortnightly Income Distribution cum Capital Withdrawal Option (IDCW),1296.5594
2025-01-07,105400,Nippon India Interval Fund-Monthly Interval Fund-Series-II -Growth Option,32.2506
2025-01-07,105401,NIPPON INDIA MONTHLY INTERVAL FUND - SERIES II - IDCW Option,10.0122
2025-01-07,105417,Taurus Infrastructure Fund - Regular Plan - Growth,67.45
2025-01-07,105418,Taurus Infrastructure Fund - Regular Plan - Payout of Income Distribution cum Capital Withdrawal option,63.36
2025-01-07,105433,Nippon India Interval Fund-Quarterly Interval Fund-Series-I - Growth Option,33.0249
2025-01-07,105434,NIPPON INDIA INTERVAL FUND - QUARTERLY PLAN - SERIES I - IDCW Option,12.0698
2025-01-07,105436,NIPPON INDIA INTERVAL FUND - QUARTERLY PLAN - SERIES I - INSTITUTIONAL IDCW Option,12.0537
2025-01-07,105459,Invesco India Contra Fund - Regular Plan - IDCW (Payout / Reinvestment),54.62
2025-01-07,105460,Invesco India Contra Fund - Regular Plan - Growth,133.82
2025-01-07,105463,UTI GOLD Exchange Traded Fund,65.3116
2025-01-07,105503,Invesco India Midcap Fund - Regular Plan - Growth Option,172.21
2025-01-07,105504,Invesco India Midcap Fund - Regular Plan - IDCW (Payout / Reinvestment),65.11
2025-01-07,105543,HDFC Low Duration  Fund - Monthly IDCW,10.1572
2025-01-07,105548,HDFC Low Duration  Fund - Daily IDCW,10.1428
2025-01-07,105578,UTI Low Duration Fund - Discontinued - Periodic Dividend Plan,1050.4453
2025-01-07,105603,Invesco India Arbitrage Fund - Regular Plan - Growth Option,30.9213
2025-01-07,105604,Invesco India Arbitrage Fund - Regular Plan - IDCW (Payout / Reinvestment),16.5022
2025-01-07,105605,UTI Low Duration Fund - Regular Plan - Daily IDCW (Reinvestment),1315.255
2025-01-07,105627,UTI Low Duration Fund - Regular Plan - Weekly IDCW,1318.5673
2025-01-07,105628,SBI ELSS Tax Saver FUND - REGULAR PLAN- GROWTH,424.9151
2025-01-07,105637,JM Dynamic Bond Fund (Regular) - Weekly IDCW,10.5475
2025-01-07,105639,JM Dynamic Bond Fund (Regular) - Daily IDCW,10.055
2025-01-07,105658,UTI Low Duration Fund - Regular Plan - Monthly IDCW,1341.5894
2025-01-07,105659,UTI Low Duration Fund - Discontinued Flexi Dividend Plan,1085.7544
2025-01-07,105660,NIPPON INDIA ANNUAL INTERVAL FUND - SERIES I - IDCW Option,12.2339
2025-01-07,105661,Nippon India Interval Fund Annual Interval Fund Series-I-Retail Plan Growth Option,34.9942
2025-01-07,105662,NIPPON INDIA ANNUAL INTERVAL FUND - SERIES I - RETAIL Plan - IDCW Option,12.1854
2025-01-07,105663,Nippon India Interval Fund Annual Interval Fund Series-I- Growth Option,26.0533
2025-01-07,105667,DSP Strategic Bond Fund - Regular Plan - IDCW - Monthly,1062.7063
2025-01-07,105668,DSP Strategic Bond Fund - Regular Plan - IDCW,1305.7359
2025-01-07,105669,DSP Strategic Bond Fund - Regular Plan - Growth,3257.8916
2025-01-07,105670,UTI Low Duration Fund - Discontinued Monthly Dividend Option,1021.0897
2025-01-07,105689,Nippon India Interval Fund-Quarterly Interval Fund Series-II-Growth Option,34.9584
2025-01-07,105692,NIPPON INDIA QUARTERLY INTERVAL FUND - SERIES II - IDCW Option,12.258
2025-01-07,105757,HDFC Mid Cap Fund - IDCW Plan,57.561
2025-01-07,105758,HDFC Mid Cap Fund - Growth Plan,188.684
2025-01-07,105804,Aditya Birla Sun Life Small Cap Fund - GROWTH,87.6484
2025-01-07,105805,Aditya Birla Sun Life Small Cap Fund -Regular - IDCW,38.5785
2025-01-07,105816,Franklin India Focused Equity Fund - IDCW,37.5902
2025-01-07,105817,Franklin India Focused Equity Fund - Growth Plan,104.1426
2025-01-07,105822,LIC MF Banking & PSU Fund-Regular Plan-Daily IDCW,11.1361
2025-01-07,105823,LIC MF Banking & PSU Fund-Regular Plan-Growth,33.3121
2025-01-07,105856,LIC MF Banking & PSU Fund-Regular Plan-Monthly IDCW,12.4675
2025-01-07,105857,LIC MF Banking & PSU Fund-Regular Plan-Weekly IDCW,10.2411
2025-01-07,105875,DSP Flexi Cap Fund - Regular Plan - Growth,100.602
2025-01-07,105878,DSP Strategic Bond Fund - Regular Plan - IDCW - Weekly,1054.6148
2025-01-07,105881,Aditya Birla Sun Life Savings Fund-Weekly - retail IDCW,100.3815
2025-01-07,105882,Nippon India Interval Fund-Quarterly Interval Fund-Series-III-Institutional Plan-Growth Option,17.933
2025-01-07,105884,Nippon India Interval Fund-Quarterly Interval Fund-Series-III- Growth Option,33.41
2025-01-07,105885,NIPPON INDIA QUARTERLY INTERVAL FUND - SERIES III - IDCW Option,12.1277
2025-01-07,105887,Aditya Birla Sun Life Savings Fund-Regular - weekly IDCW,100.3809
2025-01-07,105888,Aditya Birla Sun Life Savings Fund-Regular - DAILY IDCW,100.2594
2025-01-07,105967,Kotak Arbitrage Fund - Regular Plan - IDCW - Payout & Re-investment of Income Distribution cum capital withdrawal option,10.7581
2025-01-07,105968,Kotak Arbitrage Fund - Regular Plan - Growth,36.2979
2025-01-07,105989,DSP Small Cap Fund - Regular - Growth,201.685
2025-01-07,106057,UTI Quarterly Interval Fund - I - Regular Plan - IDCW,10.8997
2025-01-07,106060,UTI Quarterly Interval Fund - I - Regular Plan - Growth Option,32.9381
2025-01-07,106095,SBI Infrastructure Fund - Regular Plan - Income Distribution cum Capital Withdrawal Option (IDCW),43.6205
2025-01-07,106096,SBI INFRASTRUCTURE FUND -  REGULAR PLAN - GROWTH,49.0347
2025-01-07,106143,Invesco India Large & Mid Cap Fund - Regular Plan - IDCW (Payout / Reinvestment),47.29
2025-01-07,106144,Invesco India Large & Mid Cap Fund - Regular Plan - Growth,95.45
2025-01-07,106157,Aditya Birla Sun Life Banking & PSU Debt Fund  - retail - quarterly IDCW,102.3606
2025-01-07,106166,CANARA ROBECO EQUITY HYBRID FUND - REGULAR PLAN - GROWTH OPTION,345.63
2025-01-07,106167,CANARA ROBECO EQUITY HYBRID FUND - REGULAR PLAN - MONTHLY IDCW (Payout/Reinvestment),99.16
2025-01-07,106168,JM Value Fund (Regular) - IDCW,69.9683
2025-01-07,106169,quant Infrastructure Fund - IDCW Option - Regular Plan,38.6224
2025-01-07,106170,quant Infrastructure Fund - Growth Option,38.7094
2025-01-07,106171,Invesco India Corporate Bond Fund - Regular Plan - Monthly IDCW (Payout / Reinvestment),1743.5854
2025-01-07,106172,Invesco India Corporate Bond Fund - Regular Plan - Quarterly IDCW (Payout / Reinvestment),1154.1086
2025-01-07,106177,Invesco India Corporate Bond Fund - Regular Plan - Growth,3042.0212
2025-01-07,106179,Invesco India Corporate Bond Fund - Regular Plan - Annual IDCW (Payout / Reinvestment),1878.7397
2025-01-07,106183,UTI Annual Interval Fund - I - Regular Plan - Growth Option,33.3595
2025-01-07,106185,UTI Annual Interval Fund - I - ( Instn Growth Option ),34.7006
2025-01-07,106186,UTI Annual Interval Fund - I - Regular Plan - IDCW,10.9469
2025-01-07,106193,KOTAK GOLD ETF,65.0655
2025-01-07,106212,SBI LOW DURATION FUND - REGULAR PLAN - GROWTH,3365.2495
2025-01-07,106213,SBI Low Duration Fund - Regular Plan - Daily Income Distribution cum Capital Withdrawal Option (IDCW),1310.8036
2025-01-07,106214,SBI Low Duration Fund - Regular Plan - Weekly Income Distribution cum Capital Withdrawal Option (IDCW),1310.7933
2025-01-07,106215,SBI Low Duration Fund - Regular Plan - Fornightly Income Distribution cum Capital Withdrawal Option (IDCW),1333.7465
2025-01-07,106216,SBI Low Duration Fund - Regular Plan - Monthly Income Distribution cum Capital Withdrawal Option (IDCW),1476.0124
2025-01-07,106217,SBI Short Horizon Debt Fund - Ultra Short Term Fund - Institutional Plan - Growth,3424.5777
2025-01-07,106221,SBI Short Horizon Debt Fund - Ultra Short Term Fund - Institutional Plan - Daily Income Distribution cum Capital Withdrawal Option (IDCW),1311.1133
2025-01-07,106222,SBI Short Horizon Debt Fund - Ultra Short Term Fund- Institutional Plan - Weekly Income Distribution cum Capital Withdrawal Option (IDCW),1307.8587
2025-01-07,106227,SBI SHORT HORIZON DEBT FUND-SHORT TERM FUND - RETAIL - GROWTH,34.8004
2025-01-07,106228,SBI Short Horizon Debt Fund - Short Term Fund - Retail Dividend - Weekly Income Distribution cum Capital Withdrawal Option (IDCW),14.4358
2025-01-07,106229,SBI Short Horizon Debt Fund - Short Term Fund - Retail Dividend - Monthly Income Distribution cum Capital Withdrawal Option (IDCW),15.9394
2025-01-07,106230,SBI Short Horizon Debt Fund - Short Term Fund - Retail Dividend - Fortnightly Income Distribution cum Capital Withdrawal Option (IDCW),14.4575
2025-01-07,106231,SBI SHORT TERM DEBT FUND - REGULAR PLAN -GROWTH,30.7583
2025-01-07,106232,SBI Short Term Debt Fund - Regular Plan Weekly Income Distribution cum Capital Withdrawal Option (IDCW),13.946
2025-01-07,106233,SBI Short Term Debt Fund - Regular Plan - Monthly Income Distribution cum Capital Withdrawal Option (IDCW),17.0052
2025-01-07,106234,SBI Short Term Debt Fund - Regular Plan Fortnightly Income Distribution cum Capital Withdrawal Option (IDCW),13.9322
2025-01-07,106235,Nippon India Large Cap  Fund- Growth Plan -Growth Option,86.2164
2025-01-07,106236,NIPPON INDIA LARGE CAP FUND - IDCW Option,27.6695
2025-01-07,106240,Nippon India Large Cap Fund- Growth Plan Bonus Option,86.2164
2025-01-07,106260,NIPPON INDIA GROWTH MID CAP FUND - INSTITUTIONAL Plan - IDCW Option,1406.4091
2025-01-07,106316,Invesco India Balanced Advantage Fund - Regular Plan - IDCW (Payout / Reinvestment),21.09
2025-01-07,106317,Invesco India Balanced Advantage Fund - Regular Plan - Growth,53.3
2025-01-07,106369,Sundaram Global Brand Theme-Equity Active FOF - Regular IDCW,27.8735
2025-01-07,106370,Sundaram Global Brand Theme-Equity Active FOF - Regular Growth,32.5277
2025-01-07,106383,UTI Short Duration Fund - Discontinued Regular Option - Dividend Sub Option,22.642
2025-01-07,106384,UTI Short Duration Fund - Discontinued Regular Option -Growth Sub Option,42.8299
2025-01-07,106411,Aditya Birla Sun Life Interval Income Fund - Quarterly Series 1 - Regular - IDCW,10.08
2025-01-07,106412,Aditya Birla Sun Life Interval Income Fund - Quarterly Series 1 - Growth - Regular Plan,32.933
2025-01-07,106413,Aditya Birla Sun Life Interval Income Fund - Quarterly Series 1 - institutional - IDCW,10.08
2025-01-07,106425,UTI India Consumer Fund - Regular Plan - Growth Option,57.4777
2025-01-07,106426,UTI India Consumer Fund - Regular Plan - IDCW,50.2434
2025-01-07,106441,Kotak Global Emerging Market Overseas Equity Omni FOF- Growth,22.373
2025-01-07,106442,Kotak Global Emerging Market Overseas Equity Omni FOF - Payout of Income Distribution cum capital withdrawal option,22.374
2025-01-07,106596,DSP World Gold Mining Overseas Equity Omni FoF - Regular Plan - IDCW,13.2656
2025-01-07,106597,DSP World Gold Mining Overseas Equity Omni FoF - Regular Plan - Growth,20.8363
2025-01-07,106624,UTI Short Duration Fund - Regular Plan - Growth Option,30.4262
2025-01-07,106653,Invesco India Infrastructure Fund - Regular Plan - IDCW (Payout / Reinvestment),46.67
2025-01-07,106654,Invesco India Infrastructure Fund - Regular Plan - Growth Option,64.84
2025-01-07,106706,UTI Annual Interval Fund - II - Regular Plan - IDCW,10.9776
2025-01-07,106707,UTI Annual Interval Fund - II - Regular Plan - Growth Option,32.8861
2025-01-07,106793,HDFC ARBITRAGE FUND - Regular Plan -Growth Option,29.705
2025-01-07,106795,HDFC ARBITRAGE FUND - Wholesale IDCW Option,10.873
2025-01-07,106796,HDFC ARBITRAGE FUND - Retail Growth Option,28.797
2025-01-07,106797,HDFC ARBITRAGE FUND - Retail Quarterly IDCW Option,20.529
2025-01-07,106799,HDFC ARBITRAGE FUND - Retail IDCW Option,21.462
2025-01-07,106822,ICICI Prudential Smallcap Fund - IDCW,35.01
2025-01-07,106823,ICICI Prudential Smallcap Fund - Growth,85.81
2025-01-07,106838,HDFC Floating Rate Debt Fund - Daily IDCW Option,10.0809
2025-01-07,106839,HDFC Floating Rate Debt Fund - Monthly IDCW Option,10.1619
2025-01-07,106840,HDFC Floating Rate Debt Fund - Weekly IDCW Option,10.0424
2025-01-07,106841,HDFC Floating Rate Debt Fund - Growth Option,47.9024
2025-01-07,106871,LIC MF Large Cap Fund-Regular Plan-Growth,54.5208
2025-01-07,106872,Aditya Birla Sun Life International Equity Fund - Regular - IDCW,16.926
2025-01-07,106873,Aditya Birla Sun Life International Equity Fund - Growth - Regular Plan,34.776
2025-01-07,106929,Kotak Nifty PSU Bank ETF,636.6359
2025-01-07,106978,Franklin Asian Equity Fund - IDCW,13.5673
2025-01-07,106979,Franklin Asian Equity Fund - Growth Plan,28.743
2025-01-07,106980,UTI Short Duration Fund - Regular Plan - Quarterly IDCW,15.7447
2025-01-07,107287,JM ELSS Tax Saver Fund (Regular) - IDCW,49.1023
2025-01-07,107288,JM ELSS Tax Saver Fund (Regular) - Growth option,49.103
2025-01-07,107352,Invesco India Multicap Fund - Regular Plan - IDCW (Payout / Reinvestment),122.94
2025-01-07,107353,Invesco India Multicap Fund - Regular Plan - Growth Option,135.59
2025-01-07,107409,JM Focused Fund (Regular) - IDCW,20.4389
2025-01-07,107410,JM Focused Fund (Regular) - Growth Option,20.4397
2025-01-07,107471,Invesco India Gilt Fund - Regular Plan - Monthly IDCW (Reinvestment),1543.9897
2025-01-07,107472,Invesco India Gilt Fund - Regular Plan - Quarterly IDCW (Payout / Reinvestment),1249.7454
2025-01-07,107476,Invesco India Gilt Fund - Regular Plan - Annual IDCW (Payout / Reinvestment),1232.088
2025-01-07,107477,Invesco India Gilt Fund - Regular Plan - Growth,2741.107
2025-01-07,107524,HDFC Infrastructure Fund - Growth Plan,46.004
2025-01-07,107525,HDFC Infrastructure Fund - IDCW Plan,21.41
2025-01-07,107578,Mirae Asset Large Cap Fund - Growth Plan,106.843
2025-01-07,107579,Mirae Asset Large Cap Fund Regular IDCW,29.681
2025-01-07,107693,Quantum Gold Fund,64.4742
2025-01-07,107700,Mirae Asset Low Duration Fund - Regular Plan - Daily IDCW,1005.1646
2025-01-07,107701,Mirae Asset Low Duration Fund - Regular Plan - Weekly IDCW,1107.7244
2025-01-07,107702,Mirae Asset Low Duration Fund - Regular Plan - Quarterly IDCW,1019.8276
2025-01-07,107704,Mirae Asset Low Duration Fund - Regular Plan - Monthly IDCW,1090.5642
2025-01-07,107705,Mirae Asset Low Duration Fund - Regular Plan - Growth,2176.2107
2025-01-07,107745,Aditya Birla Sun Life ELSS Tax Saver Fund - Growth Option,57.18
2025-01-07,107763,LIC MF Infrastructure Fund-Regular Plan-Growth,51.3396
2025-01-07,107764,LIC MF Infrastructure Fund-Regular Plan-IDCW,51.341
2025-01-07,107988,HSBC Global Emerging Markets Fund - Growth,18.6101
2025-01-07,107989,HSBC Global Emerging Markets Fund - IDCW,15.2707
2025-01-07,108166,Aditya Birla Sun Life Value Fund - Regular - IDCW,44.4439
2025-01-07,108167,Aditya Birla Sun Life Value Fund - Growth Option,126.6379
2025-01-07,108202,DSP Natural Resources And New Energy Fund - Regular - Growth,85.72
2025-01-07,108203,DSP Natural Resources And New Energy Fund - Regular Plan - IDCW,29.713
2025-01-07,108249,Nippon India Quant Fund -Growth Plan - Growth Option,68.2657
2025-01-07,108252,NIPPON INDIA QUANT FUND - IDCW Option,36.392
2025-01-07,108258,Nippon India Quant Fund -Growth Plan -Bonus Option,68.2657
2025-01-07,108272,Aditya Birla Sun Life Banking & PSU Debt Fund  - REGULAR - IDCW,144.3518
2025-01-07,108273,Aditya Birla Sun Life Banking & PSU Debt Fund - Regular Plan-Growth,351.4288
2025-01-07,108274,Aditya Birla Sun Life Banking & PSU Debt Fund  - REGULAR - Quarterly IDCW,101.2828
2025-01-07,108377,Invesco India Financial Services Fund - Regular Plan -  IDCW (Payout / Reinvestment),64.27
2025-01-07,108378,Invesco India Financial Services Fund - Regular Plan - Growth,126.02
2025-01-07,108402,Taurus ELSS Tax Saver Fund - Regular Plan - Payout of Income Distribution cum Capital Withdrawal option,85.58
2025-01-07,108403,Taurus Large Cap Fund - Regular Plan - Payout of Income Distribution cum Capital Withdrawal option,67.2
2025-01-07,108465,ICICI Prudential Large Cap Fund (erstwhile Bluechip Fund)  - IDCW,33.21
2025-01-07,108466,ICICI Prudential Large Cap Fund (erstwhile Bluechip Fund)  - Growth,104.03
2025-01-07,108479,Quantum Nifty 50 ETF,2560.4731
2025-01-07,108511,Kotak Dynamic Bond Fund Regular Plan Growth,36.0945
2025-01-07,108544,Bandhan Income Plus Arbitrage Active FOF - Regular Plan - Quarterly IDCW,12.6406
2025-01-07,108545,Bandhan Income Plus Arbitrage Active FOF - Regular Plan - Growth,42.0264
2025-01-07,108546,Bandhan Income Plus Arbitrage Active FOF - Regular Plan - Half Yearly IDCW,12.9896
2025-01-07,108547,Bandhan Income Plus Arbitrage Active FOF - Regular Plan - Annual IDCW,15.2134
2025-01-07,108557,Bandhan Gilt Fund - Regular Plan - Quarterly IDCW,11.6073
2025-01-07,108558,Bandhan Gilt Fund - Regular - Plan B - Half Yearly IDCW,10.9977
2025-01-07,108559,Bandhan Gilt Fund - Regular Plan - Annual IDCW,11.5718
2025-01-07,108561,BANDHAN Dynamic Bond Fund - Regular Plan B - Quarterly IDCW,11.3246
2025-01-07,108592,Bandhan Focused Fund - Regular Plan - Growth,89.28
2025-01-07,108593,Bandhan Focused Fund - Regular Plan - IDCW,21.911
2025-01-07,108594,BANDHAN Flexi Cap Fund - Regular Plan - Growth,197.79
2025-01-07,108595,BANDHAN Flexi Cap Fund - Regular Plan - IDCW,50.792
2025-01-07,108596,Bandhan Large & Mid Cap Fund - Regular Plan - Growth,129.657
2025-01-07,108597,Bandhan Large & Mid Cap Fund - Regular Plan - IDCW,30.432
2025-01-07,108632,BANDHAN Low Duration Fund - Regular Plan - Growth,37.144
2025-01-07,108633,BANDHAN Low Duration Fund - Regular Plan - Daily IDCW,10.1015
2025-01-07,108634,BANDHAN Low Duration Fund - Regular Plan - Weekly IDCW,10.117
2025-01-07,108635,BANDHAN Low Duration Fund - Regular Plan - Monthly IDCW,10.1216
2025-01-07,108644,Bandhan Gilt Fund with 10 year constant duration Fund - Regular Plan - Monthly IDCW,10.4406
2025-01-07,108646,Bandhan Gilt Fund with 10 year constant duration Fund - Regular Plan - Quarterly IDCW,11.3877
2025-01-07,108650,BANDHAN Money Market Fund - Regular Plan - Daily IDCW,10.0994
2025-01-07,108675,BANDHAN Dynamic Bond Fund - Regular Plan B - Annual IDCW,11.6004
2025-01-07,108690,BANDHAN LIQUID Fund - Regular Plan - Growth,3053.4452
2025-01-07,108691,BANDHAN LIQUID Fund - Regular Plan - Weekly IDCW,1001.8432
2025-01-07,108692,BANDHAN LIQUID Fund - Regular Plan - Daily IDCW,1001.0846
2025-01-07,108693,BANDHAN LIQUID Fund - Regular Plan - Monthly IDCW,1002.2673
2025-01-07,108701,Bandhan Money Market Fund - Regular Plan - Weekly IDCW,10.1272
2025-01-07,108713,Bandhan Short Duration Fund - Regular Plan - Fortnightly IDCW,10.435
2025-01-07,108727,Bandhan Medium Duration Fund - Regular Plan - Monthly IDCW,10.2529
2025-01-07,108728,Bandhan Medium Duration Fund - Regular Plan - Growth,43.8639
2025-01-07,108729,Bandhan Medium Duration Fund - Regular Plan - Fortnightly IDCW,10.2779
2025-01-07,108730,Bandhan Medium Duration Fund - Regular Plan - Bi-Monthly IDCW,12.1587
2025-01-07,108731,Bandhan Medium Duration Fund - Regular Plan - Daily IDCW,10.2872
2025-01-07,108753,Bandhan Gilt Fund with 10 year constant duration Fund - Regular Plan - Growth,43.5564
2025-01-07,108756,BANDHAN Money Market Fund - Regular Plan - Growth,38.8251
2025-01-07,108757,BANDHAN Money Market Fund - Regular Plan - Monthly IDCW,10.2706
2025-01-07,108763,Bandhan Medium to Long Duration Fund - Regular Plan - Half-yearly IDCW,11.7681
2025-01-07,108764,Bandhan Medium to Long Duration Fund - Regular Plan - Quarterly IDCW,11.932
2025-01-07,108765,Bandhan Medium to Long Duration Fund - Regular Plan - Growth,62.8316
2025-01-07,108766,Bandhan Medium to Long Duration Fund - Regular Plan - Annual IDCW,12.0856
2025-01-07,108767,Bandhan Short Duration Fund - Regular Plan - Monthly IDCW,10.3857
2025-01-07,108768,Bandhan Short Duration Fund - Regular Plan - Growth,54.7258
2025-01-07,108799,BANDHAN Large Cap Fund - Regular Plan - Growth,74.072
2025-01-07,108800,BANDHAN Large Cap Fund - Regular Plan - IDCW,23.392
2025-01-07,108845,BANDHAN Arbitrage Fund - Regular Plan - Growth,31.4457
2025-01-07,108847,BANDHAN Arbitrage Fund - Regular Plan - Monthly IDCW,13.3344
2025-01-07,108908,Bandhan Value Fund - Regular Plan - IDCW,41.542
2025-01-07,108909,Bandhan Value Fund - Regular Plan - Growth,144.825
2025-01-07,108992,BANDHAN Equity Savings Fund - Regular Plan - Monthly IDCW,14.839
2025-01-07,108995,BANDHAN Equity Savings Fund - Regular Plan - Growth,30.122
2025-01-07,109010,Kotak BSE Sensex ETF,84.3427
2025-01-07,109058,Sundaram Financial Services Opportunities Fund Regular Plan - Income Distribution cum Capital Withdrawal (IDCW),29.3035
2025-01-07,109059,Sundaram Financial Services Opportunities Fund Regular Plan - Growth,94.5243
2025-01-07,109061,Sundaram Financial Services Opportunities Fund Institutional Plan - Growth,108.9149
2025-01-07,109108,Aditya Birla Sun Life Savings Fund-Retail - Daily IDCW,100.2679
2025-01-07,109254,BANK OF INDIA Liquid Fund- Regular Plan- Growth,2908.9743
2025-01-07,109255,BANK OF INDIA Liquid Fund- Regular Plan- Weekly IDCW,1001.4968
2025-01-07,109264,BANK OF INDIA Ultra Short Duration Fund- Regular Plan- Weekly IDCW,1007.5438
2025-01-07,109269,BANK OF INDIA Ultra Short Duration Fund- Regular Plan- Growth,3057.2296
2025-01-07,109274,quant Focused Fund - IDCW Option - Regular Plan,63.3078
2025-01-07,109275,quant Focused Fund - Growth Option - Regular Plan,85.1436
2025-01-07,109349,CANARA ROBECO LIQUID FUND - REGULAR PLAN - DAILY IDCW (Reinvestment),1005.5
2025-01-07,109350,CANARA ROBECO LIQUID FUND - REGULAR PLAN - WEEKLY IDCW (Payout/Reinvestment),1001.3548
2025-01-07,109351,CANARA ROBECO LIQUID FUND - REGULAR PLAN - MONTHLY IDCW (Payout/Reinvestment),1002.9122
2025-01-07,109353,CANARA ROBECO LIQUID FUND - REGULAR PLAN - GROWTH OPTION,3040.4767
2025-01-07,109366,CANARA ROBECO ULTRA SHORT TERM FUND - REGULAR PLAN - WEEKLY IDCW (Payout/Reinvestment),1241.8279
2025-01-07,109370,CANARA ROBECO ULTRA SHORT TERM FUND - REGULAR PLAN - MONTHLY IDCW (Payout/Reinvestment),1003.0565
2025-01-07,109371,CANARA ROBECO ULTRA SHORT TERM FUND - REGULAR PLAN - GROWTH OPTION,3671.9795
2025-01-07,109372,CANARA ROBECO ULTRA SHORT TERM FUND - REGULAR PLAN - DAILY IDCW (Reinvestment),1240.71
2025-01-07,109445,ICICI Prudential Banking and Financial Services Fund -  Growth,119.77
2025-01-07,109446,ICICI Prudential Banking and Financial Services Fund -  IDCW,33.65
2025-01-07,109472,NIPPON INDIA CORPORATE BOND FUND - DAILY IDCW Option,17.0959
2025-01-07,109473,NIPPON INDIA CORPORATE BOND FUND - WEEKLY IDCW Option,17.0959
2025-01-07,109501,UTI Ultra Short Duration Fund - Regular Plan - Daily IDCW (Reinvestment),1046.1477
2025-01-07,109522,JM Flexicap Fund (Regular) - Growth option,103.2743
2025-01-07,109523,JM Flexicap Fund (Regular) - IDCW,79.5808
2025-01-07,109617,UTI Quarterly Interval Fund - II - Regular Plan - Growth Option,29.5798
2025-01-07,109618,UTI Quarterly Interval Fund - II - Regular Plan - IDCW,10.8568
2025-01-07,109716,Nippon India Gilt  Fund -P F Option-Automatic Annual Reinvest Option,30.8379
2025-01-07,109717,Nippon India Gilt  Fund - Institutional Plan-Growth Plan -Growth Option,37.3617
2025-01-07,109720,Nippon India Gilt  Fund -Growth Plan - Growth Option,36.775
2025-01-07,109721,Nippon India Gilt  Fund -P F Option-Defined Maturity Date Option,36.775
2025-01-07,109723,NIPPON INDIA GILT  FUND - MONTHLY IDCW Option,10.7021
2025-01-07,109724,Nippon India Gilt  Fund-P F Option-Automatic Capital Appreciation Payout Option,36.775
2025-01-07,109740,ICICI Prudential Bond Fund - Growth,38.4791
2025-01-07,109741,ICICI Prudential Bond Fund - IDCW Monthly,11.3193
2025-01-07,109743,ICICI Prudential Bond Fund - IDCW Quarterly,11.4534
2025-01-07,109830,quant Flexi Cap Fund - Growth Option - Regular Plan,95.708
2025-01-07,109831,quant Flexi Cap Fund - IDCW Option - Regular Plan,68.4061
2025-01-07,110021,UTI Quarterly Interval Fund - III -Regular Plan - IDCW,10.9211
2025-01-07,110024,UTI Quarterly Interval Fund - III -Regular Plan - Growth Option,30.0879
2025-01-07,110282,Aditya Birla Sun Life Banking & PSU Debt Fund  - REGULAR - MONTHLY IDCW,111.6938
2025-01-07,110490,Aditya Birla Sun Life Banking & PSU Debt Fund  - retail - monthly IDCW,111.474
2025-01-07,110598,BANK OF INDIA Large & Mid Cap Fund Regular Plan- Quarterly IDCW,31.41
2025-01-07,110599,BANK OF INDIA Large & Mid Cap Fund Eco Plan- Growth,94.46
2025-01-07,110601,BANK OF INDIA Large & Mid Cap Fund Eco Plan-Bonus,94.46
2025-01-07,110603,BANK OF INDIA Large & Mid Cap Fund Regular Plan- Growth,86.24
2025-01-07,110604,BANK OF INDIA Large & Mid Cap Fund Eco Plan-Quarterly IDCW,26.65
2025-01-07,110606,BANK OF INDIA Large & Mid Cap Fund Regular Plan-Bonus,86.23
2025-01-07,110607,BANK OF INDIA Large & Mid Cap Fund Regular Plan- Regular IDCW,25.74
2025-01-07,110608,BANK OF INDIA Large & Mid Cap Fund Eco Plan-Regular IDCW,26.45
2025-01-07,111343,Bandhan Gilt Fund with 10 year constant duration Fund - Regular Plan - Weekly IDCW,10.2192
2025-01-07,111521,Aditya Birla Sun Life Dynamic Bond Fund -REGULAR - MONTHLY IDCW,10.597
2025-01-07,111523,BANDHAN Dynamic Bond Fund - Regular Plan B - IDCW,12.6232
2025-01-07,111524,BANDHAN Dynamic Bond Fund - Regular Plan B - Growth,33.0136
2025-01-07,111525,Bandhan Gilt Fund - Regular Plan - Growth,34.2271
2025-01-07,111527,Bandhan Gilt Fund - Regular Plan - IDCW,12.8986
2025-01-07,111545,ICICI Prudential Floating Interest Fund - Weekly IDCW,102.2925
2025-01-07,111549,Quantum ELSS Tax Saver Fund - Direct Plan Growth Option,126.91
2025-01-07,111550,Quantum ELSS Tax Saver Fund - Direct Plan IDCW,126.91
2025-01-07,111569,BANDHAN ELSS Tax Saver Fund - Regular Plan - Growth,147.058
2025-01-07,111570,BANDHAN ELSS Tax Saver Fund - Regular Plan - IDCW,34.074
2025-01-07,111585,BANK OF INDIA Short Term Income Fund-Regular Plan- Growth,25.7221
2025-01-07,111589,BANK OF INDIA Short Term Income Fund-Regular Plan- Monthly IDCW,13.1992
2025-01-07,111590,BANK OF INDIA Short Term Income Fund-Regular Plan- Quarterly IDCW,13.0072
2025-01-07,111599,UTI Multi Asset Allocation Fund - Regular Plan - Growth Option,71.7187
2025-01-07,111602,UTI Multi Asset Allocation Fund - Regular Plan - IDCW,28.5214
2025-01-07,111638,Edelweiss ELSS Tax Saver Fund - Regular Plan - Growth Option,108.39
2025-01-07,111639,Edelweiss ELSS Tax Saver Fund - Regular Plan - IDCW Option,29.01
2025-01-07,111640,Taurus Flexi Cap Fund - Regular Plan - Payout of Income Distribution cum Capital Withdrawal option,110.42
2025-01-07,111642,Taurus Mid Cap Fund - Regular Plan - Payout of Income Distribution cum Capital Withdrawal option,105.34
2025-01-07,111644,Mirae Asset Liquid Fund - Regular Plan - Weekly IDCW,1153.9125
2025-01-07,111645,Mirae Asset Liquid Fund - Regular Plan - Monthly IDCW,1155.8458
2025-01-07,111646,Mirae Asset Liquid Fund - Regular Plan - Growth,2649.8028
2025-01-07,111647,Mirae Asset Liquid Fund - Regular - Daily IDCW,1066.4347
2025-01-07,111675,LIC MF Low Duration Fund-Regular Plan-Weekly IDCW,13.0957
2025-01-07,111676,LIC MF Low Duration Fund-Regular Plan-Daily IDCW,10.6756
2025-01-07,111704,Baroda BNP Paribas LIQUID FUND - Regular Plan - GROWTH OPTION,2906.3215
2025-01-07,111705,Baroda BNP Paribas LIQUID FUND - Regular Plan - WEEKLY IDCW OPTION,1000.1466
2025-01-07,111707,Baroda BNP Paribas LIQUID FUND - Regular Plan - DAILY IDCW OPTION,1001.1996
2025-01-07,111708,BANK OF INDIA ELSS Tax Saver -Regular Plan-IDCW,31.99
2025-01-07,111709,BANK OF INDIA ELSS Tax Saver -ECO Plan-Growth,179.38
2025-01-07,111710,BANK OF INDIA ELSS Tax Saver -Regular Plan- Growth,166.06
2025-01-07,111711,BANK OF INDIA ELSS Tax Saver -ECO Plan-IDCW,29.77
2025-01-07,111712,BANK OF INDIA Conservative Hybrid Fund-Regular Plan-Growth,33.1816
2025-01-07,111713,BANK OF INDIA Conservative Hybrid Fund-Regular Plan-Quarterly IDCW,17.7061
2025-01-07,111714,BANK OF INDIA Conservative Hybrid Fund-Regular Plan-Annual IDCW,16.1074
2025-01-07,111715,BANK OF INDIA Conservative Hybrid Fund-ECO Plan-Growth,34.2821
2025-01-07,111716,BANK OF INDIA Conservative Hybrid Fund-Regular Plan-Monthly IDCW,17.0832
2025-01-07,111717,BANK OF INDIA Conservative Hybrid Fund-ECO Plan-Monthly IDCW,25.9645
2025-01-07,111722,CANARA ROBECO ELSS TAX SAVER - REGULAR PLAN - GROWTH OPTION,170.73
2025-01-07,111743,Nippon India Low Duration Fund - Retail Plan - Growth Plan -Bonus Option,2553.3975
2025-01-07,111744,NIPPON INDIA LOW DURATION FUND - RETAIL Plan - DAILY IDCW Option,1010.7676
2025-01-07,111745,NIPPON INDIA LOW DURATION FUND - RETAIL Plan - WEEKLY IDCW Option,1010.8152
2025-01-07,111746,Nippon India Low Duration Fund -Growth Plan -Bonus Option,2093.5414
2025-01-07,111747,NIPPON INDIA LOW DURATION FUND - DAILY IDCW Option,1010.7684
2025-01-07,111748,Nippon India Low Duration Fund - Retail Plan - Growth Plan - Growth Option,3426.7547
2025-01-07,111749,NIPPON INDIA LOW DURATION FUND - MONTHLY IDCW Option,1030.9462
2025-01-07,111750,NIPPON INDIA LOW DURATION FUND - QUARTERLY IDCW Option,1015.9833
2025-01-07,111751,NIPPON INDIA LOW DURATION FUND - RETAIL Plan - MONTHLY IDCW Option,1032.7688
2025-01-07,111752,NIPPON INDIA LOW DURATION FUND - RETAIL Plan - QUARTERLY IDCW Option,1015.9776
2025-01-07,111753,Nippon India Low Duration Fund- Growth Plan - Growth Option,3605.7459
2025-01-07,111754,NIPPON INDIA LOW DURATION FUND - WEEKLY IDCW Option,1010.6323
2025-01-07,111786,DSP Strategic Bond Fund - Regular Plan - IDCW - Daily,1067.2073
2025-01-07,111787,Taurus Ethical Fund - Regular Plan - Growth,128.82
2025-01-07,111788,Taurus Ethical Fund - Regular Plan - Payout of Income Distribution cum Capital Withdrawal option,87.08
2025-01-07,111803,Aditya Birla Sun Life Medium Term Plan - Growth - Regular Plan,37.2854
2025-01-07,111809,Aditya Birla Sun Life Medium Term Plan - REGULAR - Quarterly IDCW,12.7533
2025-01-07,111811,Aditya Birla Sun Life Medium Term Plan - REGULAR - HALFYEARLY IDCW,13.1179
2025-01-07,111812,Aditya Birla Sun Life Medium Term Plan - Regular - IDCW,16.1003
2025-01-07,111848,Aditya Birla Sun Life Dynamic Bond Fund-Discipline Advantage Plan-Growth,30.6623
2025-01-07,111903,Taurus Ethical Fund -  Regular Plan - Bonus Option,128.79
2025-01-07,111935,Edelweiss Large Cap Fund -Plan B - Growth option,81.76
2025-01-07,111936,Edelweiss Large Cap Fund - Regular Plan - IDCW Option,27.76
2025-01-07,111937,Edelweiss Large Cap Fund -Plan C - Growth option,80.69
2025-01-07,111938,Edelweiss Large Cap Fund - Plan B - IDCW Option,82.73
2025-01-07,111939,Edelweiss Large Cap Fund - Plan C - IDCW Option,65.95
2025-01-07,111940,Edelweiss Large Cap Fund - Regular Plan - Growth Option,81.26
2025-01-07,111954,SBI Gold ETF,66.5703
2025-01-07,111957,ICICI Prudential Focused Equity Fund - Growth,84.73
2025-01-07,111958,ICICI Prudential Focused Equity Fund - IDCW,27.18
2025-01-07,111962,CANARA ROBECO DYNAMIC BOND FUND - REGULAR PLAN - GROWTH OPTION,28.419
2025-01-07,111963,CANARA ROBECO DYNAMIC BOND FUND - REGULAR PLAN - IDCW (Payout/Reinvestment),13.6853
2025-01-07,111970,BANK OF INDIA Ultra Short Duration Fund- Regular Plan- Daily IDCW,1007.4498
2025-01-07,111971,BANK OF INDIA Liquid Fund- Regular Plan- Daily IDCW,1002.1069
2025-01-07,111987,ICICI Prudential Corporate Bond Fund - Growth,28.5739
2025-01-07,111991,ICICI Prudential Corporate Bond Fund - Monthly IDCW,10.39
2025-01-07,111992,ICICI Prudential Corporate Bond Fund -Quarterly IDCW,10.9417
2025-01-07,112012,Edelweiss Aggressive Hybrid Fund- Plan B-Growth Option,60.85
2025-01-07,112013,Edelweiss Aggressive Hybrid Fund  - Plan B - IDCW Option,62.01
2025-01-07,112014,Aditya Birla Sun Life Liquid Fund- Discipline Advantage Plan,274.8816
2025-01-07,112016,Aditya Birla Sun Life Savings Fund - Discipline Advantage Plan,303.796
2025-01-07,112038,Quantum Diversified Equity All Cap Active FOF - Direct Plan IDCW,81.606
2025-01-07,112039,Quantum Diversified Equity All Cap Active FOF - Direct Plan Growth Option,81.606
2025-01-07,112076,UTI Money Market Fund - Regular Plan - Daily IDCW (Reinvestment),1145.4322
2025-01-07,112077,UTI MMF - Regular Plan - Growth Option,2968.3544
2025-01-07,112083,UTI Ultra Short Duration Fund - Discontinued - INSTN GROWTH OPTION,2934.649
2025-01-07,112087,Aditya Birla Sun Life Arbitrage Fund-Regular - IDCW,11.2206
2025-01-07,112088,Aditya BIRLA SUN LIFE ARBITRAGE FUND - REGULAR PLAN - GROWTH,25.7273
2025-01-07,112089,Kotak Flexicap Fund - Payout of Income Distribution cum capital withdrawal option,47.691
2025-01-07,112090,Kotak Flexicap Fund - Growth,78.979
2025-01-07,112092,Franklin Build India Fund Growth Plan,137.7132
2025-01-07,112093,Franklin Build India Fund - IDCW,43.0606
2025-01-07,112096,ICICI Prudential All Seasons Bond Fund - Growth,35.373
2025-01-07,112097,ICICI Prudential All Seasons Bond Fund - IDCW,21.9969
2025-01-07,112098,Invesco India Largecap Fund - Regular Plan - Growth,67.51
2025-01-07,112099,Invesco India Largecap Fund - Regular Plan - IDCW (Payout / Reinvestment),31.18
2025-01-07,112108,Edelweiss Aggressive Hybrid Fund - Regular Plan - Growth Option,61.5
2025-01-07,112109,Edelweiss Aggressive Hybrid Fund - Regular Plan - IDCW Option,28.22
2025-01-07,112117,Edelweiss Balanced Advantage Fund - Regular Plan - Growth Option,49.37
2025-01-07,112118,Edelweiss Balanced Advantage Fund - Regular Plan - Quarterly - IDCW Option,21.25
2025-01-07,112120,Invesco India Money Market Fund - Regular - Growth,2606.013
2025-01-07,112122,Invesco India Money Market Fund - Regular - Monthly IDCW (Payout / Reinvestment),1384.1293
2025-01-07,112123,Invesco India Money Market Fund - Growth,2936.3169
2025-01-07,112125,Invesco India Money Market Fund - Monthly IDCW (Payout / Reinvestment),1019.5867
2025-01-07,112126,DSP Global Clean Energy Overseas Equity Omni FoF - Regular Plan - Growth,17.7019
2025-01-07,112127,DSP Global Clean Energy Overseas Equity Omni FoF - Regular Plan - IDCW,12.91
2025-01-07,112152,CANARA ROBECO CONSUMPTION FUND - REGULAR PLAN - GROWTH OPTION,107.51
2025-01-07,112153,CANARA ROBECO CONSUMPTION FUND - REGULAR PLAN - IDCW (Payout/Reinvestment),48.6
2025-01-07,112171,Invesco India PSU Equity Fund - Regular Plan - Growth,59.01
2025-01-07,112173,Invesco India PSU Equity Fund - Regular Plan - IDCW (Payout / Reinvestment),42.99
2025-01-07,112210,Axis Liquid Fund - Regular Plan - Growth Option,2812.4373
2025-01-07,112211,Axis Liquid Fund - Regular Plan - Daily IDCW,1001.3998
2025-01-07,112212,Axis Liquid Fund - Regular Plan - Weekly IDCW,1002.277
2025-01-07,112213,Axis Liquid Fund - Regular Plan - Monthly IDCW,1004.0271
2025-01-07,112214,Axis Treasury Advantage Fund - Regular Plan - Growth Option,2976.0083
2025-01-07,112215,Axis Treasury Advantage Fund - Regular Plan - Daily IDCW,1013.2484
2025-01-07,112216,Axis Treasury Advantage Fund - Regular Plan - Weekly IDCW,1011.7688
2025-01-07,112217,Axis Treasury Advantage Fund - Regular Plan - Monthly IDCW,1012.1659
2025-01-07,112218,Tata Value Fund - Regular Plan - Payout of IDCW-Option A(5%),128.6023
2025-01-07,112277,Axis Large Cap Fund - Regular Plan - Growth,58.24
2025-01-07,112278,Axis Large Cap Fund - Regular Plan - IDCW,19.38
2025-01-07,112293,DSP World Mining Overseas Equity Omni FoF - Regular Plan - Growth,15.3773
2025-01-07,112322,Axis ELSS Tax Saver Fund - Regular Plan - IDCW,27.1074
2025-01-07,112323,Axis ELSS Tax Saver Fund - Regular Plan - Growth,93.1323
2025-01-07,112327,Bandhan Conservative Hybrid Passive FOF - Regular Plan - Growth,32.1412
2025-01-07,112328,Bandhan Conservative Hybrid Passive FOF - Regular Plan - IDCW,17.0647
2025-01-07,112329,Bandhan Multi-Asset Passive FOF - Regular Plan - Growth,39.1353
2025-01-07,112330,Bandhan Multi-Asset Passive FOF - Regular Plan - IDCW,21.7082
2025-01-07,112331,Bandhan Aggressive Hybrid Passive FOF - Regular Plan - IDCW,25.1719
2025-01-07,112332,Bandhan Aggressive Hybrid Passive FOF - Regular Plan - Growth,44.0866
2025-01-07,112340,NIPPON INDIA LIQUID FUND - QUARTERLY IDCW OPTION,1006.4436
2025-01-07,112341,NIPPON INDIA MONEY MARKET FUND - QUARTERLY IDCW Option,1012.8241
2025-01-07,112342,ICICI Prudential Banking and PSU Debt Fund - Growth,31.3943
2025-01-07,112347,DSP World Mining Overseas Equity Omni FoF - Regular Plan - IDCW,14.6449
2025-01-07,112351,Kotak Nifty 50 ETF,257.82
2025-01-07,112352,BANDHAN Conservative Hybrid Fund - Regular Plan - IDCW,14.2557
2025-01-07,112353,BANDHAN Conservative Hybrid Fund - Regular Plan - Growth,30.9361
2025-01-07,112354,Axis Short Duration Fund - Regular Plan - Growth Option,29.5641
2025-01-07,112355,Axis Short Duration Fund - Regular Plan - Monthly IDCW,10.2406
2025-01-07,112356,Aditya Birla Sun Life Short Term Fund - REGULAR - Quarterly IDCW,10.2611
2025-01-07,112359,BANK OF INDIA Manufacturing & Infrastructure Fund-Growth,55.18
2025-01-07,112360,BANK OF INDIA Manufacturing & Infrastructure Fund-Quarterly IDCW,35.82
2025-01-07,112361,BANK OF INDIA Manufacturing & Infrastructure Fund-Regular IDCW,35.17
2025-01-07,112368,Invesco India Gold Exchange Traded Fund,6782.2351
2025-01-07,112369,Axis Short Duration Fund - Regular Plan - Weekly IDCW,10.4014
2025-01-07,112378,CANARA ROBECO CONSERVATIVE HYBRID FUND - REGULAR PLAN - QUARTERLY IDCW (Payout/Reinvestment),14.0739
2025-01-07,112635,UTI Money Market Fund - Regular Plan - Weekly IDCW,1178.2828
2025-01-07,112636,Navi Liquid Fund-Regular Plan-Growth Option,27.5389
2025-01-07,112645,Navi Liquid Fund - Regular Plan Daily IDCW,10.0129
2025-01-07,112646,Navi Liquid Fund - Regular Plan Weekly IDCW,10.0063
2025-01-07,112647,Navi Liquid Fund - Regular Plan Monthly IDCW,10.0346
2025-01-07,112712,Axis Liquid Fund - Retail Plan - Daily IDCW,1000.9559
2025-01-07,112713,Axis Liquid Fund - Retail Plan - Growth Option,2581.4697
2025-01-07,112714,Axis Liquid Fund - Retail Plan - Monthly IDCW,1003.2744
2025-01-07,112715,Axis Liquid Fund - Retail Plan - Weekly IDCW,1000.7843
2025-01-07,112717,Axis Treasury Advantage Fund - Retail Plan - Growth Option,2790.1474
2025-01-07,112718,Axis Treasury Advantage Fund - Retail Plan - Monthly IDCW,1012.1738
2025-01-07,112719,Axis Treasury Advantage Fund - Retail Plan - Weekly IDCW,1011.7687
2025-01-07,112720,Axis Treasury Advantage Fund - Retail Plan - Daily IDCW,1012.4736
2025-01-07,112721,Axis Short Duration Fund - Retail Plan - Growth Option,29.2222
2025-01-07,112722,Axis Short Duration Fund - Retail Plan - Weekly IDCW,10.2316
2025-01-07,112723,Axis Short Duration Fund - Retail Plan - Monthly IDCW,10.0573
2025-01-07,112867,Sundaram Conservative Hybrid Fund (Formerly Known as Sundaram Debt Oriented Hybrid Fund) Regular Plan - Income Distribution cum Capital Withdrawal (IDCW),13.3432
2025-01-07,112868,Sundaram Conservative Hybrid Fund (Formerly Known as Sundaram Debt Oriented Hybrid Fund) Regular Plan - Growth,28.7536
2025-01-07,112869,Sundaram Conservative Hybrid Fund (Formerly Known as Sundaram Debt Oriented Hybrid Fund) Regular Plan- Income Distribution cum Capital Withdrawal (IDCW),18.6535
2025-01-07,112870,Sundaram Conservative Hybrid Fund (Formerly Known as Sundaram Debt Oriented Hybrid Fund) Regular Plan -Income Distribution cum Capital Withdrawal (IDCW),18.8165
2025-01-07,112877,BANDHAN Nifty 50 Index Fund - Regular Plan - Growth,50.7451
2025-01-07,112878,BANDHAN Nifty 50 Index Fund - Regular Plan - IDCW,46.0572
2025-01-07,112901,DSP Focused Fund - Regular Plan - Growth,52.73
2025-01-07,112923,SBI PSU Fund - Regular Plan - Income Distribution cum Capital Withdrawal Option (IDCW),30.2671
2025-01-07,112924,Axis Conservative Hybrid Fund - Regular Plan - Growth Option,28.7401
2025-01-07,112925,Axis Conservative Hybrid Fund - Regular Plan - Quarterly IDCW,10.8528
2025-01-07,112926,Axis Conservative Hybrid Fund - Regular Plan - Half Yearly IDCW,12.7451
2025-01-07,112927,Axis Conservative Hybrid Fund - Regular Plan - Annual IDCW,13.8966
2025-01-07,112931,Mirae Asset Large & Midcap Fund - Regular Plan - IDCW,51.413
2025-01-07,112932,Mirae Asset Large & Midcap Fund - Regular Plan - Growth,143.317
2025-01-07,112936,Nippon India Aggressive Hybrid Fund - Growth Plan,101.2556
2025-01-07,112937,NIPPON INDIA AGGRESSIVE HYBRID FUND - IDCW Option,29.2487
2025-01-07,112938,Nippon India Credit Risk Fund  - Growth Plan,33.396
2025-01-07,112939,Nippon India Credit Risk Fund  - Institutional Growth Plan,34.8272
2025-01-07,112941,NIPPON INDIA CREDIT RISK FUND - QUARTERLY IDCW Option,12.9616
2025-01-07,112942,NIPPON INDIA FLOATER FUND - QUARTERLY IDCW Option,10.9522
2025-01-07,112948,Taurus Nifty 50 Index Fund - Regular Plan - Growth,44.9385
2025-01-07,112949,Taurus Nifty 50 Index Fund - Regular Plan - Payout of Income Distribution cum Capital Withdrawal option,28.652
2025-01-07,112957,ICICI Prudential Nifty Next 50 Index Fund - Growth,58.7272
2025-01-07,112958,ICICI Prudential Nifty Next 50 Index Fund -IDCW,58.7265
2025-01-07,113032,DSP Focused Fund - Regular Plan - IDCW,23.022
2025-01-07,113036,Baroda BNP Paribas Short Duration Fund - Regular Plan - Growth Option,28.0075
2025-01-07,113037,Baroda BNP Paribas Short Duration Fund - Regular Plan - Monthly IDCW Option,10.2365
2025-01-07,113047,HDFC Short Term  Debt Fund - Growth Option,30.6716
2025-01-07,113048,HDFC Short Term  Debt Fund - Fortnightly IDCW Option,10.2287
2025-01-07,113049,HDFC Gold ETF - Growth Option,66.6312
2025-01-07,113064,Axis Multi Asset Allocation Fund - Regular Plan - Growth Option,38.3089
2025-01-07,113065,Axis Multi Asset Allocation Fund - Regular Plan - Monthly IDCW,19.3058
2025-01-07,113069,Motilal Oswal Nifty 50 ETF,243.3179
2025-01-07,113070,HDFC Corporate Bond Fund - Growth Option,31.1904
2025-01-07,113071,HDFC Corporate Bond Fund - Quarterly IDCW Option,10.3646
2025-01-07,113076,ICICI Prudential Gold ETF,66.6378
2025-01-07,113077,UTI Dynamic Bond Fund - Regular Plan - Growth Option,29.7503
2025-01-07,113078,UTI Dynamic Bond Fund - Regular Plan - Quarterly IDCW,16.1988
2025-01-07,113097,ICICI Prudential Regular Savings Fund - Plan - Quarterly IDCW,11.5697
2025-01-07,113098,ICICI Prudential Regular Savings Fund - Plan - Half Yearly IDCW,12.7581
2025-01-07,113099,SBI PSU Fund - REGULAR PLAN -Growth,30.2706
2025-01-07,113134,Tata Aggressive Hybrid Fund- Regular Plan - Monthly Payout of IDCW Option,87.7899
2025-01-07,113137,ICICI Prudential Medium Term Bond Fund - Quarterly IDCW,10.8514
2025-01-07,113144,CANARA ROBECO SAVINGS FUND - REGULAR PLAN - MONTHLY IDCW (Payout/Reinvestment),10.2877
2025-01-07,113153,DSP Small Cap Fund - Regular - IDCW,65.586
2025-01-07,113169,Bandhan Medium Duration Fund - Regular Plan - Quarterly IDCW,11.0014
2025-01-07,113177,Nippon India Small Cap Fund - Growth Plan - Growth Option,174.1755
2025-01-07,113178,Nippon India Small Cap Fund - Growth Plan - Bonus Option,174.1755
2025-01-07,113179,NIPPON INDIA SMALL CAP FUND - IDCW Option,100.0492
2025-01-07,113218,ICICI Prudential All Seasons Bond Fund - Annual IDCW,11.1871
2025-01-07,113221,CANARA ROBECO LARGE CAP FUND - REGULAR PLAN - GROWTH OPTION,60.4
2025-01-07,113222,CANARA ROBECO LARGE CAP FUND - REGULAR PLAN - IDCW (Payout/Reinvestment),29.35
2025-01-07,113269,Nippon India Index Fund - BSE Sensex Plan - Growth Plan - Growth Option,39.5465
2025-01-07,113270,Nippon India Index Fund - BSE Sensex Plan - Growth Plan - Bonus Option,39.5465
2025-01-07,113271,NIPPON INDIA INDEX FUND - BSE SENSEX PLAN - QUARTERLY - IDCW Option,31.1746
2025-01-07,113294,NIPPON INDIA INDEX FUND - BSE SENSEX PLAN - HALF YEARLY - IDCW Option,31.1819
2025-01-07,113295,NIPPON INDIA INDEX FUND - BSE SENSEX PLAN - ANNUAL - IDCW Option,31.1711
2025-01-07,113296,Nippon India Index Fund - Nifty 50 Plan - Growth Plan - Growth Option,39.9504
2025-01-07,113297,Nippon India Index Fund - Nifty 50 Plan - Growth Plan - Bonus Option,39.9504
2025-01-07,113298,NIPPON INDIA INDEX FUND - NIFTY 50 PLAN - QUARTERLY - IDCW Option,31.5063
2025-01-07,113299,NIPPON INDIA INDEX FUND - NIFTY 50 PLAN - HALF YEARLY - IDCW Option,31.5066
2025-01-07,113300,NIPPON INDIA INDEX FUND - NIFTY 50 PLAN - ANNUAL - IDCW Option,31.4023
2025-01-07,113307,Aditya Birla Sun Life Low Duration Fund -Regular - DAILY IDCW,100.5553
2025-01-07,113345,Nippon India Arbitrage Fund - Growth Plan - Growth Option,25.7492
2025-01-07,113346,NIPPON INDIA ARBITRAGE FUND - IDCW Option,15.4314
2025-01-07,113361,BANDHAN Conservative Hybrid Fund - Regular Plan - Quarterly IDCW,13.9239
2025-01-07,113403,ICICI Prudential All Seasons Bond Fund - Quarterly IDCW,11.7574
2025-01-07,113434,Axis Gold ETF,65.018
2025-01-07,114239,ICICI Prudential Credit Risk Fund - Growth,30.3867
2025-01-07,114240,ICICI Prudential Credit Risk Fund - Quarterly IDCW,10.9601
2025-01-07,114297,SBI Overnight Fund - Regular Plan - Daily Income Distribution cum Capital Withdrawal Option (IDCW),1265.9972
2025-01-07,114348,SBI Savings Fund - Regular Plan Daily Income Distribution cum Capital Withdrawal Option (IDCW),13.0268
2025-01-07,114359,Invesco India Ultra Short Duration Fund - Regular Plan - Growth,2602.3533
2025-01-07,114360,Invesco India Ultra Short Duration Fund - Regular Plan - Quarterly IDCW (Payout / Reinvestment),1067.7118
2025-01-07,114361,Invesco India Ultra Short Duration Fund - Regular Plan - Annual IDCW (Payout / Reinvestment),1147.0068
2025-01-07,114362,Invesco India Ultra Short Duration Fund - Regular Plan - Monthly IDCW (Payout / Reinvestment),1012.7488
2025-01-07,114456,Motilal Oswal Nifty Midcap 100 ETF,60.8753
2025-01-07,114457,Kotak Large Cap Fund - Payout of Income Distribution cumcapital withdrawal option,70.497
2025-01-07,114458,Kotak Large Cap Fund - Growth,546.132
2025-01-07,114476,BANDHAN Infrastructure Fund - Regular Plan - Growth,51.716
2025-01-07,114477,BANDHAN Infrastructure Fund - Regular Plan - IDCW,44.145
2025-01-07,114564,Axis Midcap Fund - Regular Plan - Growth,111.81
2025-01-07,114565,Axis Midcap Fund - Regular Plan - IDCW,45.43
2025-01-07,114616,Nippon India Gold Savings Fund-Growth plan- Growth Option,29.963
2025-01-07,114617,NIPPON INDIA GOLD SAVINGS FUND - IDCW Option,29.963
2025-01-07,114757,Kotak Gold Fund Payout of Income Distribution cum capital withdrawal option,30.1049
2025-01-07,114758,Kotak Gold Fund Growth,30.1049
2025-01-07,114858,Kotak Debt Hybrid - Monthly Payout of Income Distribution cum capital withdrawal option,13.0758
2025-01-07,114859,Kotak Debt Hybrid - Growth,56.7329
2025-01-07,114930,Mirae Asset Great Consumer Fund Regular IDCW,28.058
2025-01-07,114931,Mirae Asset Great Consumer Fund - Regular Plan - Growth option,92.455
2025-01-07,114984,Motilal Oswal Nasdaq 100 ETF (MOFN100),177.2721
2025-01-07,115068,Axis Dynamic Bond Fund - Regular Plan - Growth Option,28.3382
2025-01-07,115069,Axis Dynamic Bond Fund - Regular Plan - Quarterly IDCW,10.9514
2025-01-07,115077,CANARA ROBECO SHORT DURATION FUND - REGULAR PLAN - GROWTH OPTION,24.4139
2025-01-07,115078,CANARA ROBECO SHORT DURATION FUND - REGULAR PLAN - MONTHLY IDCW (Payout/Reinvestment),15.4504
2025-01-07,115079,CANARA ROBECO SHORT DURATION FUND - REGULAR PLAN - QUARTERLY IDCW (Payout/Reinvestment),15.1547
2025-01-07,115091,ICICI Prudential Ultra Short Term Fund - Quarterly IDCW,10.9089
2025-01-07,115092,ICICI Prudential Ultra Short Term Fund - Growth,26.715
2025-01-07,115094,ICICI Prudential Ultra Short Term Fund - Monthly IDCW,10.6633
2025-01-07,115116,HSBC Brazil Fund-Growth,5.9655
2025-01-07,115117,HSBC Brazil Fund - IDCW,5.9655
2025-01-07,115127,Aditya Birla Sun Life Gold ETF,68.4204
2025-01-07,115131,Axis Dynamic Bond Fund - Regular Plan - Half Yearly IDCW,11.3476
2025-01-07,115132,Quantum Gold Savings Fund - Direct Plan Growth Option,29.8647
2025-01-07,115270,Union Flexi Cap Fund - Growth Option,50.18
2025-01-07,115284,Invesco India Nifty 50 Exchange Traded Fund,2667.279
2025-01-07,115290,Union Flexi Cap Fund - IDCW Option,31.7
2025-01-07,115294,ICICI Prudential Technology Fund - IDCW,73.73
2025-01-07,115398,Union Liquid Fund - Growth Option,2431.22
2025-01-07,115399,Union Liquid Fund - Fortnightly IDCW Option,1003.1987
2025-01-07,115400,Union Liquid Fund - Monthly IDCW Option,1003.1875
2025-01-07,115401,Union Liquid Fund - Daily IDCW Option,1000.7927
2025-01-07,115402,Union Liquid Fund - Weekly IDCW Option,1000.9656
2025-01-07,115458,Invesco India Low Duration Fund - Discretionary IDCW (Payout / Reinvestment),3729.4748
2025-01-07,115464,Tata Treasury Advantage Fund Regular Plan - Periodic Payout of IDCW Option,2399.9187
2025-01-07,115483,UTI Low Duration Fund - Regular Plan - Quarterly IDCW,1344.4309
2025-01-07,115489,BANDHAN LIQUID Fund - Regular Plan - Periodic IDCW,1318.2836
2025-01-07,115505,ICICI Prudential Liquid Fund - IDCW Others,173.8468
2025-01-07,115510,ICICI Prudential Floating Interest Fund - IDCW Others,180.023
2025-01-07,115511,ICICI Prudential Savings Fund - IDCW Others,184.0867
2025-01-07,115512,Aditya Birla Sun Life Nifty 50 ETF,27.2337
2025-01-07,115515,Invesco India Money Market Fund - Daily IDCW (Reinvestment),1000.29
2025-01-07,115676,SBI GOLD FUND REGULAR PLAN - GROWTH,22.8811
2025-01-07,115677,SBI Gold Fund - Regular Plan - Income Distribution cum Capital Withdrawal Option (IDCW),22.8869
2025-01-07,115833,ICICI Prudential Gold ETF FOF - Growth,24.2288
2025-01-07,115834,ICICI Prudential Gold ETF FOF - IDCW,24.2292
2025-01-07,115874,Bandhan Income Plus Arbitrage Active FOF - Regular Plan - Fortnightly IDCW,12.159
2025-01-07,115897,Axis Gold Fund - Regular Plan - Growth Option,22.8935
2025-01-07,115898,Axis Gold Fund - Regular Plan - IDCW,22.9224
2025-01-07,115934,HDFC Gold ETF Fund of Fund - Growth Option,23.3918
2025-01-07,115942,Tata Retirement Savings Fund - Progressive Plan -Regular Plan-Growth Option,66.1626
2025-01-07,115943,Tata Retirement Savings Fund- Moderate Plan-Regular Plan-Growth Option,64.0257
2025-01-07,115944,Tata Retirement Savings Fund- Conservative Plan-Regular Plan-Growth Option,30.8657
2025-01-07,115991,Groww Liquid Fund (formerly known as Indiabulls Liquid Fund) - Regular Plan - Growth Option,2442.6928
2025-01-07,115992,Groww Liquid Fund (formerly known as Indiabulls Liquid Fund)- Regular Plan- - Income Distribution cum capital withdrawal Option (Reinvestment),1001.1452
2025-01-07,115993,Groww Liquid Fund (formerly known as Indiabulls Liquid Fund)- Regular Plan- Weekly - Income Distribution cum capital withdrawal Option (Payout & Reinvestment),1001.8005
2025-01-07,115994,Groww Liquid Fund (formerly known as Indiabulls Liquid) Fund- Regular Plan- Fortnightly - Income Distribution cum capital withdrawal Option (Payout & Reinvestment),1003.6787
2025-01-07,115995,Groww Liquid Fund (formerly known as Indiabulls Liquid Fund)- Regular Plan- Monthly - Income Distribution cum capital withdrawal Option (Payout & Reinvestment),1002.0777
2025-01-07,116020,BANDHAN Low Duration Fund - Regular Plan - Periodic IDCW,12.3346
2025-01-07,116051,Union ELSS Tax Saver Fund - Growth Option,63.17
2025-01-07,116052,Union ELSS Tax Saver Fund - IDCW Option,35.31
2025-01-07,116075,Invesco India Gold ETF Fund of Fund - Regular Plan - IDCW (Payout / Reinvestment),22.2411
2025-01-07,116077,Invesco India Gold ETF Fund of Fund - Regular Plan - Growth,22.2384
2025-01-07,116109,Invesco India Corporate Bond Fund - Regular Plan - Discretionary IDCW (Payout / Reinvestment),3194.8111
2025-01-07,116110,Invesco India Short Duration Fund- Regular Plan - Discretionary IDCW (Payout / Reinvestment),2548.8086
2025-01-07,116174,ICICI Prudential Banking and PSU Debt Fund - Quarterly IDCW,10.7701
2025-01-07,116413,BANDHAN Low Duration Fund - Regular Plan - Quarterly IDCW,11.0105
2025-01-07,116470,Axis Gilt Fund - Regular Plan - Regular IDCW,10.0657
2025-01-07,116471,Axis Gilt Fund - Regular Plan - Growth Option,24.5977
2025-01-07,116472,Axis Gilt Fund - Regular Plan - Half Yearly IDCW,11.423
2025-01-07,116484,PGIM India Dynamic Bond Fund - Dividend Option - Quarterly,1070.6167
2025-01-07,116485,PGIM India Dynamic Bond Fund - Growth Option,2534.6343
2025-01-07,116488,Invesco India Money Market Fund - Regular Plan - Daily IDCW (Reinvestment),1002.85
2025-01-07,116547,Groww Largecap Fund (formerly known as Indiabulls Blue Chip Fund) - Regular Plan- Growth Option,40.93
2025-01-07,116548,Groww Largecap Fund (formerly known as Indiabulls Bluechip Fund)- Regular Plan- - Income Distribution cum capital withdrawal Option (Payout & Reinvestment),23.06
2025-01-07,116555,Union Dynamic Bond Fund - Growth Option,22.4609
2025-01-07,116556,Union Dynamic Bond Fund - IDCW Option,14.9747
2025-01-07,116632,Franklin U.S. Opportunities Equity Active Fund of Funds - IDCW,73.0283
2025-01-07,116633,Franklin U.S. Opportunities Equity Active Fund of Funds - Growth,73.0283
2025-01-07,116653,Invesco India Money Market Fund - Discretionary IDCW (Payout / Reinvestment),2939.4777
2025-01-07,116795,Aditya Birla Sun Life Gold Fund-REGULAR - IDCW,22.7081
2025-01-07,116796,Aditya Birla Sun Life Gold Fund-Growth,22.709
2025-01-07,116894,Axis Strategic Bond Fund - Regular Plan - Growth Option,26.7741
2025-01-07,116895,Axis Strategic Bond Fund - Regular Plan - Quarterly IDCW,10.1511
2025-01-07,116896,Axis Strategic Bond Fund - Regular Plan - Half Yearly IDCW,10.5595
2025-01-07,117061,DSP Credit Risk Fund - Regular Plan - IDCW - Monthly,10.7947
2025-01-07,117062,DSP Credit Risk Fund - Regular Plan - IDCW - Quarterly,11.0044
2025-01-07,117063,DSP Ultra Short Fund - Regular Plan - IDCW - Monthly,1072.899
2025-01-07,117312,Taurus Banking & Financial Services Fund - Regular Plan - Growth,48.85
2025-01-07,117313,Taurus Banking & Financial Services Fund - Regular Plan - Payout of Income Distribution cum Capital Withdrawal option,43.73
2025-01-07,117446,Axis Banking & PSU Debt Fund - Regular Plan - Growth option,2524.9296
2025-01-07,117447,Axis Banking & PSU Debt Fund - Regular Plan - Daily IDCW,1039.1303
2025-01-07,117448,Axis Banking & PSU Debt Fund - Regular Plan - Weekly IDCW,1038.5933
2025-01-07,117449,Axis Banking & PSU Debt Fund - Regular Plan - Monthly IDCW,1035.9833
2025-01-07,117547,Baroda BNP Paribas Banking and Financial Services Fund - Regular - IDCW Option,21.3328
2025-01-07,117549,Baroda BNP Paribas Banking and Financial Services Fund - Regular - Growth Option,43.35
2025-01-07,117559,Axis Focused Fund - Regular Plan - IDCW,20.69
2025-01-07,117560,Axis Focused Fund - Regular Plan - Growth Option,52.77
2025-01-07,117608,Quantum Multi Asset Active FOF - Direct Plan Growth Option,32.2925
2025-01-07,117619,ICICI Prudential US Bluechip Equity Fund - IDCW,62.22
2025-01-07,117620,ICICI Prudential US Bluechip Equity Fund - Growth,62.22
2025-01-07,117691,DSP US Specific Equity Omni FoF - Regular Plan - Growth Option,58.4567
2025-01-07,117692,DSP US Specific Equity Omni FoF - Regular Plan - IDCW,29.2843
2025-01-07,117715,Kotak Credit Risk Fund - Regular Plan - Standard Income Distribution cum capital withdrawal option,12.2491
2025-01-07,117716,Kotak Credit Risk Fund - Growth,28.1661
2025-01-07,117867,Bandhan Income Plus Arbitrage Active FOF - Regular Plan - Weekly IDCW,12.3931
2025-01-07,117868,Bandhan Income Plus Arbitrage Active FOF - Regular Plan - Daily IDCW,12.3727
2025-01-07,117973,Invesco India Short Duration Fund - Regular Plan - Daily IDCW (Reinvestment),1036.8661
2025-01-07,117974,NIPPON INDIA DYNAMIC BOND FUND - QUARTERLY IDCW Option,10.3115
2025-01-07,117981,UTI Credit Risk Fund  - Regular Plan - Growth Option,16.4175
2025-01-07,117982,UTI Credit Risk Fund - Regular Plan - Quarterly IDCW,11.6617
2025-01-07,117995,DSP Ultra Short Fund - Regular Plan - IDCW - Payout,1110.6296
2025-01-07,117998,Kotak Dynamic Bond Fund Regular Plan - Standard Income Distribution cum capital withdrawal option,13.5984
2025-01-07,118211,SBI Credit Risk Fund - Regular Plan - Daily Income Distribution cum Capital Withdrawal Option (IDCW),14.4699
2025-01-07,118232,Invesco India Banking and PSU Fund - Regular Plan - Growth Option,2173.1298
2025-01-07,118233,Invesco India Banking and PSU Fund - Regular Plan - Monthly IDCW (Payout / Reinvestment),1039.726
2025-01-07,118234,Invesco India Banking and PSU Fund - Regular Plan - Daily IDCW (Reinvestment),1023.7128
2025-01-07,118267,CANARA ROBECO INFRASTRUCTURE FUND - DIRECT PLAN - GROWTH OPTION,174.94
2025-01-07,118268,CANARA ROBECO INFRASTRUCTURE FUND - DIRECT PLAN - IDCW (Payout/Reinvestment),88.0
2025-01-07,118269,CANARA ROBECO LARGE CAP FUND - DIRECT PLAN - GROWTH OPTION,69.36
2025-01-07,118270,CANARA ROBECO LARGE CAP FUND - DIRECT PLAN - IDCW (Payout/Reinvestment),53.19
2025-01-07,118271,CANARA ROBECO EQUITY HYBRID FUND - DIRECT PLAN - MONTHLY IDCW (Payout/Reinvestment),131.7
2025-01-07,118272,CANARA ROBECO EQUITY HYBRID FUND - DIRECT PLAN - GROWTH OPTION,388.67
2025-01-07,118273,CANARA ROBECO CONSUMPTION FUND - DIRECT PLAN - GROWTH OPTION,122.79
2025-01-07,118274,CANARA ROBECO CONSUMPTION FUND - DIRECT PLAN - IDCW (Payout/Reinvestment),88.19
2025-01-07,118275,CANARA ROBECO FLEXICAP FUND - DIRECT PLAN - GROWTH OPTION,362.72
2025-01-07,118276,CANARA ROBECO FLEXICAP FUND - DIRECT PLAN - IDCW (Payout/Reinvestment),90.13
2025-01-07,118277,CANARA ROBECO LARGE AND MID CAP FUND - DIRECT PLAN - IDCW (Payout/Reinvestment),130.96
2025-01-07,118278,CANARA ROBECO LARGE AND MID CAP FUND - DIRECT PLAN - GROWTH OPTION,288.32
2025-01-07,118281,CANARA ROBECO INCOME FUND - DIRECT PLAN - QUARTERLY IDCW (Payout/Reinvestment),16.8425
2025-01-07,118282,CANARA ROBECO INCOME FUND - DIRECT PLAN - GROWTH OPTION,59.7771
2025-01-07,118283,CANARA ROBECO DYNAMIC BOND FUND - DIRECT PLAN - IDCW (Payout/Reinvestment),15.19
2025-01-07,118284,CANARA ROBECO DYNAMIC BOND FUND - DIRECT PLAN - GROWTH OPTION,31.1801
2025-01-07,118285,CANARA ROBECO ELSS TAX SAVER - DIRECT PLAN - GROWTH OPTION,189.66
2025-01-07,118286,CANARA ROBECO ELSS TAX SAVER - DIRECT PLAN - IDCW (Payout),79.42
2025-01-07,118291,CANARA ROBECO SAVINGS FUND - DIRECT PLAN - GROWTH OPTION,41.6515
2025-01-07,118292,CANARA ROBECO SAVINGS FUND - DIRECT PLAN - IDCW (Payout/Reinvestment),37.2208
2025-01-07,118293,CANARA ROBECO SAVINGS FUND - DIRECT PLAN - DAILY IDCW (Reinvestment),10.26
2025-01-07,118294,CANARA ROBECO SAVINGS FUND - DIRECT PLAN - WEEKLY IDCW (Payout/Reinvestment),10.2693
2025-01-07,118295,CANARA ROBECO SAVINGS FUND - DIRECT PLAN - MONTHLY IDCW (Payout/Reinvestment),10.2886
2025-01-07,118298,CANARA ROBECO GILT FUND - DIRECT PLAN - IDCW (Payout/Reinvestment),16.4286
2025-01-07,118299,CANARA ROBECO GILT FUND - DIRECT PLAN - GROWTH OPTION,78.3133
2025-01-07,118304,CANARA ROBECO LIQUID FUND - DIRECT PLAN - IDCW (Payout/Reinvestment),2187.3023
2025-01-07,118305,CANARA ROBECO LIQUID FUND - DIRECT PLAN - GROWTH OPTION,3056.346
2025-01-07,118306,CANARA ROBECO LIQUID FUND - DIRECT PLAN - MONTHLY IDCW (Payout/Reinvestment),1002.9371
2025-01-07,118307,CANARA ROBECO LIQUID FUND - DIRECT PLAN - DAILY IDCW (Reinvestment),1005.5
2025-01-07,118308,CANARA ROBECO LIQUID FUND - DIRECT PLAN - WEEKLY IDCW (Payout/Reinvestment),1001.3665
2025-01-07,118309,CANARA ROBECO CONSERVATIVE HYBRID FUND - DIRECT PLAN - GROWTH OPTION,106.7329
2025-01-07,118310,CANARA ROBECO CONSERVATIVE HYBRID FUND - DIRECT PLAN - QUARTERLY IDCW (Payout/Reinvestment),16.6121
2025-01-07,118311,CANARA ROBECO CONSERVATIVE HYBRID FUND - DIRECT PLAN - MONTHLY IDCW (Payout/Reinvestment),16.6382
2025-01-07,118315,CANARA ROBECO ULTRA SHORT TERM FUND - DIRECT PLAN - DAILY IDCW (Reinvestment),1240.71
2025-01-07,118316,CANARA ROBECO ULTRA SHORT TERM FUND - DIRECT PLAN - WEEKLY IDCW (Payout/Reinvestment),1241.9504
2025-01-07,118317,CANARA ROBECO ULTRA SHORT TERM FUND - DIRECT PLAN - GROWTH OPTION,3895.2528
2025-01-07,118318,CANARA ROBECO ULTRA SHORT TERM FUND - DIRECT PLAN - MONTHLY IDCW (Payout/Reinvestment),1003.2545
2025-01-07,118319,CANARA ROBECO ULTRA SHORT TERM FUND - DIRECT PLAN - IDCW (Payout/Reinvestment),2229.3703
2025-01-07,118320,CANARA ROBECO SHORT DURATION FUND - DIRECT PLAN - GROWTH OPTION,26.5546
2025-01-07,118321,CANARA ROBECO SHORT DURATION FUND - DIRECT PLAN - MONTHLY IDCW (Payout/Reinvestment),17.7182
2025-01-07,118322,CANARA ROBECO SHORT DURATION FUND - DIRECT PLAN - QUARTERLY IDCW (Payout/Reinvestment),16.8121
2025-01-07,118326,Sundaram Banking & PSU Fund (Formerly Known as Sundaram Banking and PSU Debt Fund) Regular Plan - Bonus,20.7955
2025-01-07,118363,BANDHAN LIQUID Fund -Direct Plan-Periodic IDCW,1241.2929
2025-01-07,118364,BANDHAN LIQUID Fund -Direct Plan-Growth,3081.1329
2025-01-07,118365,BANDHAN LIQUID Fund -Direct Plan -Monthly IDCW,1009.0217
2025-01-07,118366,BANDHAN LIQUID Fund -Direct Plan-Daily IDCW,1001.6663
2025-01-07,118367,BANDHAN LIQUID Fund -Direct Plan -Weekly IDCW,1007.7337
2025-01-07,118368,BANDHAN Low Duration Fund-Direct Plan-Daily IDCW,10.1111
2025-01-07,118369,BANDHAN Low Duration Fund-Direct Plan-Quarterly IDCW,10.9455
2025-01-07,118370,BANDHAN Low Duration Fund-Direct Plan-Periodic IDCW,12.4496
2025-01-07,118371,BANDHAN Low Duration Fund-Direct Plan-Growth,38.0042
2025-01-07,118372,BANDHAN Low Duration Fund-Direct Plan-Monthly IDCW,10.1355
2025-01-07,118373,BANDHAN Low Duration Fund-Direct Plan-Weekly IDCW,10.1055
2025-01-07,118383,Bandhan Money Market Fund -Direct Plan-Daily IDCW,10.0994
2025-01-07,118384,Bandhan Money Market Fund -Direct Plan-Growth,41.9901
2025-01-07,118385,Bandhan Money Market Fund -Direct Plan-Monthly IDCW,10.2067
2025-01-07,118386,Bandhan Money Market Fund -Direct Plan-Weekly IDCW,10.1046
2025-01-07,118387,Bandhan Gilt Fund with 10 year constant duration Fund - Direct Plan - Growth,44.237
2025-01-07,118388,Bandhan Gilt Fund with 10 year constant duration Fund - Direct Plan - Quarterly IDCW,11.6765
2025-01-07,118389,Bandhan Gilt Fund with 10 year constant duration Fund - Direct Plan - Weekly IDCW,17.9605
2025-01-07,118390,Bandhan Gilt Fund with 10 year constant duration Fund - Direct Plan - Monthly IDCW,10.4804
2025-01-07,118393,Bandhan Medium to Long Duration Fund - Direct Plan - Annual IDCW,16.6044
2025-01-07,118394,Bandhan Medium to Long Duration Fund - Direct Plan - Growth,68.5248
2025-01-07,118395,Bandhan Medium to Long Duration Fund - Direct Plan - Half Yearly IDCW,12.6642
2025-01-07,118396,Bandhan Medium to Long Duration Fund - Direct Plan - Quarterly IDCW,12.4888
2025-01-07,118399,Bandhan Medium Duration Fund - Direct Plan - Bi Monthly IDCW,12.5776
2025-01-07,118400,Bandhan Medium Duration Fund - Direct Plan - Daily IDCW,10.4246
2025-01-07,118401,Bandhan Medium Duration Fund - Direct Plan - Growth,47.6409
2025-01-07,118402,Bandhan Medium Duration Fund - Direct Plan - Monthly IDCW,10.4864
2025-01-07,118403,Bandhan Medium Duration Fund - Direct Plan - Quarterly IDCW,11.1791
2025-01-07,118404,Bandhan Medium Duration Fund - Direct Plan - Fortnightly IDCW,10.2791
2025-01-07,118405,Bandhan Short Duration Fund - Direct Plan - Fortnightly IDCW,10.3924
2025-01-07,118406,Bandhan Short Duration Fund - Direct Plan - Monthly IDCW,10.3991
2025-01-07,118407,Bandhan Short Duration Fund - Direct Plan - Growth,58.4604
2025-01-07,118408,Bandhan Income Plus Arbitrage Active FOF - Direct Plan - Annual IDCW,15.5527
2025-01-07,118409,Bandhan Income Plus Arbitrage Active FOF - Direct Plan - Daily IDCW,12.5986
2025-01-07,118410,Bandhan Income Plus Arbitrage Active FOF - Direct Plan - Growth,44.1295
2025-01-07,118411,Bandhan Income Plus Arbitrage Active FOF - Direct Plan - Half Yearly IDCW,16.5925
2025-01-07,118412,Bandhan Income Plus Arbitrage Active FOF - Direct Plan - Weekly IDCW,12.4631
2025-01-07,118413,Bandhan Income Plus Arbitrage Active FOF - Direct Plan - Quarterly IDCW,12.7337
2025-01-07,118414,Bandhan Income Plus Arbitrage Active FOF - Direct Plan - Fortnightly IDCW,12.3981
2025-01-07,118415,BANDHAN Dynamic Bond Fund-Direct Plan-Annual IDCW,12.179
2025-01-07,118416,BANDHAN Dynamic Bond Fund-Direct Plan-Growth,36.5416
2025-01-07,118417,BANDHAN Dynamic Bond Fund-Direct Plan-IDCW,15.6885
2025-01-07,118418,BANDHAN Dynamic Bond Fund-Direct Plan-Quarterly IDCW,13.2467
2025-01-07,118419,Bandhan Large & Mid Cap Fund - Direct Plan - Growth,150.203
2025-01-07,118420,Bandhan Large & Mid Cap Fund - Direct Plan - IDCW,39.653
2025-01-07,118421,Bandhan Focused Fund - Direct Plan - Growth,104.425
2025-01-07,118422,Bandhan Focused Fund - Direct Plan - IDCW,38.358
2025-01-07,118423,BANDHAN Flexi Cap Fund-Direct Plan-IDCW,55.131
2025-01-07,118424,BANDHAN Flexi Cap Fund-Direct Plan-Growth,215.438
2025-01-07,118462,Franklin India Large Cap Fund - Direct - IDCW,58.0093
2025-01-07,118463,Bandhan Gilt Fund - Direct Plan - IDCW,14.2237
2025-01-07,118464,Bandhan Gilt Fund - Direct Plan - Growth,36.8896
2025-01-07,118465,Bandhan Gilt Fund - Direct Plan - Half Yearly IDCW,11.9343
2025-01-07,118466,Bandhan Gilt Fund - Direct Plan - Quarterly IDCW,11.3005
2025-01-07,118467,Bandhan Gilt Fund - Direct Plan - Annual IDCW,12.7265
2025-01-07,118468,BANDHAN Infrastructure Fund-Direct Plan-IDCW,53.487
2025-01-07,118469,BANDHAN Infrastructure Fund-Direct Plan-Growth,60.037
2025-01-07,118472,BANDHAN ELSS Tax Saver Fund - Direct Plan - IDCW,44.581
2025-01-07,118473,BANDHAN ELSS Tax Saver Fund - Direct Plan - Growth,167.936
2025-01-07,118474,BANDHAN Arbitrage Fund-Direct Plan- Growth,33.9116
2025-01-07,118475,BANDHAN Arbitrage Fund-Direct Plan-Monthly IDCW,14.3411
2025-01-07,118476,BANDHAN Equity Savings Fund-Direct Plan-Monthly IDCW,16.326
2025-01-07,118477,BANDHAN Equity Savings Fund-Direct Plan-Growth,33.276
2025-01-07,118478,BANDHAN Large Cap Fund-Direct Plan-IDCW,30.496
2025-01-07,118479,BANDHAN Large Cap Fund-Direct Plan-Growth,84.562
2025-01-07,118480,Bandhan Value Fund - Direct Plan - IDCW,54.131
2025-01-07,118481,Bandhan Value Fund - Direct Plan - Growth,163.308
2025-01-07,118482,BANDHAN Nifty 50 Index Fund-Direct Plan-Growth,52.1108
2025-01-07,118483,BANDHAN Nifty 50 Index Fund-Direct Plan-IDCW,47.363
2025-01-07,118484,Bandhan Aggressive Hybrid Passive FOF - Direct Plan - IDCW,32.7617
2025-01-07,118485,Bandhan Aggressive Hybrid Passive FOF - Direct Plan - Growth,47.4727
2025-01-07,118486,Bandhan Conservative Hybrid Passive FOF - Direct Plan - Growth,34.3487
2025-01-07,118487,Bandhan Conservative Hybrid Passive FOF - Direct Plan - IDCW,18.2329
2025-01-07,118488,Bandhan Multi-Asset Passive FOF - Direct Plan - IDCW,22.748
2025-01-07,118489,Bandhan Multi-Asset Passive FOF - Direct Plan - Growth,41.7663
2025-01-07,118490,BANDHAN Conservative Hybrid Fund-Direct Plan-IDCW,16.1055
2025-01-07,118491,BANDHAN Conservative Hybrid Fund-Direct Plan-Growth,34.4501
2025-01-07,118492,BANDHAN Conservative Hybrid Fund-Direct Plan-Quarterly IDCW,16.4881
2025-01-07,118493,Templeton India Value Fund - Direct - IDCW,113.6656
2025-01-07,118494,Templeton India Value Fund - Direct - Growth,769.7873
2025-01-07,118497,Franklin India Government Securities Fund - Direct - IDCW,11.8999
2025-01-07,118498,Franklin India Government Securities Fund - Direct - Growth,61.7887
2025-01-07,118505,Franklin India Money Market Fund Retail Option - Direct - Quarterly - IDCW,11.4416
2025-01-07,118506,Franklin India Money Market Fund - Direct - Growth,49.8572
2025-01-07,118507,Franklin India Floating Rate Fund - Direct - IDCW,10.152
2025-01-07,118508,Franklin India Floating Rate Fund - Direct - Growth,42.4413
2025-01-07,118509,Franklin India Large & Mid cap Fund - Direct - IDCW,25.7953
2025-01-07,118510,Franklin India Large & Mid Cap Fund - Direct - Growth,200.5661
2025-01-07,118524,Franklin India Small Cap Fund - Direct - IDCW,64.8405
2025-01-07,118525,Franklin India Small Cap Fund - Direct - Growth,201.0946
2025-01-07,118526,Franklin India Dividend Yield Fund - Direct - IDCW,30.3355
2025-01-07,118527,Franklin India Dividend Yield Fund - Direct - Growth,150.0723
2025-01-07,118531,Franklin India Large Cap Fund- Direct - Growth,1089.9424
2025-01-07,118532,Franklin India Mid Cap Fund - Direct - IDCW,121.6624
2025-01-07,118533,Franklin India Mid Cap Fund - Direct - Growth,3081.0777
2025-01-07,118534,Franklin India Flexi Cap Fund - Direct - IDCW,79.5183
2025-01-07,118535,Franklin India Flexi Cap Fund - Direct - Growth,1778.0024
2025-01-07,118536,Franklin India Technology Fund - Direct - IDCW,56.6897
2025-01-07,118537,Franklin India Technology Fund - Direct - Growth,597.5972
2025-01-07,118538,Franklin INDIA OPPORTUNITIES FUND - Direct - IDCW,43.5303
2025-01-07,118539,Franklin India Opportunities Fund - Direct - Growth,274.7612
2025-01-07,118540,Franklin India ELSS Tax Saver Fund - Direct - Growth,1619.0256
2025-01-07,118541,Franklin India ELSS Tax Saver Fund - Direct - IDCW,81.9785
2025-01-07,118542,Franklin India Dynamic Asset Allocation Active Fund of funds - Direct - IDCW,51.7988
2025-01-07,118543,Franklin India Dynamic Asset Allocation Active Fund Of Funds - Direct - Growth,178.9318
2025-01-07,118546,Franklin India Aggressive Hybrid Fund - Direct - Growth,300.4231
2025-01-07,118547,Franklin India Aggressive Hybrid Fund - Direct - IDCW,36.4202
2025-01-07,118548,Franklin India Retirement Fund - Direct - Growth,231.7736
2025-01-07,118549,Franklin India Retirement Fund - Direct - IDCW,19.2103
2025-01-07,118550,Franklin U.S. Opportunities Equity Active Fund of Funds - Direct - IDCW,82.1193
2025-01-07,118551,Franklin U.S. Opportunities Equity Active Fund of Funds - Direct - Growth,82.1193
2025-01-07,118556,Franklin Build India Fund - Direct - IDCW,51.7152
2025-01-07,118557,Franklin Build India Fund - Direct - Growth,157.4968
2025-01-07,118558,Franklin Asian Equity Fund - Direct - IDCW,14.3278
2025-01-07,118559,Franklin Asian Equity Fund - Direct - Growth,31.2863
2025-01-07,118563,Franklin India Focused Equity Fund - Direct - IDCW,44.3769
2025-01-07,118564,Franklin India Focused Equity Fund - Direct - Growth,116.8192
2025-01-07,118565,Franklin India SHORT TERM INCOME PLAN - Direct - GROWTH,5168.6698
2025-01-07,118566,Franklin India Short Term Income Plan -  Retail Plan - Direct - Quarterly - IDCW,1526.9039
2025-01-07,118567,Franklin India Short Term Income Plan -  Retail Plan - Direct - Monthly - IDCW,1465.75
2025-01-07,118568,Franklin India Short Term Income Plan -  Retail Plan - Direct - Weekly - IDCW,1240.3343
2025-01-07,118569,Franklin India Corporate Debt Fund - Direct - GROWTH,101.9701
2025-01-07,118570,Franklin India Corporate Debt Fund - Plan A - Direct - Annual - IDCW,19.2782
2025-01-07,118571,Franklin India Corporate Debt Fund - Plan A - Direct - Monthly - IDCW,16.8702
2025-01-07,118572,Franklin India Corporate Debt Fund - Plan A - Direct - Quarterly - IDCW,13.4631
2025-01-07,118573,Franklin India Corporate Debt Fund - Plan A - Direct - Half yearly - IDCW,14.8325
2025-01-07,118574,Franklin India Conservative Hybrid Fund - Direct - GROWTH,95.4597
2025-01-07,118575,Franklin India Conservative Hybrid Fund - Plan A - Direct - Monthly - IDCW,15.1237
2025-01-07,118576,Franklin India Conservative Hybrid Fund - Plan A - Direct - Quarterly - IDCW,14.1503
2025-01-07,118577,Franklin India Liquid Fund - Super Institutional - Direct - Growth,3831.8062
2025-01-07,118578,Franklin India Liquid Fund - Super Institutional Plan - Direct - Daily - IDCW,1001.6033
2025-01-07,118579,Franklin India Liquid Fund - Super Institutional Plan - Direct - Weekly - IDCW,1021.7877
2025-01-07,118580,Franklin India INDEX FUND- NSE Nifty 50 Index Fund - Direct - IDCW,189.8759
2025-01-07,118581,Franklin India INDEX FUND- NSE NIFTY 50 INDEX FUND- Direct - Growth,199.2408
2025-01-07,118583,Nippon India Quarterly Interval Fund - Series III - Direct Plan Growth Plan - Growth,20.5872
2025-01-07,118584,NIPPON INDIA QUARTERLY INTERVAL FUND - SERIES III - Direct Plan - IDCW Option,12.1999
2025-01-07,118585,Nippon India Arbitrage Fund - Direct Plan Growth Plan - Growth Option,27.7309
2025-01-07,118587,NIPPON INDIA ARBITRAGE FUND - DIRECT Plan - IDCW Option,17.0738
2025-01-07,118588,Nippon India Banking & Financial Services Fund - Direct Plan Growth Plan - Bonus Option,612.6648
2025-01-07,118589,Nippon India Banking & Financial Services Fund - Direct Plan Growth Plan - Growth Option,612.6648
2025-01-07,118591,Nippon India Banking & Financial Services Fund- DIRECT Plan - IDCW Option,102.9465
2025-01-07,118594,NIPPON INDIA MONTHLY INTERVAL FUND - SERIES II - Direct Plan - IDCW Option,10.0123
2025-01-07,118595,Nippon India Monthly Interval Fund - Series II - Direct Plan Growth Plan - Growth,32.8194
2025-01-07,118598,Nippon India Monthly Interval Fund - Series I - Direct Plan Growth Plan - Growth,32.8519
2025-01-07,118614,Edelweiss Balanced Advantage Fund - Direct Plan - Quarterly - IDCW Option,28.24
2025-01-07,118615,Edelweiss Balanced Advantage Fund -Direct Plan-Growth Option,55.79
2025-01-07,118616,Edelweiss Large Cap Fund - Direct Plan - IDCW Option,38.65
2025-01-07,118617,Edelweiss Large Cap Fund - Direct Plan-Growth option,92.55
2025-01-07,118619,Edelweiss ELSS Tax Saver Fund - Direct Plan - IDCW Option,42.97
2025-01-07,118620,Edelweiss ELSS Tax Saver Fund - Direct Plan-Growth Option,127.09
2025-01-07,118623,Nippon India Interval Fund - Quarterly Plan - Series I - Direct Plan Growth Plan - Growth,33.6177
2025-01-07,118624,Edelweiss Aggressive Hybrid Fund-Direct Plan-Growth Option,70.25
2025-01-07,118625,Edelweiss Aggressive Hybrid Fund  - Direct Plan - IDCW Option,34.05
2025-01-07,118632,Nippon India Large Cap Fund - Direct Plan Growth Plan - Growth Option,95.7436
2025-01-07,118633,Nippon India Large Cap Fund - Direct Plan Growth Plan - Bonus Option,95.7436
2025-01-07,118634,NIPPON INDIA LARGE CAP FUND - DIRECT Plan - IDCW Option,42.003
2025-01-07,118650,Nippon India Multi Cap Fund - Direct Plan Growth Plan - Growth Option,314.859
2025-01-07,118651,Nippon India Multi Cap Fund - Direct Plan Growth Plan - Bonus Option,314.859
2025-01-07,118652,NIPPON INDIA MULTI CAP FUND - DIRECT Plan - IDCW Option,95.1742
2025-01-07,118654,NIPPON INDIA FLOATER FUND - DIRECT Plan - DAILY IDCW Option,10.3202
2025-01-07,118655,NIPPON INDIA FLOATER FUND - DIRECT Plan - MONTHLY IDCW Option,11.3156
2025-01-07,118656,Nippon India Floater Fund  - Direct Plan Growth Plan - Growth Option,45.4486
2025-01-07,118660,NIPPON INDIA FLOATER  FUND - DIRECT Plan - WEEKLY IDCW Option,10.3048
2025-01-07,118661,NIPPON INDIA FLOATER FUND - DIRECT Plan - QUARTERLY IDCW Option,10.8465
2025-01-07,118662,NIPPON INDIA GOLD SAVINGS FUND - Direct Plan - IDCW Option,31.2905
2025-01-07,118663,Nippon India Gold Savings Fund - Direct Plan Growth Plan - Growth Option,31.2905
2025-01-07,118665,Nippon India Growth Mid Cap Fund - Direct Plan Growth Plan - Bonus Option,736.0313
2025-01-07,118666,NIPPON INDIA GROWTH MID CAP FUND - DIRECT Plan - IDCW Option,199.9573
2025-01-07,118668,Nippon India Growth Mid Cap Fund - Direct Plan Growth Plan - Growth Option,4430.2756
2025-01-07,118669,Nippon India Gilt  Fund - Direct Plan - P F Option - Automatic Capital Appreciation Payout Option,41.2007
2025-01-07,118670,NIPPON INDIA GILT  FUND - Direct Plan - MONTHLY IDCW Option,11.7411
2025-01-07,118672,Nippon India Gilt  Fund - Direct Plan Growth Plan - Growth Option,41.3077
2025-01-07,118673,Nippon India Gilt  Fund - Direct Plan - P F Option - Defined Maturity Date Option,41.4194
2025-01-07,118674,Nippon India Gilt Fund - Direct Plan - P F Option - Automatic Annual Reinvest Option,22.3585
2025-01-07,118675,Nippon India Vision Large & Mid Cap Fund - Direct Plan Growth Plan - Bonus Option,259.512
2025-01-07,118676,NIPPON INDIA VISION LARGE & MID CAP  FUND - DIRECT Plan - IDCW Option,78.6827
2025-01-07,118678,Nippon India Vision Large & Mid Cap Fund - Direct Plan Growth Plan - Growth Option,1530.6638
2025-01-07,118679,Nippon India Medium to Long Duration  Fund - Direct Plan Growth Plan-Bonus Option,27.4923
2025-01-07,118680,NIPPON INDIA MEDIUM TO LONG DURATION  FUND - Direct Plan - ANNUAL IDCW Option,14.8621
2025-01-07,118681,NIPPON INDIA MEDIUM TO LONG DURATION  FUND - Direct Plan - HALF YEARLY IDCW Option,13.4793
2025-01-07,118683,NIPPON INDIA MEDIUM TO LONG DURATION  FUND - Direct Plan - MONTHLY IDCW Option,11.4553
2025-01-07,118684,NIPPON INDIA MEDIUM TO LONG DURATION FUND - Direct Plan - QUARTERLY IDCW Option,13.8093
2025-01-07,118687,Nippon India Medium to Long Duration Fund - Direct Plan Growth Plan - Growth Option,96.208
2025-01-07,118689,NIPPON INDIA QUARTERLY INTERVAL FUND - SERIES II - Direct Plan - IDCW Option,12.2962
2025-01-07,118691,Nippon India Quarterly Interval Fund - Series II - Direct Plan Growth Plan - Growth,35.4842
2025-01-07,118692,Nippon India Focused Fund - Direct Plan Growth Plan - Growth Option,125.6782
2025-01-07,118693,NIPPON INDIA FOCUSED  FUND - DIRECT Plan - IDCW Option,49.17
2025-01-07,118695,NIPPON INDIA LIQUID FUND - DIRECT Plan - DAILY IDCW OPTION,1528.74
2025-01-07,118696,NIPPON INDIA LIQUID FUND - DIRECT Plan - MONTHLY IDCW OPTION,1591.5075
2025-01-07,118698,NIPPON INDIA LIQUID FUND - DIRECT Plan - QUARTERLY IDCW OPTION,1007.9269
2025-01-07,118700,NIPPON INDIA LIQUID FUND - DIRECT Plan - WEEKLY IDCW OPTION,1531.467
2025-01-07,118701,Nippon India Liquid Fund - Direct Plan Growth Plan - Growth Option,6241.621
2025-01-07,118702,Nippon India Low Duration Fund - Direct Plan Growth Plan - Bonus Option,2215.0028
2025-01-07,118703,NIPPON INDIA LOW DURATION FUND - DIRECT Plan - DAILY IDCW Option,1010.8581
2025-01-07,118704,NIPPON INDIA LOW DURATION FUND - DIRECT Plan - MONTHLY IDCW Option,1038.7647
2025-01-07,118705,NIPPON INDIA LOW DURATION FUND - DIRECT Plan - QUARTERLY IDCW Option,1016.5011
2025-01-07,118706,NIPPON INDIA LOW DURATION FUND - DIRECT Plan - WEEKLY IDCW Option,1010.7618
2025-01-07,118709,Nippon India Low Duration Fund - Direct Plan Growth Plan - Growth Option,3813.0771
2025-01-07,118715,Nippon India Money Market Fund - Direct Plan Growth Plan - Bonus Option,2378.0223
2025-01-07,118716,NIPPON INDIA MONEY MARKET FUND - DIRECT Plan - QUARTERLY IDCW Option,1012.8353
2025-01-07,118717,NIPPON INDIA MONEY MARKET FUND - DIRECT Plan - WEEKLY IDCW Option,1005.4833
2025-01-07,118718,NIPPON INDIA MONEY MARKET FUND - DIRECT Plan - DAILY IDCW Option,1004.3626
2025-01-07,118719,Nippon India Money Market Fund - Direct Plan Growth Plan - Growth Option,4044.1177
2025-01-07,118720,NIPPON INDIA MONEY MARKET FUND - DIRECT Plan - MONTHLY IDCW Option,1021.2459
2025-01-07,118722,Nippon India Consumption Fund - Direct Plan Growth Plan - Bonus,219.085
2025-01-07,118724,Nippon India Consumption Fund - Direct Plan Growth Plan - Growth Option,219.085
2025-01-07,118725,NIPPON INDIA CONSUMPTION FUND - DIRECT Plan - IDCW Option,62.1168
2025-01-07,118726,Nippon India Conservative Hybrid  Fund - Direct Plan Growth Plan - Growth Option,60.4195
2025-01-07,118727,NIPPON INDIA CONSERVATIVE HYBRID  FUND - DIRECT Plan - MONTHLY IDCW Option,11.6905
2025-01-07,118729,NIPPON INDIA CONSERVATIVE HYBRID  FUND - DIRECT Plan - QUARTERLY IDCW Option,12.7248
2025-01-07,118736,Nippon India Balanced Advantage Fund - Direct Plan Growth Plan - Growth Option,191.0851
2025-01-07,118738,NIPPON INDIA BALANCED ADVANTAGE FUND - DIRECT Plan - IDCW Option,45.7654
2025-01-07,118740,NIPPON INDIA INDEX FUND - NIFTY 50 PLAN - DIRECT Plan - QUARTERLY - IDCW Option,34.2119
2025-01-07,118741,Nippon India Index Fund - Nifty 50 Plan - Direct Plan Growth Plan - Growth Option,42.9479
2025-01-07,118742,Nippon India Index Fund - Nifty 50 Plan - Direct Plan Growth Plan - Bonus Option,42.9479
2025-01-07,118743,NIPPON INDIA INDEX FUND - NIFTY 50 PLAN - DIRECT Plan - ANNUAL - IDCW Option,34.2672
2025-01-07,118745,NIPPON INDIA INDEX FUND - NIFTY 50 PLAN - DIRECT Plan - HALF YEARLY - IDCW Option,34.2182
2025-01-07,118747,Nippon India Dynamic Bond Fund - Direct Plan Growth Plan - Growth Option,38.1655
2025-01-07,118749,NIPPON INDIA DYNAMIC BOND FUND - Direct Plan - QUARTERLY IDCW Option,10.4133
2025-01-07,118750,NIPPON INDIA DYNAMIC BOND FUND - Direct Plan - IDCW Option,27.5737
2025-01-07,118756,NIPPON INDIA PHARMA FUND - DIRECT Plan - IDCW Option,188.2227
2025-01-07,118758,Nippon India Pharma Fund - Direct Plan Growth Plan - Bonus Option,587.2674
2025-01-07,118759,Nippon India Pharma Fund - Direct Plan Growth Plan - Growth Option,587.2674
2025-01-07,118760,NIPPON INDIA POWER & INFRA FUND - DIRECT Plan - IDCW Option,79.9483
2025-01-07,118762,Nippon India Power & Infra Fund - Direct Plan Growth Plan - Bonus Option,370.2426
2025-01-07,118763,Nippon India Power & Infra Fund - Direct Plan Growth Plan - Growth Option,370.2426
2025-01-07,118767,NIPPON INDIA QUANT FUND - DIRECT Plan - IDCW Option,42.3138
2025-01-07,118769,Nippon India Quant Fund - Direct Plan Growth Plan - Growth Option,73.7618
2025-01-07,118770,Nippon India Quant Fund - Direct Plan Growth Plan - Bonus Option,73.7618
2025-01-07,118775,NIPPON INDIA SMALL CAP FUND - Direct Plan - IDCW Option,115.5484
2025-01-07,118777,Nippon India Small Cap Fund - Direct Plan Growth Plan - Bonus Option,194.3965
2025-01-07,118778,Nippon India Small Cap Fund - Direct Plan Growth Plan - Growth Option,194.3965
2025-01-07,118780,Nippon India Credit Risk Fund - Direct Plan - Growth Plan,36.6158
2025-01-07,118781,NIPPON INDIA CREDIT RISK FUND - DIRECT Plan - QUARTERLY IDCW Option,13.5422
2025-01-07,118782,NIPPON INDIA VALUE FUND - DIRECT Plan - IDCW Option,73.7787
2025-01-07,118784,Nippon India Value Fund - Direct Plan Growth Plan,242.1574
2025-01-07,118785,Nippon India Index Fund - BSE Sensex Plan - Direct Plan Growth Plan - Bonus Option,41.8533
2025-01-07,118786,NIPPON INDIA INDEX FUND - BSE SENSEX PLAN - DIRECT Plan - ANNUAL - IDCW Option,33.2926
2025-01-07,118788,NIPPON INDIA INDEX FUND - BSE SENSEX PLAN - DIRECT Plan - HALF YEARLY - IDCW Option,33.249
2025-01-07,118790,NIPPON INDIA INDEX FUND - BSE SENSEX PLAN - DIRECT Plan - QUARTERLY - IDCW Option,33.2948
2025-01-07,118791,Nippon India Index Fund - BSE Sensex Plan - Direct Plan Growth Plan - Growth Option,41.8533
2025-01-07,118793,NIPPON INDIA AGGRESSIVE HYBRID FUND - DIRECT Plan - IDCW Option,40.1727
2025-01-07,118794,Nippon India Aggressive Hybrid Fund  - Direct Plan Growth Plan,113.6033
2025-01-07,118796,Nippon India Short Duration Fund - Direct Plan Growth Plan - Growth Option,54.7445
2025-01-07,118797,NIPPON INDIA SHORT DURATION FUND - Direct Plan - MONTHLY IDCW Option,11.7304
2025-01-07,118800,NIPPON INDIA SHORT DURATION FUND - Direct Plan - QUARTERLY IDCW OPTION,15.1995
2025-01-07,118801,NIPPON INDIA ELSS TAX SAVER FUND - DIRECT Plan - IDCW Option,48.5117
2025-01-07,118803,Nippon India ELSS Tax Saver Fund - Direct Plan Growth Plan - Growth Option,134.0765
2025-01-07,118804,Nippon India Annual Interval Fund - Series I - Direct Plan Growth Plan - Growth,26.3443
2025-01-07,118807,Nippon India Corporate Bond Fund - Direct Plan Growth Plan - Bonus,42.8958
2025-01-07,118808,NIPPON INDIA CORPORATE BOND FUND - DIRECT Plan - DAILY IDCW Option,17.0959
2025-01-07,118809,NIPPON INDIA CORPORATE BOND FUND - DIRECT Plan - MONTHLY IDCW Option,11.7471
2025-01-07,118811,NIPPON INDIA CORPORATE BOND FUND - DIRECT Plan - QUARTERLY IDCW Option,12.0875
2025-01-07,118812,NIPPON INDIA CORPORATE BOND FUND - DIRECT Plan - WEEKLY IDCW Option,17.0959
2025-01-07,118814,Nippon India Corporate Bond Fund - Direct Plan Growth Plan - Growth Option,60.0817
2025-01-07,118825,Mirae Asset Large Cap Fund - Direct Plan - Growth,119.826
2025-01-07,118826,Mirae Asset Large Cap Fund Direct IDCW,67.823
2025-01-07,118834,Mirae Asset Large & Midcap Fund - Direct Plan - Growth,160.507
2025-01-07,118835,Mirae Asset Large & Midcap Fund - Direct Plan - IDCW,87.837
2025-01-07,118837,Mirae Asset Great Consumer Fund - Direct Plan - Growth,109.379
2025-01-07,118838,Mirae Asset Great Consumer Fund Direct IDCW,71.186
2025-01-07,118840,Mirae Asset Low Duration Fund - Direct Plan - Growth,2361.3931
2025-01-07,118841,Mirae Asset Low Duration Fund - Direct Plan - Monthly IDCW,1163.5113
2025-01-07,118842,Mirae Asset Low Duration Fund - Direct Plan - Quarterly IDCW,1021.4102
2025-01-07,118843,Mirae Asset Low Duration Fund - Direct Plan - Daily IDCW,1208.9337
2025-01-07,118844,Mirae Asset Low Duration Fund - Direct Plan - Weekly IDCW,1455.959
2025-01-07,118859,Mirae Asset Liquid Fund - Direct Plan - Growth,2694.2387
2025-01-07,118860,Mirae Asset Liquid Fund - Direct Plan -Monthly IDCW,1138.1903
2025-01-07,118861,Mirae Asset Liquid Fund - Direct Plan -Daily IDCW,1075.8332
2025-01-07,118862,Mirae Asset Liquid Fund - Direct Plan - Weekly IDCW,1217.6648
2025-01-07,118866,Taurus ELSS Tax Saver Fund - Direct Plan - Growth,198.44
2025-01-07,118867,Taurus ELSS Tax Saver Fund - Direct Plan - Payout of Income Distribution cum Capital Withdrawal option,91.46
2025-01-07,118868,Taurus Banking & Financial Services Fund - Direct Plan - Growth,54.36
2025-01-07,118869,Taurus Banking & Financial Services Fund - Direct Plan - Payout of Income Distribution cum Capital Withdrawal option,53.73
2025-01-07,118870,Taurus Large Cap Fund - Direct Plan - Growth,162.13
2025-01-07,118871,Taurus Large Cap Fund - Direct Plan - Payout of Income Distribution cum Capital Withdrawal option,71.42
2025-01-07,118872,Taurus Mid Cap Fund - Direct Plan - Growth,124.46
2025-01-07,118873,Taurus Mid Cap Fund - Direct Plan - Payout of Income Distribution cum Capital Withdrawal option,110.56
2025-01-07,118876,Taurus Ethical Fund - Direct Plan - Growth,144.01
2025-01-07,118877,Taurus Ethical Fund - Direct Plan - Payout of Income Distribution cum Capital Withdrawal option,96.67
2025-01-07,118878,Taurus Ethical Fund-Direct Plan-Bonus Option #,47.19
2025-01-07,118879,Taurus Infrastructure Fund - Direct Plan - Growth,72.18
2025-01-07,118880,Taurus Infrastructure Fund - Direct Plan - Payout of Income Distribution cum Capital Withdrawal option,67.22
2025-01-07,118881,Taurus Nifty 50 Index Fund - Direct Plan - Growth,47.7991
2025-01-07,118882,Taurus Nifty 50 Index Fund - Direct Plan - Payout of Income Distribution cum Capital Withdrawal option,44.7345
2025-01-07,118883,Taurus Flexi Cap Fund - Direct Plan - Growth,236.63
2025-01-07,118884,Taurus Flexi Cap Fund - Direct Plan -  Payout of Income Distribution cum Capital Withdrawal option,119.38
2025-01-07,118901,HSBC Liquid Fund - Regular Daily IDCW,1001.3789
2025-01-07,118902,HSBC Liquid Fund - Regular Growth,2519.0567
2025-01-07,118903,HSBC Liquid Fund - Regular Monthly IDCW,1005.091
2025-01-07,118904,HSBC Liquid Fund - Regular Weekly IDCW,1107.4561
2025-01-07,118906,HSBC Liquid Fund - IDCW,1019.3
2025-01-07,118907,HSBC Liquid Fund - Growth,3634.5051
2025-01-07,118908,HSBC Liquid Fund - Weekly IDCW,1000.886
2025-01-07,118909,HSBC Liquid Fund - Institutional Daily IDCW,1562.8262
2025-01-07,118921,DSP Bond Fund - Direct Plan - IDCW - Monthly,11.2295
2025-01-07,118922,DSP Bond Fund - Direct Plan - IDCW,12.0462
2025-01-07,118924,DSP Bond Fund - Direct Plan - Growth,82.7098
2025-01-07,118930,HDFC ARBITRAGE FUND - Quarterly IDCW Option - Direct Plan,23.427
2025-01-07,118931,HDFC ARBITRAGE FUND - Growth Option - Direct Plan,30.914
2025-01-07,118934,HDFC Value Fund - IDCW Option - Direct Plan,43.721
2025-01-07,118935,HDFC Value Fund - Growth Option - Direct Plan,787.828
2025-01-07,118942,HDFC Low Duration  Fund - Direct Plan - Growth,60.1133
2025-01-07,118943,HDFC Low Duration  Fund - Direct Plan - Monthly IDCW,10.161
2025-01-07,118944,HDFC Low Duration  Fund - Direct Plan - Weekly IDCW,10.0608
2025-01-07,118945,HDFC Low Duration  Fund - Direct Plan - Daily IDCW,10.0655
2025-01-07,118949,HDFC Focused Fund - IDCW Option - Direct Plan,33.182
2025-01-07,118950,HDFC Focused Fund - Growth Option - Direct Plan,242.625
2025-01-07,118954,HDFC Flexi Cap Fund - IDCW Option - Direct Plan,95.892
2025-01-07,118955,HDFC Flexi Cap Fund - Growth Option - Direct Plan,2027.412
2025-01-07,118959,HDFC Floating Rate Debt Fund - Direct Plan - Daily IDCW,10.0809
2025-01-07,118960,HDFC Floating Rate Debt Fund - Direct Plan - Monthly IDCW,10.1624
2025-01-07,118961,HDFC Floating Rate Debt Fund - Direct Plan - Growth Option,48.8094
2025-01-07,118962,HDFC Floating Rate Debt Fund - Direct Plan - Weekly IDCW,10.0424
2025-01-07,118968,HDFC Balanced Advantage Fund - Growth Plan - Direct Plan,536.746
2025-01-07,118969,HDFC Balanced Advantage Fund - IDCW Plan - Direct Plan,45.33
2025-01-07,118978,HDFC Infrastructure Fund - IDCW Option - Direct Plan,32.634
2025-01-07,118979,HDFC Infrastructure Fund - Growth Option - Direct Plan,50.584
2025-01-07,118986,HDFC Corporate Bond Fund - Quarterly IDCW Option - Direct Plan,10.2287
2025-01-07,118987,HDFC Corporate Bond Fund - Growth Option - Direct Plan,31.8353
2025-01-07,118988,HDFC Mid Cap Fund - IDCW Option - Direct Plan,83.743
2025-01-07,118989,HDFC Mid Cap Fund - Growth Option - Direct Plan,207.124
2025-01-07,118992,DSP Regular Savings Fund - Direct Plan - IDCW - Monthly,14.2485
2025-01-07,118993,DSP Regular Savings Fund - Direct Plan - IDCW - Quarterly,14.0657
2025-01-07,118994,DSP Regular Savings Fund - Direct Plan - Growth,63.0319
2025-01-07,119015,HDFC Short Term  Debt Fund - Fortnightly IDCW - Direct Plan,10.3364
2025-01-07,119016,HDFC Short Term  Debt Fund - Growth Option - Direct Plan,31.6023
2025-01-07,119017,HDFC Large Cap Fund - IDCW Option - Direct Plan,70.8
2025-01-07,119018,HDFC Large Cap Fund - Growth Option - Direct Plan,1180.353
2025-01-07,119019,DSP Aggressive Hybrid Fund - Direct Plan - Growth,383.665
2025-01-07,119020,DSP Aggressive Hybrid Fund - Direct Plan - IDCW,71.802
2025-01-07,119028,DSP Natural Resources and New Energy Fund - Direct Plan - Growth,94.807
2025-01-07,119029,DSP Natural Resources and New Energy Fund - Direct Plan - IDCW,35.366
2025-01-07,119053,Tata Aggressive Hybrid Fund -Direct Plan- Growth Option,476.5467
2025-01-07,119057,Tata Aggressive Hybrid Fund- Direct Plan - Monthly Payout of IDCW Option,102.9172
2025-01-07,119058,Tata Aggressive Hybrid Fund- Direct Plan - Periodic Payout of IDCW Option,111.9021
2025-01-07,119059,HDFC ELSS Tax saver - IDCW Option - Direct Plan,103.017
2025-01-07,119060,HDFC ELSS Tax saver - Growth Option - Direct Plan,1425.653
2025-01-07,119061,HDFC Hybrid Equity Fund - IDCW Option - Direct Plan,18.922
2025-01-07,119062,HDFC Hybrid Equity Fund - Growth Option - Direct Plan,122.777
2025-01-07,119063,HDFC Nifty 50 Index Fund - Direct Plan,228.0598
2025-01-07,119065,HDFC BSE Sensex Index Fund - Direct Plan,736.4055
2025-01-07,119066,HDFC Childrens Fund - Direct Plan,320.547
2025-01-07,119068,HDFC Income Fund - Quarterly IDCW- Direct Plan,12.6797
2025-01-07,119069,HDFC Income Fund - Growth Option - Direct Plan,61.6415
2025-01-07,119070,DSP Midcap Fund - Direct Plan - IDCW,76.478
2025-01-07,119071,DSP Midcap Fund - Direct Plan - Growth,162.334
2025-01-07,119072,HDFC Dynamic Debt Fund - Half Yearly IDCW - Direct Plan,13.6401
2025-01-07,119073,HDFC Dynamic Debt Fund - Quarterly IDCW - Direct Plan,13.9236
2025-01-07,119074,HDFC Dynamic Debt Fund - Yearly IDCW - Direct Plan,15.3706
2025-01-07,119075,HDFC Dynamic Debt Fund - Growth Option - Direct Plan,95.0931
2025-01-07,119076,DSP Flexi Cap Fund - Direct Plan - Growth,111.238
2025-01-07,119077,DSP Flexi Cap Fund - Direct Plan - IDCW,96.853
2025-01-07,119080,HDFC Medium Term Debt Fund - Fortnightly IDCW Opt - Direct Plan,10.1319
2025-01-07,119081,HDFC Medium Term Debt Fund - Growth Option - Direct Plan,58.3748
2025-01-07,119082,DSP Credit Risk Fund - Direct Plan - Growth,45.7164
2025-01-07,119083,DSP Credit Risk Fund - Direct Plan - IDCW,12.3501
2025-01-07,119084,DSP Credit Risk Fund - Direct Plan -  IDCW - Monthly,10.862
2025-01-07,119085,DSP Credit Risk Fund - Direct Plan - IDCW - Quarterly,11.1144
2025-01-07,119086,DSP Credit Risk Fund - Direct Plan - IDCW - Weekly,10.2656
2025-01-07,119087,DSP Credit Risk Fund - Direct Plan - IDCW - Daily,10.2505
2025-01-07,119088,HDFC Liquid Fund - IDCW Weekly - Direct Plan,1031.22
2025-01-07,119089,HDFC Liquid Fund - IDCW Daily - Direct Plan,1019.82
2025-01-07,119090,HDFC Liquid Fund - IDCW Monthly - Direct Plan,1028.2787
2025-01-07,119091,HDFC Liquid Fund - Growth Option - Direct Plan,5008.7962
2025-01-07,119092,HDFC Money Market Fund - Growth Option - Direct Plan,5608.3364
2025-01-07,119093,HDFC Money Market Fund - Daily IDCW Option - Direct Plan,1063.64
2025-01-07,119094,HDFC Money Market Fund - Weekly IDCW Option -Direct Plan,1062.6252
2025-01-07,119095,DSP Focused Fund - Direct Plan - IDCW,44.641
2025-01-07,119096,DSP Focused Fund - Direct Plan - Growth,58.552
2025-01-07,119099,DSP Gilt Fund - Direct Plan - Growth,98.2947
2025-01-07,119100,DSP Gilt Fund - Direct Plan - IDCW - Monthly,10.7878
2025-01-07,119101,DSP Gilt Fund - Direct Plan - IDCW,12.4082
2025-01-07,119106,DSP Savings Fund - Direct Plan - Growth,52.2943
2025-01-07,119107,DSP Savings Fund - Direct Plan - IDCW - Monthly,10.9693
2025-01-07,119108,DSP Savings Fund - Direct Plan - IDCW,12.4173
2025-01-07,119109,HDFC Overnight Fund - Daily IDCW Option - Direct Plan,1042.66
2025-01-07,119110,HDFC Overnight Fund - Growth Option - Direct Plan,3733.1478
2025-01-07,119115,HDFC Gilt Fund - IDCW Option - Direct Plan,12.8805
2025-01-07,119116,HDFC Gilt Fund - Growth Option - Direct Plan,55.9709
2025-01-07,119118,HDFC Hybrid Debt Fund - Growth Option - Direct Plan,83.9889
2025-01-07,119119,HDFC Hybrid Debt Fund - IDCW Monthly - Direct Plan,15.973
2025-01-07,119120,HDFC Hybrid Debt Fund - IDCW Quarterly - Direct Plan,16.712
2025-01-07,119123,DSP Liquidity Fund - Direct Plan - IDCW - Weekly,1001.8255
2025-01-07,119124,DSP Liquidity Fund - Direct Plan - IDCW - Daily,1000.9329
2025-01-07,119125,DSP Liquidity Fund - Direct Plan - Growth,3646.6507
2025-01-07,119128,HDFC Equity Savings Fund - Growth Option - Direct Plan,70.844
2025-01-07,119129,HDFC Equity Savings Fund - IDCW Option - Direct Plan,15.21
2025-01-07,119130,HDFC Multi-Asset Fund - IDCW Option - Direct Plan,21.077
2025-01-07,119131,HDFC Multi-Asset Fund - Growth Option - Direct Plan,74.355
2025-01-07,119132,HDFC Gold ETF Fund of Fund - Direct Plan,24.4521
2025-01-07,119133,Groww Largecap Fund (formerly known as Indiabulls Blue Chip Fund) - Direct Plan - Growth Option,48.74
2025-01-07,119134,Groww Largecap Fund (formerly known as Indiabulls Bluechip Fund)- Direct Plan- - Income Distribution cum capital withdrawal Option (Payout & Reinvestment),28.25
2025-01-07,119135,Groww Liquid Fund ( formerly known as Indiabulls Liquid )Fund - Direct Plan - Growth Option,2471.3285
2025-01-07,119136,Groww Liquid Fund (formerly known as Indiabulls Liquid Fund) - Direct Plan- - Income Distribution cum capital withdrawal Option ( Reinvestment),1001.06
2025-01-07,119137,Groww Liquid Fund (formerly known as Indiabulls Liquid Fund)- Direct Plan- Weekly - Income Distribution cum capital withdrawal Option (Payout & Reinvestment),1001.1076
2025-01-07,119138,Groww Liquid Fund (formerly known as Indiabulls Liquid Fund)- Direct Plan- Fortnightly - Income Distribution cum capital withdrawal Option (Payout & Reinvestment),1003.7157
2025-01-07,119139,Groww Liquid Fund (formerly known as Indiabulls Liquid Fund)- Direct Plan- Monthly - Income Distribution cum capital withdrawal Option (Payout & Reinvestment),1030.6153
2025-01-07,119159,Tata Large Cap Fund- Direct Plan - Payout of IDCW Option,124.5683
2025-01-07,119160,Tata Large Cap Fund -Direct Plan Growth Option,548.2994
2025-01-07,119161,Navi Liquid Fund - Direct Plan Monthly IDCW - Payout,10.0348
2025-01-07,119162,Navi Liquid Fund - Direct Plan Weekly IDCW - Payout,10.0059
2025-01-07,119163,Navi Liquid Fund - Direct Plan Daily IDCW - ReInvestment,10.0129
2025-01-07,119164,Navi Liquid Fund-Direct Plan-Growth Option,27.7775
2025-01-07,119171,Tata Ethical Fund- Direct Plan - Payout of IDCW Option,245.7472
2025-01-07,119172,Tata Ethical Fund -Direct Plan- Growth Option,447.6534
2025-01-07,119177,Tata Mid Cap Fund - Direct Plan- IDCW Option,158.5465
2025-01-07,119178,Tata Mid Cap Fund - Direct Plan- Growth Option,480.3115
2025-01-07,119201,Tata Large & Mid Cap Fund Direct Plan - Payout of IDCW Option,113.2672
2025-01-07,119202,Tata Large & MId Cap Fund -Direct Plan- Growth Option,578.0915
2025-01-07,119203,DSP Ultra Short Fund - Direct Plan - IDCW - Daily,1005.3951
2025-01-07,119204,DSP Ultra Short Fund - Direct Plan - IDCW - Monthly,1080.3163
2025-01-07,119205,DSP Ultra Short Fund - Direct Plan - Growth,3561.5399
2025-01-07,119206,DSP Ultra Short Fund - Direct Plan - IDCW,1121.4824
2025-01-07,119207,DSP Ultra Short Fund - Direct Plan - IDCW - Weekly,1005.8607
2025-01-07,119212,DSP Small Cap Fund - Direct Plan - Growth,220.563
2025-01-07,119213,DSP Small Cap Fund - Direct Plan - IDCW,71.926
2025-01-07,119218,DSP Large & Mid Cap Fund - Direct Plan - Growth,666.324
2025-01-07,119219,DSP Large & Mid Cap Fund - Direct Plan - IDCW,117.908
2025-01-07,119222,DSP Short Term Fund - Direct Plan - IDCW,12.6461
2025-01-07,119223,DSP Short Term Fund - Direct Plan - IDCW - Weekly,10.2075
2025-01-07,119224,DSP Short Term Fund - Direct Plan - IDCW - Monthly,11.6515
2025-01-07,119226,DSP Short Term Fund - Direct Plan - Growth,48.4129
2025-01-07,119231,Tata Value Fund -Direct Plan Growth Option,387.3172
2025-01-07,119232,Tata Value Fund- Direct Plan -Payout of IDCW-Option A(5%),142.3177
2025-01-07,119233,Tata Value Fund- Direct Plan - Payout of IDCW -Option B(10%),131.6266
2025-01-07,119236,DSP Strategic Bond Fund - Direct Plan - IDCW - Monthly,1072.2551
2025-01-07,119238,DSP Strategic Bond Fund - Direct Plan - IDCW,2357.768
2025-01-07,119239,DSP Strategic Bond Fund - Direct Plan - Growth,3460.5583
2025-01-07,119241,DSP ELSS Tax Saver Fund - Direct Plan - IDCW,91.699
2025-01-07,119242,DSP ELSS Tax Saver Fund - Direct Plan - Growth,148.832
2025-01-07,119243,Tata Infrastructure Fund -Direct Plan -Growth Option,189.8838
2025-01-07,119244,Tata Infrastructure Fund- Direct Plan - Payout of IDCW Option,99.4958
2025-01-07,119247,DSP India T.I.G.E.R. Fund - Direct Plan - Growth,346.174
2025-01-07,119248,DSP India T.I.G.E.R. Fund - Direct Plan - IDCW,60.14
2025-01-07,119249,DSP Large Cap Fund - Direct Plan - IDCW,31.235
2025-01-07,119250,DSP Large Cap Fund - Direct Plan - Growth,491.552
2025-01-07,119251,Tata Retirement Savings Fund- Progressive Plan -Direct Plan-Growth Option,79.7265
2025-01-07,119252,DSP US Specific Equity Omni FoF - Direct Plan - Growth,63.8055
2025-01-07,119253,DSP US Specific Equity Omni FoF - Direct Plan - IDCW,56.26
2025-01-07,119255,Tata Retirement Savings Fund- Moderate Plan -Direct Plan-Growth Option,75.6861
2025-01-07,119256,Tata Retirement Savings Fund- Conservative Plan-Direct Plan-Growth Option,35.914
2025-01-07,119275,DSP Global Clean Energy Overseas Equity Omni FoF Direct Plan - Growth,18.581
2025-01-07,119276,DSP Global Clean Energy Overseas Equity Omni FoF - Direct Plan - IDCW,14.3381
2025-01-07,119277,DSP World Gold Mining Overseas Equity Omni FoF - Direct Plan - Growth,22.202
2025-01-07,119278,DSP World Gold Mining Overseas Equity Omni FoF - Direct Plan - IDCW,13.9329
2025-01-07,119279,DSP World Mining Overseas Equity Omni FoF - Direct Plan - Growth,16.4931
2025-01-07,119280,DSP World Mining Overseas Equity Omni FoF - Direct Plan - IDCW,16.4931
2025-01-07,119281,Tata ELSS Fund- Direct Plan - Payout of IDCW Option,229.053
2025-01-07,119287,Tata S&P BSE Sensex Index Fund - Direct Plan,206.6918
2025-01-07,119288,Tata Nifty 50 Index Fund -Direct Plan,158.8476
2025-01-07,119292,Union Flexi Cap Fund - Direct Plan - Growth Option,55.55
2025-01-07,119293,Union Flexi Cap Fund - Direct Plan - IDCW Option,48.53
2025-01-07,119300,BANK OF INDIA Large & Mid Cap Fund Direct Plan- Bonus,50.82
2025-01-07,119301,Union Liquid Fund - Direct Plan - Daily IDCW Option,1000.7927
2025-01-07,119302,Union Liquid Fund - Direct Plan - Monthly IDCW Option,1003.2187
2025-01-07,119303,Union Liquid Fund - Direct Plan - Growth Option,2459.9313
2025-01-07,119304,Union Liquid Fund - Direct Plan - Weekly IDCW Option,1000.8077
2025-01-07,119305,Union Liquid Fund - Direct Plan - Fortnightly IDCW Option,1003.414
2025-01-07,119306,Union ELSS Tax Saver Fund - Direct Plan - IDCW Option,68.27
2025-01-07,119307,Union ELSS Tax Saver Fund - Direct Plan - Growth Option,68.27
2025-01-07,119310,Union Dynamic Bond Fund - Direct Plan - IDCW Option,15.8689
2025-01-07,119311,Union Dynamic Bond Fund - Direct Plan - Growth Option,23.6909
2025-01-07,119312,Tata Childrens Fund-Direct Plan-Growth Option,67.1925
2025-01-07,119333,Baroda BNP Paribas Banking and Financial Services Fund - Direct - Growth Option,48.1145
2025-01-07,119334,Baroda BNP Paribas Banking and Financial Services Fund - Direct - IDCW Option,24.1909
2025-01-07,119340,Baroda BNP Paribas GILT FUND - Direct Plan - IDCW Option,32.8425
2025-01-07,119341,Baroda BNP Paribas GILT FUND - Direct Plan - Growth Option,44.7393
2025-01-07,119346,BANK OF INDIA Large & Mid Cap Fund Direct Plan-Regular IDCW,26.93
2025-01-07,119349,BANK OF INDIA Large & Mid Cap Fund Direct  Plan- Quarterly IDCW,27.34
2025-01-07,119350,BANK OF INDIA Large & Mid Cap Fund Direct Plan-Growth,98.39
2025-01-07,119351,BANK OF INDIA ELSS Tax Saver -Direct Plan- Growth,192.18
2025-01-07,119352,BANK OF INDIA ELSS Tax Saver -Direct Plan-IDCW,76.75
2025-01-07,119353,Baroda BNP Paribas MULTI CAP FUND - Direct Plan - IDCW Option,62.6283
2025-01-07,119354,Baroda BNP Paribas MULTI CAP FUND - Direct Plan - Growth Option,328.5216
2025-01-07,119363,BANK OF INDIA Manufacturing & Infrastructure Fund-Direct Plan-Regular IDCW,60.43
2025-01-07,119364,BANK OF INDIA Manufacturing & Infrastructure Fund-Direct Plan-Growth,64.04
2025-01-07,119365,BANK OF INDIA Manufacturing & Infrastructure Fund-Direct Plan-Quarterly IDCW,62.95
2025-01-07,119368,BANK OF INDIA Liquid Fund- Direct Plan- Daily IDCW,1002.6483
2025-01-07,119369,BANK OF INDIA Liquid Fund- Direct Plan- Growth,2937.4772
2025-01-07,119370,BANK OF INDIA Liquid Fund- Direct Plan- Weekly IDCW,1061.7484
2025-01-07,119379,BANK OF INDIA Ultra Short Duration Fund- Direct Plan- Growth,3155.7312
2025-01-07,119380,BANK OF INDIA Ultra Short Duration Fund- Direct Plan- Daily IDCW,1011.928
2025-01-07,119381,BANK OF INDIA Ultra Short Duration Fund- Direct Plan- Weekly IDCW,1007.0066
2025-01-07,119382,BANK OF INDIA Short Term Income Fund-Direct Plan- Growth,27.8901
2025-01-07,119383,BANK OF INDIA Short Term Income Fund-Direct Plan- Monthly IDCW,13.5607
2025-01-07,119384,BANK OF INDIA Short Term Income Fund-Direct Plan- Quarterly IDCW,12.8579
2025-01-07,119393,BANK OF INDIA Conservative Hybrid Fund Fund-Direct Plan-Growth,35.3372
2025-01-07,119394,BANK OF INDIA Conservative Hybrid Fund-Direct Plan-Monthly IDCW,15.7443
2025-01-07,119395,BANK OF INDIA Conservative Hybrid  Fund-Direct Plan-Quarterly IDCW,17.3657
2025-01-07,119396,BANK OF INDIA Conservative Hybrid Fund-Direct Plan-Annual IDCW,16.1051
2025-01-07,119399,Baroda BNP Paribas Short Duration Fund - Direct Plan - Monthly IDCW Option,10.4031
2025-01-07,119400,Baroda BNP Paribas Short Duration Fund - Direct Plan - Growth Option,30.303
2025-01-07,119414,Baroda BNP Paribas LIQUID FUND - DIRECT PLAN - DAILY IDCW OPTION,1002.0849
2025-01-07,119415,Baroda BNP Paribas LIQUID FUND - DIRECT PLAN - GROWTH OPTION,2941.2039
2025-01-07,119416,Baroda BNP Paribas LIQUID FUND - DIRECT PLAN - WEEKLY IDCW OPTION,1218.4861
2025-01-07,119421,Tata Money Market Fund- Direct Plan - Daily Reinvestment of IDCW Option,1114.52
2025-01-07,119424,Tata Money Market Fund- Direct Plan- Growth Option,4625.7087
2025-01-07,119433,Aditya Birla Sun Life Large & Mid Cap Fund -Direct - IDCW,209.86
2025-01-07,119436,Aditya Birla Sun Life Large & Mid Cap Fund - Growth - Direct Plan,979.23
2025-01-07,119496,Aditya Birla Sun Life Short Term Fund - DIRECT - IDCW,10.527
2025-01-07,119497,Aditya Birla Sun Life Short Term Fund-Quarterly-IDCW-Direct,10.6621
2025-01-07,119498,Aditya Birla Sun Life Short Term Fund - Growth - Direct Plan,49.2009
2025-01-07,119499,Aditya Birla Sun Life Savings Fund-DIRECT - WEEKLY IDCW,100.3959
2025-01-07,119500,Aditya Birla Sun Life Savings Fund-DIRECT - DAILY IDCW,100.2586
2025-01-07,119501,Aditya Birla Sun Life Savings Fund - Growth - Direct Plan,536.9234
2025-01-07,119502,Aditya Birla Sun Life Dynamic Bond Fund -Direct - Quarterly IDCW,10.844
2025-01-07,119503,Aditya Birla Sun Life Dynamic Bond Fund -DIRECT - MONTHLY IDCW,10.9995
2025-01-07,119505,Aditya Birla Sun Life Dynamic Bond Fund - Growth - Direct Plan,47.4335
2025-01-07,119506,Aditya Birla Sun Life Dividend Yield Fund -DIRECT - IDCW,49.76
2025-01-07,119507,Aditya Birla Sun Life Dividend Yield Fund - Growth - Direct Plan,489.99
2025-01-07,119511,Aditya Birla Sun Life Money Manager Fund - Growth - Direct Plan,360.7368
2025-01-07,119512,Aditya Birla Sun Life Money Manager Fund - Direct - weekly IDCW,100.1448
2025-01-07,119513,Aditya Birla Sun Life Money Manager Fund - Direct - daily IDCW,100.02
2025-01-07,119514,Aditya Birla Sun Life Infrastructure Fund - Growth - Direct Plan,103.0
2025-01-07,119515,Aditya Birla Sun Life Infrastructure Fund -  Direct - IDCW,45.9
2025-01-07,119516,Aditya Birla Sun Life International Equity Fund - Direct - IDCW,37.4231
2025-01-07,119517,Aditya Birla Sun Life International Equity Fund - Growth - Direct Plan,37.4009
2025-01-07,119522,Aditya Birla Sun Life Low Duration Fund -Direct - weekly IDCW,100.7645
2025-01-07,119523,Aditya Birla Sun Life Low duration Fund - Growth - Direct Plan,698.6367
2025-01-07,119524,Aditya Birla Sun Life Low Duration Fund -Direct - daily IDCW,100.5612
2025-01-07,119525,Aditya Birla Sun Life Arbitrage Fund-DIRECT - IDCW,11.5374
2025-01-07,119526,Aditya Birla Sun Life Arbitrage Fund - Growth - Direct Plan,27.6351
2025-01-07,119527,Aditya Birla Sun Life Large Cap Fund-DIRECT - IDCW,94.4
2025-01-07,119528,Aditya Birla Sun Life Large Cap Fund - Growth - Direct Plan,552.32
2025-01-07,119532,Aditya Birla Sun Life Corporate Bond Fund -DIRECT - MONTHLY IDCW,12.7056
2025-01-07,119533,Aditya Birla Sun Life Corporate Bond Fund - Growth - Direct Plan,109.963
2025-01-07,119535,Aditya Birla Sun Life Interval Income Fund - Quarterly Series I - Growth - Direct Plan,33.1326
2025-01-07,119538,Aditya Birla Sun Life Medium Term Plan - Direct - IDCW,17.5137
2025-01-07,119539,Aditya Birla Sun Life Medium Term Plan - Growth - Direct Plan,40.4059
2025-01-07,119540,Aditya Birla Sun Life Medium Term Plan - DIRECT - HALF YEARLY IDCW,13.8692
2025-01-07,119541,Aditya Birla Sun Life Medium Term Plan - DIRECT - Quarterly IDCW,13.3062
2025-01-07,119543,Aditya Birla Sun Life ELSS Tax Saver Fund-DIRECT - IDCW,438.45
2025-01-07,119544,Aditya Birla Sun Life ELSS Tax Saver Fund - Growth - Direct Plan,63.58
2025-01-07,119548,Sundaram Value Fund Direct Plan - Income Distribution cum Capital Withdrawal (IDCW),20.1197
2025-01-07,119549,Sundaram Value Fund Direct Plan - Growth,224.6483
2025-01-07,119550,Aditya Birla Sun Life Banking & PSU Debt Fund- Direct Plan-Growth,364.1496
2025-01-07,119551,Aditya Birla Sun Life Banking & PSU Debt Fund  - DIRECT - IDCW,102.5942
2025-01-07,119552,Aditya Birla Sun Life Banking & PSU Debt Fund  - DIRECT - MONTHLY IDCW,115.6331
2025-01-07,119553,Aditya Birla Sun Life Banking & PSU Debt Fund  - Direct - Quarterly IDCW,103.0044
2025-01-07,119556,Aditya Birla Sun Life Small Cap Fund - Growth - Direct Plan,99.0515
2025-01-07,119557,Aditya Birla Sun Life Small Cap Fund -Direct - IDCW,73.9418
2025-01-07,119563,Aditya Birla Sun Life Focused Fund -Direct - IDCW,58.0212
2025-01-07,119564,Aditya Birla Sun Life Focused Fund - Growth - Direct Plan,152.5726
2025-01-07,119565,Sundaram Large and Midcap Direct Plan - Income Distribution cum Capital Withdrawal (IDCW),34.9853
2025-01-07,119566,Sundaram Large and Midcap Fund Direct Plan - Growth,94.6442
2025-01-07,119567,SBI Arbitrage Opportunities Fund - Direct Plan - Income Distribution cum Capital Withdrawal Option (IDCW),18.759
2025-01-07,119568,Aditya Birla Sun Life Liquid Fund - Growth - Direct Plan,411.748
2025-01-07,119569,Aditya Birla Sun Life Liquid Fund -Direct - daily IDCW,100.195
2025-01-07,119570,Aditya Birla Sun Life Liquid Fund -Direct - weekly IDCW,100.3041
2025-01-07,119571,Aditya Birla Sun Life Liquid Fund -DIRECT - IDCW,178.8922
2025-01-07,119574,SBI Arbitrage Opportunities Fund - Direct Plan - Gr,34.7187
2025-01-07,119581,Sundaram Mid Cap Fund Direct Plan - Growth,1488.7312
2025-01-07,119582,Sundaram Mid Cap Fund Direct Plan - Income Distribution cum Capital Withdrawal (IDCW),74.971
2025-01-07,119585,SBI Large Cap Fund - Direct Plan - Income Distribution cum Capital Withdrawal Option (IDCW),63.033
2025-01-07,119588,Sundaram Small Cap Fund Direct Plan - Income Distribution cum Capital Withdrawal (IDCW),39.9564
2025-01-07,119589,Sundaram Small Cap Fund Direct Plan - Growth,284.1609
2025-01-07,119590,Aditya Birla Sun Life Consumption Fund -DIRECT - IDCW,52.81
2025-01-07,119591,Aditya Birla Sun Life Consumption Fund - Growth - Direct Plan,240.03
2025-01-07,119594,Sundaram Consumption Fund (Formerly Known asSundaram Rural and Consumption Fund Direct Plan - Income Distribution cum Capital Withdrawal (IDCW),33.1283
2025-01-07,119595,Sundaram Consumption Fund (Formerly Known as Sundaram Rural and Consumption Fund Direct Plan - Growth),107.2932
2025-01-07,119596,Sundaram Financial Services Opportunities Fund Direct Plan - Income Distribution cum Capital Withdrawal (IDCW),33.3841
2025-01-07,119597,Sundaram Financial Services Opportunities Fund Direct Plan - Growth,105.9294
2025-01-07,119598,SBI Large Cap FUND-DIRECT PLAN -GROWTH,97.1241
2025-01-07,119601,Sundaram Global Brand Theme-Equity Active FOF - Direct IDCW,31.5327
2025-01-07,119602,Sundaram Global Brand Theme-Equity Active FOF - Direct Growth,35.4565
2025-01-07,119604,SBI Equity Hybrid Fund - Direct Plan - Income Distribution cum Capital Withdrawal Option (IDCW),88.8511
2025-01-07,119605,Aditya Birla Sun Life Government Securities Fund - Growth - Direct Plan,84.1319
2025-01-07,119606,Aditya Birla Sun Life Govenment Securities Fund -DIRECT - Quarterly IDCW,12.0148
2025-01-07,119609,SBI EQUITY HYBRID FUND - DIRECT PLAN - Growth,303.6401
2025-01-07,119613,SBI Comma Fund - Direct Plan - Income Distribution cum Capital Withdrawal Option (IDCW),60.2643
2025-01-07,119619,Aditya Birla Sun Life Midcap Fund -DIRECT - IDCW,97.16
2025-01-07,119620,Aditya Birla Sun Life Midcap Fund - Growth - Direct Plan,854.09
2025-01-07,119621,Sundaram Corporate Bond Fund Direct Plan - Growth,39.7146
2025-01-07,119622,Sundaram Corporate Bond Fund Direct Plan - Income Distribution cum Capital Withdrawal(IDCW),17.5716
2025-01-07,119624,Sundaram Corporate Bond Fund Direct Plan - Income Distribution cum Capital Withdrawal (IDCW),17.5552
2025-01-07,119625,Sundaram Banking & PSU Fund (Formerly Known as Sundaram Banking and PSU Debt Fund) Direct Plan - Growth,41.7955
2025-01-07,119626,Sundaram Banking & PSU Fund (Formerly Known as Sundaram Banking and PSU Debt Fund) Direct Plan - Income Distribution cum Capital Withdrawal (IDCW),11.5452
2025-01-07,119629,Sundaram Banking & PSU Fund (Formerly Known as Sundaram Banking and PSU Debt Fund) Direct Plan - Bonus,20.9089
2025-01-07,119630,Sundaram Corporate Bond Fund Direct Plan-Income Distribution cum Capital Withdrawal(IDCW),19.4177
2025-01-07,119631,Sundaram Corporate Bond Fund Direct Plan -Income Distribution cum Capital Withdrawal (IDCW),17.6701
2025-01-07,119635,Sundaram Conservative Hybrid Fund (Formerly Known as Sundaram Debt Oriented Hybrid Fund) Direct Plan - Growth,31.5609
2025-01-07,119636,Sundaram Conservative Hybrid Fund (Formerly Known as Sundaram Debt Oriented Hybrid Fund) Direct Plan - IDCW,13.4513
2025-01-07,119637,Sundaram Conservative Hybrid Fund (Formerly Known as Sundaram Debt Oriented Hybrid Fund) Direct Plan -Income Distribution cum Capital Withdrawal (IDCW),20.7751
2025-01-07,119638,Sundaram Conservative Hybrid Fund (Formerly Known as Sundaram Debt Oriented Hybrid Fund) Direct Plan - Income Distribution cum Capital Withdrawal (IDCW),20.6829
2025-01-07,119646,Aditya Birla Sun Life MNC Fund - Growth - Direct Plan,1494.71
2025-01-07,119647,Aditya Birla Sun Life MNC Fund - DIRECT - IDCW,477.97
2025-01-07,119648,Aditya Birla Sun Life Nifty 50 Index Fund - Growth - Direct Plan,243.2705
2025-01-07,119649,Aditya Birla Sun Life Nifty 50 Index Fund -DIRECT - IDCW,25.1503
2025-01-07,119655,Aditya Birla Sun Life Income Fund - Direct - Quarterly IDCW,14.2105
2025-01-07,119657,Aditya Birla Sun Life Income Fund - Growth - Direct Plan,130.0327
2025-01-07,119658,Aditya Birla Sun Life Value Fund - Direct - IDCW,80.7598
2025-01-07,119659,Aditya Birla Sun Life Value Fund - Growth - Direct Plan,141.9523
2025-01-07,119670,SBI Dynamic Bond Fund - Direct Plan - Income Distribution cum Capital Withdrawal Option (IDCW),20.9202
2025-01-07,119671,SBI Dynamic Bond Fund - DIRECT PLAN - Growth,37.4537
2025-01-07,119672,Sundaram Medium Duration Fund (Formerly Known as Sundaram Medium Term Bond Fund) Direct Plan-Income Distribution cum Capital Withdrawal (IDCW),26.5082
2025-01-07,119675,Sundaram Medium Duration Fund (Formerly Known as Sundaram Medium Term Bond Fund) Direct Plan - Growth,74.0577
2025-01-07,119676,Sundaram Medium Duration Fund (Formerly Known as Sundaram Medium Term Bond Fund) Direct Plan -Income Distribution cum Capital Withdrawal (IDCW),14.9634
2025-01-07,119695,SBI Infrastructure Fund - Direct Plan - Income Distribution cum Capital Withdrawal Option (IDCW),46.6222
2025-01-07,119700,SBI INFRASTRUCTURE FUND -  DIRECT PLAN - GROWTH,52.6795
2025-01-07,119705,SBI COMMA Fund - DIRECT PLAN - Growth,105.9038
2025-01-07,119706,SBI Gilt Fund - Direct Plan - Income Distribution cum Capital Withdrawal Option (IDCW),21.4655
2025-01-07,119707,SBI GILT FUND - DIRECT PLAN - GROWTH,67.2573
2025-01-07,119708,SBI ESG Exclusionary Strategy Fund - Direct Plan - Income Distribution cum Capital Withdrawal Option (IDCW),90.4004
2025-01-07,119709,SBI ESG Exclusionary Strategy Fund - Direct Plan -Growth,251.8148
2025-01-07,119710,SBI MNC Fund - Direct Plan - Income Distribution cum Capital Withdrawal Option (IDCW),145.8911
2025-01-07,119711,SBI MNC FUND - DIRECT PLAN -GROWTH,408.6987
2025-01-07,119712,SBI Medium to Long Duration Fund-DIRECT PLAN - Bonus,44.2877
2025-01-07,119713,SBI Medium to Long Duration Fund - Direct Plan - Half Yearly - Income Distribution cum Capital Withdrawal Option (IDCW),20.7088
2025-01-07,119714,SBI Medium to Long Duration Fund-DIRECT PLAN -Growth,72.9894
2025-01-07,119715,SBI Midcap Fund - Direct Plan - Income Distribution cum Capital Withdrawal Option (IDCW),148.8046
2025-01-07,119716,SBI MIDCAP FUND - DIRECT PLAN - GROWTH,262.4704
2025-01-07,119717,SBI Flexicap Fund - Direct Plan - Income Distribution cum Capital Withdrawal Option (IDCW),59.6533
2025-01-07,119718,SBI Flexicap Fund - DIRECT PLAN - Growth Option,119.3473
2025-01-07,119719,SBI Children's Fund - Savings Plan - DIRECT PLAN - GROWTH,116.8125
2025-01-07,119720,SBI Large & Midcap Fund - Direct Plan - Income Distribution cum Capital Withdrawal Option (IDCW),331.7651
2025-01-07,119721,SBI LARGE & MIDCAP FUND -DIRECT PLAN -Growth,636.5157
2025-01-07,119722,SBI ELSS Tax Saver Fund - Direct Plan - Income Distribution cum Capital Withdrawal Option (IDCW),113.3572
2025-01-07,119723,SBI ELSS Tax Saver FUND - DIRECT PLAN -GROWTH,457.6606
2025-01-07,119724,SBI Contra Fund - Direct Plan - Income Distribution cum Capital Withdrawal Option (IDCW),85.9181
2025-01-07,119727,SBI FOCUSED FUND - DIRECT PLAN -GROWTH,370.557
2025-01-07,119730,SBI Consumption Opportunities Fund - Direct Plan - Income Distribution cum Capital Withdrawal Option (IDCW),262.53
2025-01-07,119731,SBI Technology Opportunities Fund - Direct Plan - Income Distribution cum Capital Withdrawal Option (IDCW),181.4639
2025-01-07,119732,SBI PSU Fund - DIRECT PLAN - GROWTH,33.1472
2025-01-07,119733,SBI PSU Fund - Direct Plan - Income Distribution cum Capital Withdrawal Option (IDCW),33.0988
2025-01-07,119734,Kotak Bond Fund - Direct Plan - Standard IDCW option,27.4939
2025-01-07,119735,Kotak Bond Fund - Growth - Direct,82.606
2025-01-07,119739,Kotak Bond Short Term Plan-(Growth) - Direct,54.8369
2025-01-07,119740,Kotak Credit Risk Fund - Direct Plan - Standard Income Distribution cum capital withdrawal option,23.6917
2025-01-07,119741,Kotak Credit Risk Fund - Growth - Direct,31.5428
2025-01-07,119746,Kotak Money Market Fund - (Growth) - Direct,4361.6901
2025-01-07,119747,Kotak Money Market Fund - (Monthly Payout of Income Distribution cum capital withdrawal option) - Direct,1194.9672
2025-01-07,119750,Kotak Savings Fund-Growth - Direct,43.2677
2025-01-07,119751,Kotak Savings Fund-Monthly Payout of Income Distribution cum capital withdrawal option - Direct,18.6557
2025-01-07,119753,Kotak Dynamic Bond Fund - Direct Plan - Standard Income Distribution cum capital withdrawal option,13.7683
2025-01-07,119755,Kotak Dynamic Bond Fund - Growth - Direct,39.2308
2025-01-07,119757,Kotak Gilt-Investment  Provident Fund and Trust-Growth - Direct,108.0651
2025-01-07,119758,Kotak Gilt-Investment Regular-Payout of Income Distribution cum capital withdrawal option - Direct,23.8285
2025-01-07,119759,Kotak Gilt-Investment Regular-Growth - Direct,105.5082
2025-01-07,119764,Kotak Liquid Fund - Direct Plan - Daily Reinvestment of Income Distribution cum capital withdrawal option,1222.81
2025-01-07,119766,Kotak Liquid Fund - Direct Plan - Growth,5152.5233
2025-01-07,119767,Kotak Aggressive Hybrid Fund - Direct Plan - IDCW - Payout & Reinvestment of Income Distribution cum  capital withdrawal option,43.643
2025-01-07,119768,Kotak Contra Fund - Direct Plan - IDCW -Payout & Re-investment of Income Distribution cum capital withdrawal option- Direct,60.783
2025-01-07,119769,Kotak Contra Fund - Direct Plan - Growth,170.81
2025-01-07,119770,Kotak  Arbitrage Fund - Direct Plan - IDCW -Payout &  Reinvestment of Income Distribution cum capital withdrawal option,11.244
2025-01-07,119771,Kotak Arbitrage Fund - Direct Plan - Growth,38.6747
2025-01-07,119772,Kotak ELSS Tax Saver Fund-Payout of Income Distribution cum capital withdrawal option - Direct,55.615
2025-01-07,119773,Kotak ELSS Tax Saver Fund-Growth - Direct,132.765
2025-01-07,119774,Kotak Midcap Fund  - Direct Plan - IDCW - Payout & Re-investment of Income Distribution cum capital withdrawal option,91.916
2025-01-07,119775,Kotak Midcap Fund - Direct Plan - Growth,154.278
2025-01-07,119776,Kotak Multi Asset Omni FOF - Direct Payout of Income Distribution cum capital withdrawal option,232.921
2025-01-07,119777,Kotak Multi Asset Omni FOF - Direct Growth - Direct,237.189
2025-01-07,119778,Kotak Global Emerging Market Overseas Equity Omni FOF - Payout of Income Distribution cum capital withdrawal option - Direct,24.305
2025-01-07,119779,Kotak Global Emerging Market overseas Equity Omni FOF - Growth - Direct,24.203
2025-01-07,119780,Kotak Gold Fund Payout of Income Distribution cum capital withdrawal option- Direct,31.6584
2025-01-07,119781,Kotak Gold Fund Growth - Direct,31.6587
2025-01-07,119782,SBI Healthcare Opportunities Fund - Direct Plan - Income Distribution cum Capital Withdrawal Option (IDCW),350.7624
2025-01-07,119783,SBI HEALTHCARE OPPORTUNITIES FUND - DIRECT PLAN -GROWTH,504.8606
2025-01-07,119784,SBI Ultra Short Duration Fund - Direct Plan - Daily Income Distribution cum Capital Withdrawal Option (IDCW),2191.4458
2025-01-07,119788,SBI GOLD FUND- DIRECT PLAN - GROWTH,23.9233
2025-01-07,119789,SBI Gold Fund - Direct Plan - Income Distribution cum Capital Withdrawal Option (IDCW),23.889
2025-01-07,119792,SBI Credit Risk Fund - Direct Plan - Daily Income Distribution cum Capital Withdrawal Option (IDCW),14.9337
2025-01-07,119793,SBI Credit Risk Fund - Direct Plan - Income Distribution cum Capital Withdrawal Option (IDCW),21.9012
2025-01-07,119798,SBI CREDIT RISK FUND - DIRECT PLAN -GROWTH,47.063
2025-01-07,119799,SBI Liquid Fund - Direct Plan - Weekly Income Distribution cum Capital Withdrawal Option (IDCW),1362.5556
2025-01-07,119800,SBI Liquid Fund - DIRECT PLAN -Growth,3989.5277
2025-01-07,119804,SBI Liquid Fund - Direct Paln - Fortnightly Income Distribution cum Capital Withdrawal Option (IDCW),1302.781
2025-01-07,119805,SBI Liquid Fund - Direct Plan - Daily Income Distribution cum Capital Withdrawal Option (IDCW),1144.0484
2025-01-07,119810,SBI Low Duration Fund - Direct Plan - Daily Income Distribution cum Capital Withdrawal Option (IDCW),1346.2121
2025-01-07,119811,SBI Low Duration Fund - Direct Plan - Fortnightly Income Distribution cum Capital Withdrawal Option (IDCW),1369.7511
2025-01-07,119812,SBI LOW DURATION FUND - DIRECT PLAN - GROWTH,3492.2186
2025-01-07,119813,SBI Short Term Debt Fund - Direct Plan - Monthly Income Distribution cum Capital Withdrawal Option (IDCW),18.1723
2025-01-07,119815,SBI Short Term Debt Fund - Direct Plan Fortnightly Income Distribution cum Capital Withdrawal Option (IDCW),21.9602
2025-01-07,119816,SBI SHORT TERM DEBT FUND - DIRECT PLAN -GROWTH,32.6034
2025-01-07,119817,SBI Short Term Debt Fund - Direct Plan Weekly Income Distribution cum Capital Withdrawal Option (IDCW),14.2812
2025-01-07,119818,SBI Low Duration Fund - Direct Plan - Monthly Income Distribution cum Capital Withdrawal Option (IDCW),1551.8405
2025-01-07,119819,SBI Low Duration Fund - Direct Plan - Weekly Income Distribution cum Capital Withdrawal Option (IDCW),1348.182
2025-01-07,119820,SBI Savings Fund - Direct Plan - Income Distribution cum Capital Withdrawal Option (IDCW),16.9612
2025-01-07,119821,SBI  SAVINGS FUND - DIRECT PLAN - GROWTH,42.7914
2025-01-07,119822,SBI Savings Fund - Direct Plan Daily Income Distribution cum Capital Withdrawal Option (IDCW),13.3618
2025-01-07,119823,SBI Savings Fund - Direct Plan Weekly Income Distribution cum Capital Withdrawal Option (IDCW),15.1535
2025-01-07,119824,SBI MEDIUM DURATION FUND - DIRECT PLAN - GROWTH,52.9002
2025-01-07,119825,SBI Medium Duration Fund - Direct Plan - Income Distribution cum Capital Withdrawal Option (IDCW),20.5632
2025-01-07,119826,SBI Nifty Index Fund - Direct Plan - Income Distribution cum Capital Withdrawal Option (IDCW),112.003
2025-01-07,119827,SBI NIFTY INDEX FUND - DIRECT PLAN - GROWTH,218.0586
2025-01-07,119828,SBI ULTRA SHORT DURATION FUND - DIRECT PLAN - GROWTH,5860.6376
2025-01-07,119829,SBI Ultra Short Duration Fund - Direct Plan - Weekly Income Distribution cum Capital Withdrawal Option (IDCW),1273.5236
2025-01-07,119831,SBI Overnight Fund - Direct Plan - Daily Income Distribution cum Capital Withdrawal Option (IDCW),1270.6749
2025-01-07,119832,SBI Overnight Fund - Direct Plan - Weekly Income Distribution cum Capital Withdrawal Option (IDCW),1297.5426
2025-01-07,119833,SBI OVERNIGHT FUND - DIRECT PLAN - GROWTH,4093.8359
2025-01-07,119834,SBI Focused Fund - Direct Plan - Income Distribution cum Capital Withdrawal Option (IDCW),90.3013
2025-01-07,119835,SBI CONTRA FUND - DIRECT PLAN - GROWTH,407.1104
2025-01-07,119836,SBI Conservative Hybrid Fund  - Direct Plan - Quarterly Income Distribution cum Capital Withdrawal Option (IDCW),23.2039
2025-01-07,119837,SBI Conservative Hybrid Fund - Direct Plan - Annual Income Distribution cum Capital Withdrawal Option (IDCW),30.2854
2025-01-07,119838,SBI Conservative Hybrid Fund - Direct Plan - Monthly Income Distribution cum Capital Withdrawal Option (IDCW),27.8001
2025-01-07,119839,SBI Conservative Hybrid Fund - Direct Plan - Growth,75.9446
2025-01-07,119840,SBI Multi Asset Allocation Fund - Direct Plan - Annual Income Distribution cum Capital Withdrawal Option (IDCW),34.8966
2025-01-07,119841,SBI Multi Asset Allocation Fund - Direct Plan - Monthly Income Distribution cum Capital Withdrawal Option (IDCW),27.5023
2025-01-07,119842,SBI Multi Asset Allocation Fund - Direct Plan - Quarterly Income Distribution cum Capital Withdrawal Option (IDCW),29.0921
2025-01-07,119843,SBI MULTI ASSET ALLOCATION FUND - DIRECT PLAN - GROWTH,61.2471
2025-01-07,119861,Tata Liquid Fund- Direct Plan-Growth Option,4024.707
2025-01-07,119862,Tata Liquid Fund- Direct Plan - Daily Reinvestment of IDCW Option,1001.5187
2025-01-07,119863,Tata Treasury Advantage Fund - Direct Plan - Growth Option,3887.2977
2025-01-07,119864,Tata Treasury Advantage Fund Direct Plan - Daily Reinvestment of IDCW Option,1003.5316
2025-01-07,119865,Tata Treasury Advantage Fund Direct Plan - Weekly Payout of IDCW Option,1008.0658
2025-01-07,119949,Tata Short Term Bond Fund - Direct Plan - Growth Option,50.7035
2025-01-07,119950,Tata Short Term Bond Fund Direct Plan - Monthly Payout of IDCW Option,23.0279
2025-01-07,119953,Tata Gilt Securities Fund- Direct Plan - Growth Option,83.6244
2025-01-07,119954,Tata Gilt Securities Fund - Direct Plan - Payout of IDCW Option,23.5461
2025-01-07,119957,Tata Treasury Advantage Fund Direct Plan - Periodic Payout of IDCW Option,2465.2437
2025-01-07,119958,Tata Equity Savings Fund-Direct Plan - Monthly Payout of IDCW Option,21.0269
2025-01-07,119959,Tata Equity Savings Fund-Direct Plan - Periodic Payout of IDCWS Option,29.1526
2025-01-07,119960,Tata Equity Savings Fund- Direct Plan- Growth Option,59.6633
2025-01-07,120029,HSBC Large Cap Fund - Direct IDCW,42.9991
2025-01-07,120030,HSBC Large Cap Fund - Direct Growth,520.648
2025-01-07,120035,HSBC Brazil Fund - Growth Direct,6.5064
2025-01-07,120036,HSBC Brazil Fund - IDCW Direct Plan,6.5008
2025-01-07,120037,HSBC Liquid Fund - Direct Daily IDCW,1001.576
2025-01-07,120038,HSBC Liquid Fund -  Growth Direct,2541.3728
2025-01-07,120039,HSBC Liquid Fund - Direct Monthly IDCW,1040.8052
2025-01-07,120040,HSBC Liquid Fund - Direct Weekly IDCW,1195.1444
2025-01-07,120043,HSBC Global Emerging Market Fund - Growth Direct,20.2808
2025-01-07,120044,HSBC Global Emerging Markets Fund - IDCW Direct Plan,18.0049
2025-01-07,120045,HSBC Flexi Cap Fund - Direct IDCW,53.0174
2025-01-07,120046,HSBC Flexi Cap Fund - Direct Growth,243.2548
2025-01-07,120059,HSBC Medium to Long Duration Fund - Direct Growth,44.967
2025-01-07,120073,HSBC Conservative Hybrid Fund - Direct Growth,67.0496
2025-01-07,120074,HSBC Conservative Hybrid Fund - Direct Monthly IDCW,18.146
2025-01-07,120075,HSBC Conservative Hybrid Fund - Direct Quarterly IDCW,15.6872
2025-01-07,120078,HSBC Tax Saver Equity Fund - IDCW Direct Plan,42.4866
2025-01-07,120079,HSBC Tax Saver Equity Fund - Growth Direct,106.5718
2025-01-07,120084,PGIM India Dynamic Bond Fund - Direct Plan-Growth Option,2861.9042
2025-01-07,120086,PGIM India Dynamic Bond Fund - Direct Plan-Quarterly Dividend Option,1181.6403
2025-01-07,120101,HSBC Medium to Long Duration Fund - Direct Quarterly IDCW,10.6612
2025-01-07,120136,SBI Constant Maturity 10 Year Gilt Fund - Direct Plan - Income Distribution cum Capital Withdrawal Option (IDCW),20.545
2025-01-07,120137,SBI CONSTANT MATURITY 10 YEAR GILT FUND - DIRECT PLAN - GROWTH,63.1605
2025-01-07,120152,Kotak Large Cap  Fund - Growth - Direct,624.474
2025-01-07,120153,Kotak Large Cap Fund - Payout of Income Distribution cum capital withdrawal option - Direct,82.588
2025-01-07,120154,Kotak Debt Hybrid - Growth - Direct,65.1008
2025-01-07,120155,Kotak Debt Hybrid - Monthly Payout of Income Distribution cum capital withdrawal option - Direct,14.2337
2025-01-07,120157,Kotak Large & Midcap Fund - IDCW-Direct,66.753
2025-01-07,120158,Kotak Large & Midcap Fund - Direct- Growth,378.292
2025-01-07,120163,Kotak-Small Cap Fund - Payout of Income Distribution cum capital withdrawal option - Direct,141.704
2025-01-07,120164,Kotak-Small Cap Fund - Growth - Direct,322.618
2025-01-07,120165,Kotak Flexicap Fund - Payout of Income Distribution cum capital withdrawal option- Direct,54.096
2025-01-07,120166,Kotak Flexicap Fund - Growth - Direct,88.578
2025-01-07,120185,ICICI Prudential US Bluechip Equity Fund - Direct Plan -  IDCW,69.18
2025-01-07,120186,ICICI Prudential US Bluechip Equity Fund - Direct Plan -  Growth,69.18
2025-01-07,120188,ICICI Prudential Liquid Fund - Direct Plan - Daily IDCW,100.1082
2025-01-07,120190,ICICI Prudential Liquid Fund - Direct Plan - Weekly IDCW,100.2015
2025-01-07,120191,ICICI Prudential Liquid Fund - Direct Plan -  IDCW Others,175.0968
2025-01-07,120197,ICICI Prudential Liquid Fund - Direct Plan - Growth,377.5281
2025-01-07,120209,ICICI Prudential Money Market Fund Option - Direct Plan -  Daily IDCW,100.1435
2025-01-07,120211,ICICI Prudential Money Market Fund Option - Direct Plan -  Growth,369.5675
2025-01-07,120212,ICICI Prudential Money Market Fund Option - Direct Plan -  Weekly IDCW,100.7768
2025-01-07,120216,ICICI Prudential Money Market Fund Option - Direct Plan -  IDCW Others,169.3338
2025-01-07,120242,ICICI Prudential Multi Sector Passive FOF - Direct Plan - Growth,161.2592
2025-01-07,120243,ICICI Prudential Multi Sector Passive FOF - Direct Plan -  IDCW,126.9835
2025-01-07,120244,ICICI Prudential Banking and Financial Services Fund - Direct Plan -  Growth,134.29
2025-01-07,120245,ICICI Prudential Banking and Financial Services Fund - Direct Plan -  IDCW,72.44
2025-01-07,120248,LIC MF Liquid Fund-Direct Plan-Daily IDCW,1033.4549
2025-01-07,120249,LIC MF Liquid Fund-Direct Plan-Growth,4631.4896
2025-01-07,120251,ICICI Prudential Equity & Debt Fund - Direct Plan - Growth,404.21
2025-01-07,120252,ICICI Prudential Equity & Debt Fund - Direct Plan - Monthly IDCW,65.86
2025-01-07,120256,ICICI Prudential Banking and PSU Debt Fund - Direct Plan -  Growth,32.671
2025-01-07,120258,ICICI Prudential Banking and PSU Debt Fund - Direct Plan -  Quarterly IDCW,12.7089
2025-01-07,120259,LIC MF ULIS (5 Yrs. Single Premium)-Direct Plan-IDCW Reinvestment,39.3437
2025-01-07,120260,LIC MF Aggressive Hybrid Fund-Direct Plan-IDCW,20.9202
2025-01-07,120261,LIC MF Aggressive Hybrid Fund-Direct Plan-Growth,214.7317
2025-01-07,120263,LIC MF Flexi Cap Fund-Direct Plan-IDCW,37.2915
2025-01-07,120264,LIC MF Flexi Cap Fund-Direct Plan-Growth,110.7947
2025-01-07,120267,LIC MF Large Cap Fund-Direct Plan-Growth,61.6056
2025-01-07,120268,LIC MF Large Cap Fund-Direct Plan-IDCW,38.7977
2025-01-07,120269,LIC MF ELSS Tax Saver-Direct Plan-IDCW,38.8774
2025-01-07,120270,LIC MF ELSS Tax Saver-Direct Plan-Growth,176.0226
2025-01-07,120274,LIC MF Conservative Hybrid Fund-Direct Plan-Quarterly IDCW,17.6787
2025-01-07,120275,LIC MF Conservative Hybrid Fund-Direct Plan-Yearly IDCW,14.9578
2025-01-07,120276,LIC MF Conservative Hybrid Fund-Direct Plan-Growth,88.2207
2025-01-07,120277,LIC MF Conservative Hybrid Fund-Direct Plan-Monthly IDCW,13.5235
2025-01-07,120278,LIC MF Medium to Long Duration Fund-Direct Plan-IDCW,17.9625
2025-01-07,120279,LIC MF Medium to Long Duration Fund-Direct Plan-Growth,74.3452
2025-01-07,120282,LIC MF Gilt Fund-Direct Plan-Growth,63.3722
2025-01-07,120283,LIC MF Gilt Fund-Direct Plan-IDCW,18.2603
2025-01-07,120285,LIC MF Children's Fund-Direct Plan-Growth,38.7411
2025-01-07,120299,UTI MMF - Direct Plan - Growth Option,3003.0031
2025-01-07,120304,UTI-  Liquid Cash Plan - Direct Plan - Growth Option,4180.4306
2025-01-07,120307,LIC MF Nifty 50 Index Fund-Direct Plan-Growth,140.2129
2025-01-07,120308,LIC MF BSE Sensex Index Fund-Direct Plan-Growth,156.0776
2025-01-07,120309,LIC MF Nifty 50 Index Fund-Direct Plan-IDCW,51.6658
2025-01-07,120312,LIC MF BSE Sensex Index Fund-Direct Plan-IDCW,52.3282
2025-01-07,120313,ICICI Prudential Income plus Arbitrage Omni FOF - Direct Plan - Growth,64.7145
2025-01-07,120314,ICICI Prudential Income plus Arbitrage Omni FOF - Direct Plan - IDCW,50.0429
2025-01-07,120315,LIC MF Low Duration Fund-Direct Plan-Growth,41.2169
2025-01-07,120316,LIC MF Low Duration Fund-Direct Plan-Daily IDCW,10.05
2025-01-07,120317,LIC MF Low Duration Fund-Direct Plan-Monthly IDCW,21.5265
2025-01-07,120318,LIC MF Low Duration Fund-Direct Plan-Weekly IDCW,14.3579
2025-01-07,120322,ICICI Prudential Value Fund (erstwhile Value Discovery Fund) - Direct Plan - IDCW,117.21
2025-01-07,120323,ICICI Prudential Value Fund (erstwhile Value Discovery Fund) - Direct Plan - Growth,484.1
2025-01-07,120332,Invesco India Balanced Advantage Fund - Direct Plan - IDCW (Payout / Reinvestment),25.22
2025-01-07,120333,Invesco India Balanced Advantage Fund - Direct Plan - Growth,62.73
2025-01-07,120334,ICICI Prudential Multi-Asset Fund - Direct Plan - Growth,768.4628
2025-01-07,120335,ICICI Prudential Multi-Asset Fund - Direct Plan - IDCW,53.5701
2025-01-07,120336,LIC MF Banking & PSU Fund-Direct Plan-Weekly IDCW,10.0721
2025-01-07,120337,LIC MF Banking & PSU Fund-Direct Plan-Daily IDCW,14.3147
2025-01-07,120338,LIC MF Banking & PSU Fund-Direct Plan-Growth,35.8407
2025-01-07,120339,LIC MF Banking & PSU Fund-Direct Plan-Monthly IDCW,13.498
2025-01-07,120348,Invesco India Contra Fund - Direct Plan - Growth,155.95
2025-01-07,120349,Invesco India Contra Fund - Direct Plan - IDCW (Payout / Reinvestment),72.69
2025-01-07,120350,LIC MF Infrastructure Fund-Direct Plan-IDCW,57.1124
2025-01-07,120351,LIC MF Infrastructure Fund-Direct Plan-Growth,58.1632
2025-01-07,120356,Invesco India Large & Mid Cap Fund - Direct Plan - IDCW (Payout / Reinvestment),56.45
2025-01-07,120357,Invesco India Large & Mid Cap Fund - Direct Plan - Growth,112.33
2025-01-07,120364,ICICI Prudential Arbitrage Fund - Direct Plan - Growth,35.5384
2025-01-07,120365,ICICI Prudential Arbitrage Fund - Direct Plan - IDCW,16.9605
2025-01-07,120376,ICICI Prudential Balanced Advantage Fund - Direct Plan -  IDCW,27.67
2025-01-07,120377,ICICI Prudential Balanced Advantage Fund - Direct Plan -  Growth,77.21
2025-01-07,120380,ICICI Prudential MidCap Fund - Direct Plan -  IDCW,61.4
2025-01-07,120381,ICICI Prudential MidCap Fund - Direct Plan -  Growth,314.04
2025-01-07,120384,Invesco India Financial Services Fund - Direct Plan - IDCW (Payout / Reinvestment),77.01
2025-01-07,120385,Invesco India Financial Services Fund - Direct Plan - Growth,149.58
2025-01-07,120388,Axis Liquid Fund - Direct Plan - Daily IDCW,1000.956
2025-01-07,120389,Axis Liquid Fund - Direct Plan - Growth Option,2835.2134
2025-01-07,120390,Axis Liquid Fund - Direct Plan - Weekly IDCW,1002.2793
2025-01-07,120391,Axis Liquid Fund - Direct Plan - Monthly IDCW,1003.4616
2025-01-07,120392,Invesco India Largecap Fund - Direct Plan - Growth,80.44
2025-01-07,120393,Invesco India Largecap Fund - Direct Plan - IDCW (Payout / Reinvestment),38.82
2025-01-07,120394,Invesco India PSU Equity Fund - Direct Plan - IDCW (Payout / Reinvestment),50.86
2025-01-07,120395,Invesco India PSU Equity Fund - Direct Plan - Growth,69.54
2025-01-07,120396,ICICI Prudential Savings Fund - Direct Plan - Weekly IDCW,105.495
2025-01-07,120397,ICICI Prudential Savings Fund - Direct Plan - Daily IDCW,105.7358
2025-01-07,120398,ICICI Prudential Savings Fund - Direct Plan - Growth,529.64
2025-01-07,120399,ICICI Prudential Savings Fund - Direct Plan - IDCW Others,186.567
2025-01-07,120400,Invesco India Arbitrage Fund - Direct Plan - IDCW (Payout / Reinvestment),18.0995
2025-01-07,120401,Invesco India Arbitrage Fund - Direct Plan - Growth Option,33.3314
2025-01-07,120402,Invesco India Midcap Fund - Direct Plan - IDCW (Payout / Reinvestment),83.16
2025-01-07,120403,Invesco India Midcap Fund - Direct Plan - Growth Option,205.68
2025-01-07,120404,Invesco India Infrastructure Fund - Direct Plan - IDCW (Payout / Reinvestment),56.78
2025-01-07,120405,Invesco India Infrastructure Fund - Direct Plan - Growth Option,77.4
2025-01-07,120406,JM Liquid Fund (Direct) - Growth Option,69.6746
2025-01-07,120407,JM Liquid Fund (Direct) - Weekly IDCW,11.006
2025-01-07,120408,JM Liquid Fund (Direct) - Quarterly IDCW,39.5571
2025-01-07,120410,JM Liquid Fund (Direct) - Bonus Option - Bonus Option - Principal units,22.4072
2025-01-07,120411,JM Liquid Fund (Direct) - Daily IDCW,10.4302
2025-01-07,120412,Invesco India Multicap Fund - Direct Plan - IDCW (Payout / Reinvestment),145.06
2025-01-07,120413,Invesco India Multicap Fund - Direct Plan - Growth Option,160.28
2025-01-07,120416,Invesco India ELSS Tax Saver Fund - Direct Plan - Growth,151.44
2025-01-07,120417,Invesco India ELSS Tax Saver Fund - Direct Plan - IDCW Payout,35.74
2025-01-07,120423,ICICI Prudential Floating Interest Fund - Direct Plan - Daily IDCW,101.7248
2025-01-07,120424,ICICI Prudential Floating Interest Fund - Direct Plan - Weekly IDCW,102.2945
2025-01-07,120425,ICICI Prudential Floating Interest Fund - Direct Plan - Growth,444.0645
2025-01-07,120426,ICICI Prudential Floating Interest Fund - Direct Plan - IDCW Others,189.8526
2025-01-07,120428,JM Medium to Long Duration Fund (Direct) - Bonus Option - Principal Units,28.3247
2025-01-07,120430,JM Medium to Long Duration Fund (Direct) - Growth Option,65.9675
2025-01-07,120431,JM Medium to Long Duration Fund (Direct) - Quarterly IDCW,23.31
2025-01-07,120432,JM Dynamic Bond Fund (Direct) - Daily IDCW,10.1095
2025-01-07,120433,JM Dynamic Bond Fund (Direct) - Weekly IDCW,10.556
2025-01-07,120434,JM Dynamic Bond Fund (Direct) - IDCW,42.5196
2025-01-07,120435,JM Dynamic Bond Fund - (Direct) - Growth Option,42.2922
2025-01-07,120436,Axis Banking & PSU Debt Fund - Direct Plan - Weekly IDCW,1038.6044
2025-01-07,120437,Axis Banking & PSU Debt Fund - Direct Plan - Daily IDCW,1039.131
2025-01-07,120438,Axis Banking & PSU Debt Fund - Direct Plan - Growth Option,2600.2046
2025-01-07,120439,Axis Banking & PSU Debt Fund - Direct Plan - Monthly IDCW,1036.0874
2025-01-07,120443,Invesco India Banking and PSU Fund - Direct Plan - Daily IDCW (Reinvestment),1040.6319
2025-01-07,120444,Invesco India Banking and PSU Fund - Direct Plan -  Growth Option,2322.3453
2025-01-07,120445,Invesco India Banking and PSU Fund - Direct Plan - Monthly IDCW (Payout / Reinvestment),1012.7585
2025-01-07,120447,Axis Gilt Fund - Direct Plan - Growth Option,26.1547
2025-01-07,120448,Axis Gilt Fund - Direct Plan - Half Yearly IDCW,11.8594
2025-01-07,120449,Axis Gilt Fund - Direct Plan - Regular IDCW,10.0679
2025-01-07,120450,Axis Dynamic Bond Fund - Direct Plan - Half Yearly IDCW,12.3676
2025-01-07,120451,Axis Dynamic Bond Fund - Direct Plan - Growth Option,31.0746
2025-01-07,120452,Axis Dynamic Bond Fund - Direct Plan - Quarterly IDCW,10.8861
2025-01-07,120465,Axis Large Cap Fund - Direct Plan - Growth,66.68
2025-01-07,120466,Axis Large Cap Fund - Direct Plan - IDCW,27.45
2025-01-07,120467,Axis Focused Fund - Direct Plan - IDCW,36.67
2025-01-07,120468,Axis Focused Fund - Direct Plan - Growth Option,60.6
2025-01-07,120472,Axis Gold Fund - Direct Plan - IDCW,24.871
2025-01-07,120473,Axis Gold Fund - Direct Plan - Growth option,24.8476
2025-01-07,120474,Axis Strategic Bond Fund - Direct Plan - Half Yearly IDCW,11.7899
2025-01-07,120475,Axis Strategic Bond Fund - Direct Plan - Growth Option,29.3345
2025-01-07,120476,Axis Strategic Bond Fund - Direct Plan - Quarterly IDCW,10.3369
2025-01-07,120477,Axis Conservative Hybrid Fund - Direct Plan - Annual IDCW,16.1822
2025-01-07,120478,Axis Conservative Hybrid Fund - Direct Plan - Half Yearly,13.4435
2025-01-07,120479,Axis Conservative Hybrid Fund - Direct Plan - Quarterly,12.9867
2025-01-07,120480,Axis Conservative Hybrid Fund - Direct Plan - Growth Option,33.3998
2025-01-07,120481,JM Arbitrage Fund (Direct)- IDCW,15.8763
2025-01-07,120482,JM Arbitrage Fund (Direct) - Growth Option,33.6907
2025-01-07,120483,JM Aggressive Hybrid Fund (Direct) - IDCW,76.5044
2025-01-07,120484,JM Aggressive Hybrid Fund (Direct) - Growth Option,138.7653
2025-01-07,120485,JM Value Fund (Direct) - IDCW,76.1433
2025-01-07,120486,JM Value Fund (Direct) - Growth Option,111.7556
2025-01-07,120487,JM Focused Fund (Direct) -  IDCW,23.177
2025-01-07,120488,JM Focused Fund (Direct)  - Growth Option,23.6494
2025-01-07,120489,JM Large Cap Fund (Direct) - IDCW,68.9871
2025-01-07,120490,JM Large Cap Fund (Direct) - Growth Option,171.8286
2025-01-07,120491,JM Flexicap Fund (Direct) - IDCW,106.0957
2025-01-07,120492,JM Flexicap Fund (Direct) - Growth Option,116.7232
2025-01-07,120493,JM ELSS Tax Saver Fund (Direct) - IDCW,54.3351
2025-01-07,120494,JM ELSS Tax Saver Fund (Direct) - Growth Option,55.7086
2025-01-07,120496,Invesco India Corporate Bond Fund - Direct Plan - Monthly IDCW (Payout / Reinvestment),1258.358
2025-01-07,120497,Invesco India Corporate Bond Fund - Direct Plan - Growth,3253.6886
2025-01-07,120499,Invesco India Corporate Bond Fund - Direct Plan - Discretionary IDCW (Payout / Reinvestment),3254.7138
2025-01-07,120500,Invesco India Corporate Bond Fund - Direct Plan - Annual IDCW (Payout / Reinvestment),1293.4999
2025-01-07,120501,Invesco India Corporate Bond Fund - Direct Plan - Quarterly IDCW (Payout / Reinvestment),1318.641
2025-01-07,120502,Axis ELSS Tax Saver Fund - Direct Plan - IDCW,57.6307
2025-01-07,120503,Axis ELSS Tax Saver Fund - Direct Plan - Growth Option,104.7743
2025-01-07,120504,Axis Midcap Fund - Direct Plan - IDCW,59.7
2025-01-07,120505,Axis Midcap Fund - Direct Plan - Growth,129.25
2025-01-07,120506,Invesco India Money Market Fund - Direct Plan - Daily IDCW (Reinvestment),1006.6134
2025-01-07,120507,Invesco India Money Market Fund - Direct Plan - Growth,3033.3886
2025-01-07,120508,Invesco India Money Market Fund - Direct Plan - Discretionary IDCW (Payout / Reinvestment),2717.4209
2025-01-07,120509,Invesco India Money Market Fund - Direct Plan - Monthly IDCW (Payout / Reinvestment),1106.2308
2025-01-07,120510,Axis Short Duration Fund - Direct Plan - Growth Option,32.1716
2025-01-07,120511,Axis Short Duration Fund - Direct Plan - Monthly IDCW,10.0602
2025-01-07,120512,Axis Short Duration Fund - Direct Plan - Weekly IDCW,10.2497
2025-01-07,120513,Axis Treasury Advantage Fund - Direct Plan - Growth Option,3115.1198
2025-01-07,120514,Axis Treasury Advantage Fund - Direct Plan - Weekly IDCW,1011.7778
2025-01-07,120515,Axis Treasury Advantage Fund - Direct Plan - Daily IDCW,1012.4737
2025-01-07,120516,Axis Treasury Advantage Fund - Direct Plan - Monthly IDCW,1012.2693
2025-01-07,120517,Aditya Birla Sun Life Equity Hybrid'95 Fund - Direct Plan-Growth,1637.93
2025-01-07,120518,Aditya Birla Sun Life Equity Hybrid'95 Fund -DIRECT - IDCW,304.35
2025-01-07,120519,Invesco India Gilt Fund - Direct Plan - Annual IDCW (Payout / Reinvestment),1586.0167
2025-01-07,120520,Invesco India Gilt Fund - Direct  Plan - Growth,3020.352
2025-01-07,120521,Invesco India Gilt Fund - Direct Plan - Monthly IDCW (Reinvestment),2356.9016
2025-01-07,120522,Invesco India Gilt Fund - Direct Plan - Quarterly IDCW (Payout / Reinvestment),1046.1495
2025-01-07,120523,Axis Multi Asset Allocation Fund - Direct Plan - Monthly IDCW,25.6441
2025-01-07,120524,Axis Multi Asset Allocation Fund - Direct Plan - Growth Option,44.1977
2025-01-07,120530,Invesco India Gold ETF Fund of Fund - Direct Plan - IDCW (Payout / Reinvestment),23.0078
2025-01-07,120531,Invesco India Gold ETF Fund of Fund - Direct Plan - Growth,23.0432
2025-01-07,120534,Invesco India Liquid Fund - Direct Plan- Daily IDCW (Reinvestment),1000.9596
2025-01-07,120535,Invesco India Liquid Fund - Direct Plan - Weekly IDCW (Reinvestment),1079.9453
2025-01-07,120536,Invesco India Liquid Fund - Direct Plan - Monthly IDCW (Payout / Reinvestment),1084.196
2025-01-07,120537,Invesco India Liquid Fund - Direct Plan - Growth,3501.2488
2025-01-07,120538,Aditya Birla Sun Life Digital India Fund -DIRECT - IDCW,66.7
2025-01-07,120539,Aditya Birla Sun Life Digital India Fund - Growth - Direct Plan,208.7
2025-01-07,120541,Invesco India Ultra Short Duration Fund - Direct Plan - Growth,2772.4705
2025-01-07,120542,Invesco India Ultra Short Duration Fund - Direct Plan - Monthly IDCW (Payout / Reinvestment),1878.6229
2025-01-07,120543,Invesco India Ultra Short Duration Fund - Direct Plan - Annual IDCW (Payout / Reinvestment),1974.1467
2025-01-07,120544,Invesco India Ultra Short Duration Fund - Direct Plan - Quarterly IDCW (Payout / Reinvestment),1035.0154
2025-01-07,120545,Aditya Birla Sun Life Gold Fund-DIRECT - IDCW,23.5681
2025-01-07,120546,Aditya Birla Sun Life Gold Fund - Growth - Direct Plan,23.5648
2025-01-07,120550,Aditya Birla Sun Life Regular Savings Fund - DIRECT - MONTHLY IDCW,26.667
2025-01-07,120558,UTI Liquid Fund - Direct Plan - Daily IDCW (Reinvestment),1063.1827
2025-01-07,120559,Invesco India Short Duration Fund - Direct Plan - Daily IDCW (Reinvestment),1023.5517
2025-01-07,120560,Invesco India Short Duration Fund - Direct Plan - Growth,3761.0383
2025-01-07,120561,Invesco India Short Duration Fund - Direct Plan - Monthly IDCW (Payout / Reinvestment),2474.9138
2025-01-07,120562,Invesco India Short Duration Fund - Direct Plan -Weekly IDCW (Reinvestment),1019.4112
2025-01-07,120563,Invesco India Short Duration Fund - Direct Plan -Discretionary IDCW (Payout / Reinvestment),2653.4295
2025-01-07,120564,Aditya Birla Sun Life Flexi Cap Fund - Growth - Direct Plan,1896.42
2025-01-07,120565,Aditya Birla Sun Life Flexi Cap Fund -DIRECT - IDCW,219.77
2025-01-07,120566,Invesco India Low Duration Fund - Direct Plan -Daily IDCW (Reinvestment),1018.9655
2025-01-07,120567,Invesco India Low Duration Fund - Direct Plan - Discretionary IDCW (Payout / Reinvestment),3791.9308
2025-01-07,120568,Invesco India Low Duration Fund - Direct Plan - Weekly IDCW (Payout / Reinvestment),1206.0083
2025-01-07,120570,Invesco India Low Duration Fund - Direct Plan - Growth,3790.2244
2025-01-07,120571,Invesco India Low Duration Fund - Direct Plan - Monthly IDCW (Payout / Reinvestment),1079.8124
2025-01-07,120575,SBI CONSUMPTION OPPORTUNITIES FUND - DIRECT PLAN - GROWTH,372.9178
2025-01-07,120576,SBI CONSUMPTION OPPORTUNITIES FUND - REGULAR - GROWTH,328.6546
2025-01-07,120577,SBI TECHNOLOGY OPPORTUNITIES FUND - REGULAR PLAN - GROWTH,225.5123
2025-01-07,120578,SBI TECHNOLOGY OPPORTUNITIES FUND - DIRECT PLAN - GROWTH,255.4877
2025-01-07,120579,ICICI Prudential Children's Fund - Direct Plan,333.94
2025-01-07,120585,ICICI Prudential Large Cap Fund (erstwhile Bluechip Fund)  - Direct Plan - IDCW,62.78
2025-01-07,120586,ICICI Prudential Large Cap Fund (erstwhile Bluechip Fund) - Direct Plan - Growth,113.91
2025-01-07,120587,ICICI Prudential FMCG Fund - Direct Plan -  Growth,524.72
2025-01-07,120588,ICICI Prudential FMCG Fund - Direct Plan -  IDCW,172.27
2025-01-07,120589,ICICI Prudential Gilt Fund - Direct Plan - IDCW,19.3209
2025-01-07,120590,ICICI Prudential Gilt Fund - Direct Plan - Growth,105.5829
2025-01-07,120591,ICICI Prudential Smallcap Fund - Direct Plan - Growth,95.82
2025-01-07,120592,ICICI Prudential ELSS Tax Saver Fund - Direct Plan - Growth,978.39
2025-01-07,120593,ICICI Prudential ELSS Tax Saver Fund - Direct Plan - IDCW,46.12
2025-01-07,120594,ICICI Prudential Technology Fund - Direct Plan -  Growth,236.94
2025-01-07,120595,ICICI Prudential Technology Fund - Direct Plan -  IDCW,151.54
2025-01-07,120596,ICICI Prudential Large & Mid Cap Fund - Direct Plan - Growth,1042.22
2025-01-07,120597,ICICI Prudential Large & Mid Cap Fund - Direct Plan - IDCW,51.16
2025-01-07,120598,ICICI Prudential Multicap Fund - Direct Plan -  IDCW,59.68
2025-01-07,120599,ICICI Prudential Multicap Fund - Direct Plan -  Growth,849.34
2025-01-07,120600,ICICI Prudential All Seasons Bond Fund - Direct Plan - IDCW,24.7153
2025-01-07,120601,ICICI Prudential All Seasons Bond Fund - Direct Plan - Annual IDCW,11.1794
2025-01-07,120602,ICICI Prudential All Seasons Bond Fund - Direct Plan - Quarterly IDCW,12.0575
2025-01-07,120603,ICICI Prudential All Seasons Bond Fund - Direct Plan - Growth,38.0863
2025-01-07,120604,ICICI Prudential All Seasons Bond Fund - Direct Plan - Weekly IDCW,10.5634
2025-01-07,120613,ICICI Prudential Regular Savings Fund - Direct Plan - Half Yearly IDCW,16.3712
2025-01-07,120614,ICICI Prudential Regular Savings Fund - Direct Plan - Quarterly IDCW,14.2093
2025-01-07,120615,ICICI Prudential Regular Savings Fund - Direct Plan - Monthly IDCW,16.3334
2025-01-07,120616,ICICI Prudential Regular Savings Fund - Direct Plan - Growth,79.4079
2025-01-07,120617,ICICI Prudential Bond Fund - Direct Plan - IDCW Monthly,11.528
2025-01-07,120618,ICICI Prudential Bond Fund - Direct Plan - IDCW Quarterly,11.8344
2025-01-07,120619,ICICI Prudential Bond Fund - Direct Plan - Growth,40.675
2025-01-07,120620,ICICI Prudential Nifty 50 Index Fund - Direct Plan Cumulative Option,246.5608
2025-01-07,120621,ICICI Prudential Infrastructure Fund - Direct Plan -  Growth,199.47
2025-01-07,120622,ICICI Prudential Infrastructure Fund - Direct Plan -  IDCW,46.04
2025-01-07,120656,UTI Large Cap Fund - Direct Plan - Growth Option,287.0458
2025-01-07,120657,UTI Large Cap Fund - Direct Plan - IDCW,62.4235
2025-01-07,120662,UTI - Flexi Cap Fund-Growth Option - Direct,341.7876
2025-01-07,120663,UTI Flexi Cap Fund - Direct Plan - IDCW,227.4542
2025-01-07,120664,UTI Large & Mid Cap Fund - Direct Plan - IDCW,91.4635
2025-01-07,120665,UTI Large & Mid Cap Fund - Direct Plan - Growth Option,186.1251
2025-01-07,120670,ICICI Prudential Medium Term Bond Fund - Direct Plan - Growth,46.8963
2025-01-07,120671,ICICI Prudential Medium Term Bond Fund - Direct Plan - Quarterly IDCW,11.4413
2025-01-07,120673,UTI Aggressive Hybrid Fund - Direct Plan - IDCW,48.6371
2025-01-07,120674,UTI Aggressive Hybrid Fund -Direct Plan - Growth,422.1827
2025-01-07,120675,ICICI Prudential Ultra Short Term Fund - Direct Plan -  Quarterly IDCW,11.1129
2025-01-07,120676,ICICI Prudential Ultra Short Term Fund - Direct Plan -  Growth,28.8343
2025-01-07,120677,ICICI Prudential Ultra Short Term Fund - Direct Plan -  Monthly IDCW,10.7936
2025-01-07,120679,ICICI Prudential Dynamic Asset Allocation Active FOF - Direct Plan - Growth,124.4593
2025-01-07,120680,ICICI Prudential Dynamic Asset Allocation Active FOF - Direct Plan - IDCW,97.6007
2025-01-07,120681,UTI MNC Fund - Direct Plan - IDCW,224.7259
2025-01-07,120682,UTI - MNC Fund - Growth Option - Direct,433.221
2025-01-07,120683,ICICI Prudential Nifty Next 50 Index Fund - Direct Plan -  IDCW,61.7499
2025-01-07,120684,ICICI Prudential Nifty Next 50 Index Fund - Direct Plan -  Growth,61.773
2025-01-07,120685,ICICI Prudential Gold ETF FOF - Direct Plan - Growth,25.0288
2025-01-07,120686,ICICI Prudential Gold ETF FOF - Direct Plan - IDCW,25.0311
2025-01-07,120687,ICICI Prudential Exports & Services Fund - Direct Plan - IDCW,75.11
2025-01-07,120688,ICICI Prudential Exports & Services Fund - Direct Plan - Growth,169.1
2025-01-07,120689,UTI Medium to Long Duration Fund-Growth - Direct,76.5959
2025-01-07,120690,UTI Medium to Long Duration Fund - Direct Plan - Quarterly IDCW,24.1725
2025-01-07,120692,ICICI Prudential Corporate Bond Fund - Direct Plan - Growth,29.8986
2025-01-07,120694,ICICI Prudential Corporate Bond Fund - Direct Plan - Quarterly IDCW,15.1262
2025-01-07,120697,ICICI Prudential Corporate Bond Fund - Direct Plan - Monthly IDCW,10.2356
2025-01-07,120700,ICICI Prudential Aggressive Hybrid Active FOF - Direct Plan - Growth,226.4801
2025-01-07,120702,ICICI Prudential Diversified Debt Strategy Active FOF  - Direct Plan - Growth,44.7324
2025-01-07,120703,ICICI Prudential Diversified Debt Strategy Active FOF - Direct Plan -  IDCW,39.382
2025-01-07,120705,Aditya Birla Sun Life Regular Savings Fund - Growth / Payment - Direct Plan,71.2024
2025-01-07,120709,ICICI Prudential Credit Risk Fund - Direct Plan - Quarterly IDCW,11.6088
2025-01-07,120711,ICICI Prudential Credit Risk Fund - Direct Plan - Growth,33.3871
2025-01-07,120714,UTI ELSS Tax Saver Fund - Direct Plan - IDCW,52.968
2025-01-07,120715,UTI ELSS Tax Saver Fund - Direct Plan - Growth Option,224.7615
2025-01-07,120716,UTI Nifty 50 Index Fund - Growth Option- Direct,163.8956
2025-01-07,120717,UTI Nifty 50 Index Fund - Direct Plan - IDCW,82.5729
2025-01-07,120718,UTI Short Duration Fund - Direct Plan - Growth Option,32.3084
2025-01-07,120719,UTI Short Duration Fund - Direct Plan - Quarterly IDCW,18.2682
2025-01-07,120722,ICICI Prudential Focused Equity Fund - Direct Plan - Growth,96.53
2025-01-07,120723,ICICI Prudential Focused Equity Fund - Direct Plan - IDCW,58.4
2025-01-07,120724,UTI Children's Equity Fund - Direct Plan - Growth Option,91.6334
2025-01-07,120725,UTI Children's Equity Fund - Direct Plan - IDCW,91.7917
2025-01-07,120726,UTI Mid Cap Fund-Growth Option- Direct,336.101
2025-01-07,120727,UTI Mid Cap Fund - Direct Plan - IDCW,165.3963
2025-01-07,120728,UTI Infrastructure Fund-Growth Option- Direct,143.2988
2025-01-07,120729,UTI Infrastructure Fund - Direct Plan - IDCW,74.9887
2025-01-07,120730,UTI Transportation and Logistics Fund - Direct Plan - IDCW,131.8192
2025-01-07,120731,UTI-Transportation and Logistics  Fund-Growth Option- Direct,285.0156
2025-01-07,120732,UTI Banking and Financial Services Fund - Direct Plan - IDCW,75.3841
2025-01-07,120733,UTI Banking and Financial Services Fund - Direct Plan - Growth Option,192.6099
2025-01-07,120734,UTI Low Duration Fund - Direct Plan - Quarterly IDCW,1857.798
2025-01-07,120735,UTI Low Duration Fund - Direct Plan - Growth Option,3464.944
2025-01-07,120736,UTI Low Duration Fund - Direct Plan - Monthly IDCW,1352.8121
2025-01-07,120737,UTI Low Duration Fund - Direct Plan - Daily IDCW (Reinvestment),1322.8984
2025-01-07,120739,UTI Low Duration Fund - Direct Plan - Weekly IDCW,1022.8864
2025-01-07,120743,ICICI Prudential Long Term Bond Fund - Direct Plan - Growth,94.0746
2025-01-07,120744,UTI Ultra Short Duration Fund - Direct Plan - Daily IDCW (Reinvestment),1457.6576
2025-01-07,120745,UTI Ultra Short Duration Fund - Direct Plan - Weekly IDCW (Reinvestment),1084.4984
2025-01-07,120746,UTI Ultra Short Duration Fund - Direct Plan - Growth Option,4381.5162
2025-01-07,120747,ICICI Prudential Long Term Bond Fund - Direct Plan - Quarterly IDCW,12.6584
2025-01-07,120749,UTI-Dividend Yield Fund.-Growth-Direct,185.8781
2025-01-07,120750,UTI Dividend Yield Fund - Direct Plan - IDCW,39.8734
2025-01-07,120751,UTI Value Fund - Direct Plan - Growth Option,177.0647
2025-01-07,120752,UTI Value Fund - Direct Plan - IDCW,57.7472
2025-01-07,120754,ICICI Prudential Short Term Fund - Direct Plan - Growth Option,62.6707
2025-01-07,120755,ICICI Prudential Short Term Fund - Direct Plan - Monthly IDCW,12.6935
2025-01-07,120760,UTI Multi Asset Allocation Fund - Direct Plan - Growth Option,78.9895
2025-01-07,120761,UTI Multi Asset Allocation Fund - Direct Plan - IDCW,32.6845
2025-01-07,120762,UTI Dynamic Bond Fund - Direct Plan - Growth Option,32.2087
2025-01-07,120763,UTI Dynamic Bond Fund - Direct Plan - Quarterly IDCW,24.7859
2025-01-07,120764,UTI Credit Risk Fund - Direct Plan - Growth Option,18.4975
2025-01-07,120765,UTI Credit Risk Fund - Direct Plan - Quarterly IDCW,13.0528
2025-01-07,120766,UTI Retirement Fund- Direct Plan,51.673
2025-01-07,120771,UTI Children's Hybrid Fund - Direct Plan,39.7885
2025-01-07,120772,UTI Money Market Fund - Direct Plan - Daily IDCW (Reinvestment),1030.9417
2025-01-07,120777,UTI Liquid Fund - Direct Plan - Weekly IDCW,1298.1573
2025-01-07,120778,UTI Conservative Hybrid Fund - Direct Plan - Monthly IDCW,19.3621
2025-01-07,120779,UTI Conservative Hybrid Fund - Direct Plan - Growth Option,71.8012
2025-01-07,120780,UTI India Consumer Fund - Direct Plan - Growth Option,61.8989
2025-01-07,120781,UTI India Consumer Fund - Direct Plan - IDCW,54.3402
2025-01-07,120782,UTI Healthcare Fund - Direct Plan - Growth Option,330.2507
2025-01-07,120783,UTI Healthcare Fund - Direct Plan - IDCW,255.2619
2025-01-07,120784,UTI - Unit Linked Insurance Plan- Direct,43.6741
2025-01-07,120785,UTI - Overnight Fund - Direct Plan - Growth Option,3444.8466
2025-01-07,120786,UTI Overnight Fund - Direct Plan - Periodic IDCW,1807.9035
2025-01-07,120789,UTI Conservative Hybrid Fund - Direct Plan - Flexi IDCW,47.9579
2025-01-07,120790,UTI Conservative Hybrid Fund - Direct Plan - Monthly Payment Option,70.631
2025-01-07,120791,UTI Gilt Fund - Direct Plan - IDCW,29.6802
2025-01-07,120792,UTI - GILT FUND - Direct Plan - Growth Option,62.5675
2025-01-07,120793,UTI Money Market Fund - Direct Plan - Weekly IDCW,1096.7976
2025-01-07,120794,UTI Liquid Fund - Direct Plan - Monthly IDCW,1046.5062
2025-01-07,120795,UTI Arbitrage Fund - Direct Plan - Growth Option,36.029
2025-01-07,120796,UTI Arbitrage Fund - Direct Plan - IDCW,21.0754
2025-01-07,120818,quant Aggressive Hybrid Fund-IDCW Option-Direct Plan,59.5564
2025-01-07,120819,quant Aggressive Hybrid Fund-Growth Option-Direct Plan,429.9851
2025-01-07,120820,quant Multi Asset Allocation Fund - IDCW Option - Direct Plan,133.4478
2025-01-07,120821,quant Multi Asset Allocation Fund-GROWTH OPTION-Direct Plan,144.7999
2025-01-07,120822,quant Multi Cap Fund-IDCW Option - Direct Plan,80.7703
2025-01-07,120823,quant Multi Cap Fund-GROWTH OPTION-Direct Plan,697.4283
2025-01-07,120824,quant Large & Mid Cap Fund - Bonus Option-Direct Plan,117.412
2025-01-07,120825,quant Large & Mid Cap Fund - IDCW Option - Direct Plan,59.3326
2025-01-07,120826,quant Large & Mid Cap Fund - Growth Option-Direct Plan,127.3936
2025-01-07,120827,quant Small Cap Fund - IDCW Option - Direct Plan,221.7716
2025-01-07,120828,quant Small Cap Fund - Growth Option - Direct Plan,283.7033
2025-01-07,120832,quant Infrastructure Fund - IDCW Option - Direct Plan,42.1743
2025-01-07,120833,quant Infrastructure Fund - Growth Option-Direct Plan,42.2067
2025-01-07,120834,quant Focused Fund - Growth Option-Direct Plan,93.7028
2025-01-07,120835,quant Focused Fund - IDCW Option - Direct Plan,54.7763
2025-01-07,120836,quant Liquid Fund-Daily IDCW Option - Direct Plan,13.282
2025-01-07,120837,quant Liquid Fund - Growth Option - Direct Plan,40.9985
2025-01-07,120838,quant Liquid Fund - Monthly IDCW Option - Direct Plan,15.6702
2025-01-07,120839,quant Liquid Fund - Weekly IDCW Option - Direct Plan,14.4518
2025-01-07,120840,quant Mid Cap Fund - IDCW Option - Direct Plan,86.4518
2025-01-07,120841,quant Mid Cap Fund - Growth Option - Direct Plan,246.128
2025-01-07,120842,quant Flexi Cap Fund - IDCW Option - Direct Plan,71.9282
2025-01-07,120843,quant Flexi Cap Fund - Growth Option-Direct Plan,105.7132
2025-01-07,120846,quant ELSS Tax Saver Fund - IDCW Option - Direct Plan,52.1944
2025-01-07,120847,quant ELSS Tax Saver Fund - Growth Option - Direct Plan,391.54
2025-01-07,120870,ICICI Prudential Smallcap Fund - Direct Plan - IDCW,69.43
2025-01-07,121109,SBI BSE SENSEX ETF,855.3345
2025-01-07,121146,Nippon India ETF Nifty 100,256.7836
2025-01-07,121181,UTI Quarterly Interval Fund - II - Direct Plan - IDCW,10.9112
2025-01-07,121182,UTI Quarterly Interval Fund - II - Direct Plan - Growth Option,30.2716
2025-01-07,121279,Bandhan Banking and PSU Fund - Direct Growth,24.2814
2025-01-07,121280,Bandhan Banking and PSU Fund - Regular Growth,23.6276
2025-01-07,121281,Bandhan Banking and PSU Fund - Direct IDCW,12.7728
2025-01-07,121282,Bandhan Banking and PSU Fund - Regular IDCW,12.7588
2025-01-07,121366,ICICI Prudential Nifty 50 ETF,263.3441
2025-01-07,121721,UTI Quarterly Interval Fund - III -Direct Plan - IDCW,10.9842
2025-01-07,121722,UTI Quarterly Interval Fund - III -Direct Plan - Growth Option,30.8075
2025-01-07,121891,UTI Ultra Short Duration Fund - Regular Plan - Flexi IDCW,1581.0437
2025-01-07,121892,UTI Ultra Short Duration Fund - Direct Plan - Flexi IDCW,2125.8034
2025-01-07,121931,Bandhan Banking and PSU Fund - Regular Fortnightly IDCW,10.626
2025-01-07,121932,Bandhan Banking and PSU Fund - Regular Monthly IDCW,10.6927
2025-01-07,121933,Bandhan Banking and PSU Fund - Regular Annual IDCW,11.655
2025-01-07,121934,Bandhan Banking and PSU Fund - Direct Fortnightly IDCW,10.4707
2025-01-07,121935,Bandhan Banking and PSU Fund - Direct Monthly IDCW,10.4488
2025-01-07,121936,Bandhan Banking and PSU Fund - Direct Annual IDCW,12.6954
2025-01-07,121937,Bandhan Banking and PSU Fund - Regular Quarterly IDCW,10.7367
2025-01-07,121938,Bandhan Banking and PSU Fund - Direct Quarterly IDCW,10.8319
2025-01-07,121940,SBI Medium to Long Duration Fund - Direct Plan - Quarterly Income Distribution cum Capital Withdrawal Option (IDCW),21.2009
2025-01-07,121944,SBI Medium to Long Duration Fund - Regular Plan - Quarterly Income Distribution cum Capital Withdrawal Option (IDCW),19.1159
2025-01-07,122152,UTI Quarterly Interval Fund - I - Direct Plan - IDCW,10.9754
2025-01-07,122165,UTI Quarterly Interval Fund - I -Direct Plan - Growth Option,33.6832
2025-01-07,122168,ICICI Prudential Balanced Advantage Fund - Monthly IDCW,21.27
2025-01-07,122236,ICICI Prudential Balanced Advantage Fund - Direct Plan - Monthly IDCW,25.22
2025-01-07,122315,JM Dynamic Bond Fund - (Direct) - Bonus Option-Principal Units,42.146
2025-01-07,122323,JM Dynamic Bond Fund (Regular) - Bonus Option - Principal Units,39.7517
2025-01-07,122387,Motilal Oswal Focused Fund - Regular Plan Growth Option,44.7513
2025-01-07,122388,Motilal Oswal Focused Fund Regular - IDCW Payout/Reinvestment,21.246
2025-01-07,122389,Motilal Oswal Focused Fund - Direct Plan Growth Option,52.0006
2025-01-07,122390,Motilal Oswal Focused Fund Direct - IDCW Payout/Reinvestment,24.5811
2025-01-07,122443,Franklin India Money Market Fund Retail Option - Daily - IDCW,10.0452
2025-01-07,122444,Franklin India Money Market Fund Retail Option - Direct - Daily - IDCW,10.0567
2025-01-07,122531,ICICI Prudential Savings Fund - Monthly IDCW,101.7484
2025-01-07,122612,360 ONE Dynamic Bond Fund - Regular Plan - Growth Option,21.5512
2025-01-07,122618,BANDHAN Dynamic Bond Fund-Direct Plan-Half Yearly IDCW,10.7946
2025-01-07,122639,Parag Parikh Flexi Cap Fund - Direct Plan - Growth,87.2939
2025-01-07,122640,Parag Parikh Flexi Cap Fund - Regular Plan - Growth,80.3837
2025-01-07,122643,Aditya Birla Sun Life Floating Rate Fund-Regular - DAILY IDCW,100.7887
2025-01-07,122644,Aditya Birla Sun Life Floating Rate Fund-Regular Plan-Growth,334.2119
2025-01-07,122645,Aditya Birla Sun Life Floating Rate Fund-Direct - daily IDCW,100.7899
2025-01-07,122646,Aditya Birla Sun Life Floating Rate Fund-Direct Plan-Growth,343.1337
2025-01-07,122647,Aditya Birla Sun Life Floating Rate Fund-REGULAR - WEEKLY IDCW,100.9075
2025-01-07,122648,Aditya Birla Sun Life Floating Rate Fund-Direct - weekly IDCW,100.9239
2025-01-07,122649,Aditya Birla Sun Life Floating Rate Fund-RETAIL - WEEKLY IDCW,100.9666
2025-01-07,122650,Aditya Birla Sun Life Floating Rate Fund-Retail Plan-Growth,483.3929
2025-01-07,122651,ICICI Prudential Savings Fund - Direct Plan - Monthly IDCW,101.7506
2025-01-07,122711,360 ONE Dynamic Bond Fund Regular Plan Bonus,21.5511
2025-01-07,122712,360 ONE Dynamic Bond Fund Regular Plan Quarterly Dividend,20.7969
2025-01-07,122715,360 ONE Dynamic Bond Fund Direct Plan Growth,22.7094
2025-01-07,122717,360 ONE Dynamic Bond Fund Direct Plan Quarterly Dividend,20.9552
2025-01-07,122719,360 ONE Dynamic Bond Fund Regular Plan Monthly Dividend,12.5869
2025-01-07,122720,360 ONE Dynamic Bond Fund Regular Plan Half Yearly Dividend,20.7968
2025-01-07,122721,360 ONE Dynamic Bond Fund Direct Plan Monthly Dividend,13.5353
2025-01-07,122748,ICICI Prudential Savings Fund - Fortnightly IDCW,101.819
2025-01-07,122765,NIPPON INDIA AGGRESSIVE HYBRID FUND - QUARTERLY IDCW Option,24.8636
2025-01-07,122766,NIPPON INDIA AGGRESSIVE HYBRID FUND - DIRECT Plan - QUARTERLY IDCW Option,27.4476
2025-01-07,122786,Invesco India Liquid Fund - Bonus Option,3479.4346
2025-01-07,122868,BANDHAN Dynamic Bond Fund - Regular Plan B - Half Yearly IDCW,10.5829
2025-01-07,122904,ICICI Prudential Savings Fund - Direct Plan - Fortnightly IDCW,101.8216
2025-01-07,122982,ICICI Prudential Savings Fund - Direct Plan - Quarterly IDCW,108.1701
2025-01-07,122995,ICICI Prudential Savings Fund - Quarterly IDCW,107.9428
2025-01-07,123004,ICICI Prudential Nifty 100 ETF,27.0045
2025-01-07,123287,DSP Savings Fund - Regular Plan - IDCW - Daily,10.1021
2025-01-07,123288,DSP Savings Fund - Direct Plan -  IDCW - Daily,10.1527
2025-01-07,123646,UTI Annual Interval Fund - I - Direct Plan - Growth Option,33.7427
2025-01-07,123651,ICICI Prudential Global Stable Equity Fund (FOF) - Growth,25.73
2025-01-07,123652,ICICI Prudential Global Stable Equity Fund (FOF) - Direct - IDCW,27.64
2025-01-07,123653,ICICI Prudential Global Stable Equity Fund (FOF) - IDCW,25.73
2025-01-07,123654,ICICI Prudential Global Stable Equity Fund (FOF) - Direct - Growth,27.63
2025-01-07,123663,UTI Annual Interval Fund - I - Direct Plan - Dividend Option,11.2812
2025-01-07,123690,Kotak Banking and PSU Debt - Growth,62.6846
2025-01-07,123691,Kotak Banking and PSU Debt - Monthly Payout of Income Distribution cum capital withdrawal option,11.777
2025-01-07,123692,Kotak Banking and PSU Debt Direct - Monthly Payout of Income Distribution cum capital withdrawal option,10.2873
2025-01-07,123693,Kotak Banking and PSU Debt Direct - Growth,65.1998
2025-01-07,123704,Groww Short Term Fund (formerly known as Indiabulls Short Term Fund) - Direct Plan - Growth Option,2281.692
2025-01-07,123705,Groww Short Term Fund (formerly known as Indiabulls Short Term Fund)- Direct Plan- Weekly - Income Distribution cum capital withdrawal Option (Payout & Reinvestment),1013.6966
2025-01-07,123706,Groww Short Term Fund (formerly known as Indiabulls Short Term Fund)- Direct Plan- Fortnightly - Income Distribution cum capital withdrawal Option (Payout & Reinvestment),1017.0293
2025-01-07,123707,Groww Short Term Fund (formerly known as Indiabulls Short Term Fund)- Direct Plan- Monthly - Income Distribution cum capital withdrawal Option (Payout & Reinvestment),1017.1824
2025-01-07,123708,Groww Short Term Fund (formerly known as Indiabulls Short Term Fund )- Regular Plan - Growth Option,1995.7417
2025-01-07,123709,Groww Short Term Fund (formerly known as Indiabulls Short Term Fund)- Regular Plan- Weekly - Income Distribution cum capital withdrawal Option (Payout & Reinvestment),1013.6255
2025-01-07,123710,Groww Short Term Fund (formerly known as Indiabulls Short Term Fund)- Regular Plan- Fortnightly - Income Distribution cum capital withdrawal Option (Payout & Reinvestment),1018.2535
2025-01-07,123711,Groww Short Term Fund (formerly known as Indiabulls Short Term Fund)- Regular Plan- Monthly - Income Distribution cum capital withdrawal Option (Payout & Reinvestment),1022.7115
2025-01-07,124172,DSP Banking & PSU Debt Fund - Regular Plan - Growth,23.1255
2025-01-07,124173,DSP Banking & PSU Debt Fund - Regular Plan - IDCW - Daily Reinvest,10.16
2025-01-07,124174,DSP Banking & PSU Debt Fund - Regular Plan - IDCW,10.8528
2025-01-07,124175,DSP Banking & PSU Debt Fund - Direct Plan - Growth,23.9096
2025-01-07,124176,DSP Banking & PSU Debt Fund - Direct Plan - IDCW - Monthly,10.3285
2025-01-07,124177,DSP Banking & PSU Debt Fund - Direct Plan - IDCW - Quarterly,10.2613
2025-01-07,124178,DSP Banking & PSU Debt Fund - Direct Plan - IDCW,10.8763
2025-01-07,124179,DSP Banking & PSU Debt Fund - Regular Plan - IDCW - Weekly,10.1759
2025-01-07,124180,DSP Banking & PSU Debt Fund - Regular Plan - IDCW - Monthly,10.318
2025-01-07,124181,DSP Banking & PSU Debt Fund - Regular Plan - IDCW - Quarterly,10.256
2025-01-07,124182,DSP Banking & PSU Debt Fund - Direct Plan - IDCW - Daily Reinvest,10.16
2025-01-07,124183,DSP Banking & PSU Debt Fund - Direct Plan - IDCW - Weekly,10.1764
2025-01-07,124233,Motilal Oswal Ultra Short Term Fund (MOFUSTF)-Regular Plan- Growth,16.0332
2025-01-07,124234,Motilal Oswal Ultra Short Term Fund (MOFUSTF) -Direct Plan- Growth,16.9062
2025-01-07,124265,UTI Overnight Fund - Regular Plan - Daily IDCW,1370.8617
2025-01-07,124266,UTI Overnight Fund - Direct Plan - Daily IDCW,1371.6621
2025-01-07,124303,Motilal Oswal Ultra Short Term Fund Regular - IDCW Daily Reinvestment,11.4495
2025-01-07,124305,Motilal Oswal Ultra Short Term Fund Regular - IDCW Quarterly Payout/Reinvestment,11.6554
2025-01-07,124306,Motilal Oswal Ultra Short Term Fund Direct - IDCW Weekly Reinvestment,11.7316
2025-01-07,124308,Motilal Oswal Ultra Short Term Fund Direct Plan - IDCW Monthly Payout/Reinvestment,11.7616
2025-01-07,124310,Motilal Oswal Ultra Short Term Fund Regular - IDCW Weekly Reinvestment,11.4678
2025-01-07,124311,Motilal Oswal Ultra Short Term Fund Direct - IDCW Fortnightly Reinvestment,11.8144
2025-01-07,124312,Motilal Oswal Ultra Short Term Fund Direct - IDCW Quarterly Payout/Reinvestment,11.9776
2025-01-07,124313,Motilal Oswal Ultra Short Term Fund Regular - IDCW Fortnightly Reinvestment,11.5172
2025-01-07,124315,Motilal Oswal Ultra Short Term Fund Regular - IDCW Monthly Payout/Reinvestment,11.4882
2025-01-07,124316,Motilal Oswal Ultra Short Term Fund Direct - IDCW Daily Reinvestment,11.7326
2025-01-07,124589,NIPPON INDIA FLOATER FUND - IDCW Option,19.5309
2025-01-07,124590,NIPPON INDIA FLOATER FUND - DIRECT Plan - IDCW Option,20.2771
2025-01-07,124832,Aditya Birla Sun Life Corporate Bond Fund -DIRECT - IDCW,10.239
2025-01-07,124833,Aditya Birla Sun Life Corporate Bond Fund -REGULAR - IDCW,11.5117
2025-01-07,124962,UTI Short Duration Fund - Direct Plan - Flexi IDCW,17.8451
2025-01-07,125045,UTI Short Duration Fund - Regular Plan - Flexi IDCW,17.3735
2025-01-07,125077,UTI Annual Interval Fund - II - Direct Plan - Growth Option,33.3145
2025-01-07,125078,UTI Annual Interval Fund - II - Direct Plan - IDCW,11.0413
2025-01-07,125259,360 ONE LIQUID FUND REGULAR PLAN  GROWTH,1947.3936
2025-01-07,125264,NIPPON INDIA LOW DURATION FUND - DIRECT Plan - IDCW Option,2016.7049
2025-01-07,125265,NIPPON INDIA LOW DURATION FUND - IDCW Option,1916.6705
2025-01-07,125266,NIPPON INDIA CORPORATE BOND FUND - DIRECT Plan - IDCW Option,19.0383
2025-01-07,125267,NIPPON INDIA CORPORATE BOND FUND - IDCW Option,18.3763
2025-01-07,125268,NIPPON INDIA SHORT DURATION FUND - IDCW Option,20.5503
2025-01-07,125269,NIPPON INDIA SHORT DURATION FUND - Direct Plan - IDCW Option,22.2485
2025-01-07,125301,PGIM India Midcap Fund - Direct Plan - Dividend Option - Payout,60.78
2025-01-07,125305,PGIM India Midcap Fund - Regular Plan - Growth Option,63.73
2025-01-07,125306,PGIM India Midcap Fund - Regular Plan - Dividend Option - Payout,27.34
2025-01-07,125307,PGIM India Midcap Fund - Direct Plan - Growth Option,73.33
2025-01-07,125337,360 ONE LIQUID FUND REGULAR PLAN  WEEKLY DIVIDEND,1005.0
2025-01-07,125342,360 ONE LIQUID FUND REGULAR PLAN  DAILY DIVIDEND REINVESTMENT,1000.2571
2025-01-07,125343,360 ONE LIQUID FUND DIRECT PLAN  WEEKLY DIVIDEND,1005.0
2025-01-07,125345,360 ONE LIQUID FUND DIRECT PLAN  GROWTH,1958.3147
2025-01-07,125349,360 ONE LIQUID FUND DIRECT PLAN  DAILY DIVIDEND REINVESTMENT,1000.2571
2025-01-07,125350,Axis Small Cap Fund - Regular Plan - Growth,106.86
2025-01-07,125351,Axis Small Cap Fund - Direct Plan - IDCW,59.06
2025-01-07,125352,Axis Small Cap Fund - Regular Plan - IDCW,50.74
2025-01-07,125354,Axis Small Cap Fund - Direct Plan - Growth,122.8
2025-01-07,125494,SBI Small Cap Fund - Regular Plan - Growth,176.8817
2025-01-07,125495,SBI Small Cap Fund - Regular Plan - Income Distribution cum Capital Withdrawal Option (IDCW),104.4985
2025-01-07,125496,SBI Small Cap Fund - Direct Plan - Income Distribution cum Capital Withdrawal Option (IDCW),137.5391
2025-01-07,125497,SBI Small Cap Fund - Direct Plan - Growth,201.51
2025-01-07,125498,SBI BANKING & PSU FUND - Regular Paln - Growth,2985.0464
2025-01-07,125499,SBI Banking & PSU Fund - Regular Plan - Daily Income Distribution cum Capital Withdrawal Option (IDCW),1361.8616
2025-01-07,125500,SBI Banking & PSU Fund - Regular Plan - Weekly Income Distribution cum Capital Withdrawal Option (IDCW),1361.5706
2025-01-07,125501,SBI Banking & PSU Fund - Regular Plan - Monthly Income Distribution cum Capital Withdrawal Option (IDCW),1199.2435
2025-01-07,125502,SBI Banking & PSU Fund - Direct Plan - Daily Income Distribution cum Capital Withdrawal Option (IDCW),1394.6007
2025-01-07,125503,SBI BANKING & PSU FUND - Direct Plan - Growth,3166.1446
2025-01-07,125504,SBI Banking & PSU Fund - Direct Plan - Weekly Income Distribution cum Capital Withdrawal Option (IDCW),1391.4992
2025-01-07,125505,SBI Banking & PSU Fund - Direct Plan - Monthly Income Distribution cum Capital Withdrawal Option (IDCW),1274.4013
2025-01-07,125595,Aditya Birla Sun Life Banking and Financial Services Fund - Regular Plan - Growth,54.85
2025-01-07,125596,Aditya Birla Sun Life Banking and Financial Services Fund - REGULAR - IDCW,23.04
2025-01-07,125597,Aditya Birla Sun Life Banking and Financial Services Fund - Direct Plan - Growth,61.22
2025-01-07,125598,Aditya Birla Sun Life Banking and Financial Services Fund - DIRECT - IDCW,31.01
2025-01-07,125711,Shriram Aggressive Hybrid Fund- Direct Growth,35.6773
2025-01-07,125712,Shriram Aggressive Hybrid Fund- Direct- IDCW,28.1895
2025-01-07,125713,Shriram Aggressive Hybrid Fund- Regular Growth,31.4576
2025-01-07,125714,Shriram Aggressive Hybrid Fund- Regular-IDCW,25.1519
2025-01-07,126350,Invesco India - Invesco Pan European Equity Fund of Fund - Regular Plan - IDCW (Payout / Reinvestment),15.8064
2025-01-07,126351,Invesco India - Invesco Pan European Equity Fund of Fund - Regular Plan - Growth Option,15.8067
2025-01-07,126352,Invesco India - Invesco Pan European Equity Fund of Fund - Direct Plan - IDCW (Payout / Reinvestment),17.1262
2025-01-07,126353,Invesco India - Invesco Pan European Equity Fund of Fund - Direct Plan - Growth Option,17.1748
2025-01-07,126389,BANK OF INDIA Ultra Short Duration Fund- Direct Plan-Bonus,3140.5349
2025-01-07,126391,DSP Dynamic Asset Allocation Fund - Direct Plan - IDCW - Monthly,16.272
2025-01-07,126392,DSP Dynamic Asset Allocation Fund - Regular Plan - IDCW - Monthly,13.959
2025-01-07,126393,DSP Dynamic Asset Allocation Fund - Direct Plan - Growth,29.999
2025-01-07,126394,DSP Dynamic Asset Allocation Fund - Regular Plan - Growth,26.348
2025-01-07,126685,CANARA ROBECO CORPORATE BOND FUND - DIRECT PLAN - GROWTH OPTION,22.3746
2025-01-07,126686,CANARA ROBECO CORPORATE BOND FUND - DIRECT PLAN - IDCW (Payout/Reinvestment),12.2232
2025-01-07,126687,CANARA ROBECO CORPORATE BOND FUND - REGULAR PLAN - GROWTH OPTION,20.9465
2025-01-07,126688,CANARA ROBECO CORPORATE BOND FUND - REGULAR PLAN - IDCW (Payout/Reinvestment),11.4586
2025-01-07,126939,UTI Banking & PSU Fund- Regular Plan - Growth Option,21.0094
2025-01-07,126940,UTI Banking & PSU Fund - Direct Plan - Growth Option,21.3475
2025-01-07,126941,UTI Banking & PSU Fund - Regular Plan - Quarterly IDCW,14.4177
2025-01-07,126942,UTI Banking & PSU Fund - Direct Plan - Quarterly IDCW,15.8887
2025-01-07,127039,Motilal Oswal Midcap Fund-Regular Plan-Growth Option,110.8756
2025-01-07,127040,Motilal Oswal Midcap Fund-Regular - IDCW Payout/Reinvestment,55.4826
2025-01-07,127042,Motilal Oswal Midcap Fund-Direct Plan-Growth Option,126.384
2025-01-07,127044,Motilal Oswal Midcap Fund-Direct - IDCW Payout/Reinvestment,59.0815
2025-01-07,127070,HSBC Asia Pacific IDCW Yield Fund IDCW,18.0002
2025-01-07,127071,HSBC Asia Pacific (Ex Japan) Dividend Yield Fund - Growth Direct,23.2103
2025-01-07,127072,HSBC Asia Pacific IDCW Yield Fund Direct Plan IDCW,17.8836
2025-01-07,127073,HSBC Asia Pacific (Ex Japan) Dividend Yield Fund - Growth,21.5456
2025-01-07,127470,Bandhan Banking and PSU Fund - Regular Daily IDCW,10.8788
2025-01-07,127471,Bandhan Banking and PSU Fund - Direct Daily IDCW,10.4768
2025-01-07,127849,BANK OF INDIA BALANCED ADVANTAGE FUND REGULAR PLAN  GROWTH,23.8775
2025-01-07,127850,BANK OF INDIA BALANCED ADVANTAGE FUND DIRECT PLAN  GROWTH,25.631
2025-01-07,127851,BANK OF INDIA BALANCED ADVANTAGE FUND  REGULAR PLAN IDCW,16.659
2025-01-07,127852,BANK OF INDIA BALANCED ADVANTAGE FUND  DIRECT PLAN IDCW,15.4774
2025-01-07,128006,Kotak Medium Term Fund - Direct Growth,24.0773
2025-01-07,128009,Kotak Medium Term Fund - Growth,21.7616
2025-01-07,128050,HDFC Credit Risk Debt Fund - Quarterly IDCW - Direct Plan,10.6281
2025-01-07,128051,HDFC Credit Risk Debt Fund - Growth Option - Direct Plan,24.8694
2025-01-07,128052,HDFC Credit Risk Debt Fund - Quarterly IDCW Option,10.3046
2025-01-07,128053,HDFC Credit Risk Debt Fund - Growth Option,23.0813
2025-01-07,128078,Kotak Medium Term Fund - Standard Income Distribution cum capital withdrawal option,13.357
2025-01-07,128079,Kotak Medium Term Fund - Direct - Standard Income Distribution cum capital withdrawal option,24.0793
2025-01-07,128331,Nippon India ETF Nifty India Consumption,125.7441
2025-01-07,128626,HDFC Banking and PSU Debt Fund - IDCW Option - Direct Plan,10.0353
2025-01-07,128627,HDFC Banking and PSU Debt Fund - IDCW Option,10.1452
2025-01-07,128628,HDFC Banking and PSU Debt Fund - Growth Option,22.049
2025-01-07,128629,HDFC Banking and PSU Debt Fund - Growth Option - Direct Plan,22.9171
2025-01-07,128639,Nippon India ETF Nifty Dividend Opportunities 50,80.1174
2025-01-07,128820,NIPPON INDIA ARBITRAGE FUND - MONTHLY IDCW Option,13.4217
2025-01-07,128821,NIPPON INDIA ARBITRAGE FUND - DIRECT Plan - MONTHLY IDCW Option,14.5144
2025-01-07,129006,Franklin India Banking & PSU Debt Fund - Growth,21.5262
2025-01-07,129007,Franklin India Banking and PSU Debt Fund - IDCW,10.6606
2025-01-07,129008,Franklin India Banking & PSU Debt Fund - Direct - Growth,22.4518
2025-01-07,129009,Franklin India Banking and PSU Debt Fund - Direct - IDCW,11.2597
2025-01-07,129046,Motilal Oswal Flexi cap Fund Direct Plan-Growth Option,69.8795
2025-01-07,129047,Motilal Oswal Flexi Cap Fund Direct - IDCW Payout/Reinvestment,39.6897
2025-01-07,129048,Motilal Oswal Flexi Cap Fund Regular Plan-Growth Option,63.3423
2025-01-07,129049,Motilal Oswal Flexi cap Fund Regular - IDCW Payout/Reinvestment,38.3019
2025-01-07,129051,HDFC ARBITRAGE FUND - Regular Plan - Monthly IDCW Option,11.305
2025-01-07,129052,HDFC ARBITRAGE FUND -Direct Plan - Growth Option,19.503
2025-01-07,129053,HDFC ARBITRAGE FUND - Wholesale IDCW Option - Direct Plan,11.488
2025-01-07,129054,HDFC ARBITRAGE FUND - Monthly IDCW - Direct Plan,11.122
2025-01-07,129065,HSBC Aggressive Hybrid Active FOF - Growth,39.7486
2025-01-07,129187,Invesco India - Invesco Global Equity Income Fund of Fund - Regular Plan - Growth,26.2457
2025-01-07,129188,Invesco India - Invesco Global Equity Income Fund of Fund - Direct Plan - Growth,28.9204
2025-01-07,129189,Invesco India - Invesco Global Equity Income Fund of Fund - Regular Plan - IDCW (Payout / Reinvestment),26.2074
2025-01-07,129190,Invesco India - Invesco Global Equity Income Fund of Fund - Direct Plan - IDCW (Payout / Reinvestment),28.5876
2025-01-07,129191,HSBC Multi Asset Active FOF - Growth,34.6065
2025-01-07,129192,HSBC Multi Asset Active FOF IDCW,29.7906
2025-01-07,129193,HSBC Multi Asset Active FOF - Growth Direct,36.5747
2025-01-07,129194,HSBC Multi Asset Active FOF Direct Plan IDCW,20.5176
2025-01-07,129195,HSBC Income Plus Arbitrage Active FOF - Growth,20.8787
2025-01-07,129196,HSBC Income Plus Arbitrage Active FOF IDCW,17.7867
2025-01-07,129197,HSBC Income Plus Arbitrage Active FOF - Growth Direct,22.0739
2025-01-07,129198,HSBC Income Plus Arbitrage Active FOF Direct Plan IDCW,17.8772
2025-01-07,129199,HSBC Aggressive Hybrid Active FOF - Dividend,33.1567
2025-01-07,129200,HSBC Aggressive Hybrid Active FOF - Growth Direct,41.556
2025-01-07,129201,HSBC Aggressive Hybrid Active FOF - Dividend Direct,34.8903
2025-01-07,129210,Sundaram Infrastructure Advantage Fund Regular Plan - Income Distribution cum Capital Withdrawal (IDCW),56.8003
2025-01-07,129211,Sundaram Infrastructure Advantage Fund Direct Plan - Income Distribution cum Capital Withdrawal (IDCW),60.8416
2025-01-07,129212,Sundaram Infrastructure Advantage Fund Direct Plan - Growth,98.7465
2025-01-07,129213,Sundaram Infrastructure Advantage Fund Regular Plan - Growth,92.6617
2025-01-07,129309,ICICI Prudential Dividend Yield Equity Fund Direct Plan IDCW Option,27.48
2025-01-07,129310,ICICI Prudential Dividend Yield Equity Fund Growth Option,49.44
2025-01-07,129311,ICICI Prudential Dividend Yield Equity Fund IDCW Option,22.02
2025-01-07,129312,ICICI Prudential Dividend Yield Equity Fund Direct Plan Growth Option,54.79
2025-01-07,129436,Franklin India Money Market Fund Retail Option - Monthly - IDCW,10.4544
2025-01-07,129437,Franklin India Money Market Fund Retail Option - Direct - Monthly - IDCW,10.8745
2025-01-07,129438,Franklin India Feeder - Templeton European Opportunities Fund - Growth,10.038
2025-01-07,129439,Franklin India Feeder - Templeton European Opportunities Fund - IDCW,10.038
2025-01-07,129440,Franklin India Feeder - Templeton European Opportunities Fund - Direct - Growth,11.2617
2025-01-07,129441,Franklin India Feeder - Templeton European Opportunities Fund - Direct - IDCW,11.2617
2025-01-07,129646,Union Small Cap Fund - Direct Plan - IDCW Option,41.85
2025-01-07,129647,Union Small Cap Fund - Regular Plan - Growth Option,50.95
2025-01-07,129648,Union Small Cap Fund - Regular Plan - IDCW Option,44.25
2025-01-07,129649,Union Small Cap Fund - Direct Plan - Growth Option,55.92
2025-01-07,130013,ICICI Prudential Money Market Fund Option - IDCW Others,167.7897
2025-01-07,130037,Nippon India Medium Duration Fund - Growth Option,14.8287
2025-01-07,130050,Nippon India Medium Duration Fund - Direct Plan - Growth Option,16.0156
2025-01-07,130052,Nippon India Medium Duration Fund - Direct Plan - Bonus Option,16.0192
2025-01-07,130053,NIPPON INDIA MEDIUM DURATION FUND - IDCW Option,12.6892
2025-01-07,130054,NIPPON INDIA MEDIUM DURATION FUND - DIRECT Plan - IDCW Option,13.5087
2025-01-07,130055,NIPPON INDIA MEDIUM DURATION FUND - DIRECT Plan - QUARTERLY IDCW Option,10.9327
2025-01-07,130056,NIPPON INDIA MEDIUM DURATION FUND - QUARTERLY IDCW Option,10.8491
2025-01-07,130205,Edelweiss Arbitrage Fund- Regular Plan- Growth Option,18.7827
2025-01-07,130206,Edelweiss Arbitrage Fund- Direct Plan- Growth Option,20.0915
2025-01-07,130207,Edelweiss Arbitrage Fund - Regular Plan - IDCW Option,13.7834
2025-01-07,130208,Edelweiss Arbitrage Fund- Regular Plan -Bonus Option,18.7873
2025-01-07,130209,Edelweiss Arbitrage Fund - Direct Plan - IDCW Option,14.3635
2025-01-07,130309,Axis Credit Risk Fund - Regular Plan - Growth,20.5057
2025-01-07,130310,Axis Credit Risk Fund - Regular Plan - Weekly IDCW,10.1711
2025-01-07,130311,Axis Credit Risk Fund - Direct Plan - Weekly IDCW,10.2976
2025-01-07,130312,Axis Credit Risk Fund - Direct Plan - Monthly IDCW,10.1041
2025-01-07,130313,Axis Credit Risk Fund - Regular Plan - Monthly IDCW,10.1072
2025-01-07,130314,Axis Credit Risk Fund - Direct Plan - Growth,22.849
2025-01-07,130490,DSP Income Plus Arbitrage Omni FoF - Regular Plan - IDCW,16.9991
2025-01-07,130491,DSP Income Plus Arbitrage Omni FoF - Direct Plan - IDCW,18.732
2025-01-07,130492,DSP Income Plus Arbitrage Omni FoF - Regular Plan - Growth,20.6845
2025-01-07,130493,DSP Income Plus Arbitrage Omni FoF - Direct Plan - Growth,21.8209
2025-01-07,130496,HDFC Large and Mid Cap Fund - Growth Option,328.742
2025-01-07,130497,HDFC Large and Mid Cap Fund - IDCW Option,39.032
2025-01-07,130498,HDFC Large and Mid Cap Fund - Growth Option - Direct Plan,344.298
2025-01-07,130499,HDFC Large and Mid Cap Fund - IDCW Option - Direct Plan,49.928
2025-01-07,130501,HDFC Small Cap Fund - IDCW Option,49.717
2025-01-07,130502,HDFC Small Cap Fund - Growth Option,139.498
2025-01-07,130503,HDFC Small Cap Fund - Growth Option - Direct Plan,157.929
2025-01-07,130504,HDFC Small Cap Fund - IDCW Option - Direct Plan,73.12
2025-01-07,130533,HDFC Income Plus Arbitrage Active FOF - Growth Option,39.4191
2025-01-07,130540,HDFC Income Plus Arbitrage Active FOF - IDCW Option,34.542
2025-01-07,130543,HDFC Income Plus Arbitrage Active FOF - Growth Option - Direct Plan,43.3465
2025-01-07,130547,HDFC Income Plus Arbitrage Active FOF - IDCW Option - Direct Plan,38.0724
2025-01-07,130603,JM Arbitrage Fund (Regular) - Bonus Option - Principal Units,17.2291
2025-01-07,130604,JM Arbitrage Fund (Direct) - Bonus Option - Principal Units,18.0304
2025-01-07,130721,Invesco India Credit Risk Fund - Regular Plan - Growth,1818.3391
2025-01-07,130722,Invesco India Credit Risk Fund - Direct Plan - Growth,2012.5703
2025-01-07,130723,Invesco India Credit Risk Fund - Regular Plan - Monthly IDCW (Payout / Reinvestment),1335.426
2025-01-07,130724,Invesco India Credit Risk Fund - Direct Plan - Monthly IDCW (Payout / Reinvestment),1180.4057
2025-01-07,130725,Invesco India Credit Risk Fund - Direct Plan - Discretionary IDCW (Payout / Reinvestment),2027.5904
2025-01-07,130726,Invesco India Credit Risk Fund - Regular Plan - Discretionary IDCW (Payout / Reinvestment),1817.7725
2025-01-07,130771,Axis Arbitrage Fund - Regular Plan - Growth,18.1158
2025-01-07,130773,Axis Arbitrage Fund - Direct Plan - Growth,19.6139
2025-01-07,130774,Axis Arbitrage Fund - Direct Plan - Monthly IDCW,12.0454
2025-01-07,130776,Axis Arbitrage Fund - Regular Plan - Monthly IDCW,11.0767
2025-01-07,130787,Invesco India Arbitrage Fund - Direct Plan - Annual Bonus,33.3213
2025-01-07,130858,Nippon India Japan Equity Fund- Growth Plan- Bonus Option,18.872
2025-01-07,130859,NIPPON INDIA - JAPAN EQUITY FUND - IDCW Option,18.872
2025-01-07,130860,Nippon India Japan Equity Fund- Direct Plan- Growth Plan- Growth Option,20.9372
2025-01-07,130861,Nippon India Japan Equity Fund- Direct Plan- Growth Plan- Bonus Option,20.9372
2025-01-07,130863,Nippon India Japan Equity Fund- Growth Plan- Growth Option,18.872
2025-01-07,130864,NIPPON INDIA - JAPAN EQUITY FUND - DIRECT Plan - IDCW Option,20.9372
2025-01-07,130904,JM Aggressive Hybrid Fund (Direct) - Annual Bonus Option,138.9893
2025-01-07,131051,ICICI Prudential Constant Maturity Gilt Fund - Growth,23.4872
2025-01-07,131054,ICICI Prudential Constant Maturity Gilt Fund - Direct Plan - Quarterly IDCW,11.2034
2025-01-07,131057,ICICI Prudential Constant Maturity Gilt Fund - quarterly IDCW,10.9577
2025-01-07,131061,ICICI Prudential Constant Maturity Gilt Fund - Direct Plan - Growth,23.9933
2025-01-07,131297,DSP 10Y G-Sec Fund - Regular Plan - Growth,20.8379
2025-01-07,131298,DSP 10Y G-Sec Fund - Regular Plan - IDCW,11.0509
2025-01-07,131299,DSP 10Y G-Sec Fund - Regular Plan - IDCW - Monthly,10.6856
2025-01-07,131300,DSP 10Y G-Sec Fund - Regular Plan - IDCW - Quarterly,10.8739
2025-01-07,131301,DSP 10Y G-Sec Fund - Direct Plan - Growth,21.3277
2025-01-07,131302,DSP 10Y G-Sec Fund - Direct Plan - IDCW - Quarterly,10.8173
2025-01-07,131303,DSP 10Y G-Sec Fund - Direct Plan - IDCW - Monthly,10.5229
2025-01-07,131304,DSP 10Y G-Sec Fund - Direct Plan - IDCW,11.2657
2025-01-07,131331,Nippon India ETF BSE Sensex,882.1413
2025-01-07,131354,BANDHAN Balanced Advantage Fund Regular Plan IDCW,14.996
2025-01-07,131355,BANDHAN Balanced Advantage Fund Direct Plan Growth,27.307
2025-01-07,131356,BANDHAN Balanced Advantage Fund Direct Plan IDCW,17.116
2025-01-07,131357,BANDHAN Balanced Advantage Fund Regular Plan Growth,23.775
2025-01-07,131372,Kotak Equity Savings Fund - Regular - Growth,25.2198
2025-01-07,131373,Kotak Equity Savings Fund - Direct - Growth,27.5403
2025-01-07,131374,Kotak Equity Savings Fund - Regular - Monthly Payout of Income Distribution cum capital withdrawal option,18.465
2025-01-07,131375,Kotak Equity Savings Fund - Direct - Monthly Payout of Income Distribution cum capital withdrawal option,19.7712
2025-01-07,131382,Bandhan Short Duration Fund - Direct Plan - Periodic IDCW,21.1036
2025-01-07,131383,Bandhan Short Duration Fund - Regular Plan - Periodic IDCW,20.3062
2025-01-07,131384,Bandhan Medium Duration Fund - Direct Plan - Periodic IDCW,12.4378
2025-01-07,131385,Bandhan Medium Duration Fund - Regular Plan - Periodic IDCW,13.8177
2025-01-07,131386,Bandhan Medium to Long Duration Fund - Direct Plan - Periodic IDCW,16.6613
2025-01-07,131387,Bandhan Medium to Long Duration Fund - Regular Plan - Periodic IDCW,13.4851
2025-01-07,131388,Bandhan Money Market Fund -Direct Plan-Periodic IDCW,15.3927
2025-01-07,131389,Bandhan Money Market Fund - Regular Plan - Periodic IDCW,12.7333
2025-01-07,131390,Bandhan Gilt Fund with 10 year constant duration Fund - Direct Plan - Periodic IDCW,13.1775
2025-01-07,131391,Bandhan Gilt Fund with 10 year constant duration Fund - Regular Plan - Periodic IDCW,15.5922
2025-01-07,131394,Bandhan Gilt Fund - Direct Plan - Periodic IDCW,17.461
2025-01-07,131395,Bandhan Gilt Fund - Regular Plan B - Periodic IDCW,16.0778
2025-01-07,131396,BANDHAN Dynamic Bond Fund-Direct Plan-Periodic IDCW,12.8131
2025-01-07,131397,BANDHAN Dynamic Bond Fund - Regular Plan B - Periodic IDCW,13.1188
2025-01-07,131398,Bandhan Income Plus Arbitrage Active FOF - Direct Plan - Periodic IDCW,15.1681
2025-01-07,131399,Bandhan Income Plus Arbitrage Active FOF - Regular Plan - Periodic IDCW,14.6966
2025-01-07,131418,UTI Credit Risk Fund - Regular Plan - Monthly IDCW,9.859
2025-01-07,131419,UTI Credit Risk Fund - Direct Plan - Monthly IDCW,11.041
2025-01-07,131424,UTI Short Duration Fund - Regular Plan - Half-Yearly IDCW,13.0333
2025-01-07,131425,UTI Short Duration Fund - Direct Plan - Half Yearly Dividend Option,13.2257
2025-01-07,131444,UTI Ultra Short Duration Fund - Direct Plan - Monthly IDCW,1141.0171
2025-01-07,131445,UTI Ultra Short Duration Fund - Regular Plan - Monthly IDCW,1062.131
2025-01-07,131452,ICICI Prudential Equity & Debt Fund - Half Yearly IDCW,26.68
2025-01-07,131453,ICICI Prudential Equity & Debt Fund - Direct Plan - Half Yearly IDCW,29.72
2025-01-07,131476,JM Aggressive Hybrid Fund (Regular) - Annual IDCW,34.0182
2025-01-07,131477,JM Aggressive Hybrid Fund (Direct) - Annual IDCW,46.8215
2025-01-07,131480,ICICI Prudential Bond Fund - Direct Plan - Half Yearly IDCW,10.9366
2025-01-07,131481,ICICI Prudential Bond Fund - Half Yearly IDCW,11.2589
2025-01-07,131511,UTI Ultra Short Duration Fund - Regular Plan - Fortnightly IDCW,1322.6386
2025-01-07,131512,UTI Ultra Short Duration Fund - Direct Plan - Fortnightly IDCW,1327.0036
2025-01-07,131547,UTI Short Duration Fund - Regular Plan - Monthly IDCW,11.881
2025-01-07,131548,UTI Short Duration Fund - Direct Plan - Monthly IDCW,10.6135
2025-01-07,131578,360 ONE Focused Fund -Regular Plan - Growth,45.2553
2025-01-07,131579,360 ONE Focused Fund - Regular Plan - Dividend,40.0419
2025-01-07,131580,360 ONE Focused Fund-Direct Plan-Growth,51.0205
2025-01-07,131581,360 ONE Focused Fund - Direct Plan - Dividend,50.5002
2025-01-07,131665,Aditya Birla Sun Life Balanced Advantage Fund -REGULAR - IDCW,26.2
2025-01-07,131666,Aditya Birla Sun Life Balanced Advantage Fund - Regular Plan - Growth Option,100.31
2025-01-07,131670,Aditya Birla Sun Life Balanced Advantage Fund - Direct Plan - Growth Option,113.22
2025-01-07,131671,Aditya Birla Sun Life Balanced Advantage Fund -DIRECT - IDCW,29.61
2025-01-07,131863,Aditya Birla Sun Life Multi Asset Omni FoF-REGULAR - IDCW,58.0877
2025-01-07,131864,Aditya Birla Sun Life Multi Asset Omni FoF- Regular Plan - Growth Option,63.08
2025-01-07,131865,Aditya Birla Sun Life Multi Asset Omni FoF- Direct Plan - Growth Option,33.1127
2025-01-07,131866,Aditya Birla Sun Life Multi Asset Omni FOF-DIRECT - IDCW,31.5531
2025-01-07,131895,Aditya Birla Sun Life Income Plus Arbitrage Active FOF- REGULAR - IDCW,22.5442
2025-01-07,131896,Aditya Birla Sun Life Income Plus Arbitrage Active FOF- Regular Plan - Growth Option,35.9481
2025-01-07,131897,Aditya Birla Sun Life Income Plus Arbitrage Active FOF- DIRECT - IDCW,23.7555
2025-01-07,131898,Aditya Birla Sun Life Income Plus Arbitrage Active FOF- Direct Plan - Growth Option,37.9373
2025-01-07,132003,Aditya Birla Sun Life Global Excellence Equity Fund Of Fund-REGULAR - RETAIL - IDCW,32.4662
2025-01-07,132005,Aditya Birla Sun Life Global Excellence Equity Fund Of Fund- Retail Plan - Regular Plan - Growth Option,32.4461
2025-01-07,132009,Aditya Birla Sun Life Global Excellence Equity Fund Of Fund - Retail Plan - Direct Plan - Growth Option,34.4051
2025-01-07,132010,Aditya Birla Sun Life Global Excellence Equity Fund Of Fund-DIRECT - RETAIL - IDCW,34.4227
2025-01-07,132138,Aditya Birla SUn Life Global Emerging Opportunities Fund - Regular Plan - Growth Option,25.6067
2025-01-07,132139,Aditya Birla Sun Life Global Emerging Opportunities Fund - Regular - IDCW,25.6112
2025-01-07,132140,Aditya Birla Sun Life Global Emerging Opportunities Fund - Direct plan - Growth Option,26.7276
2025-01-07,132141,Aditya Birla Sun Life Global Emerging Opportunities Fund - Direct - IDCW,23.6392
2025-01-07,132174,Aditya Birla Sun Life Aggressive Hybrid Omni FOF- Regular Plan - Growth Option,40.0539
2025-01-07,132175,Aditya Birla Sun Life Aggressive Hybrid Omni FOF-  Regular -  IDCW,35.9256
2025-01-07,132178,Aditya Birla Sun Life Conservative Hybrid Active FOF- Regular Plan - Growth Option,32.4545
2025-01-07,132179,Aditya Birla Sun Life Conservative Hybrid Active FOF -Regular - IDCW,29.5269
2025-01-07,132180,Aditya Birla Sun Life Dynamic Asset Allocation Omni FOF- Regular Plan - Growth Option,50.953
2025-01-07,132181,Aditya Birla Sun Life Dynamic Asset Allocation Omni FOF-Regular - IDCW,46.64
2025-01-07,132183,Aditya Birla Sun Life Conservative Hybrid Active FOF- Direct Plan - Growth Option,34.4322
2025-01-07,132184,Aditya Birla Sun Life Conservative Hybrid Active FOF-Direct - IDCW,23.3787
2025-01-07,132185,Aditya Birla Sun Life Aggressive Hybrid Omni FOF- Direct Plan - Growth Option,42.7177
2025-01-07,132186,Aditya Birla Sun Life Dynamic Asset Allocation Omni FOF- Direct Plan - Growth Option,55.7513
2025-01-07,132187,Aditya Birla Sun Life Dynamic Asset Allocation Omni FOF- Direct - IDCW,51.0579
2025-01-07,132189,Aditya Birla Sun Life Aggressive Hybrid Omni FOF- Direct - IDCW,38.7331
2025-01-07,132756,Tata ELSS Fund-Growth-Direct Plan,50.1053
2025-01-07,132757,Tata ELSS Fund-Growth-Regular Plan,44.0316
2025-01-07,132848,HDFC Corporate Bond Fund - IDCW Option,18.8817
2025-01-07,132849,HDFC Corporate Bond Fund - IDCW Option - Direct Plan,19.5064
2025-01-07,132852,HDFC Medium Term Debt Fund - IDCW Option,18.2076
2025-01-07,132853,HDFC Medium Term Debt Fund - IDCW Option - Direct Plan,19.5053
2025-01-07,132871,NIPPON INDIA CREDIT RISK FUND - IDCW Option,18.3202
2025-01-07,132873,NIPPON INDIA CREDIT RISK FUND - DIRECT Plan - IDCW Option,19.8247
2025-01-07,132917,Aditya Birla Sun Life Dynamic Bond Fund -Regular - IDCW,12.5407
2025-01-07,132918,Aditya Birla Sun Life Dynamic Bond Fund -Direct - IDCW,13.5381
2025-01-07,132923,SBI Long Term Advantage Fund - Series I - Regular Plan - Income Distribution cum Capital Withdrawal Option (IDCW),36.0656
2025-01-07,132924,SBI LONG TERM ADVANTAGE FUND - SERIES I - REGULAR PLAN - GROWTH,42.8326
2025-01-07,132933,SBI LONG TERM ADVANTAGE FUND - SERIES I - DIRECT PLAN - GROWTH,44.4253
2025-01-07,132934,SBI Long Term Advantage Fund - Series I - Direct Plan - Income Distribution cum Capital Withdrawal Option (IDCW),37.4444
2025-01-07,132987,Franklin India Income Plus Arbitrage Active Fund of Funds- Growth Plan,19.0036
2025-01-07,132988,Franklin India Income Plus Arbitrage Active Fund of Funds- IDCW,19.0036
2025-01-07,132989,Franklin India Income Plus Arbitrage Active Fund of Funds- Growth Plan - Direct,21.3303
2025-01-07,132990,Franklin India Income Plus Arbitrage Active Fund of Funds - Direct - IDCW,21.3303
2025-01-07,132995,Aditya Birla Sun Life Equity Savings Fund - Direct Plan - Growth,23.21
2025-01-07,132996,Aditya Birla Sun Life Equity Savings Fund - Direct - IDCW,15.42
2025-01-07,132997,Aditya Birla Sun Life Equity Savings Fund - Regular - IDCW,13.14
2025-01-07,132998,Aditya Birla Sun Life Equity Savings Fund - Regular Plan - Growth,21.01
2025-01-07,133035,Kotak Aggressive Hybrid Fund - Direct Plan -Growth,71.195
2025-01-07,133036,Kotak Aggressive Hybrid Fund - Regular Plan -Growth,61.033
2025-01-07,133051,ICICI Prudential Equity Savings Fund - Cumulative option,21.61
2025-01-07,133052,ICICI Prudential Equity Savings Fund - Direct Plan - Quarterly IDCW,15.65
2025-01-07,133053,ICICI Prudential Equity Savings Fund - Quarterly IDCW,13.33
2025-01-07,133054,ICICI Prudential Equity Savings Fund - Direct Plan - Cumulative option,23.14
2025-01-07,133059,UTI Ultra Short Duration Fund - Direct Plan - Quarterly IDCW,1819.2491
2025-01-07,133122,Kotak Nifty Bank ETF,515.9524
2025-01-07,133127,UTI Low Duration Fund - Direct Plan - Flexi IDCW,1470.4737
2025-01-07,133130,UTI Low Duration Fund - Regular Plan - Flexi IDCW,1297.9169
2025-01-07,133147,HDFC Credit Risk Debt Fund - IDCW Option - Direct Plan,21.8006
2025-01-07,133148,HDFC Credit Risk Debt Fund - IDCW Option,21.254
2025-01-07,133180,UTI Dynamic Bond Fund - Direct Plan - Flexi IDCW,16.1639
2025-01-07,133265,Nippon India Gilt  Fund- Direct Plan- Growth Plan- Bonus Option,23.087
2025-01-07,133280,UTI Medium to Long Duration Fund - Direct Plan - Flexi IDCW,14.902
2025-01-07,133307,LIC MF Nifty 8-13 yr G-Sec ETF,26.8389
2025-01-07,133322,Sundaram Long Term Tax Advantage Fund Series I Regular Plan - Growth,31.3029
2025-01-07,133323,Sundaram Long Term Tax Advantage Fund Series I Regular Plan - Payout of Income Distribution cum Capital Withdrawal (IDCW),24.741
2025-01-07,133324,Sundaram Long Term Tax Advantage Fund Series I Direct Plan - Growth,32.0536
2025-01-07,133325,Sundaram Long Term Tax Advantage Fund Series I Direct Plan - Payout of Income Distribution cum Capital Withdrawal (IDCW),25.4547
2025-01-07,133344,UTI Credit Risk Fund - Regular Plan - Annual IDCW,10.9551
2025-01-07,133361,SBI LONG TERM ADVANTAGE FUND - SERIES II - REGULAR PLAN - GROWTH,43.392
2025-01-07,133362,SBI Long Term Advantage Fund - Series II - Regular Plan - Income Distribution cum Capital Withdrawal Option (IDCW),36.6937
2025-01-07,133363,SBI Long Term Advantage Fund - Series II - Direct Plan - Income Distribution cum Capital Withdrawal Option (IDCW),38.0744
2025-01-07,133364,SBI LONG TERM ADVANTAGE FUND - SERIES II - DIRECT PLAN - GROWTH,44.9906
2025-01-07,133365,HDFC Income Fund - Normal IDCW - Direct Plan,19.4937
2025-01-07,133366,HDFC Income Fund - Normal IDCW Option,17.6235
2025-01-07,133367,HDFC Short Term  Debt Fund - Normal IDCW - Direct Plan,18.7241
2025-01-07,133368,HDFC Short Term  Debt Fund - Normal IDCW Option,18.2264
2025-01-07,133369,HDFC Dynamic Debt Fund - Normal IDCW - Direct Plan,20.0224
2025-01-07,133370,HDFC Dynamic Debt Fund - Normal IDCW Option,18.525
2025-01-07,133383,Motilal Oswal ELSS Tax Saver Fund - IDCW Payout,34.9672
2025-01-07,133384,Motilal Oswal ELSS Tax Saver Fund Direct - IDCW Payout,43.966
2025-01-07,133385,Motilal Oswal ELSS Tax Saver Fund - Regular Plan - Growth Option,55.1083
2025-01-07,133386,Motilal Oswal ELSS Tax Saver Fund - Direct Plan - Growth Option,62.7451
2025-01-07,133387,UTI Money Market Fund - Direct Plan - Monthly IDCW,1469.9765
2025-01-07,133388,JM Dynamic Bond Fund - (Direct) - Half Yearly Bonus Option - Principal Units,42.569
2025-01-07,133389,JM Dynamic Bond Fund (Regular) - Half Yearly Bonus Option - Principal Units,40.0798
2025-01-07,133390,JM Dynamic Bond Fund (Regular) - Monthly IDCW,40.0445
2025-01-07,133394,JM Arbitrage Fund (Regular) - Annual Bonus Option - Principal Units,31.9924
2025-01-07,133395,JM Arbitrage Fund (Direct) - Annual Bonus Option - Principal Units,17.3048
2025-01-07,133396,JM Arbitrage Fund (Regular) - Quarterly Bonus Option - Principal Units,32.047
2025-01-07,133397,JM Arbitrage Fund (Direct) - Half Yearly Bonus Option - Principal Units,33.7393
2025-01-07,133398,JM Arbitrage Fund (Direct) - Quarterly Bonus Option - Principal Units,33.7492
2025-01-07,133399,JM Arbitrage Fund (Regular) - Half Yearly Bonus Option - Principal Units,32.047
2025-01-07,133400,JM Aggressive Hybrid Fund (Regular) - Bonus Option - Principal Units,125.8986
2025-01-07,133401,JM Aggressive Hybrid Fund (Direct) - Bonus Option - Principal Units,142.0618
2025-01-07,133402,JM Aggressive Hybrid Fund (Direct) - Half Yearly IDCW,99.8509
2025-01-07,133403,JM Aggressive Hybrid Fund (Regular) - Half Yearly Bonus Option - Principal Units,125.8986
2025-01-07,133404,JM Aggressive Hybrid Fund (Regular) - Monthly IDCW,88.6981
2025-01-07,133405,JM Aggressive Hybrid Fund (Regular) - Quarterly IDCW,31.6584
2025-01-07,133406,JM Aggressive Hybrid Fund (Direct) - Quarterly IDCW,35.1096
2025-01-07,133407,JM Aggressive Hybrid Fund (Regular) - Annual Bonus Option - Principal Units,125.8986
2025-01-07,133408,JM Aggressive Hybrid Fund (Regular) - Half Yearly IDCW,89.409
2025-01-07,133409,JM Aggressive Hybrid Fund (Direct) - Half Yearly Bonus Option - Principal Units,142.0618
2025-01-07,133410,JM Aggressive Hybrid Fund (Regular) - Quarterly Bonus Option - Principal Units,125.8986
2025-01-07,133411,JM Aggressive Hybrid Fund (Direct) - Quarterly Bonus Option - Principal Units,142.0618
2025-01-07,133412,JM Aggressive Hybrid Fund (Direct) - Monthly IDCW,99.8216
2025-01-07,133414,JM Dynamic Bond Fund (Direct) - Monthly IDCW,42.8466
2025-01-07,133445,Aditya Birla Sun Life Income Fund - Regular - IDCW,12.1493
2025-01-07,133446,Aditya Birla Sun Life Income Fund - Direct - IDCW,12.9199
2025-01-07,133469,UTI Low Duration Fund - Direct Plan - Half-Yearly IDCW,1340.5278
2025-01-07,133484,UTI Money Market Fund - Regular Plan - Monthly IDCW,1038.0773
2025-01-07,133486,Baroda BNP Paribas Credit Risk Fund -Regular-Growth Option,21.2723
2025-01-07,133488,Baroda BNP Paribas Credit Risk Fund -Direct-Growth Option,23.33
2025-01-07,133513,Aditya Birla Sun Life Manufacturing Equity Fund - Regular Plan - Growth,32.23
2025-01-07,133514,Aditya Birla Sun Life Manufacturing Equity Fund - Direct - IDCW,22.23
2025-01-07,133515,Aditya Birla Sun Life Manufacturing Equity Fund - Regular - IDCW,20.44
2025-01-07,133516,Aditya Birla Sun Life Manufacturing Equity Fund - Direct Plan - Growth,35.26
2025-01-07,133517,Baroda BNP Paribas Credit Risk Fund -Regular-Monthly IDCW,11.2509
2025-01-07,133518,Baroda BNP Paribas Credit Risk Fund -Regular-Quarterly IDCW,11.6934
2025-01-07,133520,Baroda BNP Paribas Credit Risk Fund -Direct- Monthly IDCW,14.2073
2025-01-07,133524,Baroda BNP Paribas Credit Risk Fund -Direct- Quarterly IDCW,12.6368
2025-01-07,133565,Nippon India Retirement Fund- Wealth Creation Scheme- Growth Plan - Growth Option,28.5389
2025-01-07,133566,NIPPON INDIA RETIREMENT FUND - WEALTH CREATION SCHEME - Direct Plan - IDCW Option,25.587
2025-01-07,133567,NIPPON INDIA RETIREMENT FUND - WEALTH CREATION SCHEME - IDCW Option,22.3211
2025-01-07,133568,Nippon India Retirement Fund- Wealth Creation Scheme- Direct Plan- Growth Plan - Growth Option,31.9913
2025-01-07,133569,Nippon India Retirement Fund- Income Generation Scheme- Direct Plan- Growth Plan - Growth Option,22.2055
2025-01-07,133570,NIPPON INDIA RETIREMENT FUND - INCOME GENERATION SCHEME - Direct Plan - IDCW Option,22.2055
2025-01-07,133571,NIPPON INDIA RETIREMENT FUND - INCOME GENERATION SCHEME - IDCW Option,19.6225
2025-01-07,133572,Nippon India Retirement Fund- Income Generation Scheme-Growth Plan - Growth Option,19.6198
2025-01-07,133628,Nippon India Retirement Fund- Income Generation Scheme- Growth Plan- Bonus Option,19.6198
2025-01-07,133629,Nippon India Retirement Fund- Income Generation Scheme- Direct Plan-Growth Plan- Bonus Option,22.2055
2025-01-07,133630,Nippon India Retirement Fund- Wealth Creation Scheme- Direct Plan-Growth Plan- Bonus Option,31.9913
2025-01-07,133631,Nippon India Retirement Fund- Wealth Creation Scheme- Growth Plan- Bonus Option,28.5389
2025-01-07,133679,BANDHAN Arbitrage Fund-Direct Plan-Annual IDCW,12.8919
2025-01-07,133680,BANDHAN Arbitrage Fund - Regular Plan - Annual IDCW,11.2421
2025-01-07,133681,BANDHAN Equity Savings Fund-Direct Plan-Annual IDCW,14.511
2025-01-07,133682,BANDHAN Equity Savings Fund - Regular Plan -Annual IDCW,13.217
2025-01-07,133709,LIC MF Large & Mid Cap Fund-Direct Plan-IDCW,35.5576
2025-01-07,133710,LIC MF Large & Mid Cap Fund-Direct Plan-Growth,44.8137
2025-01-07,133711,LIC MF Large & Mid Cap Fund-Regular Plan-Growth,39.2177
2025-01-07,133712,LIC MF Large & Mid Cap Fund-Regular Plan-IDCW,31.7527
2025-01-07,133733,UTI Low Duration Fund - Regular Plan - Fortnightly IDCW,1333.3437
2025-01-07,133782,Kotak Corporate Bond Fund- Regular Plan-Growth Option,3611.0275
2025-01-07,133787,Kotak Corporate Bond Fund- Regular Plan-Monthly Dividend Option,1176.333
2025-01-07,133791,Kotak Corporate Bond Fund- Direct Plan- Growth Option,3764.3443
2025-01-07,133792,Kotak Corporate Bond Fund- Direct Plan- Monthly Payout of Income Distribution cum capital withdrawal option,1075.8653
2025-01-07,133796,Kotak Infrastructure & Economic Reform Fund - Standard Plan-Growth,66.869
2025-01-07,133799,Kotak Infrastructure & Economic Reform Fund - Standard Plan-Payout of Income Distribution cum capital withdrawal option,53.479
2025-01-07,133800,Kotak Infrastructure & Economic Reform Fund- Direct Plan- Payout of Income Distribution cum capital withdrawal option,77.461
2025-01-07,133801,Kotak Infrastructure & Economic Reform Fund- Direct Plan- Growth Option,78.358
2025-01-07,133805,Kotak Low Duration Fund- Regular Plan-Growth Option,3221.0146
2025-01-07,133809,Kotak Low Duration Fund- Regular Plan-Standard Income Distribution cum capital withdrawal option,1227.7553
2025-01-07,133810,Kotak Low Duration Fund- Direct Plan- Growth Option,3499.5164
2025-01-07,133812,Kotak Low Duration Fund - Direct Plan- Standard Income Distribution cum capital withdrawal option,1487.1298
2025-01-07,133836,PGIM India Flexi Cap Fund - Regular Plan - Growth Option,35.13
2025-01-07,133837,PGIM India Flexi Cap Fund - Direct Plan - Dividend Option,23.06
2025-01-07,133838,PGIM India Flexi Cap Fund - Regular Plan - Dividend Option,20.56
2025-01-07,133839,PGIM India Flexi Cap Fund - Direct Plan - Growth Option,40.77
2025-01-07,133852,UTI Dynamic Bond Fund - Regular Plan - Annual IDCW,13.5393
2025-01-07,133857,SBI Banking & Financial Services Fund - Direct Plan - Income Distribution cum Capital Withdrawal Option (IDCW),37.4671
2025-01-07,133858,SBI BANKING & FINANCIAL SERVICES FUND - REGULAR PLAN - GROWTH,37.7452
2025-01-07,133859,SBI BANKING & FINANCIAL SERVICES FUND - DIRECT PLAN - GROWTH,41.9166
2025-01-07,133860,SBI Banking & Financial Services Fund - Regular Plan - Income Distribution cum Capital Withdrawal Option (IDCW),33.8971
2025-01-07,133865,NIPPON INDIA ELSS TAX SAVER FUND - DIRECT Plan - ANNUAL IDCW Option,23.9843
2025-01-07,133866,NIPPON INDIA ELSS TAX SAVER FUND - ANNUAL IDCW Option,22.2831
2025-01-07,133867,BANK OF INDIA Credit Risk Fund - Regular Plan,11.8092
2025-01-07,133868,BANK OF INDIA Credit Risk  Fund - Direct Plan,12.0754
2025-01-07,133869,UTI Medium to Long Duration Fund - Regular Plan - Annual IDCW,12.8785
2025-01-07,133872,UTI Medium to Long Duration Fund - Regular Plan - Flexi IDCW,13.6994
2025-01-07,133873,UTI Ultra Short Duration Fund - Regular Plan - Quarterly IDCW,1227.8114
2025-01-07,133894,Axis Short Duration Fund - Direct Plan - Regular IDCW,19.6826
2025-01-07,133895,Axis Short Duration Fund - Regular Plan - Regular IDCW,19.7778
2025-01-07,133908,LIC MF Banking and Financial Services Fund-Direct Plan-IDCW,21.1156
2025-01-07,133919,DSP Low Duration Fund - Regular Plan - IDCW - Daily,10.1814
2025-01-07,133920,DSP Low Duration Fund - Regular Plan - IDCW - Monthly,10.6088
2025-01-07,133921,DSP Low Duration Fund - Regular Plan - IDCW - Quarterly,10.7433
2025-01-07,133922,DSP Low Duration Fund - Direct Plan - IDCW - Daily,10.1268
2025-01-07,133923,DSP Low Duration Fund - Direct Plan - IDCW - Weekly,10.1364
2025-01-07,133924,DSP Low Duration Fund - Direct Plan - IDCW - Quarterly,10.774
2025-01-07,133925,DSP Low Duration Fund - Direct Plan - Growth,19.6965
2025-01-07,133926,DSP Low Duration Fund - Regular Plan - Growth,19.1002
2025-01-07,133927,DSP Low Duration Fund - Regular Plan - IDCW - Weekly,10.136
2025-01-07,133928,DSP Low Duration Fund - Direct Plan - IDCW - Monthly,11.7496
2025-01-07,133971,UTI Banking & PSU Fund - Regular Plan - Flexi IDCW,14.0891
2025-01-07,133972,UTI Banking & PSU Fund - Direct Plan - Flexi IDCW,18.3957
2025-01-07,133973,UTI Liquid Fund - Regular Plan - Annual IDCW,1827.4995
2025-01-07,133974,Tata Short Term Bond Fund- Direct Plan - Periodic Payout of IDCW Option,26.9037
2025-01-07,133975,Tata Short Term Bond Fund- Regular Plan - Periodic Payout of IDCW Option,24.3782
2025-01-07,134008,SBI Nifty Bank ETF,510.7774
2025-01-07,134013,SBI Nifty Next 50 ETF,707.3063
2025-01-07,134014,SBI BSE 100 ETF,273.358
2025-01-07,134015,LIC MF Banking and Financial Services Fund-Regular Plan-IDCW,18.9641
2025-01-07,134016,LIC MF Banking and Financial Services Fund-Regular Plan-Growth,18.9674
2025-01-07,134017,LIC MF Banking and Financial Services Fund-Direct Plan-Growth,21.2545
2025-01-07,134026,UTI Banking & PSU Fund - Direct Plan - Monthly IDCW,13.1282
2025-01-07,134383,Aditya Birla Sun Life Credit Risk Fund - Regular Plan - Growth,20.6058
2025-01-07,134385,Aditya Birla Sun Life Credit Risk Fund - Direct - IDCW,13.3912
2025-01-07,134386,Aditya Birla Sun Life Credit Risk Fund - Regular - IDCW,12.2558
2025-01-07,134387,Aditya Birla Sun Life Credit Risk Fund - Direct Plan - Growth,22.4868
2025-01-07,134388,Aditya Birla Sun Life Credit Risk Fund - Direct Plan - Bonus,22.4859
2025-01-07,134427,UTI Liquid Fund - Direct Plan - Annual IDCW,1838.4999
2025-01-07,134484,UTI Ultra Short Duration Fund - Regular Plan - Annual IDCW,1340.2305
2025-01-07,134493,Quantum Dynamic Bond Fund - Direct Plan Monthly IDCW,10.3337
2025-01-07,134494,Quantum Dynamic Bond Fund - Direct Plan Growth Option,20.8634
2025-01-07,134495,UTI Medium Duration Fund - Regular Plan - Monthly IDCW,12.6615
2025-01-07,134496,UTI Medium Duration Fund - Regular Plan - Quarterly IDCW,13.5155
2025-01-07,134497,UTI Medium Duration Fund - Regular Plan - Half-Yearly IDCW,12.6568
2025-01-07,134498,UTI Medium Duration Fund - Regular Plan - Flexi IDCW,12.9702
2025-01-07,134499,UTI Medium Duration Fund - Regular Plan - Growth Option,17.5567
2025-01-07,134500,UTI Medium Duration Fund - Regular Plan - Annual IDCW,12.8768
2025-01-07,134501,UTI Medium Duration Fund - Direct Plan - Monthly IDCW,10.5317
2025-01-07,134502,UTI Medium Duration Fund - Direct Plan - Quarterly IDCW,14.0417
2025-01-07,134503,UTI Medium Duration Fund - Direct Plan - Growth Option,18.7666
2025-01-07,134504,UTI Medium Duration Fund - Direct Plan - Half-Yearly IDCW,14.0564
2025-01-07,134505,UTI Medium Duration Fund - Direct Plan - Annual IDCW,13.9002
2025-01-07,134506,UTI Medium Duration Fund - Direct Plan - Flexi IDCW,14.591
2025-01-07,134517,UTI Short Duration Fund - Regular Plan - Annual IDCW,13.4554
2025-01-07,134545,Nippon India Banking and PSU Fund- Growth Plan- Growth Option,19.8757
2025-01-07,134547,Nippon India Banking and PSU  Fund- Direct Plan-Growth Plan- Growth Option,20.5883
2025-01-07,134548,NIPPON INDIA BANKING and PSU FUND - IDCW Option,19.8757
2025-01-07,134549,NIPPON INDIA BANKING and PSU FUND - MONTHLY IDCW Option,10.677
2025-01-07,134550,NIPPON INDIA BANKING and PSU FUND - Direct Plan - MONTHLY IDCW Option,10.7455
2025-01-07,134551,NIPPON INDIA BANKING and PSU FUND - QUARTERLY IDCW Option,10.7614
2025-01-07,134552,Nippon India Banking and PSU Fund- Direct Plan-Growth Plan- Bonus Option,20.5888
2025-01-07,134553,NIPPON INDIA BANKING and PSU  FUND - WEEKLY IDCW Option,10.3074
2025-01-07,134554,NIPPON INDIA BANKING and PSU FUND - Direct Plan - WEEKLY IDCW Option,10.3064
2025-01-07,134555,NIPPON INDIA BANKING and PSU  FUND - Direct Plan - IDCW Option,20.5883
2025-01-07,134556,NIPPON INDIA BANKING and PSU FUND - Direct Plan - QUARTERLY IDCW Option,10.8186
2025-01-07,134593,Nippon India Equity Savings Fund- Growth Plan- Growth Option,15.4336
2025-01-07,134594,Nippon India Equity Savings Fund- Direct Plan- Growth Plan-Growth Option,16.9111
2025-01-07,134595,Nippon India Equity Savings Fund- Direct Plan- Growth Plan- Bonus Option,16.9111
2025-01-07,134596,NIPPON INDIA EQUITY SAVINGS FUND - IDCW Option,13.2213
2025-01-07,134597,NIPPON INDIA EQUITY SAVINGS FUND - Direct Plan - IDCW Option,14.5776
2025-01-07,134598,NIPPON INDIA EQUITY SAVINGS FUND - MONTHLY IDCW Option,13.0415
2025-01-07,134599,NIPPON INDIA EQUITY SAVINGS FUND - Direct Plan - MONTHLY IDCW Option,14.3673
2025-01-07,134600,NIPPON INDIA EQUITY SAVINGS FUND - QUARTERLY IDCW Option,13.0324
2025-01-07,134601,NIPPON INDIA EQUITY SAVINGS FUND - Direct Plan - QUARTERLY IDCW Option,14.3533
2025-01-07,134602,Nippon India Equity Savings Fund- Growth Plan- Bonus Option,15.4336
2025-01-07,134639,SBI Equity Savings Fund - Regular Plan - Monthly Income Distribution cum Capital Withdrawal Option (IDCW),21.5163
2025-01-07,134640,SBI Equity Savings Fund - Direct Plan - Quarterly Income Distribution cum Capital Withdrawal Option (IDCW),24.1661
2025-01-07,134641,SBI Equity Savings Fund - Direct Plan - Monthly Income Distribution cum Capital Withdrawal Option (IDCW),23.359
2025-01-07,134642,SBI Equity Savings Fund - Regular Plan - Quarterly Income Distribution cum Capital Withdrawal Option (IDCW),21.946
2025-01-07,134643,SBI Equity Savings Fund - Direct Plan - Growth,25.5193
2025-01-07,134644,SBI Equity Savings Fund - Regular Plan - Growth,23.2081
2025-01-07,134763,UTI Money Market Fund - Regular Plan - Half-Yearly IDCW,1668.0273
2025-01-07,134782,Nippon India ETF Nifty 50 Value 20,154.2749
2025-01-07,134788,UTI Dynamic Bond Fund - Direct Plan - Half-Yearly IDCW,15.8545
2025-01-07,134813,Mirae Asset Aggressive Hybrid Fund - Direct Plan - Growth,35.356
2025-01-07,134814,Mirae Asset Aggressive Hybrid Fund - Direct Plan - IDCW,21.696
2025-01-07,134815,Mirae Asset Aggressive Hybrid Fund - Regular Plan - Growth,30.517
2025-01-07,134816,Mirae Asset Aggressive Hybrid Fund - Regular Plan - IDCW,17.953
2025-01-07,134846,LIC MF ULIS (10 Yrs. Single Premium)-Regular Plan-IDCW Reinvestment,35.5876
2025-01-07,134847,LIC MF ULIS (10 Yrs. Regular Premium Reducing Cover Monthly)-Regular Plan-IDCW Reinvestment,35.5876
2025-01-07,134863,LIC MF ULIS (10 Yrs. Regular Premium Uniform Cover Monthly)-Regular Plan-IDCW Reinvestment,35.5876
2025-01-07,134864,LIC MF ULIS (10 Yrs. Regular Premium Reducing Cover Yearly)-Regular Plan-IDCW Reinvestment,35.5876
2025-01-07,134865,LIC MF ULIS (10 Yrs. Regular Premium Reducing Cover Half-Yearly)-Regular Plan-IDCW Reinvestment,35.5876
2025-01-07,134867,LIC MF ULIS (10 Yrs. Regular Premium Uniform Cover Half-Yearly)-Regular Plan-IDCW Reinvestment,35.5876
2025-01-07,134868,LIC MF ULIS (10 Yrs. Regular Premium Uniform Cover Yearly)-Regular Plan-IDCW Reinvestment,35.5876
2025-01-07,134869,LIC MF ULIS (15 Yrs. Regular Premium Reducing Cover Monthly)-Regular Plan-IDCW Reinvestment,35.5876
2025-01-07,134870,LIC MF ULIS (15 Yrs. Regular Premium Reducing Cover Half-Yearly)-Regular Plan-IDCW Reinvestment,35.5876
2025-01-07,134871,LIC MF ULIS (15 Yrs. Regular Premium Reducing Cover Yearly)-Regular Plan-IDCW Reinvestment,35.5876
2025-01-07,134872,LIC MF ULIS (15 Yrs. Regular Premium Uniform Cover Monthly)-Regular Plan-IDCW Reinvestment,35.5876
2025-01-07,134873,LIC MF ULIS (15 Yrs. Regular Premium Uniform Cover Half-Yearly)-Regular Plan-IDCW Reinvestment,35.5876
2025-01-07,134874,LIC MF ULIS (15Yrs. Regular Premium Uniform Cover Yearly)-Regular Plan-IDCW Reinvestment,35.5876
2025-01-07,134875,LIC MF ULIS (10 Yrs. Single Premium)-Direct Plan-IDCW Reinvestment,39.3437
2025-01-07,134876,LIC MF ULIS (10 Yrs. Regular Premium Reducing Cover Monthly)-Direct Plan-IDCW Reinvestment,39.3437
2025-01-07,134877,LIC MF ULIS (10 Yrs. Regular Premium Reducing Cover Yearly)-Direct Plan-IDCW Reinvestment,39.3437
2025-01-07,134878,LIC MF ULIS (10 Yrs. Regular Premium Reducing Cover Half-Yearly)-Direct Plan-IDCW Reinvestment,39.3437
2025-01-07,134879,LIC MF ULIS (10 Yrs. Regular Premium Uniform Cover Half-Yearly)-Direct Plan-IDCW Reinvestment,39.3437
2025-01-07,134880,LIC MF ULIS (10 Yrs. Regular Premium Uniform Cover Yearly)-Direct Plan-IDCW Reinvestment,39.3437
2025-01-07,134881,LIC MF ULIS (10 Yrs. Regular Premium Uniform Cover Monthly)-Direct Plan-IDCW Reinvestment,39.3437
2025-01-07,134882,LIC MF ULIS (15 Yrs. Regular Premium Reducing Cover Half-Yearly)-Direct Plan-IDCW Reinvestment,39.3437
2025-01-07,134883,LIC MF ULIS (15 Yrs. Regular Premium Reducing Cover Yearly)-Direct Plan-IDCW Reinvestment,39.3437
2025-01-07,134884,LIC MF ULIS (15 Yrs. Regular Premium Reducing Cover Monthly)-Direct Plan-IDCW Reinvestment,39.3437
2025-01-07,134885,LIC MF ULIS (15 Yrs. Regular Premium Uniform Cover Half-Yearly)-Direct Plan-IDCW Reinvestment,39.3437
2025-01-07,134886,LIC MF ULIS (15 Yrs. Regular Premium Uniform Cover Yearly)-Direct Plan-IDCW Reinvestment,39.3437
2025-01-07,134887,LIC MF ULIS (15 Yrs. Regular Premium Uniform Cover Monthly)-Direct Plan-IDCW Reinvestment,39.3437
2025-01-07,134922,Nippon India US Equity Opportunities Fund- Growth Plan- Growth Option,34.137
2025-01-07,134923,Nippon India US Equity Opportunities Fund- Direct Plan- Growth Plan- Growth Option,37.8658
2025-01-07,134924,NIPPON INDIA - US EQUITY OPPORTUNITIES FUND - IDCW Option,34.137
2025-01-07,134925,NIPPON INDIA - US EQUITY OPPORTUNITIES FUND - Direct Plan - IDCW Option,37.8658
2025-01-07,134954,JM Large Cap Fund (Regular) - Quarterly IDCW,34.1831
2025-01-07,134955,JM Large Cap Fund (Regular) - Half Yearly IDCW,24.831
2025-01-07,134956,JM Large Cap Fund (Direct) - Monthly IDCW,70.1379
2025-01-07,134957,JM Large Cap Fund (Direct) - Half Yearly IDCW,70.2846
2025-01-07,134958,JM Large Cap Fund (Direct) - Annual IDCW,70.7793
2025-01-07,134959,JM Large Cap Fund (Regular) - Monthly IDCW,23.5359
2025-01-07,134960,JM Large Cap Fund (Direct) - Quarterly IDCW,70.7919
2025-01-07,134961,JM Large Cap Fund (Regular) - Annual IDCW,30.2372
2025-01-07,134972,UTI Money Market Fund - Regular Plan - Annual IDCW,1768.0212
2025-01-07,134973,UTI Money Market Fund - Direct Plan - Annual IDCW,1782.4237
2025-01-07,134998,UTI Medium to Long Duration Fund - Direct Plan - Half-Yearly IDCW,14.3419
2025-01-07,135051,UTI Credit Risk Fund - Regular Plan - Flexi IDCW,10.6576
2025-01-07,135106,SBI Nifty 50 ETF,250.2481
2025-01-07,135120,Axis Equity Savings Fund - Direct Plan - Growth,24.31
2025-01-07,135121,Axis Equity Savings Fund - Direct Plan - Monthly IDCW,13.99
2025-01-07,135122,Axis Equity Savings Fund - Regular Plan - Growth,21.62
2025-01-07,135123,Axis Equity Savings Fund - Regular Plan - Monthly IDCW,12.09
2025-01-07,135124,Axis Equity Savings Fund - Direct Plan - Quarterly IDCW,14.26
2025-01-07,135125,Axis Equity Savings Fund - Regular Plan - Quarterly IDCW,12.48
2025-01-07,135167,JM Arbitrage Fund (Regular) - Annual IDCW,14.0013
2025-01-07,135168,JM Arbitrage Fund (Regular) - Monthly IDCW,12.4599
2025-01-07,135169,JM Arbitrage Fund (Regular) - Quarterly IDCW,14.312
2025-01-07,135170,JM Arbitrage Fund (Regular) - Half Yearly IDCW,14.103
2025-01-07,135171,JM Arbitrage Fund (Direct) - Half Yearly IDCW,15.5815
2025-01-07,135172,JM Arbitrage Fund (Direct) - Monthly IDCW,13.6044
2025-01-07,135173,JM Arbitrage Fund (Direct) - Annual IDCW,15.3316
2025-01-07,135174,JM Arbitrage Fund (Direct) - Quarterly IDCW,16.0094
2025-01-07,135191,UTI Low Duration Fund - Direct Plan - Fortnightly IDCW,1342.0581
2025-01-07,135290,UTI Credit Risk Fund - Direct Plan - Annual IDCW,11.7356
2025-01-07,135320,UTI Nifty 50 ETF,257.6156
2025-01-07,135321,UTI BSE Sensex ETF,850.0458
2025-01-07,135336,UTI Dynamic Bond Fund - Regular Plan - Flexi IDCW,15.7689
2025-01-07,135341,Groww Value Fund (formerly known as Indiabulls Value Fund) - Direct Plan - Growth Option,29.9251
2025-01-07,135342,Groww Value Fund (formerly known as Indiabulls Value Fund)- Direct Plan- - Income Distribution cum capital withdrawal Option (Payout & Reinvestment),29.8147
2025-01-07,135343,Groww Value Fund (formerly known as Indiabulls Value Fund) - Regular Plan - Growth Option,25.2895
2025-01-07,135344,Groww Value Fund (formerly known as Indiabulls Value Fund)- Regular Plan - Income Distribution cum capital withdrawal Option (Payout & Reinvestment),25.2809
2025-01-07,135371,UTI Money Market Fund - Regular Plan - Fortnightly IDCW,1161.6313
2025-01-07,135390,ICICI Prudential Nifty 50 Index Fund - IDCW Option,31.5549
2025-01-07,135391,ICICI Prudential Nifty 50 Index Fund - Direct Plan IDCW Option,33.157
2025-01-07,135418,UTI Credit Risk Fund - Direct Plan - Half-Yearly IDCW,11.7822
2025-01-07,135419,UTI Credit Risk Fund - Regular Plan - Half-Yearly IDCW,11.0135
2025-01-07,135497,UTI Short Duration Fund - Direct Plan - Annual IDCW,13.1348
2025-01-07,135500,Kotak Bond Short Term Plan - Direct - Standard Income Distribution cum capital withdrawal option,15.5163
2025-01-07,135501,Kotak Bond Short Term Plan - Regular Plan - Normal Dividend,11.8392
2025-01-07,135536,UTI Dynamic Bond Fund - Direct Plan - Annual IDCW,14.4349
2025-01-07,135581,UTI Medium to Long Duration Fund - Regular Plan - Half-Yearly IDCW,13.9193
2025-01-07,135598,PGIM India ELSS Tax Saver Fund - Regular Plan - Growth Option,34.53
2025-01-07,135599,PGIM India ELSS Tax Saver Fund - Regular Plan - Dividend Option,19.76
2025-01-07,135600,PGIM India ELSS Tax Saver Fund - Direct Plan - Dividend Option,20.81
2025-01-07,135601,PGIM India ELSS Tax Saver Fund - Direct Plan - Growth Option,39.2
2025-01-07,135606,UTI Money Market Fund - Direct Plan - Fortnightly IDCW,1253.7243
2025-01-07,135607,LIC MF Nifty 50 ETF,260.8668
2025-01-07,135652,Navi ELSS Tax Saver Fund - Regular Plan IDCW Payout,28.6745
2025-01-07,135653,Navi ELSS Tax Saver Fund - Direct Plan IDCW Payout,33.2443
2025-01-07,135654,Navi ELSS Tax Saver Fund- Direct Plan- Growth Option,33.6586
2025-01-07,135655,Navi ELSS Tax Saver Fund- Regular Plan- Growth Option,28.6773
2025-01-07,135672,LIC MF BSE Sensex ETF,867.4449
2025-01-07,135677,Navi Large & Midcap Fund- Direct Plan- Growth Option,42.1148
2025-01-07,135678,Navi Large & Midcap Fund- Regular Plan- Growth Option,35.5704
2025-01-07,135679,Navi Large & Midcap Fund - Direct Normal IDCW Payout,41.6067
2025-01-07,135680,Navi Large & Midcap Fund - Regular Normal IDCW Payout,35.5666
2025-01-07,135681,Sundaram Long Term Tax Advantage Fund Series II Direct Plan - Payout of Income Distribution cum Capital Withdrawal (IDCW),27.1521
2025-01-07,135682,Sundaram Long Term Tax Advantage Fund Series II Direct Plan - Growth,35.1444
2025-01-07,135683,Sundaram Long Term Tax Advantage Fund Series II Regular Plan - Payout of Income Distribution cum Capital Withdrawal (IDCW),26.2245
2025-01-07,135684,Sundaram Long Term Tax Advantage Fund Series II Regular Plan - Growth,34.1267
2025-01-07,135721,UTI Liquid Fund - Regular Plan - Quarterly IDCW,1725.5644
2025-01-07,135744,Kotak Nifty 50 Value 20 ETF - Payout of Income Distribution cum capital withdrawal option,153.659
2025-01-07,135759,Axis Children's Fund - Lock in - Regular Growth,25.3363
2025-01-07,135760,Axis Children's Fund - Lock in - Regular Plan - IDCW,25.3501
2025-01-07,135761,Axis Children's Fund - No Lock in - Regular Plan - IDCW,25.329
2025-01-07,135762,Axis Children's Fund - Lock in - Direct Growth,28.6369
2025-01-07,135763,Axis Children's Fund - No Lock in - Direct Plan - IDCW,28.6698
2025-01-07,135764,Axis Children's Fund - No Lock in - Direct Growth,29.1666
2025-01-07,135765,Axis Children's Fund - Lock in - Direct Plan - IDCW,28.6126
2025-01-07,135766,Axis Children's Fund - No Lock in - Regular Plan - Growth,25.3332
2025-01-07,135781,Mirae Asset ELSS Tax Saver Fund - Direct Plan - Growth,52.176
2025-01-07,135782,Mirae Asset ELSS Tax Saver Fund - Direct Plan - IDCW,30.974
2025-01-07,135783,Mirae Asset ELSS Tax Saver Fund - Regular Plan - IDCW,26.446
2025-01-07,135784,Mirae Asset ELSS Tax Saver Fund - Regular Plan - Growth,46.352
2025-01-07,135789,TATA Banking & Financial Services Fund Direct Plan - Payout of Income Distribution cum capital withdrawal option,44.2552
2025-01-07,135790,TATA Banking & Financial Services Fund Regular Plan - Payout of Income Distribution cum capital withdrawal option,35.2137
2025-01-07,135791,TATA Banking & Financial Services Fund Regular Plan - Reinvestment of Income Distribution cum capital withdrawal option,35.2137
2025-01-07,135792,TATA Banking & Financial Services Fund Direct Plan - Reinvestment of Income Distribution cum capital withdrawal option,44.2552
2025-01-07,135793,Tata Banking And Financial Services Fund-Direct Plan-Growth,44.2552
2025-01-07,135794,Tata Banking And Financial Services Fund-Regular Plan-Growth,38.2858
2025-01-07,135795,TATA Digital India Fund Direct Plan - Payout of Income Distribution cum capital withdrawal option,62.1499
2025-01-07,135796,TATA Digital India Fund Regular Plan - Payout of Income Distribution cum capital withdrawal option,53.695
2025-01-07,135797,Tata Digital India Fund-Regular Plan-Growth,53.695
2025-01-07,135798,TATA Digital India Fund Direct Plan - Reinvestment of Income Distribution cum capital withdrawal option,62.1499
2025-01-07,135799,TATA Digital India Fund Regular Plan - Reinvestment of Income Distribution cum capital withdrawal option,53.695
2025-01-07,135800,Tata Digital India Fund-Direct Plan-Growth,62.1499
2025-01-07,135801,TATA India Consumer Fund Direct Plan - Reinvestment of Income Distribution cum capital withdrawal option,52.5413
2025-01-07,135802,TATA India Consumer Fund Regular Plan - Payout of Income Distribution cum capital withdrawal option,42.3851
2025-01-07,135803,TATA India Consumer Fund Regular Plan - Reinvestment of Income Distribution cum capital withdrawal option,42.3851
2025-01-07,135804,Tata India Consumer Fund-Regular Plan-Growth,45.9635
2025-01-07,135805,Tata India Consumer Fund-Direct Plan-Growth,52.5413
2025-01-07,135806,TATA India Consumer Fund Direct Plan - Payout of Income Distribution cum capital withdrawal option,52.5413
2025-01-07,135807,TATA India Pharma & Health Care Fund Direct Plan - Payout of Income Distribution cum capital withdrawal option,36.5986
2025-01-07,135808,TATA India Pharma & Healthcare Fund Direct Plan - Reinvestment of Income Distribution cum capital withdrawal option,36.5986
2025-01-07,135809,TATA India Pharma & Health Care Fund Regular Plan - Payout of Income Distribution cum capital withdrawal option,31.7253
2025-01-07,135810,Tata India Pharma & Healthcare Fund-Direct Plan-Growth,36.5986
2025-01-07,135811,TATA India Pharma & Healthcare Fund Regular Plan - Reinvestment of Income Distribution cum capital withdrawal option,31.7253
2025-01-07,135812,Tata India Pharma & Healthcare Fund-Regular Plan-Growth,31.7253
2025-01-07,135813,Tata Resources & Energy Fund-Direct Plan-Growth,48.819
2025-01-07,135814,TATA Resources & Energy Fund Regular Plan - Payout of Income Distribution cum capital withdrawal option,38.3845
2025-01-07,135815,Tata Resources & Energy Fund-Regular Plan-Growth,41.9651
2025-01-07,135816,TATA Resources & Energy Fund Direct Plan - Reinvestment of Income Distribution cum capital withdrawal option,48.819
2025-01-07,135817,TATA Resources & Energy Fund Direct Plan - Payout of Income Distribution cum capital withdrawal option,48.819
2025-01-07,135818,TATA Resources & Energy Fund Regular Plan - Reinvestment of Income Distribution cum capital withdrawal option,38.3845
2025-01-07,135853,HDFC NIFTY 50 ETF - Growth Plan,261.9465
2025-01-07,135854,HDFC BSE Sensex ETF - Growth Plan,87.0514
2025-01-07,135914,BANDHAN Corporate Bond Fund - Regular Growth,18.4174
2025-01-07,135915,BANDHAN Corporate Bond Fund - Regular Periodic IDCW,12.4158
2025-01-07,135916,BANDHAN Corporate Bond Fund - Direct Growth,18.9357
2025-01-07,135917,BANDHAN Corporate Bond Fund - Direct Periodic IDCW,12.5627
2025-01-07,135976,LIC MF ULIS (10 Yrs. Regular Premium Reducing Cover Quarterly)-Direct Plan-IDCW Reinvestment,39.3437
2025-01-07,135977,LIC MF ULIS (10 Yrs. Regular Premium Uniform Cover Quarterly)-Direct Plan-IDCW Reinvestment,39.3437
2025-01-07,135978,LIC MF ULIS (15 Yrs. Regular Premium Reducing Cover Quarterly)-Direct Plan-IDCW Reinvestment,39.3437
2025-01-07,135979,LIC MF ULIS (10 Yrs. Regular Premium Reducing Cover Quarterly)-Regular Plan-IDCW Reinvestment,35.5876
2025-01-07,135980,LIC MF ULIS (15 Yrs. Regular Premium Uniform Cover Quarterly)-Direct Plan-IDCW Reinvestment,39.3437
2025-01-07,135981,LIC MF ULIS (15 Yrs. Regular Premium Reducing Cover Quarterly)-Regular Plan-IDCW Reinvestment,35.5876
2025-01-07,135982,LIC MF ULIS (15 Yrs. Regular Premium Uniform Cover Quarterly)-Regular Plan-IDCW Reinvestment,35.5876
2025-01-07,135983,LIC MF ULIS (10 Yrs. Regular Premium Uniform Cover Quarterly)-Regular Plan-IDCW Reinvestment,35.5876
2025-01-07,136004,SBI Long Term Advantage Fund - Series III - Regular Plan - Growth,44.5678
2025-01-07,136005,SBI Long Term Advantage Fund - Series III - Regular Plan - Income Distribution cum Capital Withdrawal Option (IDCW),37.7383
2025-01-07,136006,SBI Long Term Advantage Fund - Series III - Direct Plan - Income Distribution cum Capital Withdrawal Option (IDCW),39.9766
2025-01-07,136007,SBI Long Term Advantage Fund - Series III - Direct Plan - Growth,47.434
2025-01-07,136090,HDFC Retirement Savings Fund - Equity Plan - Growth Option,49.177
2025-01-07,136094,HDFC Retirement Savings Fund - Equity Plan - Growth Option - Direct Plan,55.407
2025-01-07,136110,UTI Banking & PSU Fund - Regular Plan - Monthly IDCW,12.9282
2025-01-07,136111,Invesco India Ultra Short Duration Fund - Regular Plan - Daily IDCW (Reinvestment),1374.0255
2025-01-07,136112,Invesco India Ultra Short Duration Fund - Direct Plan - Daily IDCW (Reinvestment),1405.2924
2025-01-07,136113,ICICI Prudential Equity & Debt Fund - Annual IDCW,25.39
2025-01-07,136114,ICICI Prudential Equity & Debt Fund - Direct Plan - Annual IDCW,27.96
2025-01-07,136302,UTI Credit Risk Fund - Direct Plan - Flexi IDCW,11.74
2025-01-07,136345,UTI Low Duration Fund - Regular Plan - Half-Yearly IDCW,1346.9844
2025-01-07,136463,HDFC Retirement Savings Fund - Hybrid-Equity Plan - Growth Option,37.489
2025-01-07,136464,HDFC Retirement Savings Fund - Hybrid-Equity Plan - Growth Option - Direct Plan,42.303
2025-01-07,136465,HDFC Retirement Savings Fund - Hybrid-Debt Plan - Growth Option - Direct Plan,23.4211
2025-01-07,136466,HDFC Retirement Savings Fund - Hybrid-Debt Plan - Growth Option,20.8822
2025-01-07,136473,LIC MF Nifty 100 ETF,264.2264
2025-01-07,136563,DSP Equity Savings Fund - Regular Plan - Growth,21.041
2025-01-07,136564,DSP Equity Savings Fund - Regular Plan - IDCW,13.021
2025-01-07,136565,DSP Equity Savings Fund - Regular Plan - IDCW - Monthly,13.993
2025-01-07,136566,DSP Equity Savings Fund - Regular Plan - IDCW - Quarterly,13.922
2025-01-07,136567,DSP Equity Savings Fund - Direct Plan - Growth,23.48
2025-01-07,136568,DSP Equity Savings Fund - Direct Plan - IDCW,14.401
2025-01-07,136569,DSP Equity Savings Fund - Direct Plan - IDCW - Monthly,17.325
2025-01-07,136570,DSP Equity Savings Fund - Direct Plan - IDCW - Quarterly,17.174
2025-01-07,138285,PGIM India Liquid Fund - Daily Dividend,100.304
2025-01-07,138287,PGIM India Liquid Fund - Monthly Dividend,117.0165
2025-01-07,138288,PGIM India Liquid Fund - Growth,328.8798
2025-01-07,138289,PGIM India Liquid Fund - Weekly Dividend,100.583
2025-01-07,138297,PGIM India Liquid Fund - Direct Plan - Daily Dividend,118.5621
2025-01-07,138298,PGIM India Liquid Fund - Direct Plan - Monthly Dividend,116.528
2025-01-07,138299,PGIM India Liquid Fund - Direct Plan - Growth,332.6678
2025-01-07,138301,PGIM India Liquid Fund - Direct Plan - Weekly Dividend,100.584
2025-01-07,138307,PGIM India Large Cap Fund - Dividend,20.2
2025-01-07,138308,PGIM India Large Cap Fund - Growth,325.16
2025-01-07,138312,PGIM India Large Cap Fund - Direct Plan - Growth,382.69
2025-01-07,138313,PGIM India Large Cap Fund - Direct Plan - Dividend,28.62
2025-01-07,138315,PGIM India Corporate Bond Fund - Quarterly Dividend,11.403
2025-01-07,138316,PGIM India Corporate Bond Fund - Monthly Dividend,12.9494
2025-01-07,138317,PGIM India Corporate Bond Fund - Annual Dividend,10.7834
2025-01-07,138318,PGIM India Corporate Bond Fund - Growth,41.3623
2025-01-07,138329,PGIM India Corporate Bond Fund - Direct Plan - Annual Dividend,16.5191
2025-01-07,138330,PGIM India Corporate Bond Fund - Direct Plan - Growth,45.912
2025-01-07,138331,PGIM India Corporate Bond Fund - Direct Plan - Monthly Dividend,15.0691
2025-01-07,138332,PGIM India Corporate Bond Fund - Direct Plan - Quarterly Dividend,12.9485
2025-01-07,138341,PGIM India Ultra Short Duration Fund - Weekly Dividend,10.0834
2025-01-07,138342,PGIM India Ultra Short Duration Fund - Daily Dividend,10.0203
2025-01-07,138343,PGIM India Ultra Short Duration Fund - Growth,32.9506
2025-01-07,138344,PGIM India Ultra Short Duration Fund - Monthly Dividend,14.2305
2025-01-07,138358,PGIM India Ultra Short Duration Fund - Direct Plan - Growth,34.352
2025-01-07,138359,PGIM India Ultra Short Duration Fund - Direct Plan - Monthly Dividend,12.4079
2025-01-07,138361,PGIM India Ultra Short Duration Fund - Direct Plan - Daily Dividend,10.0179
2025-01-07,138362,PGIM India Ultra Short Duration Fund - Direct Plan - Weekly Dividend,10.2717
2025-01-07,138369,PGIM India Equity Savings Fund - Monthly Dividend option,12.7795
2025-01-07,138371,PGIM India Equity Savings Fund - Annual Dividend option,15.6722
2025-01-07,138372,PGIM India Equity Savings Fund - Growth Option,47.5582
2025-01-07,138375,PGIM India Equity Savings Fund - Direct Plan - Annual Dividend,16.5222
2025-01-07,138376,PGIM India Equity Savings Fund - Direct Plan - Growth,53.6517
2025-01-07,138377,PGIM India Equity Savings Fund - Direct Plan - Monthly Dividend,13.9616
2025-01-07,138381,PGIM India Aggressive Hybrid Equity Fund - Dividend Option,16.23
2025-01-07,138382,PGIM India Aggressive Hybrid Equity Fund - Growth Option,126.37
2025-01-07,138386,PGIM India Aggressive Hybrid Equity Fund - Direct Plan - Growth,149.64
2025-01-07,138387,PGIM India Aggressive Hybrid Equity Fund - Direct Plan - Dividend,28.49
2025-01-07,138453,PGIM India Emerging Markets Equity Fund of Fund- Growth,15.87
2025-01-07,138456,PGIM India Emerging Markets Equity Fund of Fund - Direct Plan - Growth,17.99
2025-01-07,138467,PGIM India Gilt Fund - Quarterly Dividend,13.6589
2025-01-07,138470,PGIM India Gilt Fund - Growth,29.1645
2025-01-07,138472,PGIM India Gilt Fund - Direct Plan - Growth,31.4156
2025-01-07,138474,PGIM India Gilt Fund - Direct Plan - Quarterly Dividend,14.4021
2025-01-07,138523,PGIM India Global Equity Opportunities Fund of Fund- Growth,43.7
2025-01-07,138528,PGIM India Global Equity Opportunities Fund of Fund- Direct Plan - Growth,49.21
2025-01-07,138875,PGIM India Arbitrage Fund - Direct Plan - Growth,18.9648
2025-01-07,138876,PGIM India Arbitrage Fund - Regular Plan - Growth,17.8063
2025-01-07,138877,PGIM India Arbitrage Fund - Direct Plan - Regular Dividend,12.7525
2025-01-07,138878,PGIM India Arbitrage Fund - Direct Plan - Monthly Dividend,11.3494
2025-01-07,138883,PGIM India Arbitrage Fund - Regular Plan - Monthly Dividend,11.2423
2025-01-07,138887,PGIM India Arbitrage Fund - Regular Plan - Regular Dividend,12.0996
2025-01-07,139181,UTI Dynamic Bond Fund - Regular Plan - Half-Yearly IDCW,14.6602
2025-01-07,139198,BANDHAN Corporate Bond Fund - Direct Monthly IDCW,10.3616
2025-01-07,139199,BANDHAN Corporate Bond Fund - Direct Quarterly IDCW,10.5065
2025-01-07,139200,BANDHAN Corporate Bond Fund - Direct Half Yearly IDCW,11.6258
2025-01-07,139201,BANDHAN Corporate Bond Fund - Direct Annual IDCW,10.8157
2025-01-07,139202,BANDHAN Corporate Bond Fund - Regular Monthly IDCW,10.615
2025-01-07,139203,BANDHAN Corporate Bond Fund - Regular Half Yearly IDCW,11.0106
2025-01-07,139204,BANDHAN Corporate Bond Fund - Regular Annual IDCW,10.7835
2025-01-07,139205,BANDHAN Corporate Bond Fund - Regular Quarterly IDCW,10.5459
2025-01-07,139235,Canara Robeco Liquid Fund -Unclaimed Redemption and Dividend Plan -Direct Growth Option,1667.0027
2025-01-07,139236,UTI MMF - Regular Plan - Flexi Dividend Option,1148.5394
2025-01-07,139339,UTI Medium to Long Duration Fund - Direct Plan - Annual IDCW,13.022
2025-01-07,139386,Navi Liquid Fund-Unclaimed Redemption and Dividend Plan less than 3 years,27.474
2025-01-07,139387,Invesco India Liquid Fund - Unclaimed Redemption Plan - Below 3 years,1659.1796
2025-01-07,139388,Invesco India Liquid Fund - Unclaimed Redemption Plan - Above 3 Years,1000.0
2025-01-07,139389,Invesco India Liquid Fund - Unclaimed Dividend Plan - Below 3 Years,1659.2715
2025-01-07,139390,Invesco India Liquid Fund - Unclaimed Dividend Plan - Above 3 Years,1000.0
2025-01-07,139407,UTI Banking & PSU Fund - Regular Plan - Half-Yearly IDCW,14.0301
2025-01-07,139430,SBI Nifty 10 yr Benchmark G-Sec ETF,243.5459
2025-01-07,139455,ICICI Prudential Nifty50 Value 20 ETF,15.0327
2025-01-07,139496,Nippon India ETF Nifty 8-13 yr G-Sec Long Term Gilt,27.2598
2025-01-07,139519,ICICI Prudential BSE Midcap Select ETF,18.1923
2025-01-07,139520,Axis Equity Savings Fund - Direct Plan - Regular IDCW,14.3
2025-01-07,139521,Axis Equity Savings Fund - Regular Plan - Regular IDCW,13.57
2025-01-07,139527,BANK OF INDIA MID & SMALL CAP EQUITY & DEBT FUND - DIRECT PLAN GROWTH,41.99
2025-01-07,139528,BANK OF INDIA MID & SMALL CAP EQUITY & DEBT FUND - REGULAR  PLAN IDCW,32.88
2025-01-07,139529,BANK OF INDIA MID & SMALL CAP EQUITY & DEBT FUND - REGULAR  PLAN  GROWTH,38.79
2025-01-07,139530,BANK OF INDIA MID & SMALL CAP EQUITY & DEBT FUND - DIRECT PLAN IDCW,34.27
2025-01-07,139534,Mahindra Manulife Liquid Fund - Regular Plan - Daily IDCW,1000.5686
2025-01-07,139535,Mahindra Manulife Liquid Fund - Direct Plan - Daily IDCW,1169.3808
2025-01-07,139536,Mahindra Manulife Liquid Fund - Direct Plan - Weekly IDCW,1003.9332
2025-01-07,139537,Mahindra Manulife Liquid Fund - Regular Plan - Growth,1644.3725
2025-01-07,139538,Mahindra Manulife Liquid Fund - Direct Plan -Growth,1661.1256
2025-01-07,139541,Mahindra Manulife Liquid Fund - Regular Plan - Weekly IDCW,1010.3422
2025-01-07,139568,UTI Ultra Short Duration Fund - Direct Plan - Annual IDCW,1378.1849
2025-01-07,139581,Aditya Birla Sun Life BSE Sensex ETF,77.3432
2025-01-07,139582,BANDHAN LIQUID Fund - Unclaimed IDCW Less than 3 years,1.6412
2025-01-07,139583,BANDHAN LIQUID Fund - Unclaimed IDCW More than 3 years,1.0
2025-01-07,139584,BANDHAN LIQUID Fund - Unclaimed Redemption Less than 3 years,1.6412
2025-01-07,139585,BANDHAN LIQUID Fund - Unclaimed Redemption More than 3 years,1.0
2025-01-07,139616,Taurus Unclaimed Dividend - Growth,16.5134
2025-01-07,139617,Taurus Unclaimed Redemption - Growth,16.514
2025-01-07,139618,Taurus Investor Education Pool - Unclaimed Redemption - Growth,10.0
2025-01-07,139619,Taurus Investor Education Pool - Unclaimed Dividend - Growth,10.0
2025-01-07,139679,NIPPON INDIA AGGRESSIVE HYBRID FUND - DIRECT Plan - MONTHLY IDCW Option,19.8707
2025-01-07,139680,NIPPON INDIA AGGRESSIVE HYBRID FUND - MONTHLY IDCW Option,18.1544
2025-01-07,139709,Sundaram Long Term Micro Cap Tax Advantage Fund Series III Regular Plan - Growth,32.844
2025-01-07,139710,Sundaram Long Term Micro Cap Tax Advantage Fund Series III Direct Plan - Payout of Income Distribution cum Capital Withdrawal (IDCW),29.6323
2025-01-07,139711,Sundaram Long Term Micro Cap Tax Advantage Fund Series III Direct Plan - Growth,33.7896
2025-01-07,139712,Sundaram Long Term Micro Cap Tax Advantage Fund Series III Regular Plan - Payout of Income Distribution cum Capital Withdrawal (IDCW),28.7361
2025-01-07,139780,Mahindra Manulife ELSS Tax Saver Fund - Regular Plan - IDCW,18.7119
2025-01-07,139781,Mahindra Manulife ELSS Tax Saver Fund - Direct Plan -Growth,31.6474
2025-01-07,139782,Mahindra Manulife ELSS Tax Saver Fund- Direct Plan - IDCW,22.5024
2025-01-07,139783,Mahindra Manulife ELSS Tax Saver Fund- Regular Plan - Growth,27.2034
2025-01-07,139820,PGIM India Aggressive Hybrid Equity Fund-Direct Plan-Monthly Dividend Option,27.27
2025-01-07,139821,PGIM India Aggressive Hybrid Equity Fund-Monthly Dividend Option,24.66
2025-01-07,139838,UTI Liquid Fund - Regular Plan - Fortnightly IDCW,1157.3966
2025-01-07,139839,BANDHAN Nifty 50 ETF,257.0239
2025-01-07,139840,BANDHAN BSE Sensex ETF,839.203
2025-01-07,139863,Motilal Oswal Balanced Advantage Fund (MOFDYNAMIC) - Regular Plan - Annual Dividend Payout Option,15.842
2025-01-07,139865,Motilal Oswal Balanced Advantage Fund Direct - Quarterly IDCW Payout/Reinvestment,14.2065
2025-01-07,139866,Motilal Oswal Balanced Advantage Fund Direct - Annual IDCW Payout/Reinvestment,16.5972
2025-01-07,139870,Motilal Oswal Balanced Advantage Fund (MOFDYNAMIC) - Regular Plan - Growth Option,20.7975
2025-01-07,139871,Motilal Oswal Balanced Advantage Fund Regular - Quarterly IDCW Payout/Reinvestment,13.3963
2025-01-07,139872,Motilal Oswal Balanced Advantage Fund  (MOFDYNAMIC) - Direct Plan - Growth Option,22.9453
2025-01-07,139889,Franklin India Liquid Fund - Unclaimed Redemption Plan - Growth,16.1714
2025-01-07,139890,Franklin India Liquid Fund - Unclaimed IDCW Plan - Growth,16.1714
2025-01-07,139891,Franklin India Liquid Fund - Unclaimed Redemption Investor Education Plan - Growth,10.0
2025-01-07,139892,Franklin India Liquid Fund - Unclaimed IDCW Investor Education Plan - Growth,10.0
2025-01-07,139989,Sundaram Long Term Micro Cap Tax Advantage Fund Series IV Direct Plan - Payout of Income Distribution cum Capital Withdrawal (IDCW),27.6993
2025-01-07,139990,Sundaram Long Term Micro Cap Tax Advantage Fund Series IV Direct Plan - Growth,29.1021
2025-01-07,139991,Sundaram Long Term Micro Cap Tax Advantage Fund Series IV Regular Plan - Payout of Income Distribution cum Capital Withdrawal (IDCW),27.0769
2025-01-07,139992,Sundaram Long Term Micro Cap Tax Advantage Fund Series IV Regular Plan - Growth,28.4784
2025-01-07,140023,UTI Money Market Fund - Direct Plan - Half-Yearly IDCW,1677.9606
2025-01-07,140024,UTI Liquid Fund - Direct Plan - Quarterly IDCW,1736.3375
2025-01-07,140084,Nippon India ETF Nifty 50 BeES,264.7357
2025-01-07,140085,Nippon India ETF Nifty Next 50 Junior BeES,714.1737
2025-01-07,140086,Nippon India ETF Nifty 1D Rate Liquid BeES - DAILY IDCW Option,1000.0
2025-01-07,140087,Nippon India ETF Nifty Bank BeES,515.0656
2025-01-07,140088,Nippon India ETF Gold BeES,64.6442
2025-01-07,140089,Nippon India ETF Nifty PSU Bank BeES,71.0218
2025-01-07,140094,Nippon India ETF Nifty 50 Shariah BeES,534.4953
2025-01-07,140095,Nippon India ETF Hang Seng BeES,306.9111
2025-01-07,140102,Nippon India ETF Nifty Infrastructure BeES,873.6914
2025-01-07,140107,CPSE ETF,86.004
2025-01-07,140116,UTI Banking & PSU Fund - Regular Plan - Annual IDCW,12.8891
2025-01-07,140135,UTI Banking & PSU Fund - Direct Plan - Annual IDCW,13.1084
2025-01-07,140172,Edelweiss Large & Mid Cap Fund - Regular Plan - Growth Option,86.426
2025-01-07,140173,Edelweiss Large and Mid Cap Fund - Regular Plan - IDCW Option,32.962
2025-01-07,140174,Edelweiss Large and Mid Cap Fund - Direct Plan - IDCW Option,39.145
2025-01-07,140175,Edelweiss Large & Mid Cap Fund - Direct Plan - Growth Option,100.919
2025-01-07,140176,Edelweiss Liquid Fund - Retail Plan - Growth Option,2938.1266
2025-01-07,140177,Edelweiss Liquid Fund - Retail Plan Daily - IDCW Option,1057.9813
2025-01-07,140178,Edelweiss Liquid Fund - Retail Plan - Weekly Dividend Option,1230.9637
2025-01-07,140180,Edelweiss Liquid Fund - Retail Plan Monthly - IDCW Option,1247.1241
2025-01-07,140181,Edelweiss Liquid Fund - Regular Plan Daily - IDCW Option,1196.2635
2025-01-07,140182,Edelweiss Liquid Fund - Regular Plan - Growth Option,3230.7769
2025-01-07,140183,Edelweiss Liquid Fund - Regular Plan Monthly - IDCW Option,1085.5085
2025-01-07,140184,Edelweiss Liquid Fund - Regular Plan Fortnightly - IDCW Option,2157.6433
2025-01-07,140185,Edelweiss Liquid Fund - Regular Plan Weekly - IDCW Option,1206.8885
2025-01-07,140188,Edelweiss Liquid Fund - Regular Plan Annual - IDCW Option,2235.419
2025-01-07,140189,Edelweiss Liquid Fund - Regular Plan - Bonus Option,1881.9358
2025-01-07,140190,Edelweiss Liquid Fund - Regular Plan - IDCW Option,3230.7792
2025-01-07,140192,Edelweiss Liquid Fund - Direct Plan Annual - IDCW Option,3295.5864
2025-01-07,140193,Edelweiss Liquid Fund - Direct Plan daily - IDCW Option,1115.5332
2025-01-07,140194,Edelweiss Liquid Fund - Direct Plan - Bonus Option,1917.3242
2025-01-07,140195,Edelweiss Liquid Fund - Direct Plan weekly - IDCW Option,2173.0516
2025-01-07,140196,Edelweiss Liquid Fund - Direct Plan - Growth Option,3295.6088
2025-01-07,140197,Edelweiss Liquid Fund - Direct Plan Monthly - IDCW Option,1007.1737
2025-01-07,140198,Edelweiss Liquid Fund - Direct Plan - IDCW Option,3295.6224
2025-01-07,140199,Edelweiss Liquid Fund - Direct Plan Fortnightly - IDCW Option,2478.7552
2025-01-07,140225,Edelweiss Mid Cap Fund - Regular Plan - Growth Option,100.424
2025-01-07,140226,Edelweiss Mid Cap Fund - Regular Plan - IDCW Option,57.897
2025-01-07,140227,Edelweiss Mid Cap Fund - Direct Plan - IDCW Option,84.9
2025-01-07,140228,Edelweiss Mid Cap Fund - Direct Plan - Growth Option,116.433
2025-01-07,140229,Edelweiss Money Market Fund - Regular Plan - Growth Option,27.4493
2025-01-07,140230,Edelweiss Money Market Fund - Institutional Plan - Growth Option,23.4892
2025-01-07,140232,Edelweiss Money Market Fund - Regular Plan - IDCW Option,25.8212
2025-01-07,140233,Edelweiss Money Market Fund - Regular Plan - Annual - IDCW Option,27.2223
2025-01-07,140235,Edelweiss Money Market Fund - Direct Plan - IDCW Option,28.1248
2025-01-07,140236,Edelweiss Money Market Fund - Direct Plan - Annual - IDCW Option,30.1555
2025-01-07,140237,Edelweiss Money Market Fund - Direct Plan - Growth Option,30.1594
2025-01-07,140242,Edelweiss Greater China Equity Off-shore Fund - Regular Plan - Growth Option,37.308
2025-01-07,140243,Edelweiss Greater China Equity Off-shore Fund - Direct Plan - Growth Option,41.729
2025-01-07,140255,Edelweiss ASEAN Equity Off-shore Fund - Regular Plan - Growth Option,27.861
2025-01-07,140256,Edelweiss ASEAN Equity Off-shore Fund - Direct Plan - Growth Option,30.984
2025-01-07,140273,Edelweiss US Value Equity Offshore Fund - Regular Plan - Growth Option,31.8747
2025-01-07,140274,Edelweiss US Value Equity Offshore Fund - Direct Plan - Growth Option,35.0678
2025-01-07,140283,Edelweiss Banking and PSU Debt Fund - Regular Plan - Growth Option,23.584
2025-01-07,140284,Edelweiss Banking and PSU Debt Fund - Regular Plan - IDCW Option,17.8293
2025-01-07,140286,Edelweiss Banking and PSU Debt Fund - Direct Plan - Growth Option,24.4022
2025-01-07,140288,Edelweiss Banking and PSU Debt Fund - Direct Plan - IDCW Option,18.6059
2025-01-07,140289,Edelweiss Banking and PSU Debt Fund - Regular Plan Weekly - IDCW Option,10.1658
2025-01-07,140290,Edelweiss Banking and PSU Debt Fund - Direct Plan weekly - IDCW Option,10.5719
2025-01-07,140291,Edelweiss Banking and PSU Debt Fund - Direct Plan Fortnightly - IDCW Option,14.578
2025-01-07,140292,Edelweiss Banking and PSU Debt Fund - Regular Plan Monthly - IDCW Option,11.1861
2025-01-07,140293,Edelweiss Banking and PSU Debt Fund - Direct Plan Monthly - IDCW Option,10.942
2025-01-07,140294,Edelweiss Banking and PSU Debt Fund - Regular Plan Fortnightly - IDCW Option,14.1133
2025-01-07,140295,Edelweiss Europe Dynamic Equity Offshore Fund - Growth Option - Regular Plan,18.6872
2025-01-07,140296,Edelweiss Europe Dynamic Equity Offshore Fund - Growth Option - Direct Plan,20.5263
2025-01-07,140297,Edelweiss Government Securities Fund - Regular Plan - Growth Option,23.7421
2025-01-07,140298,Edelweiss Government Securities Fund - Direct Plan - Growth Option,25.1824
2025-01-07,140301,Edelweiss Government Securities Fund - Regular Plan - IDCW Option,23.7579
2025-01-07,140302,Edelweiss Government Securities Fund - Direct Plan - IDCW Option,25.0822
2025-01-07,140303,Edelweiss Government Securities Fund - Regular Plan Weekly - IDCW Option,10.3323
2025-01-07,140304,Edelweiss Government Securities Fund - Direct Plan weekly - IDCW Option,15.3642
2025-01-07,140306,Edelweiss Government Securities Fund - Direct Plan Fortnightly - IDCW Option,24.5175
2025-01-07,140307,Edelweiss Government Securities Fund - Regular Plan Monthly - IDCW Option,10.5183
2025-01-07,140308,Edelweiss Government Securities Fund - Direct Plan Monthly - IDCW Option,16.7251
2025-01-07,140309,Edelweiss Government Securities Fund - Direct Plan - Annual Dividend Option,25.1866
2025-01-07,140310,Edelweiss Government Securities Fund - Regular Plan - Annual - IDCW Option,23.7528
2025-01-07,140327,Edelweiss Emerging Markets Opportunities Equity Offshore Fund - Direct Plan - Growth Option,16.3964
2025-01-07,140328,Edelweiss Emerging Markets Opportunities Equity Offshore Fund - Regular Plan - Growth Option,15.1598
2025-01-07,140347,Edelweiss Equity Savings Fund - Direct Plan - Growth Option,26.6386
2025-01-07,140348,Edelweiss Equity Savings Fund - Direct Plan - IDCW Option,19.364
2025-01-07,140349,Edelweiss Equity Savings Fund - Regular Plan - IDCW Option,16.7671
2025-01-07,140350,Edelweiss Equity Savings Fund - Direct Plan - Bonus Option,26.6492
2025-01-07,140351,Edelweiss Equity Savings Fund - Regular Plan - Growth Option,24.26
2025-01-07,140353,Edelweiss Flexi Cap Fund - Direct Plan - Growth Option,43.285
2025-01-07,140354,Edelweiss Flexi Cap Fund - Direct Plan - IDCW Option,35.537
2025-01-07,140355,Edelweiss Flexi Cap Fund - Regular Plan - Growth Option,37.721
2025-01-07,140356,Edelweiss Flexi Cap Fund - Regular - IDCW Option,30.972
2025-01-07,140381,Bandhan Aggressive Hybrid Fund-Regular Plan Growth,25.068
2025-01-07,140382,Bandhan Aggressive Hybrid Fund-Direct Plan Growth,28.124
2025-01-07,140383,Bandhan Aggressive Hybrid Fund-Direct Plan IDCW,21.857
2025-01-07,140384,Bandhan Aggressive Hybrid Fund-Regular Plan IDCW,19.497
2025-01-07,140437,Navi Liquid Fund-Unclaimed Redemption and Dividend Plan greater than 3 years,10.0
2025-01-07,140442,Mahindra Manulife Equity Savings Fund -Direct Plan -Quarterly IDCW,16.966
2025-01-07,140444,Mahindra Manulife Equity Savings Fund - Direct Plan -Growth,22.9419
2025-01-07,140446,Mahindra Manulife Equity Savings Fund -Regular Plan -Quarterly IDCW,14.1561
2025-01-07,140447,Mahindra Manulife Equity Savings Fund - Regular Plan - Growth,19.8288
2025-01-07,140463,Baroda BNP Paribas Short Duration Fund - Direct Plan - Quarterly IDCW,11.1162
2025-01-07,140465,Baroda BNP Paribas Short Duration Fund - Regular Plan - Quarterly IDCW,10.6028
2025-01-07,140486,SBI Long Term Advantage Fund - Series IV - Direct Plan - Income Distribution cum Capital Withdrawal Option (IDCW),41.7283
2025-01-07,140487,SBI Long Term Advantage Fund - Series IV - Direct Plan - Growth,49.1774
2025-01-07,140488,SBI Long Term Advantage Fund - Series IV - Regular Plan - Growth,46.9502
2025-01-07,140489,SBI Long Term Advantage Fund - Series IV - Regular Plan - Income Distribution cum Capital Withdrawal Option (IDCW),39.7762
2025-01-07,140504,UTI Liquid Fund - Direct Plan - Half-Yearly IDCW,1436.1089
2025-01-07,140517,UTI Liquid Fund - Regular Plan - Flexi IDCW,1506.1849
2025-01-07,140530,CANARA ROBECO ULTRA SHORT TERM FUND- REGULAR PLAN - IDCW (Payout),1508.514
2025-01-07,140603,BANDHAN Credit Risk Fund-Direct Plan-Growth,17.0871
2025-01-07,140604,BANDHAN Credit Risk Fund-Direct Plan-Quarterly IDCW,10.5965
2025-01-07,140606,BANDHAN Credit Risk Fund-Direct Plan-Periodic IDCW,12.513
2025-01-07,140607,BANDHAN Credit Risk Fund - Regular Plan Quarterly IDCW,10.4222
2025-01-07,140608,BANDHAN Credit Risk Fund - Regular Plan Annual IDCW,10.7183
2025-01-07,140609,BANDHAN Credit Risk Fund - Regular Plan Growth,15.8185
2025-01-07,140610,BANDHAN Credit Risk Fund-Direct Plan-Annual IDCW,10.8625
2025-01-07,140611,BANDHAN Credit Risk Fund - Regular Plan Half Yearly IDCW,10.244
2025-01-07,140612,BANDHAN Credit Risk Fund - Regular Plan Periodic IDCW,12.2837
2025-01-07,140613,Mahindra Manulife Low Duration Fund - Direct Plan -Growth,1684.5102
2025-01-07,140614,Mahindra Manulife Low Duration Fund - Regular Plan - Daily IDCW,1004.5159
2025-01-07,140615,Mahindra Manulife Low Duration Fund - Regular Plan - Weekly IDCW,1052.8895
2025-01-07,140616,Mahindra Manulife Low Duration Fund - Regular Plan - Monthly IDCW,1115.3648
2025-01-07,140617,Mahindra Manulife Low Duration Fund - Direct Plan - Daily IDCW,1135.981
2025-01-07,140618,Mahindra Manulife Low Duration Fund - Direct Plan - Weekly IDCW,1030.5072
2025-01-07,140619,Mahindra Manulife Low Duration Fund - Direct Plan - Monthly IDCW,1135.1046
2025-01-07,140620,Mahindra Manulife Low Duration Fund - Regular Plan - Growth,1576.3339
2025-01-07,140769,Mirae Asset Dynamic Bond Fund -Direct Plan -Growth,16.9183
2025-01-07,140770,Mirae Asset Dynamic Bond Fund Direct IDCW,16.9082
2025-01-07,140771,Mirae Asset Dynamic Bond Fund-Regular Plan Growth,15.539
2025-01-07,140772,Mirae Asset Dynamic Bond Fund Regular IDCW,15.5393
2025-01-07,140809,Groww Largecap Fund (formerly known as Indiabulls Bluechip Fund)- Direct Plan- Monthly - Income Distribution cum capital withdrawal Option (Payout & Reinvestment),21.78
2025-01-07,140810,Groww Largecap Fund (formerly known as Indiabulls Bluechip Fund)- Regular Plan- Monthly - Income Distribution cum capital withdrawal Option (Payout & Reinvestment),23.57
2025-01-07,140811,Groww Largecap Fund (formerly known as Indiabulls Bluechip Fund)- Direct Plan- Quarterly - Income Distribution cum capital withdrawal Option (Payout & Reinvestment),27.21
2025-01-07,140812,Groww Largecap Fund (formerly known as Indiabulls Bluechip Fund)- Regular Plan- Quarterly - Income Distribution cum capital withdrawal Option (Payout & Reinvestment),24.44
2025-01-07,140813,Groww Largecap Fund (formerly known as Indiabulls Bluechip Fund)- Regular Plan- Half Yearly - Income Distribution cum capital withdrawal Option (Payout & Reinvestment),24.57
2025-01-07,140814,Groww Largecap Fund (formerly known as Indiabulls Bluechip Fund)- Direct Plan- Half Yearly -Income Distribution cum capital withdrawal Option (Payout & Reinvestment),27.42
2025-01-07,140815,Groww Value Fund (formerly known as Indiabulls Value Fund)- Direct Plan- Monthly - Income Distribution cum capital withdrawal Option (Payout & Reinvestment),21.9491
2025-01-07,140816,Groww Value Fund (formerly known as Indiabulls Value Fund)- Regular Plan- Monthly - Income Distribution cum capital withdrawal Option (Payout & Reinvestment.,19.6255
2025-01-07,140817,Groww Value Fund (formerly known as Indiabulls Value Fund)- Direct Plan- Quarterly - Income Distribution cum capital withdrawal Option (Payout & Reinvestment),23.9419
2025-01-07,140818,Groww Value Fund (formerly known as Indiabulls Value Fund)- Regular Plan- Quarterly - Income Distribution cum capital withdrawal Option (Payout & Reinvestment),19.126
2025-01-07,140819,Groww Value Fund (formerly known as Indiabulls Value Fund)- Direct Plan- Half Yearly - Income Distribution cum capital withdrawal Option (Payout & Reinvestment),23.9608
2025-01-07,140820,Groww Value Fund (formerly known as Indiabulls Value Fund)- Regular Plan- Half Yearly -Income Distribution cum capital withdrawal Option (Payout & Reinvestment),20.715
2025-01-07,140913,UTI Liquid Fund - Direct Plan - Fortnightly IDCW,1157.9938
2025-01-07,141060,Quantum Dynamic Bond Fund - Regular Plan Monthly IDCW,10.3945
2025-01-07,141061,Quantum Dynamic Bond Fund - Regular Plan Growth Option,20.579
2025-01-07,141062,Quantum Diversified Equity All Cap Active FOF - Regular Plan IDCW,80.297
2025-01-07,141063,Quantum Diversified Equity All Cap Active FOF - Regular Plan Growth Option,80.297
2025-01-07,141064,Quantum Gold Savings Fund - Regular Plan Growth Option,29.5622
2025-01-07,141065,Quantum Liquid Fund - Regular Plan Daily IDCW,10.0002
2025-01-07,141066,Quantum Liquid Fund - Regular Plan Growth Option,33.9365
2025-01-07,141067,Quantum Liquid Fund - Regular Plan Monthly IDCW,10.0317
2025-01-07,141068,Quantum Value Fund - Regular Plan Growth Option,122.68
2025-01-07,141069,Quantum Value Fund - Regular Plan IDCW,123.38
2025-01-07,141070,Quantum ELSS Tax Saver Fund - Regular Plan Growth Option,121.79
2025-01-07,141071,Quantum ELSS Tax Saver Fund - Regular Plan IDCW,121.79
2025-01-07,141072,Quantum Multi Asset Active FOF - Regular Plan Growth Option,31.6182
2025-01-07,141139,Sundaram Long Term Micro Cap Tax Advantage Fund Series V Regular Plan - Growth,27.5846
2025-01-07,141140,Sundaram Long Term Micro Cap Tax Advantage Fund Series V Regular Plan - Payout of Income Distribution cum Capital Withdrawal (IDCW),26.2291
2025-01-07,141141,Sundaram Long Term Micro Cap Tax Advantage Fund Series V Direct Plan - Growth,28.3377
2025-01-07,141142,Sundaram Long Term Micro Cap Tax Advantage Fund Series V Direct Plan - Payout of Income Distribution cum Capital Withdrawal (IDCW),26.9789
2025-01-07,141223,Mahindra Manulife Multi Cap Fund - Direct Plan - IDCW,31.1875
2025-01-07,141224,Mahindra Manulife Multi Cap Fund - Regular Plan - Growth,34.6246
2025-01-07,141225,Mahindra Manulife Multi Cap Fund - Regular Plan - IDCW,26.2878
2025-01-07,141226,Mahindra Manulife Multi Cap Fund - Direct Plan -Growth,39.8853
2025-01-07,141247,Union Largecap Fund - Regular Plan - Growth Option,22.87
2025-01-07,141248,Union Largecap Fund - Direct Plan - Growth Option,24.16
2025-01-07,141249,Union Largecap Fund - Direct Plan - IDCW Option,24.16
2025-01-07,141250,Union Largecap Fund - Regular Plan - IDCW Option,22.87
2025-01-07,141375,UTI Banking & PSU Fund - Direct Plan - Half-Yearly IDCW,14.1656
2025-01-07,141410,NAVI Large & Midcap Fund - Regular Half Yearly IDCW Payout,35.5798
2025-01-07,141411,Navi Large & Midcap Fund - Regular Annual IDCW payout,36.5846
2025-01-07,141414,Navi Large & Midcap Fund - Direct Annual IDCW Payout,41.4671
2025-01-07,141415,Navi Large & Midcap Fund - Direct Half Yearly IDCW Payout,41.5036
2025-01-07,141545,Axis Nifty 50 ETF,257.2737
2025-01-07,141564,Sundaram Long Term Micro Cap Tax Advantage Fund Series VI Direct Plan - Growth,27.6875
2025-01-07,141565,Sundaram Long Term Micro Cap Tax Advantage Fund Series VI Regular Plan - Growth,26.4465
2025-01-07,141566,Sundaram Long Term Micro Cap Tax Advantage Fund Series VI Regular Plan - Payout of Income Distribution cum Capital Withdrawal (IDCW),25.5589
2025-01-07,141567,Sundaram Long Term Micro Cap Tax Advantage Fund Series VI Direct Plan - Payout of Income Distribution cum Capital Withdrawal (IDCW),26.7976
2025-01-07,141586,Axis Corporate Bond Fund - Direct Plan - Daily IDCW,10.2348
2025-01-07,141587,Axis Corporate Bond Fund - Direct Plan - Weekly IDCW,10.3713
2025-01-07,141588,Axis Corporate Bond Fund - Direct Plan Growth,17.2257
2025-01-07,141589,Axis Corporate Bond Fund - Regular Plan - Daily IDCW,10.2347
2025-01-07,141590,Axis Corporate Bond Fund - Direct Plan - Monthly IDCW,10.2231
2025-01-07,141591,Axis Corporate Bond Fund - Direct Plan - Regular IDCW,13.4387
2025-01-07,141592,Axis Corporate Bond Fund - Regular Plan - Weekly IDCW,10.2531
2025-01-07,141593,Axis Corporate Bond Fund - Regular Plan Growth,16.3221
2025-01-07,141594,Axis Corporate Bond Fund - Regular Plan - Monthly IDCW,10.2183
2025-01-07,141595,Axis Corporate Bond Fund - Regular Plan - Regular IDCW,12.6066
2025-01-07,141596,ICICI Prudential Nifty 100 Low Volatility 30 ETF,21.0773
2025-01-07,141605,Edelweiss Arbitrage Fund - Monthly  Regular Plan - IDCW Option,15.3455
2025-01-07,141606,Edelweiss Arbitrage Fund - Monthly  Direct Plan - IDCW Option,16.5055
2025-01-07,141642,Axis Balanced Advantage Fund - Direct Plan - Growth,22.52
2025-01-07,141643,Axis Balanced Advantage Fund - Direct Plan - IDCW,15.24
2025-01-07,141644,Axis Balanced Advantage Fund - Regular Plan - Growth,20.35
2025-01-07,141645,Axis Balanced Advantage Fund - Regular Plan - IDCW,14.21
2025-01-07,141665,UTI Nifty Next 50 Exchange Traded Fund,71.2023
2025-01-07,141766,Edelweiss Balanced Advantage Fund - Regular Plan - Monthly - IDCW Option,22.51
2025-01-07,141767,Edelweiss Balanced Advantage Fund - Direct Plan - Monthly - IDCW Option,27.26
2025-01-07,141768,UTI Liquid Fund - Direct Plan - Flexi IDCW,1514.2712
2025-01-07,141807,Groww ELSS Tax Saver Fund (formerly known as Indiabulls Tax Savings Fund)- Direct Plan- Dividend Option,22.54
2025-01-07,141808,Groww ELSS Tax Saver Fund (formerly known as Indiabulls Tax Savings Fund)- Direct Plan- Growth Option,22.57
2025-01-07,141810,Groww ELSS Tax Saver Fund (formerly known as Indiabulls Tax Savings Fund)- Regular Plan- - Income Distribution cum capital withdrawal Option (Payout),20.07
2025-01-07,141839,ICICI Prudential BSE Sensex Index Fund - Cumulative Option,25.3817
2025-01-07,141840,ICICI Prudential BSE Sensex Index Fund - IDCW Option,25.3824
2025-01-07,141841,ICICI Prudential BSE Sensex Index Fund - Direct Plan - Cumulative Option,25.6965
2025-01-07,141842,ICICI Prudential BSE Sensex Index Fund - Direct Plan - IDCW Option,25.6963
2025-01-07,141862,Groww ELSS Tax Saver Fund (formerly known as Indiabulls Tax Savings Fund)-Regular Plan-Growth Option,20.07
2025-01-07,141875,DSP Nifty 50 Equal Weight Index Fund - Regular Plan - Growth,23.6601
2025-01-07,141876,DSP Nifty 50 Equal Weight Index Fund - Regular Plan - IDCW,21.408
2025-01-07,141877,DSP Nifty 50 Equal Weight Index Fund - Direct Plan - Growth,24.5039
2025-01-07,141878,DSP Nifty 50 Equal Weight Index Fund - Direct Plan - IDCW,22.2343
2025-01-07,141921,HDFC Housing Opportunities Fund  - IDCW Option - Direct Plan,18.701
2025-01-07,141922,HDFC Housing Opportunities Fund  - IDCW Option,17.135
2025-01-07,141923,HDFC Housing Opportunities Fund  - Growth Option,21.949
2025-01-07,141924,HDFC Housing Opportunities Fund  - Growth Option - Direct Plan,23.598
2025-01-07,141925,Axis Flexi Cap Fund - Direct Plan - Growth,28.82
2025-01-07,141926,Axis Flexi Cap fund - Direct Plan - IDCW,19.92
2025-01-07,141927,Axis Flexi Cap Fund - Regular Plan - Growth,26.24
2025-01-07,141928,Axis Flexi Cap Fund - Regular Plan - IDCW,18.33
2025-01-07,141933,Edelweiss Equity Savings Fund - Direct Plan - Monthly - IDCW Option,16.1461
2025-01-07,141934,Edelweiss Equity Savings Fund - Regular Plan - Monthly - IDCW Option,14.391
2025-01-07,141949,BANK OF INDIA Mid Cap Tax Fund Series 1 Direct Plan IDCW,27.95
2025-01-07,141950,BANK OF INDIA Mid Cap Tax Fund Series 1 Direct Plan Growth,27.95
2025-01-07,141951,BANK OF INDIA Mid Cap Tax Fund Series 1 Regular Plan IDCW,27.07
2025-01-07,141952,BANK OF INDIA Mid Cap Tax Fund Series 1 Regular Plan Growth,27.07
2025-01-07,141957,BHARAT 22 ETF,106.6762
2025-01-07,141958,UTI Low Duration Fund - Direct Plan - Annual IDCW,1282.6058
2025-01-07,142035,Union Balanced Advantage Fund - Regular Plan - Growth Option,19.55
2025-01-07,142036,Union Balanced Advantage Fund - Regular Plan - IDCW Option,19.55
2025-01-07,142037,Union Balanced Advantage Fund - Direct Plan - IDCW Option,20.94
2025-01-07,142038,Union Balanced Advantage Fund - Direct Plan - Growth Option,20.94
2025-01-07,142107,Mahindra Manulife Mid Cap Fund- Regular Plan - IDCW,27.0359
2025-01-07,142108,Mahindra Manulife Mid Cap Fund - Direct Plan - IDCW,30.9276
2025-01-07,142109,Mahindra Manulife Mid Cap Fund - Regular Plan - Growth,33.1763
2025-01-07,142110,Mahindra Manulife Mid Cap Fund - Direct Plan -Growth,37.267
2025-01-07,142133,ICICI Prudential Long Term Wealth Enhancement Fund - Direct Plan IDCW Option,29.11
2025-01-07,142134,ICICI Prudential Long Term Wealth Enhancement Fund - Direct Plan Cumulative Option,29.11
2025-01-07,142135,ICICI Prudential Long Term Wealth Enhancement Fund - IDCW Option,27.95
2025-01-07,142136,ICICI Prudential Long Term Wealth Enhancement Fund - Cumulative Option,27.95
2025-01-07,142137,SBI Long Term Advantage Fund - Series V - Regular Plan - Income Distribution cum Capital Withdrawal Option (IDCW),28.745
2025-01-07,142138,SBI Long Term Advantage Fund - Series V - Direct Plan - Growth,29.8298
2025-01-07,142139,SBI Long Term Advantage Fund Series V - Regular Plan - Growth,28.757
2025-01-07,142140,SBI Long Term Advantage Fund - Series V - Direct Plan - Income Distribution cum Capital Withdrawal Option (IDCW),29.8309
2025-01-07,142151,Sundaram Long Term Tax Advantage Fund Series III Regular Plan - Growth,27.6343
2025-01-07,142152,Sundaram Long Term Tax Advantage Fund Series III Regular Plan - Payout of Income Distribution cum Capital Withdrawal (IDCW),26.2701
2025-01-07,142153,Sundaram Long Term Tax Advantage Fund Series III Direct Plan - Growth,28.4913
2025-01-07,142154,Sundaram Long Term Tax Advantage Fund Series III Direct Plan - Payout of Income Distribution cum Capital Withdrawal (IDCW),27.1237
2025-01-07,142249,UTI Money Market Fund - Direct Plan - Quarterly IDCW,1593.6783
2025-01-07,142278,DSP Arbitrage Fund - Regular - IDCW - Monthly,11.636
2025-01-07,142279,DSP Arbitrage Fund - Direct - IDCW,12.567
2025-01-07,142280,DSP Arbitrage Fund - Regular - IDCW,12.112
2025-01-07,142281,DSP Arbitrage Fund - Direct - IDCW - Monthly,12.783
2025-01-07,142282,DSP Arbitrage Fund - Regular - Growth,14.491
2025-01-07,142283,DSP Arbitrage Fund - Direct - Growth,15.125
2025-01-07,142383,Edelweiss Recently Listed IPO Fund Regular Plan Growth,28.8176
2025-01-07,142384,Edelweiss Recently Listed IPO Fund REGULAR PLAN - IDCW Option,28.8161
2025-01-07,142386,Edelweiss Recently Listed IPO Fund - DIRECT PLAN - IDCW Option,30.646
2025-01-07,142388,Edelweiss Recently Listed IPO Fund Direct Plan Growth,30.646
2025-01-07,142589,DSP NIFTY 1D Rate Liquid ETF,1000.0
2025-01-07,142640,Mirae Asset Short Duration Fund - Direct Plan - IDCW,15.9
2025-01-07,142641,Mirae Asset Short Duration Fund - Direct Plan - Growth,15.9338
2025-01-07,142642,Mirae Asset Short Duration Fund - Regular Plan - Growth,15.0834
2025-01-07,142643,Mirae Asset Short Duration Fund - Regular Plan - IDCW,15.0867
2025-01-07,143077,Sundaram Long Term Tax Advantage Fund Series IV Regular Plan - Growth,32.0453
2025-01-07,143078,Sundaram Long Term Tax Advantage Fund Series IV Regular Plan - Payout of Income Distribution cum Capital Withdrawal (IDCW),29.4066
2025-01-07,143079,Sundaram Long Term Tax Advantage Fund Series IV Direct Plan - Growth,32.6456
2025-01-07,143080,Sundaram Long Term Tax Advantage Fund Series IV Direct Plan - Payout of Income Distribution cum Capital Withdrawal (IDCW),29.9941
2025-01-07,143125,UTI Money Market Fund - Direct Plan - Flexi IDCW,1539.3155
2025-01-07,143162,Navi Aggressive Hybrid Fund - Regular Plan - Growth,20.0341
2025-01-07,143163,Navi Aggressive Hybrid Fund - Direct Plan - Growth,22.5967
2025-01-07,143166,Navi Aggressive Hybrid Fund - Regular Plan Normal IDCW,20.0351
2025-01-07,143167,Navi Aggressive Hybrid Fund - Direct Plan Normal IDCW,22.5007
2025-01-07,143176,SBI Long Term Advantage Fund - Series VI - Regular Plan - Growth,31.3911
2025-01-07,143177,SBI Long Term Advantage Fund - Series VI - Regular Plan - Income Distribution cum Capital Withdrawal Option (IDCW),31.3977
2025-01-07,143178,SBI Long Term Advantage Fund - Series VI - Direct Plan - Growth,32.5471
2025-01-07,143179,SBI Long Term Advantage Fund - Series VI - Direct Plan - Income Distribution cum Capital Withdrawal Option (IDCW),32.5195
2025-01-07,143185,Navi Aggressive Hybrid Fund - Direct Plan Quarterly IDCW,22.5003
2025-01-07,143186,Navi Aggressive Hybrid Fund - Direct Plan Half Yearly IDCW,22.5013
2025-01-07,143189,Navi Aggressive Hybrid Fund - Regular Plan Half Yearly IDCW,20.0465
2025-01-07,143192,Navi Aggressive Hybrid Fund - Direct Plan Monthly IDCW,22.4992
2025-01-07,143195,Navi Aggressive Hybrid Fund - Direct Plan Annual IDCW,22.5045
2025-01-07,143197,Navi Aggressive Hybrid Fund - Regular Plan Monthly IDCW,20.0335
2025-01-07,143198,Navi Aggressive Hybrid Fund - Regular Plan Annual IDCW,20.0316
2025-01-07,143199,Navi Aggressive Hybrid Fund - Regular Plan Quarterly IDCW,20.0341
2025-01-07,143239,Union Corporate Bond Fund - Regular Plan - Growth Option,14.61
2025-01-07,143240,Union Corporate Bond Fund - Regular Plan - IDCW Option,14.61
2025-01-07,143241,Union Corporate Bond Fund - Direct Plan - Growth Option,14.9225
2025-01-07,143242,Union Corporate Bond Fund - Direct Plan - IDCW Option,14.9225
2025-01-07,143247,ICICI Prudential BSE 500 ETF,37.5064
2025-01-07,143258,BANDHAN Equity Savings Fund-Direct Plan -Quarterly IDCW,13.365
2025-01-07,143259,BANDHAN Equity Savings Fund- Regular Plan -Quarterly IDCW,12.847
2025-01-07,143260,Parag Parikh Liquid Fund- Regular Plan- Growth,1404.1567
2025-01-07,143261,Parag Parikh Liquid Fund- Regular Plan- Monthly IDCW,1004.7081
2025-01-07,143262,Parag Parikh Liquid Fund- Direct Plan- Monthly IDCW,1004.7301
2025-01-07,143263,Parag Parikh Liquid Fund- Direct Plan- Daily Reinvestment of IDCW,1000.5405
2025-01-07,143264,Parag Parikh Liquid Fund- Regular Plan- Daily Reinvestment of IDCW,1000.5404
2025-01-07,143265,Parag Parikh Liquid Fund- Direct Plan- Weekly Reinvestment of IDCW,1001.1772
2025-01-07,143266,Parag Parikh Liquid Fund- Regular Plan- Weekly Reinvestment of IDCW,1001.1741
2025-01-07,143269,Parag Parikh Liquid Fund- Direct Plan- Growth,1413.6599
2025-01-07,143340,UTI Nifty Next 50 Index Fund - Regular Plan - Growth Option,23.7903
2025-01-07,143341,UTI Nifty Next 50 Index Fund - Direct Plan - Growth Option,24.5998
2025-01-07,143366,Bandhan Short Duration Fund - Regular Plan - Quarterly IDCW,10.6413
2025-01-07,143367,Bandhan Short Duration Fund - Direct Plan - Quarterly IDCW,10.5597
2025-01-07,143368,Bandhan Short Duration Fund - Regular Plan - Annual IDCW,11.161
2025-01-07,143369,Bandhan Short Duration Fund - Direct Plan - Annual IDCW,11.4145
2025-01-07,143464,Baroda BNP Paribas Ultra Short Duration Fund - Regular Plan - Growth,1487.6491
2025-01-07,143493,Nippon India Ultra Short Duration Fund- Growth Option,3890.5131
2025-01-07,143494,Nippon India Ultra Short Duration Fund- Direct Plan- Growth Option,4275.2822
2025-01-07,143495,NIPPON INDIA ULTRA SHORT DURATION FUND - WEEKLY IDCW OPTION,1092.3865
2025-01-07,143496,NIPPON INDIA ULTRA SHORT DURATION FUND - QUARTERLY IDCW Option,1013.9392
2025-01-07,143497,NIPPON INDIA ULTRA SHORT DURATION FUND - DIRECT Plan - MONTHLY IDCW Option,1028.9608
2025-01-07,143498,NIPPON INDIA ULTRA SHORT DURATION FUND - DAILY IDCW OPTION,1114.15
2025-01-07,143499,NIPPON INDIA ULTRA SHORT DURATION FUND - MONTHLY IDCW Option,1019.1449
2025-01-07,143500,NIPPON INDIA ULTRA SHORT DURATION FUND - DIRECT Plan - DAILY IDCW OPTION,1114.15
2025-01-07,143501,NIPPON INDIA ULTRA SHORT DURATION FUND - DIRECT Plan - WEEKLY IDCW OPTION,1092.4714
2025-01-07,143502,NIPPON INDIA ULTRA SHORT DURATION FUND - DIRECT Plan - QUARTERLY IDCW Option,1020.6205
2025-01-07,143507,Baroda BNP Paribas Ultra Short Duration Fund - Regular Plan - Daily IDCW,1006.2583
2025-01-07,143508,Baroda BNP Paribas Ultra Short Duration Fund- Direct Plan- Growth,1505.6846
2025-01-07,143509,Baroda BNP Paribas Ultra Short Duration Fund- Direct Plan- Weekly IDCW,1000.6274
2025-01-07,143510,Baroda BNP Paribas Ultra Short Duratio Fund- Regular Plan- Weekly IDCW,1000.1552
2025-01-07,143511,Baroda BNP Paribas Ultra Short Duration Fund- Direct Plan- Daily IDCW,1007.0751
2025-01-07,143532,Invesco India Aggressive Hybrid Fund - Direct Plan - IDCW (Payout / Reinvestment),24.9833
2025-01-07,143534,Invesco India Aggressive Hybrid Fund - Regular Plan - IDCW (Payout / Reinvestment),22.6334
2025-01-07,143536,Invesco India Aggressive Hybrid Fund - Regular Plan - Growth,22.6322
2025-01-07,143537,Invesco India Aggressive Hybrid Fund - Direct Plan - Growth,25.0821
2025-01-07,143603,JM Low Duration Fund (Regular) - Daily IDCW,10.82
2025-01-07,143604,JM Low Duration Fund (Direct) - Daily IDCW,10.85
2025-01-07,143605,JM Low Duration Fund (Regular) - Fortnightly IDCW,11.0953
2025-01-07,143606,JM Low Duration Fund (Direct) - Fortnightly IDCW,11.1362
2025-01-07,143607,JM Low Duration Fund (Regular) - Growth Option,35.6915
2025-01-07,143608,JM Low Duration Fund (Regular) - Weekly IDCW,11.41
2025-01-07,143609,JM Low Duration Fund - Bonus Option - Principal Units,21.5031
2025-01-07,143610,JM Low Duration Fund (Direct) - Bonus Option - Principal Units,22.037
2025-01-07,143611,JM Low Duration Fund (Direct) - Weekly IDCW,11.45
2025-01-07,143612,JM Low Duration Fund (Direct) - Growth,36.5998
2025-01-07,143613,BANK OF INDIA Arbitrage Fund Direct Plan Annual IDCW,12.6205
2025-01-07,143614,BANK OF INDIA Arbitrage Fund Direct Plan Growth,13.9525
2025-01-07,143615,BANK OF INDIA Arbitrage Fund Direct Plan Monthly IDCW,12.5817
2025-01-07,143616,BANK OF INDIA Arbitrage Fund Direct Plan Quarterly IDCW,13.2632
2025-01-07,143617,BANK OF INDIA Arbitrage Fund Regular Plan IDCW Annual IDCW,12.3806
2025-01-07,143618,BANK OF INDIA Arbitrage Fund Regular Plan IDCW Monthly IDCW,12.1426
2025-01-07,143619,BANK OF INDIA Arbitrage Fund Regular Plan IDCW Quarterly IDCW,12.8184
2025-01-07,143620,BANK OF INDIA Arbitrage Fund Regular Growth,13.3988
2025-01-07,143701,NIPPON INDIA NIVESH LAKSHYA LONG DURATION FUND - DIRECT Plan - HALF YEARLY IDCW Option,12.19
2025-01-07,143702,Nippon India Nivesh Lakshya Long Duration Fund- Growth Option,17.2342
2025-01-07,143703,NIPPON INDIA NIVESH LAKSHYA LONG DURATION FUND - ANNUAL IDCW Option,12.4663
2025-01-07,143704,Nippon India Nivesh Lakshya Long Duration Fund- Direct Plan- Growth Option,17.5932
2025-01-07,143705,NIPPON INDIA NIVESH LAKSHYA LONG DURATION FUND - DIRECT Plan - MONTHLY IDCW Option,11.8097
2025-01-07,143706,NIPPON INDIA NIVESH LAKSHYA LONG DURATION FUND - IDCW Option,17.2331
2025-01-07,143707,NIPPON INDIA NIVESH LAKSHYA LONG DURATION FUND - DIRECT Plan - IDCW Option,17.5933
2025-01-07,143708,NIPPON INDIA NIVESH LAKSHYA LONG DURATION FUND - QUARTERLY IDCW Option,11.546
2025-01-07,143709,NIPPON INDIA NIVESH LAKSHYA LONG DURATION  FUND - DIRECT Plan - QUARTERLY IDCW Option,11.5538
2025-01-07,143710,NIPPON INDIA NIVESH LAKSHYA LONG DURATION FUND LONG DURATION - HALF YEARLY IDCW Option,12.1497
2025-01-07,143711,NIPPON INDIA NIVESH LAKSHYA LONG DURATION FUND - DIRECT Plan - ANNUAL IDCW Option,12.5024
2025-01-07,143712,NIPPON INDIA NIVESH LAKSHYA LONG DURATION FUND - MONTHLY IDCW Option,11.7948
2025-01-07,143783,Mirae Asset Healthcare Fund Direct Growth,43.852
2025-01-07,143784,Mirae Asset Healthcare Fund Direct IDCW,31.151
2025-01-07,143785,Mirae Asset Healthcare Fund -Regular Growth,39.633
2025-01-07,143786,Mirae Asset Healthcare Fund Regular IDCW,27.517
2025-01-07,143787,Navi Flexi Cap Fund - Regular Plan - Growth,22.4979
2025-01-07,143788,NAVI FLEXI CAP FUND - REGULAR PLAN QUARTERLY IDCW PAYOUT,22.4954
2025-01-07,143789,NAVI FLEXI CAP FUND - REGULAR PLAN NORMAL IDCW PAYOUT,22.5012
2025-01-07,143790,NAVI FLEXI CAP FUND - REGULAR PLAN MONTHLY IDCW PAYOUT,22.5067
2025-01-07,143791,NAVI FLEXI CAP FUND - DIRECT PLAN QUARTERLY IDCW PAYOUT,25.4264
2025-01-07,143792,NAVI FLEXI CAP FUND - DIRECT PLAN NORMAL IDCW PAYOUT,25.3747
2025-01-07,143793,Navi Flexi Cap Fund - Direct Plan - Growth,25.5983
2025-01-07,143794,NAVI FLEXI CAP FUND - REGULAR PLAN HALF YEARLY IDCW PAYOUT,22.5013
2025-01-07,143795,NAVI FLEXI CAP FUND - REGULAR PLAN ANNUAL IDCW PAYOUT,22.4985
2025-01-07,143796,NAVI FLEXI CAP FUND - DIRECT PLAN MONTHLY IDCW PAYOUT,25.4015
2025-01-07,143797,NAVI FLEXI CAP FUND - DIRECT PLAN HALF YEARLY IDCW PAYOUT,25.4071
2025-01-07,143798,NAVI FLEXI CAP FUND - DIRECT PLAN ANNUAL IDCW PAYOUT,25.4064
2025-01-07,143873,ICICI Prudential Pharma Healthcare and Diagnostics (P.H.D) Fund - Cumulative Option,40.06
2025-01-07,143874,ICICI Prudential Pharma Healthcare and Diagnostics (P.H.D) Fund - Direct Plan - Cumulative Option,42.97
2025-01-07,143875,ICICI Prudential Pharma Healthcare and Diagnostics (P.H.D) Fund - IDCW Option,25.48
2025-01-07,143876,ICICI Prudential Pharma Healthcare and Diagnostics (P.H.D) Fund - Direct Plan - IDCW Option,28.05
2025-01-07,143903,ICICI Prudential BHARAT 22 FOF - Direct Plan Cumulative Option,31.4688
2025-01-07,143904,ICICI Prudential BHARAT 22 FOF - Cumulative Option,31.4586
2025-01-07,144171,BANDHAN ULTRA SHORT DURATION FUND - REGULAR PLAN GROWTH,14.6862
2025-01-07,144172,BANDHAN ULTRA SHORT DURATION FUND - REGULAR PLAN DAILY IDCW,10.0519
2025-01-07,144173,BANDHAN ULTRA SHORT DURATION FUND - DIRECT PLAN GROWTH,14.8516
2025-01-07,144174,BANDHAN ULTRA SHORT DURATION FUND - DIRECT PLAN-DAILY IDCW,10.0367
2025-01-07,144189,BANDHAN ULTRA SHORT DURATION FUND - REGULAR PLAN WEEKLY IDCW,10.0775
2025-01-07,144190,BANDHAN ULTRA SHORT DURATION FUND - REGULAR PLAN QUARTERLY IDCW,10.3477
2025-01-07,144191,BANDHAN ULTRA SHORT DURATION FUND - DIRECT PLAN- WEEKLY IDCW,10.0761
2025-01-07,144192,BANDHAN ULTRA SHORT DURATION FUND - DIRECT PLAN QUARTERLY IDCW,10.3602
2025-01-07,144193,BANDHAN ULTRA SHORT DURATION FUND - REGULAR PLAN PERIODIC IDCW,12.3567
2025-01-07,144194,BANDHAN ULTRA SHORT DURATION FUND - REGULAR PLAN MONTHLY IDCW,10.0586
2025-01-07,144195,BANDHAN ULTRA SHORT DURATION FUND - DIRECT PLAN -MONTHLY IDCW,10.0534
2025-01-07,144196,BANDHAN ULTRA SHORT DURATION FUND - DIRECT PLAN PERIODIC IDCW,12.6084
2025-01-07,144309,BANK OF INDIA Midcap Tax Fund Series 2 Direct Plan IDCW,33.24
2025-01-07,144310,Union Equity Savings Fund - Regular Plan - Growth Option,16.35
2025-01-07,144311,Union Equity Savings Fund - Regular Plan - IDCW Option,16.35
2025-01-07,144312,Union Equity Savings Fund - Direct Plan - Growth Option,16.95
2025-01-07,144313,Union Equity Savings Fund - Direct Plan - IDCW Option,16.95
2025-01-07,144314,BANK OF INDIA Midcap Tax Fund Series 2 Regular Plan Growth,32.04
2025-01-07,144315,BANK OF INDIA Midcap Tax Fund Series 2 Direct Plan Growth,33.24
2025-01-07,144316,BANK OF INDIA Midcap Tax Fund Series 2 Regular Plan IDCW,32.05
2025-01-07,144333,Kotak Balanced Advantage Fund -Regular Plan - Growth Option,19.868
2025-01-07,144334,Kotak Balanced Advantage Fund -Direct Plan  -Payout of Income Distribution cum capital withdrawal option,21.432
2025-01-07,144335,Kotak Balanced Advantage Fund  - Direct Plan -Growth Option,21.432
2025-01-07,144336,Kotak Balanced Advantage Fund - Regular Plan - Payout of Income Distribution cum capital withdrawal option Option,19.869
2025-01-07,144337,UTI Corporate Bond Fund - Regular Plan - Annual IDCW,13.0191
2025-01-07,144338,UTI Corporate Bond Fund - Regular Plan - Flexi IDCW,13.8068
2025-01-07,144339,UTI Corporate Bond Fund - Direct Plan - Growth Option,15.9983
2025-01-07,144340,UTI Corporate Bond Fund - Direct Plan - Half-Yearly IDCW,13.6701
2025-01-07,144341,UTI Corporate Bond Fund - Direct Plan - Flexi IDCW,14.1007
2025-01-07,144342,UTI Corporate Bond Fund - Regular Plan - Quarterly IDCW,13.6344
2025-01-07,144343,UTI Corporate Bond Fund - Regular Plan - Half-Yearly IDCW,13.2482
2025-01-07,144344,UTI Corporate Bond Fund - Direct Plan - Annual IDCW,13.3103
2025-01-07,144345,UTI Corporate Bond Fund - Regular Plan - Growth Option,15.6797
2025-01-07,144346,UTI Corporate Bond Fund - Direct Plan - Quarterly IDCW,13.9921
2025-01-07,144393,Axis Aggressive Hybrid Fund - Regular Plan - Growth Option,19.87
2025-01-07,144394,Axis Aggressive Hybrid Fund - Direct Plan - Growth Option,21.66
2025-01-07,144395,Axis Aggressive Hybrid Fund - Direct Plan - Regular IDCW,15.55
2025-01-07,144396,Axis Aggressive Hybrid Fund - Regular Plan - Regular IDCW,14.23
2025-01-07,144397,Axis Aggressive Hybrid Fund - Direct Plan - Monthly IDCW,16.63
2025-01-07,144398,Axis Aggressive Hybrid Fund - Direct Plan - Quarterly IDCW,15.68
2025-01-07,144399,Axis Aggressive Hybrid Fund - Regular Plan - Monthly IDCW,13.65
2025-01-07,144400,Axis Aggressive Hybrid Fund - Regular Plan - Quarterly IDCW,14.03
2025-01-07,144401,Mahindra Manulife Dynamic Bond Fund - Regular Plan - Growth,13.7331
2025-01-07,144402,Mahindra Manulife Dynamic Bond Fund - Regular Plan - Quarterly IDCW,10.4674
2025-01-07,144403,Mahindra Manulife Dynamic Bond Fund - Direct Plan - Growth,14.7472
2025-01-07,144404,Mahindra Manulife Dynamic Bond Fund - Direct Plan - Quarterly IDCW,11.3694
2025-01-07,144405,Mahindra Manulife Dynamic Bond Fund - Regular Plan - IDCW,11.5192
2025-01-07,144406,Mahindra Manulife Dynamic Bond Fund - Direct Plan - IDCW,12.4841
2025-01-07,144461,Franklin India Equity Savings Fund- Growth,15.8699
2025-01-07,144462,Franklin India Equity Savings Fund - Direct - IDCW,15.0138
2025-01-07,144463,Franklin India Equity Savings Fund - Quarterly - IDCW,12.4531
2025-01-07,144464,Franklin India Equity Savings Fund - Monthly - IDCW,13.3763
2025-01-07,144465,Franklin India Equity Savings Fund - Direct - Monthly - IDCW,13.974
2025-01-07,144466,Franklin India Equity Savings Fund- Growth Direct,17.2745
2025-01-07,144467,Franklin India Equity Savings Fund - Direct - Quarterly - IDCW,13.7946
2025-01-07,144468,Franklin India Equity Savings Fund - IDCW,13.7305
2025-01-07,144475,UTI Liquid Fund - Regular Plan - Half-Yearly IDCW,1272.3991
2025-01-07,144484,UTI Equity Savings Fund - Regular Plan - Growth Option,17.5725
2025-01-07,144485,UTI Equity Savings Fund - Regular Plan - IDCW,17.5725
2025-01-07,144486,UTI Equity Savings Fund - Regular Plan - Monthly IDCW,17.5726
2025-01-07,144487,UTI Equity Savings Fund - Regular Plan - Quarterly IDCW,17.5724
2025-01-07,144488,UTI Equity Savings Fund - Direct Plan - Quarterly IDCW,18.5874
2025-01-07,144489,UTI Equity Savings Fund - Direct Plan - Monthly IDCW,18.5885
2025-01-07,144490,UTI Equity Savings Fund - Direct Plan - Growth Option,18.5875
2025-01-07,144491,UTI Equity Savings Fund - Direct Plan - IDCW,18.5874
2025-01-07,144543,TATA Flexi Cap Fund Direct Plan - Reinvestment of Income Distribution cum capital withdrawal option,25.0874
2025-01-07,144544,TATA Flexi Cap Fund Regular Plan - Payout of Income Distribution cum capital withdrawal option,22.7494
2025-01-07,144545,TATA Flexi Cap Fund Regular Plan - Reinvestment of Income Distribution cum capital withdrawal option,22.7494
2025-01-07,144546,Tata Flexi Cap Fund-Direct Plan-Growth,25.0874
2025-01-07,144547,TATA Flexi Cap Fund - Direct Plan - Payout of Income Distribution cum capital withdrawal option,25.0874
2025-01-07,144548,Tata Flexi Cap Fund -Regular Plan-Growth,22.7494
2025-01-07,144587,ICICI Prudential Nifty Next 50 ETF,69.6976
2025-01-07,144644,DSP Corporate Bond Fund - Regular - Growth,15.3105
2025-01-07,144645,DSP Corporate Bond Fund - Regular - IDCW - Monthly,10.5075
2025-01-07,144646,DSP Corporate Bond Fund - Direct - Growth,15.5579
2025-01-07,144647,DSP Corporate Bond Fund - Direct - IDCW,11.8376
2025-01-07,144648,DSP Corporate Bond Fund - Direct - IDCW - Quarterly,11.2459
2025-01-07,144649,DSP Corporate Bond Fund - Regular - IDCW - Quarterly,10.607
2025-01-07,144650,DSP Corporate Bond Fund - Regular - IDCW,11.7928
2025-01-07,144651,DSP Corporate Bond Fund - Direct - IDCW - Monthly,10.5296
2025-01-07,144753,Axis Ultra Short Duration Fund - Direct Plan - Daily IDCW,10.0338
2025-01-07,144754,Axis Ultra Short Duration Fund - Direct Plan Growth,15.0433
2025-01-07,144755,Axis Ultra Short Duration Fund - Direct Plan - Monthly IDCW,10.0512
2025-01-07,144756,Axis Ultra Short Duration Fund - Direct Plan - Regular IDCW,15.0446
2025-01-07,144757,Axis Ultra Short Duration Fund - Direct Plan - Weekly IDCW,10.0516
2025-01-07,144758,Axis Ultra Short Duration Fund - Regular Plan - Daily IDCW,10.0689
2025-01-07,144759,Axis Ultra Short Duration Fund - Regular Plan Growth,14.2351
2025-01-07,144760,Axis Ultra Short Duration Fund - Regular Plan - Monthly IDCW,10.0558
2025-01-07,144761,Axis Ultra Short Duration Fund - Regular Plan - Regular IDCW,14.235
2025-01-07,144762,Axis Ultra Short Duration Fund - Regular Plan - Weekly IDCW,10.0685
2025-01-07,144834,Sundaram Services Fund Regular Plan - Reinvestment of Income Distribution cum Capital Withdrawal (IDCW),22.5322
2025-01-07,144835,Sundaram Services Fund Direct Plan - Growth,35.3663
2025-01-07,144836,Sundaram Services Fund Direct Plan - Payout of Income Distribution cum Capital Withdrawal (IDCW),24.2737
2025-01-07,144837,Sundaram Services Fund Direct Plan - Reinvestment of Income Distribution cum Capital Withdrawal (IDCW),24.2737
2025-01-07,144838,Sundaram Services Fund Regular Plan - Growth,32.8647
2025-01-07,144839,Sundaram Services Fund Regular Plan - Payout of Income Distribution cum Capital Withdrawal (IDCW),22.5322
2025-01-07,144902,Shriram Flexi Cap Fund - Regular Growth,21.701
2025-01-07,144903,Shriram Flexi Cap Fund - Regular-IDCW,21.6962
2025-01-07,144905,Shriram Flexi Cap Fund - Direct Growth,24.2817
2025-01-07,144906,Shriram Flexi Cap Fund - Direct-IDCW,24.061
2025-01-07,144916,SBI BSE Sensex Next 50 ETF,864.277
2025-01-07,144947,ICICI Prudential BSE Liquid Rate ETF - IDCW,1000.0
2025-01-07,145034,HDFC Ultra Short Term Fund - Direct Plan-Growth Option,14.9114
2025-01-07,145035,HDFC Ultra Short Term Fund - Direct Plan-Weekly IDCW Option,10.0511
2025-01-07,145036,HDFC Ultra Short Term Fund - Direct Plan-Monthly IDCW Option,10.0688
2025-01-07,145037,HDFC Ultra Short Term Fund - Monthly IDCW Option,10.1682
2025-01-07,145038,HDFC Ultra Short Term Fund - Weekly IDCW Option,10.051
2025-01-07,145039,HDFC Ultra Short Term Fund - Direct Plan-Daily IDCW Option,10.092
2025-01-07,145040,HDFC Ultra Short Term Fund - Growth Option,14.6192
2025-01-07,145041,HDFC Ultra Short Term Fund - Daily IDCW Option,10.103
2025-01-07,145042,Sundaram Money Market Fund Regular Plan - Growth,14.4392
2025-01-07,145044,Sundaram Money Market Fund Regular Plan- Income Distribution cum Capital Withdrawal (IDCW),11.1763
2025-01-07,145045,Sundaram Money Market Fund Regular Plan - Income Distribution cum Capital Withdrawal (IDCW ),12.4234
2025-01-07,145046,Sundaram Money Market Fund Regular Plan -Income Distribution cum Capital Withdrawal (IDCW ),12.4234
2025-01-07,145049,Sundaram Money Market Fund Regular Plan -Income Distribution cum Capital Withdrawal(IDCW),11.1763
2025-01-07,145050,Sundaram Money Market Fund Direct Plan - Growth,14.5228
2025-01-07,145051,Sundaram Money Market Fund Direct Plan - Income Distribution cum Capital Withdrawal (IDCW),11.1977
2025-01-07,145052,Sundaram Money Market Fund Direct Plan- Income Distribution cum Capital Withdrawal(IDCW),12.4972
2025-01-07,145056,Sundaram Money Market Fund Direct Plan - Income Distribution cum Capital Withdrawal(IDCW),11.1977
2025-01-07,145057,Sundaram Money Market Fund Direct Plan-Income Distribution cum Capital Withdrawal(IDCW),12.4972
2025-01-07,145075,ICICI Prudential Manufacturing Fund - Direct Plan - Cumulative Option,35.22
2025-01-07,145076,ICICI Prudential Manufacturing Fund - Direct Plan - IDCW Option,24.96
2025-01-07,145077,ICICI Prudential Manufacturing Fund - Cumulative Option,32.9
2025-01-07,145078,ICICI Prudential Manufacturing Fund - IDCW Option,22.87
2025-01-07,145109,Axis Large & Mid Cap Fund - Direct Plan - IDCW,27.32
2025-01-07,145110,Axis Large & Mid Cap Fund - Direct Plan - Growth,35.03
2025-01-07,145111,Axis Large & Mid Cap Fund - Regular Plan - IDCW,21.68
2025-01-07,145112,Axis Large & Mid Cap Fund - Regular Plan - Growth,31.98
2025-01-07,145137,Invesco India Smallcap Fund - Direct Plan - Growth,47.06
2025-01-07,145138,Invesco India Smallcap Fund - Direct Plan - IDCW (Payout / Reinvestment),41.6
2025-01-07,145139,Invesco India Smallcap Fund - Regular Plan - Growth,42.77
2025-01-07,145140,Invesco India Smallcap Fund - Regular Plan - IDCW (Payout / Reinvestment),37.31
2025-01-07,145205,TATA SmallCap Fund Regular Plan - Payout of Income Distribution cum capital withdrawal option,41.6394
2025-01-07,145206,Tata Small Cap Fund-Direct Plan-Growth,46.4269
2025-01-07,145207,TATA SmallCap Fund - Direct Plan - Payout of Income Distribution cum capital withdrawal option,46.4269
2025-01-07,145208,Tata Small Cap Fund-Regular Plan-Growth,41.6394
2025-01-07,145209,TATA Small Cap Fund Direct Plan - Reinvestment of Income Distribution cum capital withdrawal option,46.4269
2025-01-07,145210,TATA Small Cap Fund Regular Plan - Reinvestment of Income Distribution cum capital withdrawal option,41.6394
2025-01-07,145287,UTI - Floater Fund - Regular Plan  - Growth Option,1440.7912
2025-01-07,145288,UTI Floater Fund - Regular Plan - Half-Yearly IDCW,1272.4388
2025-01-07,145289,UTI Floater Fund - Regular Plan - Annual IDCW,1368.3065
2025-01-07,145290,UTI Floater Fund - Direct Plan - Quarterly IDCW,1323.1009
2025-01-07,145291,UTI Floater Fund - Direct Plan - Flexi IDCW,1417.4752
2025-01-07,145292,UTI Floater Fund - Regular Plan - Flexi IDCW,1317.1379
2025-01-07,145293,UTI Floater Fund - Direct Plan - Annual IDCW,1377.3659
2025-01-07,145294,UTI Floater Fund - Regular Plan - Quarterly IDCW,1208.989
2025-01-07,145295,UTI - Floater Fund - Direct Plan - Growth Option,1504.6299
2025-01-07,145296,UTI Floater Fund - Direct Plan - Half-Yearly IDCW,1371.4726
2025-01-07,145355,Mahindra Manulife Consumption Fund- Regular Plan - Growth,22.7322
2025-01-07,145356,Mahindra Manulife Consumption Fund - Direct Plan -Growth,25.25
2025-01-07,145357,Mahindra Manulife Consumption Fund - Direct Plan - IDCW,20.6499
2025-01-07,145358,Mahindra Manulife Consumption Fund - Regular Plan - IDCW,18.2801
2025-01-07,145387,Baroda BNP Paribas Balanced Advantage Fund-Regular Plan -Growth Option,23.395
2025-01-07,145389,Baroda BNP Paribas Balanced Advantage Fund-Regular Plan-IDCW Option,17.039
2025-01-07,145396,Baroda BNP Paribas Balanced Advantage Fund-Direct Plan-Growth Option,25.4102
2025-01-07,145397,Baroda BNP Paribas Balanced Advantage Fund-Direct Plan-IDCW Option,18.5522
2025-01-07,145399,ICICI Prudential Ultra Short Term Fund - Daily IDCW,10.0798
2025-01-07,145400,ICICI Prudential Ultra Short Term Fund - Direct Plan - Weekly IDCW,10.0853
2025-01-07,145402,ICICI Prudential Ultra Short Term Fund - Weekly IDCW,10.0693
2025-01-07,145404,ICICI Prudential Ultra Short Term Fund - Direct Plan - Daily IDCW,10.0134
2025-01-07,145453,DSP Healthcare Fund - Regular Plan - IDCW,28.813
2025-01-07,145454,DSP Healthcare Fund - Direct Plan - Growth,45.946
2025-01-07,145455,DSP Healthcare Fund - Direct Plan - IDCW,31.512
2025-01-07,145456,DSP Healthcare Fund - Regular Plan - Growth,41.92
2025-01-07,145471,Union Value Fund - Regular Plan - Growth Option,27.23
2025-01-07,145472,Union Value Fund - Regular Plan - IDCW Option,27.23
2025-01-07,145473,Union Value Fund - Direct Plan - Growth Option,28.72
2025-01-07,145474,Union Value Fund - Direct Plan - IDCW Option,28.72
2025-01-07,145481,ADITYA BIRLA SUNLIFE OVERNIGHT FUND-REGULAR PLAN-GROWTH,1351.4719
2025-01-07,145482,ADITYA BIRLA SUN LIFE OVERNIGHT FUND-  Regular - Weekly Reinvestment of IDCW option,1000.7146
2025-01-07,145483,ADITYA BIRLA SUN LIFE OVERNIGHT FUND- Regular - Daily Reinvestment of IDCW,1000.02
2025-01-07,145485,ADITYA BIRLA SUN LIFE OVERNIGHT FUND- Regular- Monthly Payout of IDCW option,1001.952
2025-01-07,145486,ADITYA BIRLA SUN LIFE OVERNIGHT FUND-DIRECT PLAN-GROWTH,1361.2021
2025-01-07,145487,ADITYA BIRLA SUN LIFE OVERNIGHT FUND- Direct - Daily Reinvestment of IDCW,1000.02
2025-01-07,145488,ADITYA BIRLA SUN LIFE OVERNIGHT FUND-  Direct - Monthly Payout of IDCW,1001.9848
2025-01-07,145489,ADITYA BIRLA SUN LIFE OVERNIGHT FUND-  Direct - Weekly Reinvestment of IDCW,1000.7311
2025-01-07,145535,ICICI Prudential Overnight Fund - Growth,1349.0223
2025-01-07,145536,ICICI Prudential Overnight Fund - Direct Plan - Growth,1356.1936
2025-01-07,145537,ICICI Prudential Overnight Fund - Direct Plan - Daily IDCW,1000.005
2025-01-07,145538,ICICI Prudential Overnight Fund - Weekly IDCW,1000.1853
2025-01-07,145539,ICICI Prudential Overnight Fund - Direct Plan - Weekly IDCW,1000.187
2025-01-07,145547,ICICI Prudential Overnight Fund - Daily IDCW,1000.005
2025-01-07,145551,Motilal Oswal Nasdaq 100 Fund of Fund- Regular Plan Growth,42.2787
2025-01-07,145552,Motilal Oswal Nasdaq 100 Fund of Fund- Direct Plan Growth,43.2998
2025-01-07,145589,Groww Dynamic Term Fund (formerly known as Indiabulls Dynamic Bond Fund) - Direct Plan - Growth option,1474.6485
2025-01-07,145590,Groww Dynamic Term Fund (formerly known as Indiabulls Dynamic Bond Fund) - Regular Plan - Growth option,1418.8781
2025-01-07,145591,Groww Dynamic Term Fund (formerly known as Indiabulls Dynamic Bond Fund)- Direct Plan- Monthly - Income Distribution cum capital withdrawal Option (Payout & Reinvestment),1012.2626
2025-01-07,145592,Groww Dynamic Term Fund (formerly known as Indiabulls Dynamic Bond Fund)- Regular Plan- Monthly - Income Distribution cum capital withdrawal Option (Payout & Reinvestment),1012.4421
2025-01-07,145593,Groww Dynamic Term Fund (formerly known as Indiabulls Dynamic Bond Fund)- Regular Plan- - Income Distribution cum capital withdrawal Option ( Reinvestment),1013.3907
2025-01-07,145594,Groww Dynamic Term Fund (formerly known as Indiabulls Dynamic Bond Fund)- Regular Plan- Weekly - Income Distribution cum capital withdrawal Option (Payout & Reinvestment),1011.2221
2025-01-07,145595,Groww Dynamic Term Fund (formerly known as Indiabulls Dynamic Bond Fund)- Direct Plan- Fortnightly - Income Distribution cum capital withdrawal Option (Payout & Reinvestment),1018.8252
2025-01-07,145596,Groww Dynamic Term Fund (formerly known as Indiabulls Dynamic Bond Fund)- Direct Plan- - Income Distribution cum capital withdrawal Option ( Reinvestment),1010.857
2025-01-07,145597,Groww Dynamic Term Fund (formerly known as Indiabulls Dynamic Bond Fund)- Direct Plan- Weekly - Income Distribution cum capital withdrawal Option (Payout & Reinvestment),1011.6809
2025-01-07,145598,Groww Dynamic Term Fund (formerly known as Indiabulls Dynamic Bond Fund)- Regular Plan- Fortnightly - Income Distribution cum capital withdrawal Option (Payout & Reinvestment),1012.98
2025-01-07,145599,Groww Aggressive Hybrid Fund (formerly known as Indiabulls Equity Hybrid Fund) - Direct Plan - Growth option,22.3205
2025-01-07,145600,Groww Aggressive Hybrid Fund (formerly known as Indiabulls Equity Hybrid Fund)- Direct Plan- - Income Distribution cum capital withdrawal Option (Payout & Reinvestment),22.1452
2025-01-07,145601,Groww Aggressive Hybrid Fund (formerly known as Indiabulls Equity Hybrid Fund)- Direct Plan- Quarterly - Income Distribution cum capital withdrawal Option (Payout & Reinvestment),21.8826
2025-01-07,145602,Groww Aggressive Hybrid Fund (formerly known as Indiabulls Equity Hybrid Fund)- Direct Plan- Half Yearly - Income Distribution cum capital withdrawal Option (Payout & Reinvestment),21.4766
2025-01-07,145603,Groww Aggressive Hybrid Fund (formerly known as Indiabulls Equity Hybrid Fund)- Regular Plan- - Income Distribution cum capital withdrawal Option (Payout & Reinvestment),20.1079
2025-01-07,145604,Groww Aggressive Hybrid Fund (formerly known as Indiabulls Equity Hybrid Fund)- Regular Plan- Monthly - Income Distribution cum capital withdrawal Option (Payout & Reinvestment.,20.1091
2025-01-07,145605,Groww Aggressive Hybrid Fund (formerly known as Indiabulls Equity Hybrid Fund) - Regular Plan - Growth option,20.1109
2025-01-07,145606,Groww Aggressive Hybrid Fund (formerly known as Indiabulls Equity Hybrid Fund)- Direct Plan- Monthly - Income Distribution cum capital withdrawal Option (Payout & Reinvestment),22.1102
2025-01-07,145607,Groww Aggressive Hybrid Fund (formerly known as Indiabulls Equity Hybrid Fund)- Regular Plan- Quarterly - Income Distribution cum capital withdrawal Option (Payout & Reinvestment),21.3162
2025-01-07,145608,Groww Aggressive Hybrid Fund (formerly known as Indiabulls Equity Hybrid Fund)- Regular Plan- Half Yearly - Income Distribution cum capital withdrawal Option (Payout & Reinvestment),20.0635
2025-01-07,145633,Mirae Asset Nifty 50 ETF,252.815
2025-01-07,145648,SBI Nifty 200 Quality 30 ETF,221.6772
2025-01-07,145675,BANK OF INDIA Small Cap Fund Direct Plan IDCW,40.93
2025-01-07,145676,BANK OF INDIA Small Cap Fund Regular Plan IDCW,36.0
2025-01-07,145677,BANK OF INDIA Small Cap Fund Regular Plan Growth,49.38
2025-01-07,145678,BANK OF INDIA Small Cap Fund Direct Plan Growth,54.66
2025-01-07,145693,Mirae Asset Equity Savings Fund- Direct Plan- Growth,20.568
2025-01-07,145694,Mirae Asset Equity Savings Fund Direct IDCW,14.524
2025-01-07,145695,Mirae Asset Equity Savings Fund- Regular Plan- Growth,19.311
2025-01-07,145696,Mirae Asset Equity Savings Fund Regular IDCW,13.481
2025-01-07,145723,Tata Arbitrage Fund-Regular Plan-Growth,13.9164
2025-01-07,145724,Tata Arbitrage Fund-Direct Plan-Growth,14.5854
2025-01-07,145725,TATA Arbitrage Fund Direct Plan - Monthly Reinvestment of Income Distribution cum capital withdrawal option,14.0115
2025-01-07,145726,TATA Arbitrage Fund Regular Plan - Monthly Reinvestment of Income Distribution cum capital withdrawal option,13.3024
2025-01-07,145727,TATA Arbitrage Fund Direct Plan - Monthly Payout of Income Distribution cum capital withdrawal option,14.0115
2025-01-07,145728,TATA Arbitrage Fund Regular Plan - Monthly Payout of Income Distribution cum capital withdrawal option,13.3024
2025-01-07,145801,Tata Nifty 50 Exchange Traded Fund,253.4595
2025-01-07,145810,Nippon India Overnight Fund - Direct Plan - Growth Option,135.1558
2025-01-07,145811,Nippon India Overnight Fund - Regular Plan - Growth Option,134.3813
2025-01-07,145812,NIPPON INDIA OVERNIGHT FUND - DIRECT Plan - DAILY IDCW Option,100.005
2025-01-07,145819,Shriram ELSS Tax Saver Fund - Direct Growth,25.0898
2025-01-07,145820,Shriram ELSS Tax Saver Fund - Regular Growth,22.5312
2025-01-07,145821,Shriram ELSS Tax Saver Fund - Regular-IDCW,22.5389
2025-01-07,145822,Shriram ELSS Tax Saver Fund - Direct- IDCW,24.9186
2025-01-07,145823,NIPPON INDIA OVERNIGHT FUND - DIRECT Plan - WEEKLY IDCW Option,100.0761
2025-01-07,145824,NIPPON INDIA OVERNIGHT FUND - DIRECT Plan - MONTHLY IDCW Option,100.3377
2025-01-07,145825,NIPPON INDIA OVERNIGHT FUND - DIRECT Plan - QUARTERLY IDCW Option,100.6314
2025-01-07,145826,NIPPON INDIA OVERNIGHT FUND - WEEKLY IDCW Option,100.0752
2025-01-07,145827,NIPPON INDIA OVERNIGHT FUND - MONTHLY IDCW Option,100.3261
2025-01-07,145830,NIPPON INDIA OVERNIGHT FUND - DAILY IDCW Option,100.005
2025-01-07,145833,NIPPON INDIA OVERNIGHT FUND - QUARTERLY IDCW Option,100.6249
2025-01-07,145834,Motilal Oswal Liquid Fund - Direct Growth,13.5108
2025-01-07,145881,Aditya Birla Sunlife Nifty Next 50 ETF,69.5294
2025-01-07,145890,LIC MF Arbitrage Fund-Regular Plan-Growth,13.4049
2025-01-07,145891,LIC MF Arbitrage Fund-Direct Plan-Weekly IDCW,13.1264
2025-01-07,145892,LIC MF Arbitrage Fund-Regular Plan-Monthly IDCW,13.0967
2025-01-07,145893,LIC MF Arbitrage Fund-Regular Plan-Weekly IDCW,13.0131
2025-01-07,145894,LIC MF Arbitrage Fund-Direct Plan-Monthly IDCW,12.6997
2025-01-07,145895,LIC MF Arbitrage Fund-Direct Plan-Growth,13.9689
2025-01-07,145896,ICICI Prudential India Opportunities Fund - Cumulative Option,33.69
2025-01-07,145897,ICICI Prudential India Opportunities Fund - Direct Plan - Cumulative Option,36.51
2025-01-07,145898,ICICI Prudential India Opportunities Fund - Direct Plan - IDCW Option,26.63
2025-01-07,145899,ICICI Prudential India Opportunities Fund - IDCW Option,24.04
2025-01-07,145946,Motilal Oswal Liquid Fund - Regular Growth,13.3886
2025-01-07,145951,LIC MF Short Duration Fund-Regular Plan-IDCW,13.9845
2025-01-07,145952,LIC MF Short Duration Fund-Regular Plan-Growth,13.9845
2025-01-07,145953,LIC MF Short Duration Fund-Direct Plan-IDCW,14.8688
2025-01-07,145954,LIC MF Short Duration Fund-Direct Plan-Growth,14.8688
2025-01-07,145963,WhiteOak Capital Liquid Fund- Regular plan-Daily Reinvestment of Income Distribution cum capital withdrawal option (IDCW),1001.0009
2025-01-07,145964,WhiteOak Capital Liquid Fund- Regular plan-Weekly Payout/ Reinvestment of Income Distribution cum capital withdrawal option (IDCW),1001.3404
2025-01-07,145965,WhiteOak Capital Liquid Fund- Regular plan-Fortnightly Payout/ Reinvestment of Income Distribution cum capital withdrawal option (IDCW),1004.1823
2025-01-07,145966,WhiteOak Capital Liquid Fund- Direct plan-Fortnightly Payout/ Reinvestment of Income Distribution cum capital withdrawal option (IDCW),1002.2927
2025-01-07,145967,WhiteOak Capital Liquid Fund- Direct plan-Monthly  Payout/ Reinvestment of Income Distribution cum capital withdrawal option (IDCW),1005.0523
2025-01-07,145968,WhiteOak Capital Liquid Fund- Regular plan-Growth Option,1359.7098
2025-01-07,145969,WhiteOak Capital Liquid Fund- Direct plan-Daily Reinvestment of Income Distribution cum capital withdrawal option (IDCW),1000.9934
2025-01-07,145970,WhiteOak Capital Liquid Fund- Direct plan-Weekly Payout/ Reinvestment of Income Distribution cum capital withdrawal option (IDCW),1001.3401
2025-01-07,145971,WhiteOak Capital Liquid Fund- Direct plan-Growth Option,1367.1606
2025-01-07,145972,WhiteOak Capital Liquid Fund- Regular plan-Monthly Payout/ Reinvestment of Income Distribution cum capital withdrawal option (IDCW),1005.5166
2025-01-07,146005,TATA Balanced Advantage Fund Regular Plan - Payout of Income Distribution cum capital withdrawal option,19.8448
2025-01-07,146006,TATA Balanced Advantage Fund Direct Plan - Payout of Income Distribution cum capital withdrawal option,21.8312
2025-01-07,146007,Tata Balanced Advantage Fund-Regular Plan-Growth,19.8448
2025-01-07,146008,TATA Balanced Advantage Fund Direct Plan - Reinvestment of Income Distribution cum capital withdrawal option,21.8312
2025-01-07,146009,TATA Balanced Advantage Fund Regular Plan - Reinvestment of Income Distribution cum capital withdrawal option,19.8448
2025-01-07,146010,Tata Balanced Advantage Fund-Direct Plan-Growth,21.8312
2025-01-07,146061,DSP Overnight Fund - Regular Plan - Growth,1341.4728
2025-01-07,146062,DSP Overnight Fund - Direct Plan - Growth,1348.108
2025-01-07,146063,DSP Overnight Fund - Regular Plan - IDCW - Weekly,1001.2838
2025-01-07,146065,DSP Overnight Fund - Direct Plan - IDCW - Daily,1000.0099
2025-01-07,146066,DSP Overnight Fund - Regular Plan - IDCW - Daily,1000.0099
2025-01-07,146067,TATA Ultra Short Term Fund-Direct Plan - Weekly Payout of Income Distribution cum capital withdrawal option,10.4023
2025-01-07,146068,TATA Ultra Short Term Fund Direct Plan - Weekly Reinvestment of Income Distribution cum capital withdrawal option,10.4023
2025-01-07,146069,TATA Ultra Short Term Fund-Direct Plan - Monthly Payout of Income Distribution cum capital withdrawal option,14.3515
2025-01-07,146070,Tata Ultra Short Term Fund-Regular Plan-Growth,13.7001
2025-01-07,146071,TATA Ultra Short Term Fund-Regular Plan - Weekly Payout of Income Distribution cum capital withdrawal option,10.3758
2025-01-07,146072,TATA Ultra Short Term Fund-Regular Plan - Monthly Payout of Income Distribution cum capital withdrawal option,13.6999
2025-01-07,146073,TATA Ultra Short Term Fund Regular Plan - Monthly Reinvestment of Income Distribution cum capital withdrawal option,13.6999
2025-01-07,146074,TATA Ultra Short Term Fund Regular Plan -Weekly Reinvestment of Income Distribution cum capital withdrawal option,10.3758
2025-01-07,146075,Tata Ultra Short Term Fund-Direct Plan-Growth,14.3391
2025-01-07,146076,TATA Ultra Short Term Fund Direct Plan - Monthly Reinvestment of Income Distribution cum capital withdrawal option,14.3515
2025-01-07,146127,CANARA ROBECO SMALL CAP FUND - REGULAR PLAN - GROWTH OPTION,39.87
2025-01-07,146128,CANARA ROBECO SMALL CAP FUND - REGULAR PLAN - IDCW (Payout/Reinvestment),35.94
2025-01-07,146130,CANARA ROBECO SMALL CAP FUND - DIRECT PLAN - GROWTH OPTION,43.77
2025-01-07,146131,CANARA ROBECO SMALL CAP FUND - DIRECT PLAN - IDCW (Payout/Reinvestment),39.93
2025-01-07,146138,Kotak Overnight Fund-Regular Plan- Daily Reinvestment of Income Distribution cum capital withdrawal option,1004.7568
2025-01-07,146140,Kotak Overnight Fund-Direct Plan- Daily Reinvestment of Income Distribution cum capital withdrawal option,1003.6055
2025-01-07,146141,Kotak Overnight Fund -Direct Plan-Growth Option,1342.5096
2025-01-07,146142,Kotak Overnight Fund -Regular plan-Growth Option,1335.0806
2025-01-07,146183,BANDHAN Overnight Fund - Direct Plan - Monthly IDCW,1001.3958
2025-01-07,146184,BANDHAN Overnight Fund - Direct Plan - Periodic IDCW,1222.877
2025-01-07,146185,BANDHAN Overnight Fund - Regular Plan - Monthly IDCW,1001.4166
2025-01-07,146186,BANDHAN Overnight Fund - REGULAR PLAN PERIODIC IDCW,1220.1228
2025-01-07,146187,BANDHAN Overnight Fund - Regular Plan - Growth,1333.458
2025-01-07,146188,BANDHAN Overnight Fund - Regular Plan - Daily IDCW,1000.0073
2025-01-07,146189,BANDHAN Overnight Fund - Regular Plan - Weekly IDCW,1001.6265
2025-01-07,146190,BANDHAN Overnight Fund - Direct Plan - Daily IDCW,1000.0073
2025-01-07,146191,BANDHAN Overnight Fund - Direct Plan - Growth,1342.1965
2025-01-07,146192,BANDHAN Overnight Fund - Direct Plan - Weekly IDCW,1000.6795
2025-01-07,146193,Edelweiss Small Cap Fund - Regular Plan - Growth,45.147
2025-01-07,146194,Edelweiss Small Cap Fund - Regular Plan - IDCW Option,39.231
2025-01-07,146196,Edelweiss Small Cap Fund - Direct Plan - Growth,49.54
2025-01-07,146197,Edelweiss Small Cap Fund - Direct Plan - IDCW Option,43.339
2025-01-07,146207,SBI Corporate Bond Fund - Regular Plan - Growth,14.838
2025-01-07,146208,SBI Corporate Bond Fund - Regular Plan - Monthly Income Distribution cum Capital Withdrawal Option (IDCW),14.0033
2025-01-07,146210,SBI Corporate Bond Fund - Regular Plan - Quarterly Income Distribution cum Capital Withdrawal Option (IDCW),14.4168
2025-01-07,146212,SBI Corporate Bond Fund - Direct Plan - Monthly Income Distribution cum Capital Withdrawal Option (IDCW),14.4006
2025-01-07,146215,SBI Corporate Bond Fund - Direct Plan - Growth,15.2565
2025-01-07,146216,SBI Corporate Bond Fund - Direct Plan - Quarterly Income Distribution cum Capital Withdrawal Option (IDCW),14.8314
2025-01-07,146218,Motilal Oswal Liquid Fund Direct - IDCW  Quarterly Payout/Reinvestment,10.0268
2025-01-07,146220,Motilal Oswal Liquid Fund Regular - IDCW Monthly Payout/Reinvestment,10.053
2025-01-07,146222,Motilal Oswal Liquid Fund Regular - IDCW Quarterly Payout/Reinvestment,10.0263
2025-01-07,146223,Motilal Oswal Liquid Fund Direct - IDCW Monthly Payout/Reinvestment,10.0534
2025-01-07,146224,Motilal Oswal Liquid Fund Regular - IDCW Weekly Reinvestment,10.0201
2025-01-07,146226,Motilal Oswal Liquid Fund Direct - IDCW Fortnightly Reinvestment,10.0278
2025-01-07,146227,Motilal Oswal Liquid Fund Regular - IDCW Daily Reinvestment,10.0055
2025-01-07,146228,Motilal Oswal Liquid Fund Direct - IDCW Reinvestment,10.0077
2025-01-07,146229,Motilal Oswal Liquid Fund Direct - IDCW Weekly Reinvestment,10.0131
2025-01-07,146230,Motilal Oswal Liquid Fund Regular - IDCW Fortnightly Reinvestment,10.0271
2025-01-07,146271,Nippon India ETF Nifty Midcap 150,216.2179
2025-01-07,146294,Union Arbitrage Fund - Regular Plan - Growth Option,13.6224
2025-01-07,146295,Union Arbitrage Fund - Regular Plan - IDCW Option,13.3013
2025-01-07,146296,Union Arbitrage Fund - Direct Plan - IDCW Option,13.7254
2025-01-07,146297,Union Arbitrage Fund - Direct Plan - Growth Option,14.059
2025-01-07,146346,ICICI Prudential Retirement Fund - Pure Equity - Growth Option,29.78
2025-01-07,146347,ICICI Prudential Retirement Fund - Pure Equity - IDCW Option,29.78
2025-01-07,146348,ICICI Prudential Retirement Fund - Pure Equity - Direct Plan - IDCW Option,32.59
2025-01-07,146349,ICICI Prudential Retirement Fund - Pure Equity - Direct Plan - Growth Option,32.6
2025-01-07,146376,DSP Nifty 50 Index Fund - Direct Plan - Growth,22.9839
2025-01-07,146377,DSP Nifty 50 Index Fund - Direct Plan - IDCW,20.6738
2025-01-07,146378,DSP Nifty 50 Index Fund - Regular Plan - IDCW,20.5482
2025-01-07,146379,DSP Nifty 50 Index Fund - Regular Plan - Growth,22.7163
2025-01-07,146380,DSP Nifty Next 50 Index Fund - Regular Plan - Growth,25.7654
2025-01-07,146381,DSP Nifty Next 50 Index Fund - Direct Plan - Growth,26.2438
2025-01-07,146382,DSP Nifty Next 50 Index Fund - Direct Plan - IDCW,23.8298
2025-01-07,146383,DSP Nifty Next 50 Index Fund - Regular Plan - IDCW,23.364
2025-01-07,146388,UTI - BSE Sensex Next 50 Exchange Traded Fund,86.1215
2025-01-07,146405,ADITYA BIRLA SUN LIFE BAL BHAVISHYA YOJNA- Regular - IDCW,17.97
2025-01-07,146407,ADITYA BIRLA SUN LIFE BAL BHAVISHYA YOJNA DIRECT GROWTH,21.35
2025-01-07,146408,ADITYA BIRLA SUN LIFE BAL BHAVISHYA YOJNA- Direct - IDCW,19.87
2025-01-07,146409,ADITYA BIRLA SUN LIFE BAL BHAVISHYA YOJNA REGULAR GROWTH,19.28
2025-01-07,146455,Invesco India Equity Savings Fund - Regular Plan - IDCW (Payout / Reinvestment),16.7879
2025-01-07,146456,Invesco India Equity Savings Fund - Regular Plan - Growth,16.7892
2025-01-07,146457,Invesco India Equity Savings Fund - Direct Plan - Growth,18.5193
2025-01-07,146458,Invesco India Equity Savings Fund - Direct Plan - IDCW (Payout / Reinvestment),18.4498
2025-01-07,146512,NIPPON INDIA NIFTY NEXT 50 JUNIOR BEES FOF - IDCW Option,24.6915
2025-01-07,146513,Nippon India Nifty Next 50 Junior BeES FoF - Direct Plan - Growth Plan - Growth Option,25.045
2025-01-07,146514,Nippon India Nifty Next 50 Junior BeES FoF - Growth Plan - Growth Option,24.6915
2025-01-07,146515,NIPPON INDIA NIFTY NEXT 50 JUNIOR BEES FOF - DIRECT Plan - IDCW Option,25.045
2025-01-07,146548,Mahindra Manulife Large Cap Fund - Regular Plan - IDCW,17.2504
2025-01-07,146549,Mahindra Manulife Large Cap Fund - Direct Plan -Growth,24.3993
2025-01-07,146550,Mahindra Manulife Large Cap Fund - Direct Plan - IDCW,19.536
2025-01-07,146551,Mahindra Manulife Large Cap Fund - Regular Plan - Growth,21.9389
2025-01-07,146574,Aditya Birla Sun Life Retirement Fund-The 30s Plan-Regular - Payout of IDCW,16.556
2025-01-07,146575,Aditya Birla Sun Life Retirement Fund-The 30s Plan-Direct Growth,20.957
2025-01-07,146576,Aditya Birla Sun Life Retirement Fund-The 30s Plan-Direct - Payout of IDCW,18.142
2025-01-07,146577,Aditya Birla Sun Life Retirement Fund-The 30s Plan-Regular Growth,19.123
2025-01-07,146641,SBI Equity Minimum Variance Fund - Regular Plan - Income Distribution cum Capital Withdrawal Option (IDCW),23.2341
2025-01-07,146642,SBI Equity Minimum Variance Fund - Direct Plan - Income Distribution cum Capital Withdrawal Option (IDCW),23.7287
2025-01-07,146643,SBI Equity Minimum Variance Fund - Direct Plan - Growth,23.7302
2025-01-07,146644,SBI Equity Minimum Variance Fund - Regular Plan - Growth,23.2304
2025-01-07,146675,Axis Overnight Fund - Direct Plan - Growth Option,1331.5695
2025-01-07,146676,Axis Overnight Fund - Direct Plan - Weekly IDCW,1000.8843
2025-01-07,146677,Axis Overnight Fund - Direct Plan - Monthly IDCW,1003.0276
2025-01-07,146678,Axis Overnight Fund - Regular Plan - Growth Option,1327.2831
2025-01-07,146679,Axis Overnight Fund - Direct Plan - Daily IDCW,1000.5073
2025-01-07,146680,Axis Overnight Fund - Regular Plan - Weekly IDCW,1000.853
2025-01-07,146681,Axis Overnight Fund - Regular Plan - Monthly IDCW,1003.0081
2025-01-07,146682,Axis Overnight Fund - Regular Plan - Daily IDCW,1000.5032
2025-01-07,146695,BANDHAN Fixed Term Plan Series 179 REGULAR PLAN-GROWTH (3652 days),15.9549
2025-01-07,146699,BANDHAN Fixed Term Plan Series 179 DIRECT PLAN HALF YEARLY-IDCW (3652 days),11.3694
2025-01-07,146701,BANDHAN Fixed Term Plan Series 179 DIRECT PLAN-GROWTH (3652 days),16.189
2025-01-07,146702,BANDHAN Fixed Term Plan Series 179 REGULAR PLAN PERIODIC-IDCW (3652 days),13.7374
2025-01-07,146716,ICICI Prudential Retirement Fund - Hybrid Conservative - Direct Plan - Growth Option,17.8344
2025-01-07,146717,ICICI Prudential Retirement Fund - Hybrid Conservative - Growth Option,16.488
2025-01-07,146718,ICICI Prudential Retirement Fund - Hybrid Conservative - Direct Plan - IDCW Option,17.8341
2025-01-07,146719,ICICI Prudential Retirement Fund - Hybrid Conservative - IDCW Option,16.4879
2025-01-07,146720,ICICI Prudential Retirement Fund - Hybrid Aggressive - Direct Plan - IDCW Option,26.45
2025-01-07,146721,ICICI Prudential Retirement Fund - Hybrid Aggressive - Direct Plan - Growth Option,26.45
2025-01-07,146722,ICICI Prudential Retirement Fund - Hybrid Aggressive - Growth Option,24.12
2025-01-07,146723,ICICI Prudential Retirement Fund - Hybrid Aggressive - IDCW Option,24.12
2025-01-07,146724,ICICI Prudential Retirement Fund - Pure Debt - IDCW Option,14.5012
2025-01-07,146725,ICICI Prudential Retirement Fund - Pure Debt - Direct Plan - IDCW Option,15.6702
2025-01-07,146726,ICICI Prudential Retirement Fund - Pure Debt - Growth Option,14.501
2025-01-07,146727,ICICI Prudential Retirement Fund - Pure Debt - Direct Plan - Growth Option,15.6703
2025-01-07,146769,HSBC Large & Mid Cap Fund - Regular IDCW,23.2751
2025-01-07,146770,HSBC Large & Mid Cap Fund - Direct IDCW,25.3791
2025-01-07,146771,HSBC Large & Mid Cap Fund - Regular Growth,27.9661
2025-01-07,146772,HSBC Large & Mid Cap Fund - Direct Growth,30.3899
2025-01-07,146795,ICICI Prudential Fixed Maturity Plan - Series 85 - 10 Years Plan I - Direct Plan Cumulative Option,16.1576
2025-01-07,146797,ICICI Prudential Fixed Maturity Plan - Series 85 - 10 Years Plan I - Cumulative Option,15.9648
2025-01-07,146800,ICICI Prudential Fixed Maturity Plan - Series 85 - 10 Years Plan I - Quarterly IDCW Option,15.9645
2025-01-07,146927,Aditya Birla Sun Life Retirement Fund-The 40s Plan- Direct - Payout of IDCW,17.4
2025-01-07,146928,Aditya Birla Sun Life Retirement Fund-The 40s Plan-Regular - Payout of IDCW,15.933
2025-01-07,146929,Aditya Birla Sun Life Retirement Fund-The 40s Plan-Regular Plan-Growth,18.403
2025-01-07,146930,Aditya Birla Sun Life Retirement Fund-The 40s Plan-Direct Plan-Growth,20.099
2025-01-07,146937,Aditya Birla Sun Life Retirement Fund-The 50s Plan- Direct - Payout of IDCW,13.1702
2025-01-07,146938,Aditya Birla Sun Life Retirement Fund-The 50s Plan-Regular Plan-Growth,14.0456
2025-01-07,146939,Aditya Birla Sun Life Retirement Fund-The 50s Plan- Regular - Payout of IDCW,12.1533
2025-01-07,146940,Aditya Birla Sun Life Retirement Fund-The 50s Plan-Direct Plan-Growth,15.2201
2025-01-07,146941,Aditya Birla Sun Life Retirement Fund-The 50s Plus-Debt Plan-Regular Plan-Growth,12.7707
2025-01-07,146942,Aditya Birla Sun Life Retirement Fund-The 50s Plus-Debt Plan - Regular - Payout of IDCW,11.0495
2025-01-07,146943,Aditya Birla Sun Life Retirement Fund-The 50s Plus-Debt Plan-Direct Plan-Growth,13.7839
2025-01-07,146944,Aditya Birla Sun Life Retirement Fund-The 50s Plus-Debt Plan - Direct - Payout of IDCW,11.925
2025-01-07,146949,ICICI Prudential Bharat Consumption Fund - Direct Plan - IDCW Option,18.83
2025-01-07,146950,ICICI Prudential Bharat Consumption Fund - Growth Option,24.89
2025-01-07,146951,ICICI Prudential Bharat Consumption Fund - Direct Plan - Growth Option,26.62
2025-01-07,146952,ICICI Prudential Bharat Consumption Fund - IDCW Option,17.24
2025-01-07,146957,Sundaram Overnight Fund Direct Plan - Monthly Reinvestment of Income Distribution cum Capital Withdrawal (IDCW),1046.2339
2025-01-07,146959,Sundaram Overnight Fund Regular Plan - Growth,1329.3667
2025-01-07,146960,Sundaram Overnight Fund Regular Plan - Monthly Payout of Income Distribution cum Capital Withdrawal (IDCW),1042.4729
2025-01-07,146961,Sundaram Overnight Fund Regular Plan - Monthly Reinvestment of Income Distribution cum Capital Withdrawal (IDCW),1042.4729
2025-01-07,146962,Sundaram Overnight Fund Direct Plan - Monthly Payout of Income Distribution cum Capital Withdrawal (IDCW),1046.2339
2025-01-07,146963,Sundaram Overnight Fund Direct Plan - Growth,1337.1146
2025-01-07,146973,SBI Fixed Maturity Plan (FMP) - Series 1 (3668 Days) - Regular Plan - Income Distribution cum Capital Withdrawal Option (IDCW),15.6709
2025-01-07,146974,SBI Fixed Maturity Plan (FMP) - Series 1 (3668 Days) - Direct Plan - Growth,15.8575
2025-01-07,146975,SBI Fixed Maturity Plan (FMP) - Series 1 (3668 Days) - Direct Plan - Income Distribution cum Capital Withdrawal Option (IDCW),15.8671
2025-01-07,146976,SBI Fixed Maturity Plan (FMP) - Series 1 (3668 Days) - Regular Plan - Growth,15.671
2025-01-07,146977,Tata Overnight Fund-Regular Plan-Growth,1319.4414
2025-01-07,146978,TATA Overnight Fund Direct Plan - Daily Reinvestment of Income Distribution cum capital withdrawal option,1000.0004
2025-01-07,146979,TATA Overnight Fund Regular Plan - Daily Reinvestment of Income Distribution cum capital withdrawal option,1000.0004
2025-01-07,146980,Tata Overnight Fund-Direct Plan-Growth,1327.9538
2025-01-07,146997,Union Overnight Fund - Regular Plan - Growth Option,1317.3493
2025-01-07,146998,Union Overnight Fund - Regular Plan - Daily IDCW Option,1001.2517
2025-01-07,147000,Union Overnight Fund - Regular Plan - Monthly IDCW Option,1002.7007
2025-01-07,147002,Union Overnight Fund - Direct Plan - Daily IDCW Option,1000.7901
2025-01-07,147003,Union Overnight Fund - Direct Plan - Growth Option,1324.8944
2025-01-07,147006,Union Overnight Fund - Direct Plan - Monthly IDCW Option,1002.7165
2025-01-07,147095,NIPPON INDIA FIXED MATURITY  PLAN - XLI - SERIES 8 - DIRECT Plan - IDCW Option,15.8797
2025-01-07,147096,NIPPON INDIA FIXED MATURITY PLAN  - XLI - SERIES 8 - IDCW Option,15.6111
2025-01-07,147097,Nippon India Fixed Maturity Plan XLI - Series 8 - Growth Option,15.6111
2025-01-07,147098,Nippon India Fixed Maturity Plan XLI - Series 8 - Direct Plan - Growth Option,15.8797
2025-01-07,147128,UTI Ultra Short Duration Fund - Direct Plan - Half-Yearly IDCW,1389.2298
2025-01-07,147153,ITI Liquid Fund - Regular Plan - Growth Option,1317.3393
2025-01-07,147154,ITI Liquid Fund - Regular Plan - Daily IDCW Option,1001.0
2025-01-07,147155,ITI Liquid Fund - Regular Plan - Fortnightly Income Distribution cum capital withdrawal option Option,1003.3785
2025-01-07,147156,ITI Liquid Fund - Regular Plan - Monthly IDCW Option,1001.1538
2025-01-07,147157,ITI Liquid Fund - Direct Plan - Growth Option,1327.5422
2025-01-07,147158,ITI Liquid Fund - Direct Plan - Daily IDCW Option,1001.0
2025-01-07,147159,ITI Liquid Fund - Direct Plan - Weekly IDCW Option,1001.0
2025-01-07,147161,ITI Liquid Fund - Direct Plan - Annually IDCW Option,1328.9757
2025-01-07,147162,ITI Liquid Fund - Regular Plan - Annually IDCW Option,1324.0666
2025-01-07,147163,ITI Liquid Fund - Direct Plan - Monthly IDCW Option,1003.4344
2025-01-07,147164,ITI Liquid Fund - Regular Plan - Weekly IDCW Option,1001.0
2025-01-07,147183,ITI Multi Cap Fund - Direct Plan - Growth Option,26.308
2025-01-07,147184,ITI Multi Cap Fund - Regular Plan - Growth Option,23.4816
2025-01-07,147185,ITI Multi Cap Fund - Regular Plan - IDCW Option,21.5258
2025-01-07,147186,ITI Multi Cap Fund - Direct Plan - IDCW Option,24.2435
2025-01-07,147193,Baroda BNP Paribas Overnight Fund - Regular Plan - Growth,1316.9075
2025-01-07,147194,Baroda BNP Paribas Overnight Fund - Regular Plan - Daily IDCW,1000.0018
2025-01-07,147195,Baroda BNP Paribas Overnight Fund - Direct Plan - Weekly IDCW,1000.1079
2025-01-07,147196,Baroda BNP Paribas Overnight Fund - Direct Plan - Growth,1321.6947
2025-01-07,147197,Baroda BNP Paribas Overnight Fund - Direct Plan - Daily IDCW,1000.0028
2025-01-07,147198,Baroda BNP Paribas Overnight Fund - Regular Plan - Weekly IDCW,1000.5701
2025-01-07,147203,Mirae Asset Focused Fund Regular Plan Growth,25.475
2025-01-07,147204,Mirae Asset Focused Fund Regular IDCW,23.42
2025-01-07,147205,Mirae Asset Focused Fund Direct IDCW,25.338
2025-01-07,147206,Mirae Asset Focused Fund Direct Plan Growth,27.546
2025-01-07,147211,Franklin India Overnight Fund - Direct Weekly Dividend Plan - Weekly - IDCW,1000.3659
2025-01-07,147212,Franklin India Overnight Fund - Direct Daily Dividend Plan - Daily - IDCW,1000.0008
2025-01-07,147213,Franklin India Overnight fund- Growth,1308.4764
2025-01-07,147214,Franklin India Overnight Fund- Growth - Direct,1312.2966
2025-01-07,147215,Franklin India Overnight Fund - Daily Dividend Plan - Daily - IDCW,1000.0001
2025-01-07,147216,Franklin India Overnight Fund - Weekly Dividend Plan - Weekly - IDCW,1000.3712
2025-01-07,147247,SBI Fixed Maturity Plan (FMP) - Series 6 (3668 Days) - Regular Plan - Growth,15.2372
2025-01-07,147248,SBI Fixed Maturity Plan (FMP) - Series 6 (3668 Days) - Direct Plan - Growth,15.4481
2025-01-07,147249,SBI Fixed Maturity Plan (FMP) - Series 6 (3668 Days) - Direct Plan - Income Distribution cum Capital Withdrawal Option (IDCW),15.4482
2025-01-07,147250,SBI Fixed Maturity Plan (FMP) - Series 6 (3668 Days) - Regular Plan - Income Distribution cum Capital Withdrawal Option (IDCW),15.2404
2025-01-07,147265,KOTAK FLOATING RATE FUND-REGULAR PLAN-STANDARD Reinvestment of Income Distribution cum capital withdrawal option,1289.7314
2025-01-07,147266,KOTAK FLOATING RATE FUND-REGULAR PLAN-GROWTH OPTION,1447.1686
2025-01-07,147267,KOTAK FLOATING RATE FUND-DIRECT PLAN-Standard Reinvestment of Income Distribution cum capital withdrawal option,1288.0124
2025-01-07,147269,KOTAK FLOATING RATE FUND-DIRECT PLAN-GROWTH OPTION,1478.5156
2025-01-07,147287,HSBC Overnight Fund - Direct Growth,1316.9857
2025-01-07,147288,HSBC Overnight Fund - Regular Weekly IDCW,1000.0404
2025-01-07,147289,HSBC Overnight Fund - Regular Daily IDCW,1000.0133
2025-01-07,147290,HSBC Overnight Fund - Regular Growth,1307.2021
2025-01-07,147291,HSBC Overnight Fund - Direct Daily IDCW,1000.0133
2025-01-07,147296,HSBC Overnight Fund - Direct Weekly IDCW,1000.0083
2025-01-07,147300,HSBC Overnight Fund - Direct Monthly IDCW,1002.1963
2025-01-07,147301,HSBC Overnight Fund - Regular Monthly IDCW,1002.1537
2025-01-07,147303,DSP Quant Fund - Regular Plan - Growth,21.036
2025-01-07,147304,DSP Quant Fund - Direct Plan - IDCW,19.824
2025-01-07,147305,DSP Quant Fund - Regular Plan - IDCW,18.961
2025-01-07,147306,DSP Quant Fund - Direct Plan - Growth,21.921
2025-01-07,147307,WhiteOak Capital Ultra Short Duration Fund- Regular plan-Growth Option,1317.2182
2025-01-07,147308,WhiteOak Capital Ultra Short Duration Fund- Regular plan-Daily Reinvestment of Income Distribution cum capital withdrawal option (IDCW),1002.8945
2025-01-07,147309,WhiteOak Capital Ultra Short Duration Fund- Regular plan-Fortnightly Payout/ Reinvestment of Income Distribution cum capital withdrawal option (IDCW),1004.101
2025-01-07,147310,WhiteOak Capital Ultra Short Duration Fund- Regular plan-Weekly Payout/ Reinvestment of Income Distribution cum capital withdrawal option (IDCW),1004.1833
2025-01-07,147311,WhiteOak Capital Ultra Short Duration Fund- Direct plan-Growth Option,1360.0672
2025-01-07,147312,WhiteOak Capital Ultra Short Duration Fund- Direct plan-Monthly Payout/ Reinvestment of Income Distribution cum capital withdrawal option (IDCW),1008.0593
2025-01-07,147313,WhiteOak Capital Ultra Short Duration Fund- Direct plan-Weekly Payout/ Reinvestment of Income Distribution cum capital withdrawal option (IDCW),1002.8294
2025-01-07,147314,WhiteOak Capital Ultra Short Duration Fund- Regular plan-Monthly Payout/ Reinvestment of Income Distribution cum capital withdrawal option (IDCW),1006.6615
2025-01-07,147315,WhiteOak Capital Ultra Short Duration Fund- Direct plan-Fortnightly Payout/ Reinvestment of Income Distribution cum capital withdrawal option (IDCW),1004.2625
2025-01-07,147316,WhiteOak Capital Ultra Short Duration Fund- Direct plan-Daily Reinvestment of Income Distribution cum capital withdrawal option (IDCW),1002.8947
2025-01-07,147345,ICICI Prudential MNC Fund - Growth Option,28.29
2025-01-07,147346,ICICI Prudential MNC Fund - Direct Plan - Growth Option,30.45
2025-01-07,147347,ICICI Prudential MNC Fund - Direct Plan - IDCW Option,21.78
2025-01-07,147348,ICICI Prudential MNC Fund - IDCW Option,19.87
2025-01-07,147371,QUANTUM ESG BEST IN CLASS STRATEGY FUND - REGULAR PLAN - GROWTH OPTION,23.9
2025-01-07,147372,QUANTUM ESG BEST IN CLASS STRATEGY FUND - DIRECT PLAN - GROWTH OPTION,25.03
2025-01-07,147373,Baroda BNP Paribas Money Market Fund - Direct Plan - Monthly IDCW,1033.1134
2025-01-07,147376,Baroda BNP Paribas Money Market Fund - Regular Plan - Monthly IDCW,1016.4806
2025-01-07,147377,Baroda BNP Paribas Money Market Fund- Direct Plan - Growth,1346.1957
2025-01-07,147378,Baroda BNP Paribas Money Market Fund - Direct Plan-Daily IDCW,1000.0
2025-01-07,147379,Baroda BNP Paribas Money Market Fund -Direct Plan - Weekly IDCW,1000.1125
2025-01-07,147380,Baroda BNP Paribas Money Market Fund-Regular Plan- Daily IDCW,1005.9752
2025-01-07,147381,Baroda BNP Paribas Money Market Fund-Regular Plan-Weekly IDCW,1000.1563
2025-01-07,147382,Baroda BNP Paribas Money Market Fund-Regular Plan - Growth,1328.1782
2025-01-07,147403,Shriram Balanced Advantage Fund - Direct- IDCW,18.8923
2025-01-07,147404,Shriram Balanced Advantage Fund - Regular-IDCW,17.1583
2025-01-07,147405,Shriram Balanced Advantage Fund - Regular Growth,17.1361
2025-01-07,147406,Shriram Balanced Advantage Fund - Direct Growth,19.0066
2025-01-07,147407,Aditya Birla Sun Life Pharma and Healthcare Fund-Regular-Growth,32.18
2025-01-07,147408,Aditya Birla Sun Life Pharma and Healthcare Fund-Regular - Payout of IDCW,22.6
2025-01-07,147409,Aditya Birla Sun Life Pharma and Healthcare Fund-Direct-Growth,35.1
2025-01-07,147410,Aditya Birla Sun Life Pharma and Healthcare Fund-Direct - Payout of IDCW,24.27
2025-01-07,147441,Motilal Oswal Liquid Fund - Unclaimed Dividend- Upto 3 years,13.137
2025-01-07,147442,Motilal Oswal Liquid Fund - Unclaimed Dividend - Greater than 3 years,10.0
2025-01-07,147443,Motilal Oswal Liquid Fund - Unclaimed Redemption - Greater than 3 years,10.0
2025-01-07,147444,Motilal Oswal Liquid Fund - Unclaimed Redemption - Upto 3 years,12.8935
2025-01-07,147445,Mirae Asset Midcap Fund- Direct Growth Option,37.347
2025-01-07,147446,Mahindra Manulife Aggressive Hybrid Fund - Direct Plan -Growth,28.5998
2025-01-07,147447,Mahindra Manulife Aggressive Hybrid Fund - Regular Plan - Growth,25.8785
2025-01-07,147448,Mahindra Manulife Aggressive Hybrid Fund - Direct Plan - Monthly IDCW,22.3101
2025-01-07,147449,Mahindra Manulife Aggressive Hybrid Fund - Regular Plan - Monthly IDCW,19.8515
2025-01-07,147450,Groww Overnight Fund (formerly known as Indiabulls Overnight Fund)- Direct Plan- Growth Option,1298.2017
2025-01-07,147451,Groww Overnight Fund (formerly known as Indiabulls Overnight Fund)- Direct Plan- Weekly - Income Distribution cum capital withdrawal Option (Payout & Reinvestment),1002.162
2025-01-07,147452,Groww Overnight Fund (formerly known as Indiabulls Overnight Fund)- Direct Plan- Fortnightly - Income Distribution cum capital withdrawal Option (Payout & Reinvestment),1217.4525
2025-01-07,147453,Groww Overnight Fund (formerly known as Indiabulls Overnight Fund)- Direct Plan- Monthly - Income Distribution cum capital withdrawal Option (Payout & Reinvestment),1003.041
2025-01-07,147454,Groww Overnight Fund (formerly known as Indiabulls Overnight Fund)- Regular Plan- Growth Option,1291.6514
2025-01-07,147455,Groww Overnight Fund (formerly known as Indiabulls Overnight Fund)- Regular Plan- - Income Distribution cum capital withdrawal Option ( Reinvestment),1001.0174
2025-01-07,147456,Groww Overnight Fund (formerly known as Indiabulls Overnight Fund)- Regular Plan- Weekly - Income Distribution cum capital withdrawal Option (Payout & Reinvestment),1001.0816
2025-01-07,147457,Groww Overnight Fund (formerly known as Indiabulls Overnight Fund)- Regular Plan- Fortnightly - Income Distribution cum capital withdrawal Option (Payout & Reinvestment),1002.9799
2025-01-07,147458,Groww Overnight Fund (formerly known as Indiabulls Overnight Fund)- Direct Plan- - Income Distribution cum capital withdrawal Option ( Reinvestment),1001.1048
2025-01-07,147459,Groww Overnight Fund (formerly known as Indiabulls Overnight Fund)- Regular Plan- Monthly - Income Distribution cum capital withdrawal Option (Payout & Reinvestment),1002.7422
2025-01-07,147472,Kotak Focused Fund- Regular Plan-Income Distribution cum capital withdrawal option,23.763
2025-01-07,147473,Kotak Focused Fund- Direct Plan- Growth option,25.933
2025-01-07,147475,Kotak Focused Fund-Direct Plan- Income Distribution cum capital withdrawal option,25.934
2025-01-07,147477,Kotak Focused Fund- Regular plan _ Growth Option,23.763
2025-01-07,147478,Mirae Asset Midcap Fund Direct IDCW,28.903
2025-01-07,147479,Mirae Asset Midcap Fund - Regular Plan-Growth Option,34.727
2025-01-07,147480,Mirae Asset Midcap Fund Regular IDCW,26.714
2025-01-07,147481,Parag Parikh ELSS Tax Saver Fund- Direct Growth,32.1918
2025-01-07,147482,Parag Parikh ELSS Tax Saver Fund- Regular Growth,30.1274
2025-01-07,147483,ICICI Prudential Nifty Bank ETF,51.0341
2025-01-07,147490,Union Focused Fund - Regular Plan - Growth Option,25.45
2025-01-07,147491,Union Focused Fund - Direct Plan - IDCW Option,26.79
2025-01-07,147492,Union Focused Fund - Direct Plan - Growth Option,26.79
2025-01-07,147493,Union Focused Fund - Regular Plan - IDCW Option,25.45
2025-01-07,147494,Baroda BNP Paribas Equity Savings Fund - Regular Plan - Growth,16.0458
2025-01-07,147495,Baroda BNP Paribas Equity Savings Fund - Regular Plan - IDCW,14.0104
2025-01-07,147496,Baroda BNP Paribas Equity Savings Fund - Direct Plan - Growth,17.0187
2025-01-07,147498,Baroda BNP Paribas Equity Savings Fund - Direct Plan - IDCW,14.8577
2025-01-07,147512,LIC MF Overnight Fund-Regular Plan-IDCW,1145.1706
2025-01-07,147513,LIC MF Overnight Fund-Direct Plan-IDCW,1304.1587
2025-01-07,147514,LIC MF Overnight Fund-Direct Plan-Weekly IDCW,1010.6044
2025-01-07,147515,LIC MF Overnight Fund-Direct Plan-Growth,1304.4578
2025-01-07,147516,LIC MF Overnight Fund-Direct Plan-Daily IDCW,1046.1852
2025-01-07,147518,LIC MF Overnight Fund-Regular Plan-Weekly IDCW,1139.2308
2025-01-07,147519,LIC MF Overnight Fund-Regular Plan-Growth,1295.1975
2025-01-07,147530,ICICI Prudential Nifty Private Bank ETF,24.6523
2025-01-07,147531,CANARA ROBECO OVERNIGHT FUND - DIRECT PLAN - GROWTH OPTION,1300.373
2025-01-07,147532,CANARA ROBECO OVERNIGHT FUND - DIRECT PLAN - DAILY IDCW (Reinvestment),1001.0012
2025-01-07,147533,CANARA ROBECO OVERNIGHT FUND - REGULAR PLAN - DAILY IDCW (Reinvestment),1001.0
2025-01-07,147534,CANARA ROBECO OVERNIGHT FUND - REGULAR PLAN - GROWTH OPTION,1299.1722
2025-01-07,147541,ITI ELSS Tax Saver Fund - Direct Plan - Growth Option,26.09
2025-01-07,147542,ITI ELSS Tax Saver Fund - Direct Plan - IDCW Option,24.0582
2025-01-07,147543,ITI ELSS Tax Saver Fund - Regular Plan - IDCW Option,21.5442
2025-01-07,147544,ITI ELSS Tax Saver Fund - Regular Plan - Growth Option,23.4771
2025-01-07,147549,Edelweiss Overnight Fund - Regular Plan - Fortnightly - IDCW Option,1097.0205
2025-01-07,147551,Edelweiss Overnight Fund - Direct Plan - Annual - IDCW Option,1303.1521
2025-01-07,147552,Edelweiss Overnight Fund - Regular Plan - Daily - IDCW Option,1008.2771
2025-01-07,147553,Edelweiss Overnight Fund - Regular Plan - Weekly - IDCW Option,1016.4627
2025-01-07,147554,Edelweiss Overnight Fund - Direct Plan - Monthly - IDCW Option,1059.9401
2025-01-07,147555,Edelweiss Overnight Fund - Regular Plan - Monthly - IDCW Option,1006.7018
2025-01-07,147556,Edelweiss Overnight Fund - Regular Plan - Annual - IDCW Option,1298.7282
2025-01-07,147557,Edelweiss Overnight Fund - Direct Plan - Daily - IDCW Option,1000.0851
2025-01-07,147563,Mahindra Manulife Overnight Fund - Direct Plan - Daily IDCW,1306.0774
2025-01-07,147564,Mahindra Manulife Overnight Fund - Direct Plan -Growth,1302.652
2025-01-07,147565,Mahindra Manulife Overnight Fund - Regular Plan - Growth,1295.4703
2025-01-07,147566,Mahindra Manulife Overnight Fund - Regular Plan - Daily IDCW,1149.0688
2025-01-07,147567,Axis Money Market Fund - Direct Plan - Growth Option,1389.1993
2025-01-07,147568,Axis Money Market Fund - Regular Plan - Growth Option,1377.6823
2025-01-07,147569,Edelweiss Overnight Fund - Regular Plan - Growth,1298.7272
2025-01-07,147570,Edelweiss Overnight Fund - Direct Plan - Growth,1302.7063
2025-01-07,147571,Axis Money Market Fund - Direct Plan - Daily IDCW,1005.613
2025-01-07,147572,Axis Money Market Fund - Direct Plan - Monthly IDCW,1010.339
2025-01-07,147573,Axis Money Market Fund - Direct Plan - Quarterly IDCW,1133.2957
2025-01-07,147574,Axis Money Market Fund - Regular Plan - Quarterly IDCW,1121.9235
2025-01-07,147575,Axis Money Market Fund - Regular Plan - Annual IDCW,1241.6383
2025-01-07,147576,Axis Money Market Fund - Direct Plan - Annual IDCW,1252.6918
2025-01-07,147577,Axis Money Market Fund - Regular Plan - Daily IDCW,1005.6127
2025-01-07,147578,Axis Money Market Fund - Regular Plan - Monthly IDCW,1008.387
2025-01-07,147579,Nippon India ETF BSE Sensex Next 50,84.5127
2025-01-07,147600,PGIM India Overnight Fund - Regular Plan- Growth Option,1293.5029
2025-01-07,147605,PGIM India Overnight Fund - Direct Plan - Daily Dividend Option,1000.0092
2025-01-07,147606,PGIM India Overnight Fund - Direct Plan - Growth Option,1298.6872
2025-01-07,147607,PGIM India Overnight Fund - Regular Plan - Weekly Dividend Option,1008.8613
2025-01-07,147608,PGIM India Overnight Fund - Direct Plan - Weekly Dividend Option,1002.2418
2025-01-07,147609,PGIM India Overnight Fund - Regular Plan - Daily Dividend Option,1000.0
2025-01-07,147614,Tata Nifty Private Bank Exchange Traded Fund,252.5651
2025-01-07,147615,ITI Arbitrage Fund - Direct Plan - IDCW Option,13.0516
2025-01-07,147616,ITI Arbitrage Fund - Regular Plan - IDCW Option,12.5404
2025-01-07,147617,ITI Arbitrage Fund - Direct Plan - Growth Option,13.0516
2025-01-07,147618,ITI Arbitrage Fund - Regular Plan - Growth Option,12.5404
2025-01-07,147619,Motilal Oswal Nifty Bank Index - Regular Plan,17.8249
2025-01-07,147620,Motilal Oswal Nifty Bank Index Fund - Direct Plan,18.5001
2025-01-07,147621,Motilal Oswal Nifty Midcap 150 Index Fund - Regular Plan,36.4938
2025-01-07,147622,Motilal Oswal Nifty Midcap 150 Index Fund - Direct Plan,37.9307
2025-01-07,147623,Motilal Oswal Nifty Smallcap 250 Index Fund- Direct Plan,39.46
2025-01-07,147624,Motilal Oswal Nifty Smallcap 250 Index - Regular Plan,38.0382
2025-01-07,147625,Motilal Oswal Nifty 500 Index Fund - Direct Plan,25.705
2025-01-07,147626,Motilal Oswal Nifty 500 Index Fund - Regular Plan,24.8129
2025-01-07,147645,ICICI Prudential Global Advantage Fund (FOF) - Direct Plan - IDCW,16.179
2025-01-07,147646,ICICI Prudential Global Advantage Fund (FOF) - IDCW,15.6166
2025-01-07,147647,ICICI Prudential Global Advantage Fund (FOF) - Growth Option,15.6171
2025-01-07,147648,ICICI Prudential Global Advantage Fund (FOF) - Direct Plan - Growth Option,16.1791
2025-01-07,147661,ICICI Prudential Commodities Fund - Growth Option,38.41
2025-01-07,147662,ICICI Prudential Commodities Fund - Direct Plan - Growth Option,41.26
2025-01-07,147663,ICICI Prudential Commodities Fund - IDCW Option,29.36
2025-01-07,147664,ICICI Prudential Commodities Fund - Direct Plan - IDCW Option,31.99
2025-01-07,147665,Axis Nifty 100 Index Fund - Regular Plan - Growth Option,20.7288
2025-01-07,147666,Axis Nifty 100 Index Fund - Direct Plan - Growth Option,21.5933
2025-01-07,147667,Axis Nifty 100 Index Fund - Regular Plan - IDCW,20.73
2025-01-07,147668,Axis Nifty 100 Index Fund - Direct Plan - IDCW,21.624
2025-01-07,147683,NIPPON INDIA AGGRESSIVE HYBRID FUND -  SEGREGATED PORTFOLIO 1 - Direct Plan - QUARTERLY IDCW Option,0.0142
2025-01-07,147684,NIPPON INDIA AGGRESSIVE HYBRID FUND -  SEGREGATED PORTFOLIO 1 - Direct Plan - MONTHLY IDCW Option,0.0104
2025-01-07,147685,Nippon India Aggressive Hybrid Fund - Segregated Portfolio 1 - Growth Plan,0.0518
2025-01-07,147686,NIPPON INDIA AGGRESSIVE HYBRID FUND -  SEGREGATED PORTFOLIO 1 - IDCW Option,0.0159
2025-01-07,147687,NIPPON INDIA AGGRESSIVE HYBRID FUND -  SEGREGATED PORTFOLIO 1 - MONTHLY IDCW Option,0.0099
2025-01-07,147688,NIPPON INDIA AGGRESSIVE HYBRID FUND -  SEGREGATED PORTFOLIO 1 - QUARTERLY IDCW Option,0.0137
2025-01-07,147689,Nippon India Aggressive Hybrid Fund - Segregated Portfolio 1 - Direct Plan - Growth Plan,0.0558
2025-01-07,147690,NIPPON INDIA AGGRESSIVE HYBRID FUND -  SEGREGATED PORTFOLIO 1 - Direct Plan - IDCW Option,0.0206
2025-01-07,147691,Nippon India Equity Savings Fund - Segregated Portfolio 1 - Direct Plan - Growth Plan - Bonus Option,0.3021
2025-01-07,147692,NIPPON INDIA EQUITY SAVINGS FUND - SEGREGATED PORTFOLIO 1 - Direct Plan - IDCW Option,0.2604
2025-01-07,147693,NIPPON INDIA EQUITY SAVINGS FUND - SEGREGATED PORTFOLIO 1 - Direct Plan - MONTHLY IDCW Option,0.2566
2025-01-07,147694,NIPPON INDIA EQUITY SAVINGS FUND - SEGREGATED PORTFOLIO 1 - IDCW Option,0.2471
2025-01-07,147695,Nippon India Equity Savings Fund - Segregated Portfolio 1 - Growth Plan - Bonus Option,0.2885
2025-01-07,147696,NIPPON INDIA EQUITY SAVINGS FUND - SEGREGATED PORTFOLIO 1 - QUARTERLY IDCW Option,0.2436
2025-01-07,147697,Nippon India Equity Savings Fund - Segregated Portfolio 1 - Direct Plan - Growth Plan - Growth Option,0.3021
2025-01-07,147698,NIPPON INDIA EQUITY SAVINGS FUND - SEGREGATED PORTFOLIO 1 - Direct Plan - QUARTERLY IDCW Option,0.2564
2025-01-07,147699,NIPPON INDIA EQUITY SAVINGS FUND - SEGREGATED PORTFOLIO 1 - MONTHLY IDCW Option,0.2437
2025-01-07,147700,Nippon India Equity Savings Fund - Segregated Portfolio 1 - Growth Plan - Growth Option,0.2885
2025-01-07,147701,Motilal Oswal Large and Midcap Fund - Regular Plan Growth,34.4659
2025-01-07,147703,Motilal Oswal Large and Midcap Fund Regular - IDCW Payout/Reinvestment,28.1504
2025-01-07,147704,Motilal Oswal Large and Midcap Fund - Direct Plan Growth,37.3657
2025-01-07,147706,Motilal Oswal Large and Midcap Fund Direct - IDCW Payout/Reinvestment,30.2265
2025-01-07,147709,ITI Overnight Fund - Regular Plan - Daily IDCW Option,1001.0
2025-01-07,147712,ITI Overnight Fund - Regular Plan - Weekly IDCW Option,1001.0
2025-01-07,147713,ITI Overnight Fund - Direct Plan - Growth Option,1277.3371
2025-01-07,147714,ITI Overnight Fund - Regular Plan - Growth Option,1270.5895
2025-01-07,147715,ITI Overnight Fund - Regular Plan - Annual IDCW Option,1191.4363
2025-01-07,147716,ITI Overnight Fund - Regular Plan - Fortnightly IDCW Option,1003.1983
2025-01-07,147717,ITI Overnight Fund - Direct Plan - Monthly IDCW Option,1003.166
2025-01-07,147718,ITI Overnight Fund - Regular Plan - Monthly IDCW Option,1002.1429
2025-01-07,147724,Kotak Pioneer Fund- Regular Plan- Growth Option,30.224
2025-01-07,147725,Kotak Pioneer Fund-Direct Plan-Reinvestment of Income Distribution cum capital withdrawal option,32.841
2025-01-07,147727,Kotak Pioneer Fund- Direct Plan- Growth Option,32.845
2025-01-07,147728,Kotak Pioneer Fund- Regular Plan- Reinvestment of Income Distribution cum capital withdrawal option,30.238
2025-01-07,147729,Mahindra Manulife Ultra Short Duration Fund - Regular Plan - Daily IDCW,1056.5043
2025-01-07,147730,Mahindra Manulife Ultra Short Duration Fund - Regular Plan - Weekly IDCW,1001.8458
2025-01-07,147731,Mahindra Manulife Ultra Short Duration Fund - Direct Plan -Growth,1357.8239
2025-01-07,147732,Mahindra Manulife Ultra Short Duration Fund - Direct Plan - Weekly IDCW,1001.5315
2025-01-07,147733,Mahindra Manulife Ultra Short Duration Fund - Direct Plan - Daily IDCW,1132.8047
2025-01-07,147734,Mahindra Manulife Ultra Short Duration Fund - Regular Plan - Growth,1328.2678
2025-01-07,147735,Aditya Birla Sun Life Nifty Bank ETF,50.9597
2025-01-07,147736,Mirae Asset Overnight Fund Direct Plan Growth,1290.5336
2025-01-07,147737,Mirae Asset Overnight Fund Direct Daily IDCW,1000.0011
2025-01-07,147738,Mirae Asset Overnight Fund Direct Monthly IDCW,1002.4975
2025-01-07,147739,Mirae Asset Overnight Fund Regular Plan Growth,1284.2211
2025-01-07,147740,Mirae Asset Overnight Fund Direct Weekly IDCW,1001.0598
2025-01-07,147741,Mirae Asset Overnight Fund Regular Weekly IDCW,1001.0427
2025-01-07,147742,Mirae Asset Overnight Fund Regular Monthly IDCW,1002.465
2025-01-07,147743,Mirae Asset Overnight Fund Regular Daily  IDCW,1000.0005
2025-01-07,147748,Union Large & Midcap Fund - Regular Plan - Growth Option,25.34
2025-01-07,147749,Union Large & Midcap Fund - Regular Plan - IDCW Option,25.34
2025-01-07,147750,Union Large & Midcap Fund - Direct Plan - Growth Option,26.95
2025-01-07,147751,Union Large & Midcap Fund - Direct Plan - IDCW Option,26.95
2025-01-07,147756,TATA Focused Fund Regular Plan - Reinvestment of Income Distribution cum capital withdrawal option,23.5144
2025-01-07,147757,Tata Focused Fund-Direct Plan-Growth,25.6427
2025-01-07,147758,TATA Focused Fund Direct Plan - Reinvestment of Income Distribution cum capital withdrawal option,25.6427
2025-01-07,147759,TATA Focused Fund Direct Plan - Payout of Income Distribution cum capital withdrawal option,25.6427
2025-01-07,147760,Tata Focused Fund-Regular Plan-Growth,23.5144
2025-01-07,147761,TATA Focused Fund Regular Plan - Payout of Income Distribution cum capital withdrawal option,23.5144
2025-01-07,147766,LIC MF Ultra Short Duration Fund-Regular Plan-Daily IDCW,1093.4116
2025-01-07,147767,LIC MF Ultra Short Duration Fund-Regular Plan-Weekly IDCW,1031.2458
2025-01-07,147768,LIC MF Ultra Short Duration Fund-Regular Plan-Monthly IDCW,1278.374
2025-01-07,147769,LIC MF Ultra Short Duration Fund-Direct Plan-Weekly IDCW,1103.0567
2025-01-07,147770,LIC MF Ultra Short Duration Fund-Regular Plan-Growth,1278.1722
2025-01-07,147771,LIC MF Ultra Short Duration Fund-Direct Plan-Daily IDCW,1102.1317
2025-01-07,147772,LIC MF Ultra Short Duration Fund-Direct Plan-Growth,1301.6971
2025-01-07,147773,LIC MF Ultra Short Duration Fund-Direct Plan-Monthly IDCW,1301.5572
2025-01-07,147786,ITI Balanced Advantage Fund - Regular Plan - IDCW Option,12.872
2025-01-07,147787,ITI Balanced Advantage Fund - Regular Plan - Growth Option,14.1257
2025-01-07,147788,ITI Balanced Advantage Fund - Direct Plan - IDCW Option,14.3511
2025-01-07,147789,ITI Balanced Advantage Fund - Direct Plan - Growth Option,15.6172
2025-01-07,147794,Motilal Oswal Nifty 50 Index Fund - Direct plan - Growth,20.3086
2025-01-07,147795,Motilal Oswal Nifty 50 Index Fund - Regular plan - Growth,19.8918
2025-01-07,147796,Motilal Oswal Nifty Next 50 Index Fund - Direct plan - Growth,23.8236
2025-01-07,147797,Motilal Oswal Nifty Next 50 Index Fund - Regular plan - Growth,23.0276
2025-01-07,147822,Axis Retirement Fund - Aggressive Plan - Direct Plan - IDCW,19.47
2025-01-07,147823,Axis Retirement Fund - Aggressive Plan - Regular Growth,18.02
2025-01-07,147824,Axis Retirement Fund - Aggressive Plan - Regular Plan - IDCW,18.02
2025-01-07,147825,Axis Retirement Fund - Aggressive Plan - Direct Growth,19.52
2025-01-07,147826,Axis Retirement Fund - Dynamic Plan - Direct Growth,21.46
2025-01-07,147827,Axis Retirement Fund - Dynamic Plan - Direct Plan - IDCW,21.22
2025-01-07,147828,Axis Retirement Fund - Dynamic Plan - Regular Growth,19.71
2025-01-07,147829,Axis Retirement Fund - Dynamic Plan - Regular Plan - IDCW,19.71
2025-01-07,147830,Axis Retirement Fund - Conservative Plan - Direct Growth,16.8698
2025-01-07,147831,Axis Retirement Fund - Conservative Plan - Direct Plan - IDCW,16.6863
2025-01-07,147832,Axis Retirement Fund - Conservative Plan - Regular Growth,15.5403
2025-01-07,147833,Axis Retirement Fund - Conservative Plan - Regular Plan - IDCW,15.5393
2025-01-07,147834,JM Overnight Fund (Regular) - Weekly IDCW,1000.0
2025-01-07,147835,JM Overnight Fund (Direct) - Weekly IDCW,1000.0
2025-01-07,147836,JM Overnight Fund (Regular) - Growth,1273.1344
2025-01-07,147837,JM Overnight Fund - (Direct) - Growth,1277.6688
2025-01-07,147838,JM Overnight Fund (Direct) - Daily IDCW,1000.0
2025-01-07,147839,JM Overnight Fund (Regular) - Daily IDCW,1000.0
2025-01-07,147840,Mahindra Manulife Large & Mid Cap Fund - Direct Plan -Growth,28.9728
2025-01-07,147841,Mahindra Manulife Large & Mid Cap Fund - Direct Plan - IDCW,23.6608
2025-01-07,147842,Mahindra Manulife Large & Mid Cap Fund - Regular Plan - IDCW,21.3598
2025-01-07,147843,Mahindra Manulife Large & Mid Cap Fund - Regular Plan - Growth,26.499
2025-01-07,147844,Aditya Birla Sun Life PSU Equity Fund-Direct Plan-Growth,33.89
2025-01-07,147845,Aditya Birla Sun Life PSU Equity Fund-Direct - Payout of IDCW,29.61
2025-01-07,147846,Aditya Birla Sun Life PSU Equity Fund-Regular Plan-Growth,31.23
2025-01-07,147847,Aditya Birla Sun Life PSU Equity Fund-Regular - Payout of IDCW,25.76
2025-01-07,147849,Bharat Bond ETF - April 2030,1442.1999
2025-01-07,147854,Bharat Bond FOF - April 2030 - Regular Plan - Growth Option,14.3748
2025-01-07,147855,BHARAT Bond FOF - April 2030 - Direct Plan - IDCW Option,14.3748
2025-01-07,147856,BHARAT Bond FOF - April 2030 - Regular Plan - IDCW Option,14.3748
2025-01-07,147857,Bharat Bond FOF - April 2030 - Direct Plan - Growth Option,14.3748
2025-01-07,147864,Tata Quant Fund-Direct Plan-Growth,16.1801
2025-01-07,147865,TATA Quant Fund Direct Plan - Reinvestment of Income Distribution cum capital withdrawal option,16.1801
2025-01-07,147866,TATA Quant Fund Regular Plan - Reinvestment of Income Distribution cum capital withdrawal option,14.9168
2025-01-07,147867,Tata Quant Fund-Regular Plan-Growth,14.9168
2025-01-07,147868,TATA Quant Equity Fund Regular Plan - Payout of Income Distribution cum capital withdrawal option,14.9168
2025-01-07,147869,TATA Quant Equity Fund Direct Plan - Payout of Income Distribution cum capital withdrawal option,16.1801
2025-01-07,147878,Invesco India Overnight Fund - Regular Plan - Growth,1268.0987
2025-01-07,147879,Invesco India Overnight Fund - Regular Plan - Monthly IDCW (Payout / Reinvestment),1001.5199
2025-01-07,147880,Invesco India Overnight Fund - Regular Plan - Daily IDCW (Reinvestment),1000.1395
2025-01-07,147881,Invesco India Overnight Fund - Regular Plan - Weekly IDCW (Reinvestment),1000.4117
2025-01-07,147883,Invesco India Overnight Fund - Direct Plan - Growth,1271.6814
2025-01-07,147884,Invesco India Overnight Fund - Direct Plan - Daily IDCW (Reinvestment),1000.5303
2025-01-07,147885,Invesco India Overnight Fund - Direct Plan - Weekly IDCW (Reinvestment),1001.7372
2025-01-07,147886,Invesco India Overnight Fund - Direct Plan - Monthly IDCW (Payout / Reinvestment),1001.4562
2025-01-07,147888,Axis Income Plus Arbitrage Active FOF - Regular Plan - IDCW,13.788
2025-01-07,147889,Axis Income Plus Arbitrage Active FOF - Direct Plan - Growth Option,14.0004
2025-01-07,147890,Axis Income Plus Arbitrage Active FOF - Regular Plan - Growth Option,13.7881
2025-01-07,147891,Axis Income Plus Arbitrage Active FOF - Direct Plan - IDCW,14.0123
2025-01-07,147892,Axis Income Plus Arbitrage Active FOF - Direct Plan - Monthly IDCW,14.0121
2025-01-07,147893,Axis Income Plus Arbitrage Active FOF - Direct Plan - Quarterly IDCW,11.5482
2025-01-07,147894,Axis Income Plus Arbitrage Active FOF - Direct Plan - Half Yearly Dividend Option,11.574
2025-01-07,147895,Axis Income Plus Arbitrage Active FOF - Direct Plan - Annual IDCW,13.1547
2025-01-07,147896,Axis Income Plus Arbitrage Active FOF - Regular Plan - Monthly IDCW,13.7873
2025-01-07,147897,Axis Income Plus Arbitrage Active FOF - Regular Plan - Half Yearly IDCW,12.1238
2025-01-07,147898,Axis Income Plus Arbitrage Active FOF - Regular Plan - Annual IDCW,12.9705
2025-01-07,147905,Axis Income Plus Arbitrage Active FOF - Regular Plan - Quarterly IDCW,11.092
2025-01-07,147906,Mirae Asset Nifty Next 50 ETF,681.3581
2025-01-07,147907,HSBC Ultra Short Duration Fund - Regular Growth,1305.8704
2025-01-07,147908,HSBC Ultra Short Duration Fund - Direct Growth,1322.7476
2025-01-07,147909,HSBC Ultra Short Duration Fund - Regular Daily IDCW,1031.7278
2025-01-07,147910,HSBC Ultra Short Duration Fund - Direct Daily IDCW,1079.9409
2025-01-07,147911,HSBC Ultra Short Duration Fund - Regular Weekly IDCW,1042.7132
2025-01-07,147912,HSBC Ultra Short Duration Fund - Direct Weekly IDCW,1008.6211
2025-01-07,147915,HSBC Ultra Short Duration Fund - Direct Monthly IDCW,1014.1787
2025-01-07,147916,HSBC Ultra Short Duration Fund - Regular Monthly IDCW,1029.7348
2025-01-07,147917,ITI Small Cap Fund - Direct Plan - IDCW Option,31.1356
2025-01-07,147918,ITI Small Cap Fund - Regular Plan - IDCW Option,28.1802
2025-01-07,147919,ITI Small Cap Fund - Direct Plan - Growth Option,32.1799
2025-01-07,147920,ITI Small Cap Fund - Regular Plan - Growth Option,29.2099
2025-01-07,147921,ICICI Prudential Nifty Midcap 150 ETF,21.6067
2025-01-07,147928,Axis ESG Integration Strategy Fund - Direct Plan - Growth Option,22.59
2025-01-07,147929,Axis ESG Integration Strategy Fund - Regular Plan - Growth Option,21.15
2025-01-07,147930,Axis ESG Integration Strategy Fund - Regular Plan - IDCW,16.48
2025-01-07,147931,Axis ESG Integration Strategy Fund - Direct Plan - IDCW,17.62
2025-01-07,147936,BANK OF INDIA Overnight Fund Regular Plan Growth,1273.3587
2025-01-07,147943,BANDHAN SMALL CAP FUND - DIRECT PLAN IDCW,40.377
2025-01-07,147944,BANDHAN SMALL CAP FUND - REGULAR PLAN GROWTH,46.755
2025-01-07,147945,BANDHAN SMALL CAP FUND - REGULAR PLAN IDCW,37.267
2025-01-07,147946,BANDHAN SMALL CAP FUND - DIRECT PLAN GROWTH,50.67
2025-01-07,147947,BANK OF INDIA Overnight Fund Regular Plan- Weekly IDCW,1000.2312
2025-01-07,147948,BANK OF INDIA Overnight Fund Direct Plan- Monthly IDCW,1002.1768
2025-01-07,147949,BANK OF INDIA Overnight Fund Regular Plan- Monthly IDCW,1002.2547
2025-01-07,147950,BANK OF INDIA Overnight Fund Direct Plan- Weekly IDCW,1000.1851
2025-01-07,147951,BANK OF INDIA Overnight Fund Direct Plan Growth,1276.7073
2025-01-07,147952,BANK OF INDIA Overnight Fund Direct Plan- Daily IDCW,1000.0047
2025-01-07,147953,BANK OF INDIA Overnight Fund Regular Plan- Daily IDCW,1000.0
2025-01-07,148033,ICICI Prudential Diversified Equity All Cap Omni FOF - Growth,29.2908
2025-01-07,148034,ICICI Prudential Diversified Equity All Cap Omni FOF - IDCW,22.6473
2025-01-07,148035,ICICI Prudential Diversified Equity All Cap Omni FOF - Direct Plan - Growth,30.3863
2025-01-07,148036,ICICI Prudential Diversified Equity All Cap Omni FOF - Direct Plan - IDCW,23.665
2025-01-07,148049,Tata Multi Asset Allocation Fund-Direct Plan-Dividend Payout,24.1621
2025-01-07,148050,Tata Multi Asset Allocation Fund-Regular Plan-Growth,22.2333
2025-01-07,148051,Tata Multi Asset Allocation Fund-Regular Plan-Dividend Reinvestment,22.2333
2025-01-07,148052,Tata Multi Asset Allocation Fund-Direct Plan-Dividend Reinvestment,24.1621
2025-01-07,148053,Tata Multi Asset Allocation Fund-Direct Plan-Growth,24.1621
2025-01-07,148054,Tata Multi Asset Allocation Fund-Regular Plan-Dividend Payout,22.2333
2025-01-07,148063,Edelweiss US Technology Equity Fund of Fund- Direct Plan- Growth,28.7766
2025-01-07,148064,Edelweiss US Technology Equity Fund of Fund- Regular Plan- Growth,27.4535
2025-01-07,148071,Union Midcap Fund - Regular Plan - Growth Option,47.03
2025-01-07,148072,Union Midcap Fund - Regular Plan - IDCW Option,47.03
2025-01-07,148073,Union Midcap Fund - Direct Plan - Growth Option,50.24
2025-01-07,148074,Union Midcap Fund - Direct Plan - IDCW Option,50.24
2025-01-07,148157,PGIM India Money Market Fund - Regular Plan - Monthly Dividend Option,1053.3372
2025-01-07,148158,PGIM India Money Market Fund - Regular Plan - Weekly Dividend Option,1001.7884
2025-01-07,148159,PGIM India Money Market Fund - Regular Plan - Growth Option,1279.3652
2025-01-07,148160,PGIM India Money Market Fund - Regular Plan - Daily Dividend Option,1006.0777
2025-01-07,148161,PGIM India Money Market Fund - Direct Plan - Growth Option,1316.2416
2025-01-07,148162,PGIM India Money Market Fund - Direct Plan - Daily Dividend Option,1006.0804
2025-01-07,148163,PGIM India Money Market Fund - Direct Plan - Monthly Dividend Option,1062.5264
2025-01-07,148164,PGIM India Money Market Fund - Direct Plan - Weekly Dividend Option,1000.8392
2025-01-07,148173,UTI Nifty Bank ETF,51.4039
2025-01-07,148351,ITI Large Cap Fund - Regular Plan - Growth Option,17.356
2025-01-07,148352,ITI Large Cap Fund - Direct Plan - IDCW Option,18.8871
2025-01-07,148353,ITI Large Cap Fund - Direct Plan - Growth Option,18.8871
2025-01-07,148354,ITI Large Cap Fund - Regular Plan - IDCW Option,17.356
2025-01-07,148381,Motilal Oswal S&P 500 Index Fund - Direct Plan Growth,23.2977
2025-01-07,148382,Motilal Oswal S&P 500 Index Fund - Regular Plan Growth,22.6611
2025-01-07,148387,SBI Fixed Maturity Plan (FMP) - Series 34 (3682 Days) - Direct Plan - Growth,13.3516
2025-01-07,148388,SBI Fixed Maturity Plan (FMP) - Series 34 (3682 Days) - Direct Plan - Income Distribution cum Capital Withdrawal Option (IDCW),13.3517
2025-01-07,148389,SBI Fixed Maturity Plan (FMP) - Series 34 (3682 Days) - Regular Plan - Growth,13.2055
2025-01-07,148390,SBI Fixed Maturity Plan (FMP) - Series 34 (3682 Days) - Regular Plan - Income Distribution cum Capital Withdrawal Option (IDCW),13.2056
2025-01-07,148400,Mirae Asset Arbitrage Fund Regular Growth,12.637
2025-01-07,148401,Mirae Asset Arbitrage Fund Direct Growth,13.062
2025-01-07,148402,Mirae Asset Arbitrage Fund Direct IDCW,13.044
2025-01-07,148403,Mirae Asset Arbitrage Fund Regular IDCW,12.637
2025-01-07,148404,BANK OF INDIA Flexi Cap Fund Direct Plan -Growth,38.06
2025-01-07,148405,BANK OF INDIA Flexi Cap Fund Regular Plan -Growth,35.43
2025-01-07,148406,BANK OF INDIA Flexi Cap Fund Direct Plan -IDCW,32.53
2025-01-07,148407,BANK OF INDIA Flexi Cap Fund Regular Plan -IDCW,32.19
2025-01-07,148408,Nippon India ETF Nifty IT,46.6012
2025-01-07,148409,HSBC Focused Fund - Regular Growth,25.6668
2025-01-07,148410,HSBC Focused Fund - Regular IDCW,19.8002
2025-01-07,148411,HSBC Focused Fund - Direct Growth,27.3692
2025-01-07,148412,HSBC Focused Fund - Direct IDCW,24.2854
2025-01-07,148413,JM Liquid Fund - Unclaimed Brokerage I.E.F. (Direct) - Growth Plan,41.4437
2025-01-07,148414,JM Liquid Fund - Unclaimed Application Refund Amount I.E.F. (Direct) - Growth Plan,41.4437
2025-01-07,148415,JM Liquid Fund - Withheld Brokerage I.E.F. (Direct) - Growth Plan,41.4437
2025-01-07,148416,Mirae Asset Banking and PSU Fund - Regular Plan - Growth,12.4381
2025-01-07,148417,Mirae Asset Banking and PSU Fund - Direct Plan - IDCW,12.6848
2025-01-07,148418,Mirae Asset Banking and PSU Fund - Regular plan - IDCW,12.4391
2025-01-07,148419,Mirae Asset Banking and PSU Fund - Direct Plan - Growth,12.6885
2025-01-07,148444,BHARAT Bond ETF April 2025,1267.7253
2025-01-07,148445,BHARAT Bond ETF- April 2031,1290.4396
2025-01-07,148446,BHARAT Bond FOF- April 2025- Direct Pan- Growth Option,12.6351
2025-01-07,148447,BHARAT Bond FOF - April 2025 - Regular Plan - IDCW Option,12.6351
2025-01-07,148448,BHARAT Bond FOF- April 2025- Regular Plan- Growth Option,12.6351
2025-01-07,148449,BHARAT Bond FOF - April 2025 - Direct Plan - IDCW Option,12.6351
2025-01-07,148450,BHARAT Bond FOF- April 2031- Direct Plan- Growth Option,12.8678
2025-01-07,148451,BHARAT Bond FOF - April 2031 - Regular Plan - IDCW Option,12.8678
2025-01-07,148452,BHARAT Bond FOF- April 2031- Regular Plan- Growth Option,12.8678
2025-01-07,148453,BHARAT Bond FOF - April 2031 - Direct Plan - IDCW Option,12.8678
2025-01-07,148454,Motilal Oswal Multi Asset Fund - Direct Plan - Growth Option,13.5096
2025-01-07,148455,Motilal Oswal Multi Asset Fund - Regular Plan - Growth Option,12.7242
2025-01-07,148456,ICICI Prudential Nifty Alpha Low- Volatility 30 ETF,27.854
2025-01-07,148457,Nippon India Multi Asset Allocation Fund - Direct Plan - Growth Option,21.2826
2025-01-07,148458,NIPPON INDIA MULTI ASSET ALLOCATION FUND - DIRECT Plan - IDCW Option,21.2826
2025-01-07,148459,Nippon India Multi Asset Allocation Fund - Regular Plan - Growth Option,20.0278
2025-01-07,148460,NIPPON INDIA MULTI ASSET ALLOCATION FUND - IDCW Option,20.0278
2025-01-07,148461,HDFC NIFTY Bank ETF - GROWTH,51.1819
2025-01-07,148466,ICICI Prudential Nifty IT ETF,46.5442
2025-01-07,148467,Mahindra Manulife Arbitrage Fund - Regular Plan - Growth,12.0363
2025-01-07,148468,Mahindra Manulife Arbitrage Fund - Direct Plan -Growth,12.4794
2025-01-07,148469,Mahindra Manulife Arbitrage Fund - Regular Plan - IDCW,12.0363
2025-01-07,148470,Mahindra Manulife Arbitrage Fund - Direct Plan - IDCW,12.4794
2025-01-07,148471,Baroda BNP Paribas Large and Mid Cap Fund-Regular Plan-Growth Option,27.3461
2025-01-07,148472,Baroda BNP Paribas Large and Mid Cap Fund-Regular plan-IDCW Option,21.6211
2025-01-07,148474,Baroda BNP Paribas Large and Mid Cap Fund- Direct Plan -Growth Option,29.1844
2025-01-07,148475,Baroda BNP Paribas Large and Mid Cap Fund-Direct Plan-IDCW Option,24.5291
2025-01-07,148477,Union Medium Duration Fund - Regular Plan -  Growth Option,12.3521
2025-01-07,148478,Union Medium Duration Fund - Regular Plan - IDCW Option,12.3521
2025-01-07,148479,Union Medium Duration Fund - Direct Plan -  Growth Option,12.5137
2025-01-07,148480,Union Medium Duration Fund - Direct Plan - IDCW Option,12.5137
2025-01-07,148481,Invesco India Focused Fund - Direct Plan - Growth,30.28
2025-01-07,148482,Invesco India Focused Fund - Direct Plan - IDCW (Payout / Reinvestment),27.32
2025-01-07,148483,Invesco India Focused Fund - Regular Plan - Growth,28.33
2025-01-07,148484,Invesco India Focused Fund - Regular Plan - IDCW (Payout / Reinvestment),25.49
2025-01-07,148485,Axis Global Equity Alpha Fund of Fund - Direct Plan - Growth Option,18.8124
2025-01-07,148486,Axis Global Equity Alpha Fund of Fund - Regular Plan - Growth Option,17.9741
2025-01-07,148487,Axis Global Equity Alpha Fund of Fund - Direct Plan - IDCW,18.8094
2025-01-07,148488,Axis Global Equity Alpha Fund of Fund - Regular Plan - IDCW,17.9741
2025-01-07,148489,SBI Children's Fund - Investment Plan - Regular Plan - Growth,43.233
2025-01-07,148490,SBI Children's Fund - Investment Plan - Direct Plan - Growth,45.7745
2025-01-07,148500,Mirae Asset Diversified Equity Allocator Passive FOF - Direct Plan - Growth,23.917
2025-01-07,148501,Mirae Asset Diversified Equity Allocator Passive FOF - Direct Plan - IDCW,23.935
2025-01-07,148502,Mirae Asset Diversified Equity Allocator Passive FOF - Regular Plan - Growth,23.835
2025-01-07,148503,Mirae Asset Diversified Equity Allocator Passive FOF - Regular Plan - IDCW,23.838
2025-01-07,148504,Sundaram Large Cap Fund(Formerly Known as Sundaram Blue Chip Fund) Regular Plan - Growth,20.6692
2025-01-07,148505,Sundaram Large Cap Fund (Formerly Known as Sundaram Blue Chip Fund)  Regular Plan - Payout of Income Distribution cum Capital Withdrawal (IDCW),17.2821
2025-01-07,148506,Sundaram Large Cap Fund (Formerly Known as Sundaram Blue Chip Fund) Regular Plan - Reinvestment of Income Distribution cum Capital Withdrawal (IDCW),17.2821
2025-01-07,148507,Sundaram Large Cap Fund (Formerly Known as Sundaram Blue Chip Fund)Direct Plan - Growth,22.0428
2025-01-07,148508,Sundaram Large Cap Fund (Formerly Known as Sundaram Blue Chip Fund) Direct Plan - Payout of Income Distribution cum Capital Withdrawal (IDCW),18.4485
2025-01-07,148509,Sundaram Large Cap Fund (Formerly Known as Sundaram Blue Chip  Fund)  Direct Plan - Reinvestment of Income Distribution cum Capital Withdrawal (IDCW),18.4485
2025-01-07,148510,quant Liquid Fund-Unclaimed Dividend-Growth Option,12.7492
2025-01-07,148511,quant Liquid Fund-Unclaimed Redemption Investor Education Plan-Growth Option,12.7495
2025-01-07,148512,quant Liquid Fund-Unclaimed Redemption Plan-Growth Option,12.7889
2025-01-07,148513,quant Liquid Fund-Unclaimed Dividend Investor Education Plan-Growth Option,12.7495
2025-01-07,148514,ICICI Prudential ESG Exclusionary Strategy Fund - IDCW,17.71
2025-01-07,148515,ICICI Prudential ESG Exclusionary Strategy Fund - Direct Plan - IDCW,18.9
2025-01-07,148516,ICICI Prudential ESG Exclusionary Strategy Fund - Direct Plan - Growth,22.66
2025-01-07,148517,ICICI Prudential ESG Exclusionary Strategy Fund - Growth,21.4
2025-01-07,148518,Nippon India Nifty Smallcap 250 Index Fund - Regular Plan - Growth Option,34.1922
2025-01-07,148519,Nippon India Nifty Smallcap 250 Index Fund - Direct Plan - Growth Option,35.209
2025-01-07,148520,NIPPON INDIA NIFTY SMALLCAP 250 INDEX FUND - IDCW Option,34.1922
2025-01-07,148521,NIPPON INDIA NIFTY SMALLCAP 250 INDEX FUND - DIRECT Plan - IDCW Option,35.209
2025-01-07,148529,Mirae Asset Ultra Short Duration Fund Direct Growth,1273.1861
2025-01-07,148530,Mirae Asset Ultra Short Duration Fund Regular Growth,1261.0058
2025-01-07,148531,Mirae Asset Ultra Short Duration Fund Regular IDCW,1260.5517
2025-01-07,148532,Mirae Asset Ultra Short Duration Fund Direct IDCW,1273.1111
2025-01-07,148533,ITI Banking & PSU Debt Fund - Regular Plan - IDCW Option,12.5224
2025-01-07,148534,ITI Banking & PSU Debt Fund - Direct Plan - Growth Option,12.8155
2025-01-07,148535,ITI Banking & PSU Debt Fund - Regular Plan - Growth Option,12.5214
2025-01-07,148536,ITI Banking & PSU Debt Fund - Direct Plan - IDCW Option,12.8159
2025-01-07,148537,Aditya Birla Sun Life Special Opportunities Fund-Regular Plan-Growth,23.65
2025-01-07,148538,Aditya Birla Sun Life Special Opportunities Fund-Regular - IDCW,19.57
2025-01-07,148539,Aditya Birla Sun Life Special Opportunities Fund-Direct-Growth,25.18
2025-01-07,148540,Aditya Birla Sun Life Special Opportunities Fund-Direct - IDCW,20.84
2025-01-07,148541,SBI Nifty Private Bank ETF,249.2176
2025-01-07,148542,SBI Nifty IT ETF,465.1724
2025-01-07,148543,SBI Floating Rate Debt Fund - Regular Plan - Growth,12.7827
2025-01-07,148544,SBI Floating Rate DEBT Fund - Regular Plan - Monthly Income Distribution cum Capital Withdrawal Option (IDCW),12.7834
2025-01-07,148546,SBI Floating Rate DEBT Fund - Regular Plan - Quarterly Income Distribution cum Capital Withdrawal Option (IDCW),12.7836
2025-01-07,148549,SBI Floating Rate DEBT Fund - Direct Plan - Quarterly Income Distribution cum Capital Withdrawal Option (IDCW),12.8913
2025-01-07,148550,SBI Floating Rate Debt Fund - Direct Plan - Growth,12.8911
2025-01-07,148551,SBI Floating Rate DEBT Fund - Direct Plan - Monthly Income Distribution cum Capital Withdrawal Option (IDCW),12.8903
2025-01-07,148555,Edelweiss MSCI India Domestic & World Healthcare 45 Index Fund Direct Plan - Growth,20.3874
2025-01-07,148556,Edelweiss MSCI India Domestic & World Healthcare 45 Index Fund - Direct Plan - IDCW Option,20.3874
2025-01-07,148557,Edelweiss MSCI India Domestic & World Healthcare 45 index Fund Regular Plan - Growth,19.9
2025-01-07,148558,Edelweiss MSCI India Domestic & World Healthcare 45 Index Fund - Regular Plan - IDCW Option,19.9
2025-01-07,148559,Axis NIFTY Bank ETF,512.9707
2025-01-07,148560,quant ESG Integration Strategy Fund - Growth Option - Regular Plan,32.7505
2025-01-07,148561,quant ESG Integration Strategy Fund - IDCW Option - Regular Plan,32.5915
2025-01-07,148563,quant ESG Integration Strategy Fund - IDCW Option - Direct Plan,34.9036
2025-01-07,148564,quant ESG Integration Strategy Fund - Growth Option - Direct Plan,34.9444
2025-01-07,148566,Mahindra Manulife Focused Fund - Regular Plan - IDCW,19.3665
2025-01-07,148567,Mahindra Manulife Focused Fund - Direct Plan -Growth,27.469
2025-01-07,148569,Mahindra Manulife Focused Fund - Direct Plan - IDCW,21.1936
2025-01-07,148571,Mahindra Manulife Focused Fund - Regular Plan - Growth,25.3608
2025-01-07,148572,Mirae Asset Nifty 100 ESG Sector Leaders ETF,39.9912
2025-01-07,148573,Mirae Asset Nifty 100 ESG Sector Leaders Fund  of Fund Regular IDCW,17.45
2025-01-07,148574,Mirae Asset Nifty 100 ESG Sector Leaders Fund of Fund Direct Growth,17.739
2025-01-07,148575,Mirae Asset Nifty 100 ESG Sector Leaders Fund  of Fund Direct IDCW,17.735
2025-01-07,148576,Mirae Asset Nifty 100 ESG Sector Leaders Fund of Fund Regular Growth,17.485
2025-01-07,148590,Union Aggressive Hybrid Fund - Regular Plan - IDCW Option,17.43
2025-01-07,148591,Union Aggressive Hybrid Fund - Regular Plan - Growth Option,17.43
2025-01-07,148592,Union Aggressive Hybrid Fund - Direct Plan - Growth Option,18.24
2025-01-07,148593,Union Aggressive Hybrid Fund - Direct Plan - IDCW Option,18.24
2025-01-07,148594,DSP Value Fund - Regular Plan - Growth,20.624
2025-01-07,148595,DSP Value Fund - Direct Plan - Growth,21.276
2025-01-07,148596,DSP Value Fund - Direct Plan - IDCW,19.125
2025-01-07,148597,DSP Value Fund - Regular Plan - IDCW,17.049
2025-01-07,148598,ICICI Prudential Quant Fund Growth,21.74
2025-01-07,148599,ICICI Prudential Quant Fund IDCW,16.54
2025-01-07,148600,ICICI Prudential Quant Fund Direct Plan Growth,22.33
2025-01-07,148601,ICICI Prudential Quant Fund Direct Plan IDCW,17.06
2025-01-07,148602,Kotak ESG Exclusionary Strategy Fund - Regular Plan - Growth Option,16.369
2025-01-07,148603,Kotak ESG Exclusionary Strategy Fund - Regular Plan - Payout of Income Distribution cum capital withdrawal option,16.369
2025-01-07,148605,Kotak ESG Exclusionary Strategy Fund - Direct Plan - Payout of Income Distribution cum capital withdrawal option,17.506
2025-01-07,148606,Kotak ESG Exclusionary Strategy Fund - Direct Plan - Growth Option,17.505
2025-01-07,148608,HDFC Dividend Yield Fund - IDCW Option Direct Plan,24.224
2025-01-07,148609,HDFC Dividend Yield Fund - Growth Option Direct Plan,25.973
2025-01-07,148610,HDFC Dividend Yield Fund - Growth Plan,24.466
2025-01-07,148611,HDFC Dividend Yield Fund - IDCW Plan,22.698
2025-01-07,148612,Invesco India - Invesco Global Consumer Trends Fund of Fund - Regular Plan - IDCW (Payout / Reinvestment),9.5419
2025-01-07,148613,Invesco India - Invesco Global Consumer Trends Fund of Fund - Regular Plan - Growth,9.5423
2025-01-07,148614,Invesco India - Invesco Global Consumer Trends Fund of Fund - Direct Plan - Growth,9.9417
2025-01-07,148615,Invesco India - Invesco Global Consumer Trends Fund of Fund - Direct Plan - IDCW (Payout / Reinvestment),9.9426
2025-01-07,148616,UTI Small Cap Fund - Regular Plan - IDCW (Payout),26.8416
2025-01-07,148617,UTI Small Cap Fund - Regular Plan - Growth Option,26.8418
2025-01-07,148618,UTI Small Cap Fund - Direct Plan - Growth Option,28.6821
2025-01-07,148619,UTI Small Cap Fund - Direct Plan - IDCW (Payout),28.6821
2025-01-07,148620,Motilal Oswal Nifty 5 year Benchmark G-sec ETF,58.5268
2025-01-07,148621,Mirae Asset Banking and Financial Services Fund Regular Growth,18.336
2025-01-07,148622,Mirae Asset Banking and Financial Services Fund Regular IDCW,18.359
2025-01-07,148623,Mirae Asset Banking and Financial Services Fund Direct Growth,19.565
2025-01-07,148624,Mirae Asset Banking and Financial Services Fund Direct  IDCW,19.492
2025-01-07,148625,Baroda BNP Paribas Banking and PSU Bond Fund-Regular Plan -Growth Option,12.1016
2025-01-07,148626,Baroda BNP Paribas Banking and PSU Bond Fund-Regular Plan -Monthly IDCW Option,10.1871
2025-01-07,148627,Baroda BNP Paribas Banking and PSU Bond Fund-Regular Plan-Quarterly IDCW Option,10.1829
2025-01-07,148628,Baroda BNP Paribas Banking and PSU Bond Fund- Direct Plan -Growth Option,12.3466
2025-01-07,148629,Baroda BNP Paribas Banking and PSU Bond Fund -Direct Plan-Monthly IDCW Option,10.335
2025-01-07,148630,Baroda BNP Paribas Banking and PSU Bond Fund-Direct plan-Quarterly IDCW Option,10.3758
2025-01-07,148631,Axis Innovation Fund - Regular Plan - Growth Option,18.42
2025-01-07,148632,Axis Innovation Fund - Direct Plan - IDCW,19.45
2025-01-07,148633,Axis Innovation Fund - Regular Plan - IDCW,18.42
2025-01-07,148634,Axis Innovation Fund - Direct Plan - Growth Option,19.45
2025-01-07,148635,Aditya Birla Sun Life ESG Integration Strategy Fund-Regular Plan-Growth,17.76
2025-01-07,148636,Aditya Birla Sun Life ESG Integration Strategy Fund-Regular - Payout of IDCW,17.76
2025-01-07,148637,Aditya Birla Sun Life ESG Integration Strategy Fund-Direct Plan-Growth,18.88
2025-01-07,148640,Aditya Birla Sun Life ESG Integration Strategy Fund-Direct - Payout of IDCW,18.88
2025-01-07,148641,Nippon India Diversified Equity Flexicap Passive FoF - Regular Plan - Growth Option,20.1679
2025-01-07,148642,Nippon India Diversified Equity Flexicap Passive FoF - Direct Plan - Growth Option,20.5699
2025-01-07,148643,Nippon India Diversified Equity Flexicap Passive FoF - IDCW Option,20.1679
2025-01-07,148644,Nippon India Diversified Equity Flexicap Passive FoF- DIRECT Plan - IDCW Option,20.5699
2025-01-07,148645,Kotak International REIT Overseas Equity Omni FOF - Regular Plan - Growth,9.4971
2025-01-07,148646,Kotak International REIT Overseas Equity Omni FOF - Direct Plan - Growth,9.8521
2025-01-07,148647,Kotak International REIT Overseas Equity Omni FOF - Regular Plan - Payout of Income Distribution cum capital withdrawal option,9.4973
2025-01-07,148649,Kotak International REIT Overseas Equity Omni FOF - Direct Plan - Payout of Income Distribution cum capital withdrawal option,9.852
2025-01-07,148651,ICICI Prudential Business Cycle Fund Direct Plan Growth,23.37
2025-01-07,148652,ICICI Prudential Business Cycle Fund Direct Plan IDCW,19.92
2025-01-07,148653,ICICI Prudential Business Cycle Fund Growth,22.24
2025-01-07,148654,ICICI Prudential Business Cycle Fund IDCW,18.82
2025-01-07,148655,TRUSTMF BANKING & PSU FUND - REGULAR GROWTH,1217.5976
2025-01-07,148656,TRUSTMF BANKING & PSU FUND - DIRECT GROWTH,1241.7787
2025-01-07,148657,PGIM India Balanced Advantage Fund - Regular Plan - Growth Option,14.65
2025-01-07,148658,PGIM India Balanced Advantage Fund -  Direct Plan - Growth Option,15.69
2025-01-07,148659,PGIM India Balanced Advantage Fund - Direct Plan - Dividend Option,12.38
2025-01-07,148660,PGIM India Balanced Advantage Fund - Regular Plan - Dividend Option,12.14
2025-01-07,148661,Kotak US Specific Equity Passive FOF - Regular Plan - Growth,18.3033
2025-01-07,148662,Kotak US Specific Equity Passive FOF- Direct Plan - Growth,18.5872
2025-01-07,148663,Nippon India Multi - Asset Omni FoF - Regular Plan - Growth Option,19.8839
2025-01-07,148664,Nippon India Multi - Asset Omni FoF - DIRECT Plan - IDCW Option,20.6799
2025-01-07,148665,Nippon India Multi - Asset Omni FoF - IDCW Option,19.8839
2025-01-07,148666,Nippon India Multi - Asset Omni FoF - Direct Plan - Growth Option,20.6799
2025-01-07,148667,TRUSTMF BANKING & PSU FUND REGULAR PLAN DAILY INCOME DISTRIBUTION CUM CAPITAL WITHDRAWAL,1185.4079
2025-01-07,148668,TRUSTMF BANKING & PSU FUND REGULAR PLAN QUARTERLY INCOME DISTRIBUTION CUM CAPITAL WITHDRAWAL,1099.8063
2025-01-07,148669,TRUSTMF BANKING & PSU FUND REGULAR PLAN ANNUAL INCOME DISTRIBUTION CUM CAPITAL WITHDRAWAL,1101.4382
2025-01-07,148670,TRUSTMF BANKING & PSU FUND DIRECT PLAN QUARTERLY INCOME DISTRIBUTION CUM CAPITAL WITHDRAWAL,1121.4748
2025-01-07,148672,TRUSTMF BANKING & PSU FUND DIRECT PLAN ANNUAL INCOME DISTRIBUTION CUM CAPITAL WITHDRAWAL OPTION,1124.5899
2025-01-07,148674,TRUSTMF BANKING & PSU FUND REGULAR PLAN MONTHLY INCOME DISTRIBUTION CUM CAPITAL WITHDRAWAL,1088.028
2025-01-07,148675,TRUSTMF BANKING & PSU FUND DIRECT PLAN WEEKLY INCOME DISTRIBUTION CUM CAPITAL WITHDRAWAL,1087.6528
2025-01-07,148678,TRUSTMF BANKING & PSU FUND DIRECT PLAN DAILY INCOME DISTRIBUTION CUM CAPITAL WITHDRAWAL,1245.9177
2025-01-07,148679,TRUSTMF BANKING & PSU FUND REGULAR PLAN WEEKLY INCOME DISTRIBUTION CUM CAPITAL WITHDRAWAL,1073.1084
2025-01-07,148681,TRUSTMF BANKING & PSU FUND DIRECT PLAN MONTHLY INCOME DISTRIBUTION CUM CAPITAL WITHDRAWAL OPTION,1104.5966
2025-01-07,148683,SBI Retirement Benefit Fund - Aggressive Plan - Direct Plan - Growth,20.4622
2025-01-07,148684,SBI Retirement Benefit Fund - Aggressive Hybrid Plan - Regular Plan - Income Distribution cum Capital Withdrawal Option (IDCW),18.1382
2025-01-07,148685,SBI Retirement Benefit Fund - Aggressive Hybrid Plan - Direct Plan - Growth,19.0075
2025-01-07,148686,SBI Retirement Benefit Fund - Aggressive Hybrid Plan - Direct Plan - Income Distribution cum Capital Withdrawal Option (IDCW),19.0097
2025-01-07,148687,SBI Retirement Benefit Fund - Conservative Plan - Regular Plan - Income Distribution cum Capital Withdrawal Option (IDCW),13.7354
2025-01-07,148688,SBI Retirement Benefit Fund - Conservative Plan - Direct Plan - Growth,14.0097
2025-01-07,148689,SBI Retirement Benefit Fund - Conservative Plan - Direct Plan - Income Distribution cum Capital Withdrawal Option (IDCW),14.0076
2025-01-07,148690,SBI Retirement Benefit Fund - Conservative Hybrid Plan - Direct Plan - Growth,15.3697
2025-01-07,148691,SBI Retirement Benefit Fund - Aggressive Plan - Regular Plan - Income Distribution cum Capital Withdrawal Option (IDCW),19.4312
2025-01-07,148692,SBI Retirement Benefit Fund - Conservative Hybrid Plan - Regular Plan - Growth,14.994
2025-01-07,148693,SBI Retirement Benefit Fund - Conservative Hybrid Plan - Direct Plan - Income Distribution cum Capital Withdrawal Option (IDCW),15.3677
2025-01-07,148694,SBI Retirement Benefit Fund - Aggressive Plan - Direct Plan - Income Distribution cum Capital Withdrawal Option (IDCW),20.4514
2025-01-07,148695,SBI Retirement Benefit Fund - Aggressive Hybrid Plan - Regular Plan - Growth,18.1387
2025-01-07,148696,SBI Retirement Benefit Fund - Conservative Plan - Regular Plan - Growth,13.7356
2025-01-07,148697,SBI Retirement Benefit Fund - Conservative Hybrid Plan - Regular Plan - Income Distribution cum Capital Withdrawal Option (IDCW),14.9956
2025-01-07,148698,SBI Retirement Benefit Fund - Aggressive Plan - Regular Plan - Growth,19.4306
2025-01-07,148699,Axis Greater China Equity Fund of Fund - Direct Plan - Growth Option,7.51
2025-01-07,148700,Axis Greater China Equity Fund of Fund - Direct Plan - IDCW,7.5
2025-01-07,148701,Axis Greater China Equity Fund of Fund - Regular Plan - Growth Option,7.19
2025-01-07,148702,Axis Greater China Equity Fund of Fund - Regular Plan - IDCW,7.19
2025-01-07,148703,UTI Nifty 200 Momentum 30 Index Fund - Direct Plan - Growth Option,22.4277
2025-01-07,148704,UTI Nifty 200 Momentum 30 Index Fund - Regular Plan - Growth Option,22.0048
2025-01-07,148705,BANDHAN FLOATER FUND  - REGULAR PLAN GROWTH,12.3515
2025-01-07,148706,BANDHAN FLOATER FUND  - REGULAR PLAN QUARTERLY IDCW,10.225
2025-01-07,148707,BANDHAN FLOATER FUND  - REGULAR PLAN MONTHLY IDCW,10.0894
2025-01-07,148708,BANDHAN FLOATER FUND  - REGULAR PLAN WEEKLY IDCW,10.0758
2025-01-07,148709,BANDHAN FLOATER FUND  - REGULAR PLAN PERIODIC IDCW,12.3527
2025-01-07,148710,BANDHAN FLOATER FUND  - REGULAR PLAN DAILY IDCW,10.0692
2025-01-07,148711,BANDHAN FLOATER FUND  - DIRECT PLAN GROWTH,12.5862
2025-01-07,148712,BANDHAN FLOATER FUND  - DIRECT PLAN QUARTERLY IDCW,10.2595
2025-01-07,148713,BANDHAN FLOATER FUND  - DIRECT PLAN MONTHLY IDCW,10.1083
2025-01-07,148714,BANDHAN FLOATER FUND  - DIRECT PLAN DAILY IDCW,10.0692
2025-01-07,148716,BANDHAN FLOATER FUND  - DIRECT PLAN WEEKLY IDCW,10.0772
2025-01-07,148717,BANDHAN FLOATER FUND- DIRECT PLAN ANNUAL IDCW,10.7708
2025-01-07,148718,BANDHAN FLOATER FUND  - REGULAR PLAN ANNUAL IDCW,10.7245
2025-01-07,148719,Nippon India Nifty 50 Value 20 Index Fund - Regular Plan - Growth Option,19.1304
2025-01-07,148720,NIPPON INDIA NIFTY 50 VALUE 20 INDEX FUND - IDCW Option,19.1304
2025-01-07,148721,Nippon India Nifty 50 Value 20 Index Fund - Direct Plan - Growth Option,19.5582
2025-01-07,148722,NIPPON INDIA NIFTY 50 VALUE 20 INDEX FUND - DIRECT Plan - IDCW Option,19.5582
2025-01-07,148723,Nippon India Nifty Midcap 150 Index Fund - Regular Plan - Growth Option,23.7585
2025-01-07,148724,NIPPON INDIA NIFTY MIDCAP 150 INDEX FUND - IDCW Option,23.7585
2025-01-07,148725,NIPPON INDIA NIFTY MIDCAP 150 INDEX FUND - DIRECT Plan - IDCW Option,24.2752
2025-01-07,148726,Nippon India Nifty Midcap 150 Index Fund - Direct Plan - Growth Option,24.2752
2025-01-07,148727,Mahindra Manulife Short Duration Fund - Regular Plan - Growth,12.2349
2025-01-07,148728,Mahindra Manulife Short Duration Fund - Regular Plan - IDCW,11.3542
2025-01-07,148729,Mahindra Manulife Short Duration Fund - Direct Plan -Growth,12.7007
2025-01-07,148730,Mahindra Manulife Short Duration Fund - Direct Plan - IDCW,11.8091
2025-01-07,148731,ITI Mid Cap Fund - Direct Plan - IDCW Option,21.9794
2025-01-07,148732,ITI Mid Cap Fund - Regular Plan - Growth Option,21.1926
2025-01-07,148733,ITI Mid Cap Fund - Direct Plan - Growth Option,22.9363
2025-01-07,148734,ITI Mid Cap Fund - Regular Plan - IDCW Option,20.2499
2025-01-07,148735,HSBC Global Equity Climate Change Fund of Fund - Regular - Growth,10.1175
2025-01-07,148736,HSBC Global Equity Climate Change Fund of Fund IDCW,10.1175
2025-01-07,148737,HSBC Global Equity Climate Change Fund of Fund - Direct - Growth,10.4047
2025-01-07,148738,HSBC Global Equity  Climate Change Fund of Fund Direct Plan IDCW,10.4047
2025-01-07,148743,Kotak Nifty Next 50 Index Fund - Regular Plan - Growth Option,19.0418
2025-01-07,148744,Kotak Nifty Next 50 Index Fund - Regular Plan - Payout of Income Distribution cum capital withdrawal option,19.0422
2025-01-07,148745,Kotak Nifty Next 50 Index Fund - Direct Plan - Growth Option,19.4238
2025-01-07,148746,Kotak Nifty Next 50 Index Fund - Direct Plan -Payout of Income Distribution cum capital withdrawal option,19.4235
2025-01-07,148747,Motilal Oswal Asset Allocation FOF- A- Direct Growth,16.8154
2025-01-07,148748,Motilal Oswal Asset Allocation FOF- A- Regular Growth,16.4722
2025-01-07,148749,Motilal Oswal Asset Allocation FOF- C- Regular Growth,14.7545
2025-01-07,148750,Motilal Oswal Asset Allocation FOF- C- Direct Growth,15.0598
2025-01-07,148751,Invesco India ESG Integration Strategy Fund - Direct Plan - Growth,19.1
2025-01-07,148752,Invesco India ESG Integration Strategy Fund - Direct Plan - IDCW (Payout / Reinvestment),17.11
2025-01-07,148753,Invesco India ESG Integration Strategy Fund - Regular Plan - Growth,17.95
2025-01-07,148754,Invesco India ESG Integration Strategy Fund - Regular Plan - IDCW (Payout / Reinvestment),16.02
2025-01-07,148755,Mirae Asset Corporate Bond Fund Direct Growth Plan,12.443
2025-01-07,148756,Mirae Asset Corporate Bond Fund Direct IDCW,12.4404
2025-01-07,148757,Mirae Asset Corporate Bond Fund Regular Growth,12.2336
2025-01-07,148758,Mirae Asset Corporate Bond Fund Regular IDCW,12.2336
2025-01-07,148759,SBI US Specific Equity Active FoF- Regular Plan - Income Distribution cum Capital Withdrawal Option (IDCW),16.7745
2025-01-07,148760,SBI US Specific Equity Active FoF - Direct Plan - Growth,17.2647
2025-01-07,148761,SBI US Specific Equity Active FoF- Direct Plan - Income Distribution cum Capital Withdrawal Option (IDCW),17.2648
2025-01-07,148762,SBI US Specific Equity Active FoF- Regular Plan - Growth,16.775
2025-01-07,148763,Kotak Nifty IT ETF,46.3515
2025-01-07,148768,DSP Floater Fund - Regular Plan - Growth,12.6584
2025-01-07,148769,DSP Floater Fund - Direct Plan - IDCW,12.7921
2025-01-07,148770,DSP Floater Fund - Regular Plan - IDCW,12.6584
2025-01-07,148771,DSP Floater Fund - Direct Plan - Growth,12.7921
2025-01-07,148786,BANDHAN CRISIL IBX Gilt June 2027 Index Fund Regular Plan-Growth,12.3386
2025-01-07,148787,BANDHAN CRISIL IBX Gilt June 2027 Index Fund Regular Plan-IDCW,10.2545
2025-01-07,148788,BANDHAN CRISIL IBX Gilt June 2027 Index Fund Direct Plan-IDCW,10.2625
2025-01-07,148789,BANDHAN CRISIL IBX Gilt June 2027 Index Fund Direct Plan-Growth,12.4563
2025-01-07,148790,BANDHAN CRISIL IBX Gilt April 2028 Index Fund Regular Plan-Growth,12.3952
2025-01-07,148791,BANDHAN CRISIL IBX Gilt April 2028 Index Fund Direct Plan-IDCW,10.2823
2025-01-07,148792,BANDHAN CRISIL IBX Gilt April 2028 Index Fund Direct Plan-Growth,12.5133
2025-01-07,148793,BANDHAN CRISIL IBX Gilt April 2028 Index Fund Regular Plan-IDCW,10.2744
2025-01-07,148794,Edelweiss NIFTY PSU Bond Plus SDL Apr 2026 50: 50 Index Fund - Regular Plan - IDCW Option,12.4796
2025-01-07,148795,Edelweiss NIFTY PSU Bond Plus SDL Apr 2026 50:50 Index Fund - Direct Plan - Growth,12.5643
2025-01-07,148796,Edelweiss NIFTY PSU Bond Plus SDL Apr 2026 50:50 Index Fund - Direct Plan - IDCW Option,12.5649
2025-01-07,148797,Edelweiss NIFTY PSU Bond Plus SDL Apr 2026 50:50 Index Fund - Regular Plan - Growth,12.4784
2025-01-07,148798,Nippon India ETF Nifty SDL Apr 2026 Top 20 Equal Weight,126.9409
2025-01-07,148799,Axis IT ETF,462.1666
2025-01-07,148800,Nippon India ETF Nifty 5 yr Benchmark G-Sec,58.97
2025-01-07,148805,Aditya Birla Sun Life Nifty Midcap 150 Index Fund-Regular Growth,23.1894
2025-01-07,148806,Aditya Birla Sun Life Nifty Midcap 150 Index Fund - Regular - Payout of IDCW,23.1858
2025-01-07,148807,Aditya Birla Sun Life Nifty Midcap 150 Index Fund-Direct Growth,23.7489
2025-01-07,148809,Aditya Birla Sun Life Nifty Midcap 150 Index Fund - Direct - Payout of IDCW,23.7485
2025-01-07,148811,Aditya Birla Sun Life Nifty Smallcap 50 Index Fund-Regular Growth,21.1077
2025-01-07,148812,Aditya Birla Sun Life Nifty Smallcap 50 Index Fund-Regular - Payout of IDCW,21.1097
2025-01-07,148814,Aditya Birla Sun Life Nifty Smallcap 50 Index Fund-Direct - Payout of IDCW,21.6127
2025-01-07,148815,Aditya Birla Sun Life Nifty Smallcap 50 Index Fund-Direct Growth,21.6165
2025-01-07,148821,ICICI Prudential Nifty 100 Low Volatility 30 ETF FOF - Growth,17.3446
2025-01-07,148822,ICICI Prudential Nifty 100 Low Volatility 30 ETF FOF - Direct Plan - Growth,17.6417
2025-01-07,148823,ICICI Prudential Nifty 100 Low Volatility 30 ETF FOF - Direct Plan - IDCW,17.6417
2025-01-07,148824,ICICI Prudential Nifty 100 Low Volatility 30 ETF FOF - IDCW,17.3447
2025-01-07,148825,SBI Fixed Maturity Plan (FMP) - Series 41 (1498 Days) - Regular Plan - Growth,12.317
2025-01-07,148826,SBI Fixed Maturity Plan (FMP) - Series 41 (1498 Days) Regular Plan - Income Distribution cum Capital Withdrawal Option (IDCW),12.317
2025-01-07,148827,SBI Fixed Maturity Plan (FMP) - Series 41 (1498 Days) - Direct Plan - Growth,12.3941
2025-01-07,148828,SBI Fixed Maturity Plan (FMP) - Series 41 (1498 Days) Direct Plan - Income Distribution cum Capital Withdrawal Option (IDCW),12.3941
2025-01-07,148833,TRUSTMF Liquid Fund-Regular Plan-Growth,1228.7835
2025-01-07,148834,TRUSTMF Liquid Fund-Regular Plan-Daily Income Distribution cum Capital Withdrawal,1144.6614
2025-01-07,148836,TRUSTMF Liquid Fund-Regular Plan-Weekly Income Distribution cum Capital Withdrawal,1120.1
2025-01-07,148837,TRUSTMF Liquid Fund-Direct Plan-Weekly Income Distribution cum Capital Withdrawal,1162.6534
2025-01-07,148839,TRUSTMF Liquid Fund-Direct Plan-Monthly Income Distribution cum Capital Withdrawal,1138.5042
2025-01-07,148841,TRUSTMF Liquid Fund-Direct Plan-Growth,1235.6976
2025-01-07,148842,TRUSTMF Liquid Fund-Direct Plan-Daily Income Distribution cum Capital Withdrawal,1193.7949
2025-01-07,148843,TRUSTMF Liquid Fund-Regular Plan-Monthly Income Distribution cum Capital Withdrawal,1132.7196
2025-01-07,148845,SBI Fixed Maturity Plan (FMP) - Series 42 (1857 Days) Regular Plan - Income Distribution cum Capital Withdrawal Option (IDCW),12.4231
2025-01-07,148846,SBI Fixed Maturity Plan (FMP) Series 42 (1857 Days) - Direct Plan - Growth,12.4999
2025-01-07,148847,SBI Fixed Maturity Plan (FMP) Series 42 (1857 Days) - Regular Plan - Growth,12.4231
2025-01-07,148848,SBI Fixed Maturity Plan (FMP) - Series 42 (1857 Days) Direct Plan - Income Distribution cum Capital Withdrawal Option (IDCW),12.5002
2025-01-07,148882,Canara Robeco Focused Fund - Direct Plan - IDCW (Payout/Reinvestment),19.17
2025-01-07,148883,Canara Robeco Focused Fund - Direct Plan - Growth Option,20.37
2025-01-07,148884,Canara Robeco Focused Fund - Regular Plan - Growth Option,19.22
2025-01-07,148885,Canara Robeco Focused Fund - Regular Plan - IDCW (Payout/Reinvestment),18.01
2025-01-07,148900,HDFC Multi-Asset Active FOF - IDCW Option,16.996
2025-01-07,148901,HDFC Multi-Asset Active FOF - Growth Option,16.996
2025-01-07,148902,HDFC Multi-Asset Active FOF - IDCW Option - Direct Plan,17.758
2025-01-07,148903,HDFC Multi-Asset Active FOF - Growth Option -Direct Plan,17.758
2025-01-07,148906,ITI Ultra Short Duration Fund - Regular Plan - Growth Option,1197.3224
2025-01-07,148907,ITI Ultra Short Duration Fund - Regular Plan - Weekly IDCW Option,1002.5275
2025-01-07,148909,ITI Ultra Short Duration Fund - Direct Plan - Annually IDCW Option,1236.8187
2025-01-07,148911,ITI Ultra Short Duration Fund - Regular Plan - Fortnightly IDCW Option,1003.3675
2025-01-07,148912,ITI Ultra Short Duration Fund - Regular Plan - Daily IDCW Option,1001.3767
2025-01-07,148913,ITI Ultra Short Duration Fund - Direct Plan - Growth Option,1235.2609
2025-01-07,148914,ITI Ultra Short Duration Fund - Regular Plan - Monthly IDCW Option,1003.3687
2025-01-07,148916,ITI Ultra Short Duration Fund - Direct Plan - Monthly IDCW Option,1003.1667
2025-01-07,148917,ITI Ultra Short Duration Fund - Regular Plan - Annually IDCW Option,1197.3691
2025-01-07,148918,Aditya Birla Sun Life Multi-Cap Fund-Regular Growth,19.45
2025-01-07,148919,Aditya Birla Sun Life Multi-Cap Fund-Regular-IDCW Payout,18.3
2025-01-07,148920,Aditya Birla Sun Life Multi-Cap Fund-Direct IDCW Payout,19.31
2025-01-07,148921,Aditya Birla Sun Life Multi-Cap Fund-Direct Growth,20.53
2025-01-07,148922,quant Quantamental Fund - IDCW Option - Regular Plan,22.1601
2025-01-07,148923,quant Quantamental Fund - Growth Option - Regular Plan,22.134
2025-01-07,148924,quant Quantamental Fund - IDCW Option - Direct Plan,23.6006
2025-01-07,148925,quant Quantamental Fund - Growth Option - Direct Plan,23.4705
2025-01-07,148926,Axis Nifty AAA Bond Plus SDL Apr 2026 50:50 ETF,12.3031
2025-01-07,148927,Mirae Asset NYSE FANG + ETF,112.4969
2025-01-07,148928,Mirae Asset NYSE FANG + ETF Fund of Fund Direct Growth,28.839
2025-01-07,148929,Mirae Asset NYSE FANG + ETF Fund of Fund Regular Growth,28.427
2025-01-07,148934,Axis NIFTY Healthcare ETF,151.4257
2025-01-07,148939,SBI Fixed Maturity Plan (FMP) Series 43 (1616 Days) - Regular Plan - Growth,12.3229
2025-01-07,148940,SBI Fixed Maturity Plan (FMP) Series 43 (1616 Days) - Regular Plan - Income Distribution cum Capital Withdrawal Option (IDCW),12.3229
2025-01-07,148941,SBI Fixed Maturity Plan (FMP) Series 43 (1616 Days) - Direct Plan - Growth,12.3889
2025-01-07,148942,SBI Fixed Maturity Plan (FMP) Series 43 (1616 Days) - Direct Plan - Income Distribution cum Capital Withdrawal Option (IDCW),12.3889
2025-01-07,148943,SBI Nifty Next 50 Index Fund - Regular Plan - Growth,18.0661
2025-01-07,148944,SBI Nifty Next 50 Index Fund - Regular Plan - Income Distribution cum Capital Withdrawal Option (IDCW),18.0662
2025-01-07,148945,SBI Nifty Next 50 Index Fund - Direct Plan - Growth,18.3918
2025-01-07,148946,SBI Nifty Next 50 Index Fund - Direct Plan - Income Distribution cum Capital Withdrawal Option (IDCW),18.3908
2025-01-07,148947,Tata Dividend Yield Fund-Direct Plan-Growth,18.3589
2025-01-07,148948,Tata Dividend Yield Fund-Regular Plan-Growth,17.2049
2025-01-07,148949,Tata Dividend Yield Fund-Regular Plan-IDCW Reinvestment,17.2049
2025-01-07,148950,Tata Dividend Yield Fund-Regular Plan-IDCW Payout,17.2049
2025-01-07,148951,Tata Dividend Yield Fund-Direct Plan-IDCW Reinvestment,18.3589
2025-01-07,148952,Tata Dividend Yield Fund-Direct Plan-IDCW Payout,18.3589
2025-01-07,148953,Axis Global Innovation Fund of Fund - Regular Plan - Growth,13.64
2025-01-07,148954,Axis Global Innovation Fund of Fund - Direct Plan - Growth,14.19
2025-01-07,148955,Axis Global Innovation Fund of Fund - Direct Plan - IDCW,14.19
2025-01-07,148956,Axis Global Innovation Fund of Fund - Regular Plan - IDCW,13.64
2025-01-07,148957,ICICI Prudential Nifty Healthcare ETF,152.1443
2025-01-07,148958,Parag Parikh Conservative Hybrid Fund - Direct Plan - Growth,14.5067
2025-01-07,148959,Parag Parikh Conservative Hybrid Fund - Regular Plan - Growth,14.3506
2025-01-07,148960,Parag Parikh Conservative Hybrid Fund - Regular Plan - Monthly IDCW,10.759
2025-01-07,148961,Parag Parikh Conservative Hybrid Fund - Direct Plan - Monthly IDCW,10.7892
2025-01-07,148962,Aditya Birla Sun Life Nifty 50 Equal Weight Index Fund-Direct Growth,17.0105
2025-01-07,148963,Aditya Birla Sun Life Nifty 50 Equal Weight Index Fund-Direct-IDCW,17.0106
2025-01-07,148964,Aditya Birla Sun Life Nifty 50 Equal Weight Index Fund-Regular IDCW,16.6247
2025-01-07,148965,Aditya Birla Sun Life Nifty 50 Equal Weight Index Fund-Regular Growth,16.6249
2025-01-07,148966,SBI Fixed Maturity Plan (FMP) - Series 44 (1855 Days) - Regular Plan - Growth,12.26
2025-01-07,148967,SBI Fixed Maturity Plan (FMP) - Series 44 (1855 Days) - Direct Plan - Growth,12.3229
2025-01-07,148968,SBI Fixed Maturity Plan (FMP) - Series 44 (1855 Days) - Direct Plan - Income Distribution cum Capital Withdrawal Option (IDCW),12.3229
2025-01-07,148969,SBI Fixed Maturity Plan (FMP) Series 44 (1855 Days) - Regular Plan - Income Distribution cum Capital Withdrawal Option (IDCW),12.26
2025-01-07,148970,ITI Value Fund - Direct Plan - IDCW Option,18.0827
2025-01-07,148971,ITI Value Fund - Regular Plan - IDCW Option,16.8022
2025-01-07,148972,ITI Value Fund - Direct Plan - Growth Option,18.0827
2025-01-07,148973,ITI Value Fund - Regular Plan - Growth Option,16.8022
2025-01-07,148974,Kotak Nifty 50 Index Fund - Regular Plan-Growth,15.277
2025-01-07,148976,Kotak Nifty 50 Index Fund - Direct Plan-IDCW Payout,15.45
2025-01-07,148978,Kotak Nifty 50 Index Fund - Direct Plan-Growth,15.453
2025-01-07,148979,Kotak Nifty 50 Index Fund - Regular Plan-IDCW Payout,15.277
2025-01-07,148980,BANK OF INDIA Large Cap Fund Direct Plan Growth,16.35
2025-01-07,148981,BANK OF INDIA Large Cap Fund Direct Plan IDCW,16.33
2025-01-07,148982,BANK OF INDIA Large Cap Fund Regular Plan Growth,15.66
2025-01-07,148983,BANK OF INDIA Large Cap Fund Regular Plan IDCW,15.66
2025-01-07,148984,HDFC Banking & Financial Services Fund - IDCW Option,14.568
2025-01-07,148985,HDFC Banking & Financial Services Fund - IDCW Option - Direct Plan,15.413
2025-01-07,148986,HDFC Banking & Financial Services Fund - Growth Option - Direct Plan,16.242
2025-01-07,148987,HDFC Banking & Financial Services Fund - Growth Option,15.389
2025-01-07,148988,ICICI Prudential Flexicap Fund - IDCW,18.18
2025-01-07,148989,ICICI Prudential Flexicap Fund - Growth,18.19
2025-01-07,148990,ICICI Prudential Flexicap Fund - Direct Plan - Growth,18.99
2025-01-07,148991,ICICI Prudential Flexicap Fund - Direct Plan - IDCW,18.98
2025-01-07,148992,Axis Quant Fund - Regular Plan - Growth,16.02
2025-01-07,148993,Axis Quant Fund - Direct Plan - Growth,16.95
2025-01-07,148994,Axis Quant Fund - Direct Plan - IDCW,16.95
2025-01-07,148995,Axis Quant Fund - Regular Plan - IDCW,16.02
2025-01-07,148996,SBI Fixed Maturity Plan (FMP) Series 45 (1840 Days) - Regular Plan - Growth,12.2584
2025-01-07,148997,SBI Fixed Maturity Plan (FMP) Series 45 (1840Days) - Regular Plan - Income Distribution cum Capital Withdrawal Option (IDCW),12.2584
2025-01-07,148998,SBI Fixed Maturity Plan (FMP) Series 45 (1840 Days) - Direct Plan - Income Distribution cum Capital Withdrawal Option (IDCW),12.319
2025-01-07,148999,SBI Fixed Maturity Plan (FMP) Series 45 (1840 Days) - Direct Plan - Growth,12.319
2025-01-07,149000,Tata Floating Rate Fund-Direct Plan-IDCW Monthly Payout,12.4408
2025-01-07,149001,Tata Floating Rate Fund-Direct Plan-IDCW Quarterly Payout,12.4408
2025-01-07,149002,Tata Floating Rate Fund-Direct Plan-IDCW Periodic Payout,12.4408
2025-01-07,149003,Tata Floating Rate Fund-Regular Plan-Growth,12.2519
2025-01-07,149004,Tata Floating Rate Fund-Regular Plan-IDCW Monthly Payout,12.2519
2025-01-07,149005,Tata Floating Rate Fund-Regular Plan-IDCW Quarterly Payout,12.2519
2025-01-07,149006,Tata Floating Rate Fund-Regular Plan-IDCW Periodic Payout,12.2519
2025-01-07,149007,Tata Floating Rate Fund -Direct Plan-Growth,12.4408
2025-01-07,149008,Nippon India Nifty Pharma ETF,23.6719
2025-01-07,149009,Invesco India Medium Duration Fund - Regular Plan - Quarterly IDCW (Payout / Reinvestment),1043.0063
2025-01-07,149010,Invesco India Medium Duration Fund - Regular Plan - Discretionary IDCW(Payout / Reinvestment)),1187.3339
2025-01-07,149011,Invesco India Medium Duration Fund - Direct Plan - Growth,1223.652
2025-01-07,149012,Invesco India Medium Duration Fund - Regular Plan - Growth,1187.3333
2025-01-07,149013,Invesco India Medium Duration Fund - Direct Plan - Discretionary IDCW (Payout/Reinvestment),1223.5661
2025-01-07,149014,Invesco India Medium Duration Fund - Direct Plan - Quarterly IDCW (Payout / Reinvestment)),1052.7162
2025-01-07,149015,Aditya Birla Sun Life Fixed Term Plan - Series TI (1837 days) - Regular Plan - Growth Option,12.2642
2025-01-07,149016,Aditya Birla Sun Life Fixed Term Plan - Series TI (1837 days) - Regular Plan - Payout of IDCW option,12.2642
2025-01-07,149017,Aditya Birla Sun Life Fixed Term Plan - Series TI (1837 days) - Direct Plan - Growth Option,12.3075
2025-01-07,149018,Aditya Birla Sun Life Fixed Term Plan - Series TI (1837 days) - Direct Plan - Payout of IDCW option,12.3093
2025-01-07,149019,PGIM India Small Cap Fund - Direct Plan- Growth Option,17.11
2025-01-07,149020,PGIM India Small Cap Fund - Regular Plan - Growth Option,16.12
2025-01-07,149021,ITI Dynamic Bond Fund - Regular Plan - Growth Option,12.1466
2025-01-07,149022,ITI Dynamic Bond Fund - Regular Plan - Monthly IDCW Option,10.0475
2025-01-07,149023,ITI Dynamic Bond Fund - Direct Plan - Monthly IDCWOption,10.1685
2025-01-07,149024,ITI Dynamic Bond Fund - Regular Plan - Quarterly IDCW Option,12.1477
2025-01-07,149025,ITI Dynamic Bond Fund - Direct Plan - Quarterly IDCW Option,12.6262
2025-01-07,149026,ITI Dynamic Bond Fund - Regular Plan - Half Yearly IDCW Option,12.1485
2025-01-07,149027,ITI Dynamic Bond Fund - Regular Plan - Annually IDCWOption,12.1465
2025-01-07,149028,ITI Dynamic Bond Fund - Direct Plan - Half Yearly IDCW Option,10.4734
2025-01-07,149029,ITI Dynamic Bond Fund - Direct Plan - Growth Option,12.6048
2025-01-07,149030,ITI Dynamic Bond Fund - Direct Plan - Annually IDCW Option,12.6047
2025-01-07,149031,PGIM India Small Cap Fund - Direct Plan - IDCW Option,16.1
2025-01-07,149032,PGIM India Small Cap Fund - Regular Plan - IDCW Option,15.69
2025-01-07,149033,Tata Floating Rate Fund-Direct Plan-IDCW Periodic Dividend Reinvestment,12.4408
2025-01-07,149034,Tata Floating Rate Fund-Direct Plan-IDCW Quarterly Dividend Reinvestment,12.4408
2025-01-07,149035,Tata Floating Rate Fund-Regular Plan-IDCW Monthly Dividend Reinvestment,12.2519
2025-01-07,149036,Tata Floating Rate Fund-Regular Plan-IDCW Periodic Dividend Reinvestment,12.2519
2025-01-07,149037,Tata Floating Rate Fund-Direct Plan-IDCW Monthly Dividend Reinvestment,12.4408
2025-01-07,149038,Tata Floating Rate Fund-Regular Plan-IDCW Quarterly Dividend Reinvestment,12.2519
2025-01-07,149039,Navi Nifty 50 Index Fund-Direct Plan-Growth,15.36
2025-01-07,149040,Navi Nifty 50 Index Fund-Regular Plan-Growth,15.2511
2025-01-07,149041,SBI Nifty Consumption ETF,116.4652
2025-01-07,149042,SBI Fixed Maturity Plan (FMP) - Series 46 (1850 Days) - Regular Plan - Income Distribution cum Capital Withdrawal Option (IDCW),12.2331
2025-01-07,149043,SBI Fixed Maturity Plan (FMP) - Series 46 (1850 Days) - Direct Plan - Growth,12.2974
2025-01-07,149044,SBI Fixed Maturity Plan (FMP) - Series 46 (1850 Days) - Direct Plan - Income Distribution cum Capital Withdrawal Option (IDCW),12.2975
2025-01-07,149045,SBI Fixed Maturity Plan (FMP) - Series 46 (1850 Days) - Regular Plan - Growth,12.2331
2025-01-07,149046,Axis Floater Fund - Regular Plan - Quarterly IDCW,1190.2958
2025-01-07,149047,Axis Floater Fund - Regular Plan - Annual IDCW,1222.2221
2025-01-07,149048,Axis Floater Fund - Regular Plan - Growth,1242.8716
2025-01-07,149049,Axis Floater Fund - Direct Plan - Growth,1259.2901
2025-01-07,149050,Axis Floater Fund - Direct Plan - Daily IDCW,1007.8551
2025-01-07,149051,Axis Floater Fund - Direct Plan - Monthly IDCW,1010.4185
2025-01-07,149052,Axis Floater Fund - Direct Plan - Quarterly IDCW,1204.9051
2025-01-07,149053,Axis Floater Fund - Regular Plan - Monthly IDCW,1014.761
2025-01-07,149054,Axis Floater Fund - Regular Plan - Daily IDCW,1008.746
2025-01-07,149055,Axis Floater Fund - Direct Plan - Annual IDCW,1237.0232
2025-01-07,149056,Kotak Global Innovation Overseas Equity Omni FOF - Regular Plan-Growth,10.5793
2025-01-07,149058,Kotak Global Innovation Overseas Equity Omni FOF - Regular Plan -IDCW Option,10.5796
2025-01-07,149059,Kotak Global Innovation Overseas Equity Omni FOF- Direct Plan -Growth,11.0339
2025-01-07,149060,Kotak Global Innovation Overseas Equity Omni FOF- Direct Plan - IDCW Option,11.0331
2025-01-07,149062,Aditya Birla Sun Life Fixed Term Plan - Series TJ (1838 days) - Direct Plan - Growth Option,12.2988
2025-01-07,149063,Aditya Birla Sun Life Fixed Term Plan - Series TJ (1838 days) - Direct Plan - Payout of IDCW Option,12.3002
2025-01-07,149064,Aditya Birla Sun Life Fixed Term Plan - Series TJ (1838 days) - Regular Plan - Growth Option,12.2584
2025-01-07,149065,Aditya Birla Sun Life Fixed Term Plan - Series TJ (1838 days) - Regular Plan - Payout of IDCW Option,12.2584
2025-01-07,149066,Tata Business Cycle Fund-Direct Plan-IDCW Payout,19.7185
2025-01-07,149067,Tata Business Cycle Fund-Direct Plan-IDCW Reinvestment,19.7185
2025-01-07,149068,Tata Business Cycle Fund-Regular Plan-Growth,18.6335
2025-01-07,149069,Tata Business Cycle Fund-Regular Plan-IDCW Reinvestment,18.6335
2025-01-07,149070,Tata Business Cycle Fund-Regular Plan-IDCW Payout,18.6335
2025-01-07,149071,Tata Business Cycle Fund-Direct Plan-Growth,19.7185
2025-01-07,149072,ICICI Prudential Nifty FMCG ETF,59.5823
2025-01-07,149073,TRUSTMF Short Duration Fund-Regular Plan-Growth,1197.7978
2025-01-07,149074,TRUSTMF Short Duration Fund-Regular Plan-Weekly Income Distribution Cum Capital Withdrawal,1070.2067
2025-01-07,149075,TRUSTMF Short Duration Fund-Regular Plan-Quarterly Income Distribution Cum Capital Withdrawal,1089.5838
2025-01-07,149076,TRUSTMF Short Duration Fund-Direct Plan-Growth,1218.4851
2025-01-07,149077,TRUSTMF Short Duration Fund-Direct Plan-Weekly Income Distribution Cum Capital Withdrawal,1080.0864
2025-01-07,149078,TRUSTMF Short Duration Fund-Direct Plan-Monthly Income Distribution Cum Capital Withdrawal,1097.3793
2025-01-07,149079,TRUSTMF Short Duration Fund-Direct Plan-Quarterly Income Distribution Cum Capital Withdrawal,1109.4739
2025-01-07,149080,TRUSTMF Short Duration Fund-Regular Plan-Monthly Income Distribution Cum Capital Withdrawal,1086.4151
2025-01-07,149081,SBI Fixed Maturity Plan (FMP) Series 47 (1434 Days) - Direct Plan - Income Distribution cum Capital Withdrawal Option (IDCW),12.1361
2025-01-07,149082,SBI Fixed Maturity Plan (FMP) Series 47 (1434 Days) - Direct Plan - Growth,12.1361
2025-01-07,149083,SBI Fixed Maturity Plan (FMP) Series 47 (1434 Days) - Regular Plan - Growth,12.0745
2025-01-07,149084,SBI Fixed Maturity Plan (FMP) Series 47 (1434 Days) - Regular Plan - Income Distribution cum Capital Withdrawal Option (IDCW),12.0745
2025-01-07,149085,Canara Robeco Value Fund - Direct Plan - Growth Option,18.88
2025-01-07,149086,Canara Robeco Value Fund - Direct Plan - IDCW (Payout/Reinvestment),18.69
2025-01-07,149087,Canara Robeco Value Fund - Regular Plan - IDCW (Payout/Reinvestment),17.71
2025-01-07,149088,Canara Robeco Value Fund - Regular Plan - Growth Option,17.89
2025-01-07,149089,Nippon India Flexi Cap Fund - Regular Plan - Growth Plan - Growth Option,16.4723
2025-01-07,149090,UTI Focused Fund - Regular Plan - Growth Option,14.9841
2025-01-07,149091,UTI Focused Fund - Direct Plan - Growth Option,15.8005
2025-01-07,149092,UTI Focused Fund - Regular Plan - IDCW Payout Option,14.9841
2025-01-07,149093,UTI Focused Fund - Direct Plan - IDCW Payout Option,15.8001
2025-01-07,149094,Nippon India Flexi Cap Fund - Direct Plan - Growth Plan - Growth Option,17.3017
2025-01-07,149095,Nippon India Flexi Cap Fund - Direct Plan - IDCW Option,17.3017
2025-01-07,149096,Nippon India Flexi Cap Fund - Regular Plan - IDCW Option,16.4723
2025-01-07,149097,Bandhan US specific Equity Active FOF - IDCW - REGULAR PLAN,15.807
2025-01-07,149098,Bandhan US specific Equity Active FOF - GROWTH - DIRECT PLAN,16.392
2025-01-07,149099,Bandhan US specific Equity Active FOF - IDCW - DIRECT PLAN,16.392
2025-01-07,149100,Bandhan US specific Equity Active FOF - GROWTH - REGULAR PLAN,15.807
2025-01-07,149101,Mahindra Manulife Flexi Cap Fund - Regular Plan -Growth,15.5714
2025-01-07,149102,Mahindra Manulife Flexi Cap Fund - Regular Plan -IDCW,14.4422
2025-01-07,149103,Mahindra Manulife Flexi Cap Fund - Direct Plan -IDCW,15.4439
2025-01-07,149104,Mahindra Manulife Flexi Cap Fund - Direct Plan -Growth,16.5888
2025-01-07,149105,Mirae Asset Nifty Financial Services ETF,24.0015
2025-01-07,149106,HDFC NIFTY50 Equal weight Index Fund - Growth Option,16.3383
2025-01-07,149107,HDFC NIFTY50 Equal weight Index Fund - Direct Plan - Growth Option,16.6357
2025-01-07,149108,SBI Fixed Maturity Plan (FMP) - Series 48 (1458 Days) - Direct Plan - Income Distribution cum Capital Withdrawal Option (IDCW),12.1098
2025-01-07,149109,SBI Fixed Maturity Plan (FMP) - Series 48 (1458 Days) - Regular Plan - Growth,12.0447
2025-01-07,149110,SBI Fixed Maturity Plan (FMP) - Series 48 (1458 Days) - Regular Plan - Income Distribution cum Capital Withdrawal Option (IDCW),12.0447
2025-01-07,149111,SBI Fixed Maturity Plan (FMP) - Series 48 (1458 Days) - Direct Plan - Growth,12.1098
2025-01-07,149112,Mirae Asset Money Market Fund Direct Growth,1229.1913
2025-01-07,149113,Mirae Asset Money Market Fund Direct IDCW,1227.1653
2025-01-07,149114,Mirae Asset Money Market Fund Regular IDCW,1213.9792
2025-01-07,149115,Mirae Asset Money Market Fund Regular Growth,1214.0054
2025-01-07,149116,Union Money Market Fund - Regular Plan -  Growth Option,1191.1859
2025-01-07,149117,Union Money Market Fund - Direct Plan -  Growth Option,1220.0338
2025-01-07,149118,Union Money Market Fund - Regular Plan - Daily IDCW Option,1002.1652
2025-01-07,149122,Union Money Market Fund - Regular Plan -  Monthly IDCW Option,1003.688
2025-01-07,149123,Union Money Market Fund - Direct Plan -  Monthly IDCW Option,1003.5336
2025-01-07,149128,Nippon India Fixed Maturity Plan - XLIII - Series 1 - Regular Plan - Income Distribution cum Capital Withdrawal Plan,12.0752
2025-01-07,149129,Nippon India Fixed Maturity Plan - XLIII - Series 1- Direct Plan - Growth Option,12.1768
2025-01-07,149130,Nippon India Fixed Maturity Plan - XLIII - Series 1 - Direct Plan - Income Distribution Cum Capital Withdrawal Plan,12.1768
2025-01-07,149131,Nippon India Fixed Maturity Plan - XLIII - Series 1 - Regular Plan - Growth Option,12.0752
2025-01-07,149132,SBI Balanced Advantage Fund - Regular Plan - Growth,14.661
2025-01-07,149133,SBI Balanced Advantage Fund - Regular Plan - Income Distribution cum Capital Withdrawal Option (IDCW),14.6613
2025-01-07,149134,SBI Balanced Advantage Fund - Direct Plan - Growth,15.1643
2025-01-07,149135,SBI Balanced Advantage Fund - Direct Plan - Income Distribution cum Capital Withdrawal Option (IDCW),15.1646
2025-01-07,149136,Kotak FMP Series 292 - Regular Plan - Growth,12.0659
2025-01-07,149137,Kotak FMP Series 292 - Regular Plan - IDCW Payout,12.0659
2025-01-07,149138,Kotak FMP Series 292 - Direct Plan - IDCW Payout,12.19
2025-01-07,149139,Kotak FMP Series 292 - Direct Plan - Growth,12.1898
2025-01-07,149140,Baroda BNP Paribas Business Cycle Fund - Regular Plan - Growth,15.8385
2025-01-07,149141,Baroda BNP Paribas Business Cycle Fund - Direct Plan - Growth,16.618
2025-01-07,149142,Baroda BNP Paribas Business Cycle Fund - Regular Plan - IDCW Option,15.8385
2025-01-07,149143,Baroda BNP Paribas Business Cycle Fund - Direct Plan - IDCW Option,16.618
2025-01-07,149144,SBI Fixed Maturity Plan (FMP) - Series 49 (1823 Days) - Direct Plan - Income Distribution cum Capital Withdrawal Option (IDCW),12.157
2025-01-07,149145,SBI Fixed Maturity Plan (FMP) - Series 49 (1823 Days) - Regular Plan - Growth,12.0941
2025-01-07,149146,SBI Fixed Maturity Plan (FMP) - Series 49 (1823 Days) - Regular Plan - Income Distribution cum Capital Withdrawal Option (IDCW),12.0941
2025-01-07,149147,SBI Fixed Maturity Plan (FMP) - Series 49 (1823 Days) - Direct Plan - Growth,12.157
2025-01-07,149156,Axis NIFTY India Consumption ETF,116.3218
2025-01-07,149157,ICICI Prudential Nifty Alpha Low - Volatility 30 ETF FOF - Growth,14.7682
2025-01-07,149158,ICICI Prudential Nifty Alpha Low - Volatility 30 ETF FOF - Direct Plan - Growth,15.0028
2025-01-07,149159,ICICI Prudential Nifty Alpha Low - Volatility 30 ETF FOF - IDCW,14.768
2025-01-07,149160,ICICI Prudential Nifty Alpha Low - Volatility 30 ETF FOF - Direct Plan - IDCW,15.0025
2025-01-07,149165,Axis Value Fund - Regular Plan - IDCW,18.51
2025-01-07,149166,Axis Value Fund - Direct Plan - Growth,19.39
2025-01-07,149167,Axis Value Fund - Regular Plan - Growth,18.52
2025-01-07,149168,Axis Value Fund - Direct Plan - IDCW,19.39
2025-01-07,149169,Mirae Asset S&P 500 Top 50 ETF,48.2568
2025-01-07,149170,Mirae Asset S&P 500 Top 50 ETF Fund of Fund Direct Growth,20.848
2025-01-07,149171,Mirae Asset S&P 500 Top 50 ETF Fund of Fund Regular Growth,20.567
2025-01-07,149172,SBI Fixed Maturity Plan (FMP) - Series 50 (1843 Days) - Regular Plan - Growth,11.9608
2025-01-07,149173,SBI Fixed Maturity Plan (FMP) - Series 50 (1843 Days) - Regular Plan -Income Distribution Capital Withdrawal Option (IDCW),11.9608
2025-01-07,149174,SBI Fixed Maturity Plan (FMP) - Series 50 (1843 Days) - Direct Plan - Growth,12.0305
2025-01-07,149175,SBI Fixed Maturity Plan (FMP) - Series 50 (1843 Days) - Direct Plan - Income Distribution Capital Withdrawal Option (IDCW),12.0305
2025-01-07,149180,HDFC Developed World Overseas Equity Passive FOF - Direct Plan - Growth Option,14.83
2025-01-07,149181,HDFC Developed World Overseas Equity Passive FOF - Growth Option,14.594
2025-01-07,149182,Kotak Multicap Fund-Regular Plan-Growth,18.832
2025-01-07,149183,Kotak Multicap Fund- Regular Plan -IDCW Option,18.832
2025-01-07,149185,Kotak Multicap Fund-Direct Plan-Growth,19.795
2025-01-07,149187,Kotak Multicap Fund-Direct Plan-IDCW Option,19.795
2025-01-07,149188,DSP FMP Series - 264 - 60M - 17D - Regular Plan - Growth,11.972
2025-01-07,149189,DSP FMP Series - 264 - 60M - 17D - Regular - IDCW,11.9716
2025-01-07,149190,DSP FMP Series - 264 - 60M - 17D - Direct - Growth,12.0317
2025-01-07,149191,DSP FMP Series - 264 - 60M - 17D - Direct - IDCW,12.0317
2025-01-07,149194,SBI Fixed Maturity Plan (FMP) - Series 51 (1846 Days) - Direct Plan - Income Distribution Capital Withdrawal Option (IDCW),12.0159
2025-01-07,149195,SBI Fixed Maturity Plan (FMP) - Series 51 (1846 Days) - Direct Plan - Growth,12.0154
2025-01-07,149196,SBI Fixed Maturity Plan (FMP) - Series 51 (1846 Days) - Regular Plan - Income Distribution Capital Withdrawal Option (IDCW),11.9571
2025-01-07,149197,SBI Fixed Maturity Plan (FMP) - Series 51 (1846 Days) - Regular Plan - Growth,11.9571
2025-01-07,149198,Aditya Birla Sun Life Nifty SDL Plus PSU Bond SEP 2026 60:40 Index Fund-Regular Growth,11.8579
2025-01-07,149199,Aditya Birla Sun Life Nifty SDL Plus PSU Bond SEP 2026 60:40 Index Fund-Direct Growth,11.9202
2025-01-07,149200,Aditya Birla Sun Life Nifty SDL Plus PSU Bond SEP 2026 60:40 Index Fund-Direct IDCW,11.9203
2025-01-07,149201,Aditya Birla Sun Life Nifty SDL Plus PSU Bond SEP 2026 60:40 Index Fund-Regular IDCW,11.8587
2025-01-07,149208,ICICI Prudential Nifty PSU Bond Plus SDL Sep 2027 40:60 Index Fund - Growth,11.8547
2025-01-07,149210,ICICI Prudential Nifty PSU Bond Plus SDL Sep 2027 40:60 Index Fund - Direct Plan Growth,11.9314
2025-01-07,149218,ICICI Prudential NASDAQ 100 Index Fund - Growth,15.5875
2025-01-07,149219,ICICI Prudential NASDAQ 100 Index Fund - Direct Plan - Growth,15.8254
2025-01-07,149220,ICICI Prudential NASDAQ 100 Index Fund - IDCW,15.5873
2025-01-07,149221,ICICI Prudential NASDAQ 100 Index Fund - Direct Plan - IDCW,15.8243
2025-01-07,149224,ICICI Prudential Nifty PSU Bond Plus SDL Sep 2027 40:60 Index Fund - Annual - IDCW,11.8545
2025-01-07,149227,ICICI Prudential Nifty PSU Bond Plus SDL Sep 2027 40:60 Index Fund - Direct Plan Annual - IDCW,11.9314
2025-01-07,149228,Mahindra Manulife Asia Pacific REITs FOF - Regular Plan - Growth,8.1805
2025-01-07,149229,Mahindra Manulife Asia Pacific REITs FOF - Regular Plan - IDCW,8.1805
2025-01-07,149230,Mahindra Manulife Asia Pacific REITs FOF - Direct Plan - Growth,8.4433
2025-01-07,149231,Mahindra Manulife Asia Pacific REITs FOF - Direct Plan - IDCW,8.4433
2025-01-07,149232,SBI Fixed Maturity Plan (FMP) - Series 52 (1848 Days) - Direct Plan - Growth,12.0003
2025-01-07,149233,SBI Fixed Maturity Plan (FMP) - Series 52 (1848 Days) - Regular Plan - Income Distribution Cum Withdrawal (IDCW),11.945
2025-01-07,149234,SBI Fixed Maturity Plan (FMP) - Series 52 (1848 Days) - Direct Plan - Income Distribution Cum Withdrawal (IDCW),12.0003
2025-01-07,149235,SBI Fixed Maturity Plan (FMP) - Series 52 (1848 Days) - Regular Plan - Growth,11.945
2025-01-07,149240,Motilal Oswal 5 Year G-Sec Fund Of Fund Direct -Growth,11.9074
2025-01-07,149241,Motilal Oswal 5 Year G-Sec Fund Of Fund Regular -Growth,11.8789
2025-01-07,149242,Axis Nifty AAA Bond Plus SDL Apr 2026 50:50 ETF FOF - Regular Plan - Growth Option,11.8165
2025-01-07,149243,Axis Nifty AAA Bond Plus SDL Apr 2026 50:50 ETF FOF - Direct Plan - Growth Option,11.8678
2025-01-07,149244,Axis Nifty AAA Bond Plus SDL April 2026 50:50 ETF FOF - Direct Plan - IDCW Option,11.8678
2025-01-07,149245,Axis Nifty AAA Bond Plus SDL Apr 2026 50:50 ETF FOF - Regular Plan - IDCW Option,11.8165
2025-01-07,149246,Edelweiss NIFTY PSU Bond Plus SDL Apr 2027 50:50 Index Fund - Direct Plan - IDCW,11.9542
2025-01-07,149247,Edelweiss NIFTY PSU Bond Plus SDL Apr 2027 50:50 Index Fund - Direct Plan Growth,11.9557
2025-01-07,149248,Edelweiss NIFTY PSU Bond Plus SDL Apr 2027 50:50 Index Fund - Regular Plan - IDCW,11.8829
2025-01-07,149249,Edelweiss NIFTY PSU Bond Plus SDL Apr 2027 50:50 Index Fund - Regular Plan - Growth,11.8823
2025-01-07,149250,Edelweiss Nifty 50 Index Fund Direct Plan Growth,13.7895
2025-01-07,149251,Edelweiss Nifty 50 Index Fund Direct Plan IDCW,13.5986
2025-01-07,149252,Edelweiss Nifty 50 Index Fund Regular Plan Growth,13.394
2025-01-07,149253,Edelweiss Nifty 50 Index Fund Regular Plan IDCW,13.3939
2025-01-07,149254,Edelweiss Nifty 100 Quality 30 Index Fund Direct Plan Growth,14.2906
2025-01-07,149255,Edelweiss Nifty 100 Quality 30 Index Fund Direct Plan IDCW,14.0907
2025-01-07,149256,Edelweiss Nifty 100 Quality 30 Index Fund Regular Plan Growth,13.9973
2025-01-07,149257,Edelweiss Nifty 100 Quality 30 Index Fund Regular Plan IDCW,13.9965
2025-01-07,149258,LIC MF Balanced Advantage Fund-Regular Plan-IDCW,12.5889
2025-01-07,149259,LIC MF Balanced Advantage Fund-Regular Plan-Growth,13.3277
2025-01-07,149260,LIC MF Balanced Advantage Fund-Direct Plan-IDCW,13.0959
2025-01-07,149261,LIC MF Balanced Advantage Fund-Direct Plan-Growth,14.0692
2025-01-07,149262,Aditya Birla Sun Life Nifty Healthcare ETF,15.271
2025-01-07,149263,NJ Balanced Advantage Fund - Regular Plan - IDCW Payout Option,13.45
2025-01-07,149264,NJ Balanced Advantage Fund - Direct Plan - Growth Option,14.02
2025-01-07,149265,NJ Balanced Advantage Fund - Direct Plan - IDCW Payout Option,14.02
2025-01-07,149266,NJ Balanced Advantage Fund - Regular Plan - Growth Option,13.45
2025-01-07,149268,ITI Pharma and Healthcare Fund - Direct Plan - Growth Option,18.6723
2025-01-07,149269,ITI Pharma and Healthcare Fund - Regular Plan - IDCW Option,17.4935
2025-01-07,149270,ITI Pharma and Healthcare Fund - Regular Plan - Growth Option,17.4935
2025-01-07,149271,ITI Pharma and Healthcare Fund - Direct Plan - IDCW Option,18.6723
2025-01-07,149277,SBI Fixed Maturity Plan (FMP) - Series 53 (1839 Days) - Direct Plan - Income Distribution Cum Withdrawal Option (IDCW),12.0035
2025-01-07,149278,SBI Fixed Maturity Plan (FMP) - Series 53 (1839 Days) - Regular Plan - Growth,11.9551
2025-01-07,149279,SBI Fixed Maturity Plan (FMP) - Series 53 (1839 Days) - Direct Plan - Growth,12.0035
2025-01-07,149280,SBI Fixed Maturity Plan (FMP) - Series 53 (1839 Days) - Regular Plan - Income  Distribution Cum Withdrawal Option (IDCW),11.9551
2025-01-07,149281,ICICI Prudential Nifty Smallcap 250 Index Fund - Growth,17.7901
2025-01-07,149282,ICICI Prudential Nifty Smallcap 250 Index Fund - IDCW,17.7909
2025-01-07,149283,ICICI Prudential Nifty Smallcap 250 Index Fund - Direct Plan - Growth,18.1551
2025-01-07,149284,ICICI Prudential Nifty Smallcap 250 Index Fund - Direct Plan - IDCW,18.1544
2025-01-07,149285,ICICI Prudential Nifty India Consumption ETF,116.7854
2025-01-07,149286,DSP Nifty 50 Equal Weight ETF,304.6432
2025-01-07,149287,HDFC NIFTY Next 50 Index Fund - Growth Option,15.4669
2025-01-07,149288,HDFC NIFTY Next 50 Index Fund - Direct Plan - Growth Option,15.6948
2025-01-07,149289,Aditya Birla Sun Life US Equity Passive FOF-Direct IDCW,15.0571
2025-01-07,149290,Aditya Birla Sun Life US Equity Passive FOF-Regular Growth,14.8645
2025-01-07,149291,Aditya Birla Sun Life US Equity Passive FOF-Direct-Growth,15.0551
2025-01-07,149292,Aditya Birla Sun Life US Equity Passive FOF-Regular IDCW,14.8633
2025-01-07,149293,Aditya Birla Sun Life Nifty IT ETF,45.49
2025-01-07,149294,Aditya Birla Sun Life Business Cycle Fund-Regular IDCW Payout,13.85
2025-01-07,149295,Aditya Birla Sun Life Business Cycle Fund-Direct Growth,15.53
2025-01-07,149296,Aditya Birla Sun Life Business Cycle Fund-Regular-Growth,14.87
2025-01-07,149297,Aditya Birla Sun Life Business Cycle Fund-Direct IDCW Payout,14.47
2025-01-07,149298,PGIM India Global Select Real Estate Securities Fund of Fund - Direct Plan - Growth Option,10.54
2025-01-07,149299,PGIM India Global Select Real Estate Securities Fund of Fund - Regular Plan - Growth Option,10.27
2025-01-07,149302,BANDHAN MULTI CAP FUND - IDCW - REGULAR PLAN,16.643
2025-01-07,149303,BANDHAN MULTI CAP FUND - GROWTH - DIRECT PLAN,17.483
2025-01-07,149304,BANDHAN MULTI CAP FUND - IDCW - DIRECT PLAN,17.469
2025-01-07,149305,BANDHAN MULTI CAP FUND - GROWTH - REGULAR PLAN,16.642
2025-01-07,149306,SBI Fixed Maturity Plan (FMP) - Series 54 (1842 Days) - Regular Plan - Income Distribution Cum Capital Withdrawal Option (IDCW),11.9318
2025-01-07,149307,SBI Fixed Maturity Plan (FMP) - Series 54 (1842 Days) - Direct Plan - Growth,11.9811
2025-01-07,149308,SBI Fixed Maturity Plan (FMP) - Series 54 (1842 Days) - Regular Plan - Growth,11.9318
2025-01-07,149309,SBI Fixed Maturity Plan (FMP) - Series 54 (1842 Days) - Direct Plan - Income Distribution Cum Withdrawal Option (IDCW),11.9815
2025-01-07,149310,Unclaimed Redemption - Upto 3 years (Invested in DSP Overnight Fund),12.0086
2025-01-07,149311,Unclaimed Redemption - Beyond 3 years (Invested in DSP Overnight Fund),10.0
2025-01-07,149312,Unclaimed IDCW - Upto 3 years (Invested in DSP Overnight Fund),12.0086
2025-01-07,149313,Unclaimed IDCW - Beyond 3 years (Invested in DSP Overnight Fund),10.0
2025-01-07,149316,360 ONE QUANT FUND REGULAR INCOME DISTRIBUTION CUM CAPITAL WITHDRAWAL,18.3452
2025-01-07,149317,360 ONE QUANT FUND REGULAR GROWTH,18.3452
2025-01-07,149318,360 ONE QUANT FUND DIRECT GROWTH,19.0489
2025-01-07,149319,360 ONE QUANT FUND DIRECT INCOME DISTRIBUTION CUM CAPITAL WITHDRAWAL,19.0489
2025-01-07,149321,ITI Banking and Financial Services Fund - Direct Plan - Growth Option,14.2714
2025-01-07,149322,ITI Banking and Financial Services Fund - Direct Plan - IDCW Option,14.2714
2025-01-07,149323,ITI Banking and Financial Services Fund - Regular Plan - IDCW Option,13.3979
2025-01-07,149324,ITI Banking and Financial Services Fund -Regular Plan - Growth Option,13.3979
2025-01-07,149325,Nippon India Taiwan Equity Fund- Regular Plan- IDCW option,12.2466
2025-01-07,149327,Nippon India Taiwan Equity Fund- Direct Plan- IDCW option,12.8198
2025-01-07,149328,Nippon India Taiwan Equity fund- Regular Plan- Growth Option,12.2466
2025-01-07,149329,Nippon India Taiwan Equity Fund- Direct Plan- Growth Option,12.8198
2025-01-07,149331,ICICI Prudential BSE 500 ETF FOF - Direct Plan - Growth,15.2965
2025-01-07,149332,ICICI Prudential BSE 500 ETF FOF - IDCW,15.0661
2025-01-07,149333,ICICI Prudential BSE 500 ETF FOF - Direct Plan - IDCW,15.2964
2025-01-07,149334,ICICI Prudential BSE 500 ETF FOF - Growth,15.0662
2025-01-07,149335,Quant Value Fund - Growth Option  - Direct Plan,20.6645
2025-01-07,149336,Quant Value Fund - IDCW Option- Regular Plan,19.7267
2025-01-07,149337,Quant Value Fund - Growth Option - Regular Plan,19.619
2025-01-07,149338,Quant Value Fund - IDCW Option - Direct Plan,19.6338
2025-01-07,149339,Edelweiss NIFTY Large Midcap 250 Index Fund - Direct Plan Payout,16.2232
2025-01-07,149341,Edelweiss NIFTY Large Midcap 250 Index Fund - Regular Plan Growth,15.8937
2025-01-07,149342,Edelweiss NIFTY Large Midcap 250 Index Fund - Regular Plan Payout,15.893
2025-01-07,149343,Edelweiss NIFTY Large Midcap 250 Index Fund - Direct Plan Growth,16.2232
2025-01-07,149345,SBI Fixed Maturity Plan (FMP) - Series 55 (1849 Days) - Direct Plan - Growth,11.9545
2025-01-07,149346,SBI Fixed Maturity Plan (FMP) - Series 55 (1849 Days) - Regular Plan - Income Distribution Cum Capital Withdrawal Option (IDCW),11.9061
2025-01-07,149347,SBI Fixed Maturity Plan (FMP) - Series 55 (1849 Days) - Regular Plan - Growth,11.9061
2025-01-07,149348,SBI Fixed Maturity Plan (FMP) - Series 55 (1849 Days) - Direct Plan - Income Distribution cum Capital Withdrawal Option (IDCW),11.9545
2025-01-07,149351,Tata Corporate Bond Fund-Regular Plan-Growth,11.8724
2025-01-07,149352,Tata Corporate Bond Fund-Regular Plan-IDCW Periodic Reinvestment,11.8724
2025-01-07,149353,Tata Corporate Bond Fund-Regular Plan-IDCW Monthly Payout,11.8724
2025-01-07,149354,Tata Corporate Bond Fund-Regular Plan-IDCW Quarterly Payout,11.8724
2025-01-07,149355,Tata Corporate Bond Fund-Direct Plan-IDCW Periodic Payout,12.0866
2025-01-07,149356,Tata Corporate Bond Fund-Direct Plan-IDCW Periodic Reinvestment,12.0866
2025-01-07,149357,Tata Corporate Bond Fund-Direct Plan-IDCW Monthly Reinvestment,12.0866
2025-01-07,149358,Tata Corporate Bond Fund-Direct Plan-IDCW Quarterly Reinvestment,12.0866
2025-01-07,149359,Tata Corporate Bond Fund-Regular Plan-IDCW Quarterly Reinvestment,11.8724
2025-01-07,149360,Tata Corporate Bond Fund-Regular Plan-IDCW Periodic Payout,11.8724
2025-01-07,149361,Tata Corporate Bond Fund-Direct Plan-Growth,12.0866
2025-01-07,149362,Tata Corporate Bond Fund-Direct Plan-IDCW Quarterly Payout,12.0866
2025-01-07,149363,Tata Corporate Bond Fund-Regular Plan-IDCW Monthly Reinvestment,11.8724
2025-01-07,149364,Tata Corporate Bond Fund-Direct Plan-IDCW Monthly Payout,12.0866
2025-01-07,149365,HDFC Multi Cap Fund - IDCW Option,17.755
2025-01-07,149366,HDFC Multi Cap Fund - Growth Option,18.737
2025-01-07,149367,HDFC Multi Cap Fund - IDCW Option - Direct Plan,18.59
2025-01-07,149368,HDFC Multi Cap Fund - Growth Option - Direct Plan,19.496
2025-01-07,149371,Axis Nifty 50 Index Fund - Regular Plan - Growth Option,14.031
2025-01-07,149372,Axis Nifty 50 Index Fund - Regular Plan - IDCW,14.031
2025-01-07,149373,Axis Nifty 50 Index Fund - Direct Plan - Growth,14.1524
2025-01-07,149374,Axis Nifty 50 Index Fund - Direct Plan - IDCW,14.1524
2025-01-07,149379,Mirae Asset Hang Seng TECH ETF,16.0179
2025-01-07,149380,Mirae Asset Hang Seng TECH ETF Fund of Fund Regular Plan - Growth Option,9.154
2025-01-07,149381,Mirae AssetHang Seng TECH ETF Fund of Fund Direct Plan - Growth Option,9.284
2025-01-07,149382,Axis Multicap Fund - Regular Plan - Growth,17.9
2025-01-07,149383,Axis Multicap Fund - Direct Growth,18.66
2025-01-07,149384,Axis Multicap Fund - Direct Plan - IDCW,18.65
2025-01-07,149387,Axis Multicap Fund - Regular Plan - IDCW,17.9
2025-01-07,149388,ICICI Prudential Nifty Midcap 150 Index Fund - IDCW,18.3444
2025-01-07,149389,ICICI Prudential Nifty Midcap 150 Index Fund - Direct Plan - Growth,18.755
2025-01-07,149390,ICICI Prudential Nifty Midcap 150 Index Fund - Growth,18.3447
2025-01-07,149391,ICICI Prudential Nifty Midcap 150 Index Fund - Direct Plan - IDCW,18.7549
2025-01-07,149392,DSP Nifty 50 ETF,244.839
2025-01-07,149394,Groww Overnight Fund (formerly known as Indiabulls Overnight Fund)- Unclaimed Dividend < 3 years,1197.8613
2025-01-07,149396,Groww Overnight Fund (formerly known as Indiabulls Overnight Fund)- Unclaimed Redemption < 3 Years,1189.9168
2025-01-07,149397,Kotak Nifty Alpha 50 ETF,53.2588
2025-01-07,149398,BHARAT Bond ETF - April 2032,1215.2937
2025-01-07,149399,BHARAT Bond ETF FOF - April 2032 Regular Plan Growth,12.2913
2025-01-07,149400,BHARAT Bond ETF FOF - April 2032 Regular Plan Dividend,12.2913
2025-01-07,149401,BHARAT Bond ETF FOF - April 2032 Direct Growth,12.2913
2025-01-07,149402,BHARAT Bond ETF FOF - April 2032 Direct Plan Dividend,12.2913
2025-01-07,149403,DSP Nifty Midcap 150 Quality 50 ETF,247.3588
2025-01-07,149404,Mahindra Manulife Balanced Advantage Fund - Regular Plan - Growth,14.0351
2025-01-07,149405,Mahindra Manulife Balanced Advantage Fund - Regular Plan - IDCW,12.9371
2025-01-07,149406,Mahindra Manulife Balanced Advantage Fund - Direct Plan - Growth,14.8225
2025-01-07,149407,Mahindra Manulife Balanced Advantage Fund - Direct Plan - IDCW,13.7092
2025-01-07,149408,ICICI Prudential Overnight fund - Direct Plan - Unclaimed IDCW Transitory Scheme,1196.5887
2025-01-07,149409,ICICI Prudential Overnight fund - Direct Plan - Unclaimed Redemption Stable Scheme,1000.0
2025-01-07,149410,ICICI Prudential Overnight fund - Direct Plan - Unclaimed Redemption Transitory Scheme,1196.6046
2025-01-07,149411,ICICI Prudential Overnight fund - Direct Plan - Unclaimed IDCW Stable Scheme,1000.0
2025-01-07,149412,BANK OF INDIA Overnight Fund Unclaimed IDCW Plan - Greater than 3 Years,1000.0
2025-01-07,149413,BANK OF INDIA Overnight Fund Unclaimed Redemption Plan - Upto 3 Years,1200.7197
2025-01-07,149414,BANK OF INDIA Overnight Fund Unclaimed IDCW Plan - Up to 3 Years,1200.428
2025-01-07,149415,BANK OF INDIA Overnight Fund Unclaimed Redemption Plan - Greater than 3 Years,1000.0
2025-01-07,149420,SBI Fixed Maturity Plan (FMP) - Series 56 (1232 Days) - Direct Plan - Growth,11.8131
2025-01-07,149421,SBI Fixed Maturity Plan (FMP) - Series 56 (1232 Days) - Regular Plan - Income Distribution cum Capital Withdrawal Option (IDCW),11.767
2025-01-07,149422,SBI Fixed Maturity Plan (FMP) - Series 56 (1232 Days) - Regular Plan - Growth,11.767
2025-01-07,149423,SBI Fixed Maturity Plan (FMP) - Series 56 (1232 Days) - Direct Plan - Income Distribution cum Capital Withdrawal Option (IDCW),11.8131
2025-01-07,149430,SBI Fixed Maturity Plan (FMP) - Series 57 (1835 Days) - Direct Plan - Income Distribution cum Capital Withdrawal Option (IDCW),11.8716
2025-01-07,149431,SBI Fixed Maturity Plan (FMP) - Series 57 (1835 Days) - Direct Plan - Growth,11.8717
2025-01-07,149432,SBI Fixed Maturity Plan (FMP) - Series 57 (1835 Days) - Regular Plan - Growth,11.8247
2025-01-07,149433,SBI Fixed Maturity Plan (FMP) - Series 57 (1835 Days) - Regular Plan - Income Distribution cum Capital Withdrawal Option (IDCW),11.8249
2025-01-07,149438,Motilal Oswal Nasdaq Q50 ETF,74.3404
2025-01-07,149439,ICICI Prudential Passive Multi-Asset Fund of Funds - Growth,13.697
2025-01-07,149440,ICICI Prudential Passive Multi-Asset Fund of Funds - IDCW,13.6971
2025-01-07,149441,ICICI Prudential Passive Multi-Asset Fund of Funds - Direct Plan - Growth,13.88
2025-01-07,149442,ICICI Prudential Passive Multi-Asset Fund of Funds - Direct Plan - IDCW,13.889
2025-01-07,149443,Franklin India Overnight Fund- Unclaimed IDCW Plan,11.9106
2025-01-07,149444,Franklin India Overnight Fund- Unclaimed Redemption Investor EducationPlan,10.0
2025-01-07,149445,Franklin India Overnight Fund- Unclaimed IDCW Investor Education Plan,10.0
2025-01-07,149446,Franklin India Overnight Fund- Unclaimed Redemption Plan,11.9106
2025-01-07,149447,Navi Nifty Next 50 Index Fund- Direct Plan- Growth,15.8182
2025-01-07,149448,Navi Nifty Next 50 Index Fund- Regular Plan- Growth,15.5896
2025-01-07,149449,Samco Flexi Cap Fund - Regular Plan - Growth Option,12.18
2025-01-07,149450,Samco Flexi Cap Fund - Direct Plan - Growth Option,12.72
2025-01-07,149451,Union Overnight Fund - Unclaimed Amounts Plan - IDCW Beyond 3 years,1000.0
2025-01-07,149452,Union Overnight Fund - Unclaimed Amounts Plan - IDCW Upto 3 years,1194.5817
2025-01-07,149453,Union Overnight Fund - Unclaimed Amounts Plan - Redemption Beyond 3 years,1000.0
2025-01-07,149454,Union Overnight Fund - Unclaimed Amounts Plan - Redemption Upto 3 years,1194.4514
2025-01-07,149455,ICICI Prudential Strategic Metal and Energy Equity Fund of Fund - Direct Plan Growth,14.9405
2025-01-07,149456,ICICI Prudential Strategic Metal and Energy Equity Fund of Fund - Growth,14.52
2025-01-07,149457,ICICI Prudential Strategic Metal and Energy Equity Fund of Fund - IDCW,14.5196
2025-01-07,149458,ICICI Prudential Strategic Metal and Energy Equity Fund of Fund - Direct Plan IDCW,14.9409
2025-01-07,149459,SBI Fixed Maturity Plan (FMP) - Series 58 (1842 Days) - Regular Plan - Growth,11.9249
2025-01-07,149460,SBI Fixed Maturity Plan (FMP) - Series 58 (1842 Days) - Direct Plan - Growth,11.9706
2025-01-07,149461,SBI Fixed Maturity Plan (FMP) - Series 58 (1842 Days) - Direct Plan - Income Distribution cum Capital withdrawal option (IDCW),11.9707
2025-01-07,149462,SBI Fixed Maturity Plan (FMP) - Series 58 (1842 Days) - Regular Plan - Income Distribution cum Capital withdrawal option (IDCW),11.9249
2025-01-07,149463,ICICI Prudential Nifty Auto ETF,23.9737
2025-01-07,149464,ICICI PRUDENTIAL SILVER ETF,90.4869
2025-01-07,149465,Nippon India Nifty Auto ETF,239.5491
2025-01-07,149466,Axis Nifty Next 50 Index Fund - Direct Plan - Growth,16.4302
2025-01-07,149467,Axis Nifty Next 50 Index Fund - Regular Plan - Growth,16.1403
2025-01-07,149468,Axis Nifty Next 50 Index Fund - Regular Plan - IDCW,16.1403
2025-01-07,149469,Axis Nifty Next 50 Index Fund - Direct Plan - IDCW,16.4299
2025-01-07,149470,Mahindra Manulife Overnight Fund - Unclaimed Redemption/IDCW upto 3 years,1194.4977
2025-01-07,149471,Mahindra Manulife Overnight Fund - Unclaimed Redemption/IDCW beyond 3 years,1000.0
2025-01-07,149472,SBI CPSE Bond Plus SDL Sep 2026 50:50 Index Fund - Regular Plan - Growth,11.7668
2025-01-07,149473,SBI CPSE Bond Plus SDL Sep 2026 50:50 Index Fund - Regular Plan - Income Distribution cum Capital Withdrawal Option (IDCW),11.767
2025-01-07,149474,SBI CPSE Bond Plus SDL Sep 2026 50:50 Index Fund - Direct Plan - Growth,11.8305
2025-01-07,149475,SBI CPSE Bond Plus SDL Sep 2026 50:50 Index Fund - Direct Plan - Income Distribution cum Capital Withdrawal Option (IDCW),11.8816
2025-01-07,149476,Edelweiss Overnight Fund - Unclaimed IDCW Plan - Above 3 years,1000.0
2025-01-07,149477,Edelweiss Overnight Fund - Unclaimed IDCW Plan - Upto 3 years,1191.906
2025-01-07,149478,Edelweiss Overnight Fund - Unclaimed Redemption Plan - Upto 3 years,1191.9045
2025-01-07,149479,Edelweiss Overnight Fund - Unclaimed Redemption Plan - Above 3 years,1000.0
2025-01-07,149480,Sundaram Nifty 100 Equal Weight Fund (Formerly Known as Principal Nifty 100 Equal Weight Fund-Income Distribution CUM Capital Withdrawal,78.2966
2025-01-07,149481,Sundaram Nifty 100 Equal Weight Fund (Formerly Known as Principal Nifty 100 Equal Weight Fund)-Growth,166.0654
2025-01-07,149482,Sundaram Nifty 100 Equal Weight Fund (Formerly Known as Principal Nifty 100 Equal Weight Fund)- Direct Plan - Income Distribution CUM Capital Withdrawal Option,82.2604
2025-01-07,149483,Sundaram Nifty 100 Equal Weight Fund (Formerly Known as Principal Nifty 100 Equal Weight Fund) - Direct Plan - Growth Option,174.4767
2025-01-07,149519,Sundaram Low Duration Fund (Formerly Known as Principal Low Duration Fund)- Growth Option,3338.0031
2025-01-07,149521,Sundaram Low Duration Fund (Formerly Known as Principal Low Duration Fund)- Income Distribution CUM Capital Withdrawal Option (IDCW),1089.105
2025-01-07,149525,Sundaram Low Duration Fund (Formerly Known as Principal Low Duration Fund) - Direct Plan - Income Distribution CUM Capital Withdrawal Option (IDCW),1099.3071
2025-01-07,149526,Sundaram Low Duration Fund (Formerly Known as Principal Low Duration Fund) - Direct Plan - Growth Option,3565.7293
2025-01-07,149531,Sundaram Focused Fund (Formerly Known as Principal Focused Multicap Fund)- Income Distribution CUM Capital Withdrawal Option (IDCW),42.9442
2025-01-07,149532,Sundaram Focused Fund (Formerly Known as Principal Focused Multicap Fund)-Growth Option,159.244
2025-01-07,149533,Sundaram Focused Fund (Formerly Known as Principal Focused Multicap Fund)- Direct Plan - Growth Option,175.4709
2025-01-07,149534,Sundaram Focused Fund (Formerly Known as Principal Focused Multicap Fund)- Direct Plan - Income Distribution CUM Capital Withdrawal Option (IDCW),46.4645
2025-01-07,149535,Sundaram Ultra Short Duration Fund (Formerly Known as Principal Ultra Short Term Fund)-Growth Option,2602.8161
2025-01-07,149537,Sundaram Ultra Short Duration Fund (Formerly Known as Principal Ultra Short Term Fund) - Income Distribution CUM Capital Withdrawal Option (IDCW),1063.6205
2025-01-07,149539,Sundaram Ultra Short Duration Fund (Formerly Known as Principal Ultra Short Term Fund)- Direct Plan -Growth Option,2821.9262
2025-01-07,149540,Sundaram Ultra Short Duration Fund (Formerly Known as Principal Ultra Short Term Fund)- Direct Plan Income Distribution CUM Capital Withdrawal Option (IDCW),1064.7788
2025-01-07,149549,Sundaram Arbitrage Fund( Formerly Known as Principal Arbitrage Fund) - Direct Plan- Monthly Income Distribution CUM Capital Withdrawal,12.7206
2025-01-07,149550,Sundaram Arbitrage Fund (Formerly Known as Prinicpal Arbitrage Fund) - Direct Plan - Growth,14.7105
2025-01-07,149551,Sundaram Arbitrage Fund (Formerly Known as Principal Arbitrage Fund)- Regular Plan - Monthly Income Distribution CUM Capital Withdrawal,12.3173
2025-01-07,149552,Sundaram Arbitrage Fund (Formerly Know as Principal Arbitrage Fund) - Regular Plan - Growth,14.01
2025-01-07,149569,Sundaram ELSS Tax Saver Fund Regular Growth,489.7413
2025-01-07,149570,Sundaram ELSS Tax Saver Fund Direct Plan Growth,522.1216
2025-01-07,149571,Sundaram ELSS Tax Saver Fund Direct Plan - Income Distribution CUM Capital Withdrawal Option (IDCW),521.5959
2025-01-07,149572,Sundaram ELSS Tax Saver Fund Regular Plan - Income Distribution CUM Capital Withdrawal Option (IDCW),409.0322
2025-01-07,149585,Sundaram Short Duration Fund (Formerly Known as Principal Short Term Debt Fund)- Growth Plan,42.4933
2025-01-07,149586,Sundaram Short Duration Fund (Formerly Known as Principal Short Term Debt Fund)- Income Distribution CUM Capital Withdrawal Option (IDCW),12.8936
2025-01-07,149587,Sundaram Short Duration Fund (Formerly Known as Principal Short Term Debt Fund)- Direct Plan - Growth Option,45.8422
2025-01-07,149588,Sundaram Short Duration Fund (Formerly Known as Principal Short Term Debt Fund) - Direct Plan - Income Distribution CUM Capital Withdrawal Plan (IDCW),12.9325
2025-01-07,149599,Sundaram Aggressive Hybrid Fund (Formerly Known as Principal Hybrid Equity Fund)-Growth,157.8813
2025-01-07,149600,Sundaram Aggressive Hybrid Fund (Formerly Known as Principal Hybrid Equity Fund)- Monthly Income Distribution CUM Capital Withdrawal,29.0793
2025-01-07,149601,Sundaram Aggressive Hybrid Fund (Formerly Known as Principal Hybrid Equity Fund)- Direct Plan - Growth Option,179.9332
2025-01-07,149602,Sundaram Aggressive Hybrid Fund(Formerly Known as Principal Hybrid Equity Fund)-Direct Plan - Monthly Income Distribution CUM Capital Withdrawal Option,44.2517
2025-01-07,149660,Sundaram Liquid Fund (Formerly Known as Principal Cash Management Fund) - Regular Plan IDCW,1028.3488
2025-01-07,149661,Sundaram Liquid Fund (Formerly Known as Principal Cash Management Fund) -Growth Option,2229.3674
2025-01-07,149662,Sundaram Liquid Fund (Formerly Known as Principal Cash Management Fund) -Direct Plan - IDCW,1028.5166
2025-01-07,149664,Sundaram Liquid Fund (Formerly Known as Principal Cash Management Fund) - Direct Plan - Growth Option,2253.0555
2025-01-07,149666,Sundaram Multi Cap Fund (Formerly Known as Principal Multi Cap Growth Fund)- Income Distribution CUM Capital Withdrawal Option (IDCW),68.328
2025-01-07,149667,Sundaram Multi Cap Fund (Formerly Known as Principal Multi Cap Growth Fund)-Growth Option,372.8599
2025-01-07,149668,Sundaram Multi Cap Fund (Formerly Known as Principal Multi Cap Growth Fund) - Direct Plan - Income Distribution CUM Capital Withdrawal Option (IDCW),91.6405
2025-01-07,149669,Sundaram Multi Cap Fund (Formerly Known as Principal Multi Cap Growth Fund)-Direct Plan - Growth Option,412.8161
2025-01-07,149674,Sundaram Equity Savings Fund (Formerly Known as Principal Equity Savings Fund) - Growth Option,67.8411
2025-01-07,149675,Sundaram Equity Savings Fund (Formerly Known as Principal Equity Savings Fund)- Income Distribution CUM Capital Withdrawal (IDCW),15.7089
2025-01-07,149676,Sundaram Equity Savings Fund (Formerly Known as Principal Equity Savings Fund) - Income Distribution CUM Capital Withdrawal (IDCW),16.9482
2025-01-07,149677,Sundaram Equity Savings Fund (Formerly Known as  Principal Equity Savings Fund) - Direct Plan - Income Distribution CUM Capital Withdrawal Option (IDCW),16.7218
2025-01-07,149678,Sundaram Equity Savings Fund (Formerly Known as Principal Equity Savings Fund)- Direct Plan - Income Distribution CUM Capital Withdrawal Option (IDCW),24.5481
2025-01-07,149679,Sundaram Equity Savings Fund (Formerly Known as Principal Equity Savings Fund) - Direct Plan - Growth Option,78.1372
2025-01-07,149697,Sundaram Dividend Yield Fund (Formerly Known as Principal Dividend Yield Fund)-Growth Plan,135.0077
2025-01-07,149698,Sundaram Dividend Yield Fund (Formerly Known as Principal Dividend Yield Fund)- Income Distribution CUM Capital Withdrawal Plan,40.6764
2025-01-07,149699,Sundaram Dividend Yield Fund (Formerly Known as Principal Dividend Yield Fund)- Direct Plan - Income Distribution CUM Capital Withdrawal Option,67.6628
2025-01-07,149700,Sundaram Dividend Yield Fund (Formerly Known as Principal Dividend Yield Fund) - Direct Plan - Growth Option,146.409
2025-01-07,149715,Sundaram Balanced Advantage Fund (Formerly Known as Principal Balanced Advantage Fund) - Growth Option,34.2247
2025-01-07,149716,Sundaram Balanced Advantage Fund (Formerly Known as Principal Balanced Advantage Fund) - Monthly Income Distribution CUM Capital Withdrawal Option,16.001
2025-01-07,149717,Sundaram Balanced Advantage Fund ( Formerly Known as Principal Balanced Advantage Fund) - Direct Plan - Growth Option,39.8467
2025-01-07,149718,Sundaram Balanced Advantage Fund (Formerly Known as Principal Balanced Advantage Fund) - Direct Plan - Monthly Income Distribution CUM Capital Withdrawal Option,19.4132
2025-01-07,149723,Sundaram Ultra Short Duration Fund (Formerly Known as Prinicpal Ultra Short Term Fund) Regular Plan -IDCW,1144.1156
2025-01-07,149724,Sundaram Ultra Short Duration Fund (Formerly Known as Principal Ultra Short Term Fund) Direct Plan -IDCW,1189.3602
2025-01-07,149726,Sundaram Short Duration Fund (Formerly Known as Principal Short Term Debt Fund) Direct Plan IDCW,14.6482
2025-01-07,149728,Sundaram Short Duration Fund (Formerly Known as Principal Short Term Debt Fund) - Direct Plan - IDCW,14.743
2025-01-07,149730,Sundaram Short Duration Fund (Formerly Known as Principal Short Term Debt Fund) Regular - IDCW,14.3472
2025-01-07,149731,Sundaram Short Duration Fund (Formerly Known as Principal Short Term Debt Fund) - Regular - IDCW,14.4434
2025-01-07,149733,Sundaram Short Duration Fund (Formerly Known as Principal Short Term Debt Fund) Direct Plan - IDCW,14.6463
2025-01-07,149735,Sundaram Short Duration Fund (Formerly Known as Principal Short Term Debt Fund) Regular Plan IDCW,14.3472
2025-01-07,149736,Sundaram Short Duration Fund (Formerly Known as Principal Short Term Debt Fund) Regular Principal Units,15.3497
2025-01-07,149737,Sundaram Liquid Fund (Formerly Known as Principal Cash Management Fund) Direct Principal Units,1238.9696
2025-01-07,149740,Sundaram Liquid Fund (Formerly Known as Principal Cash Management Fund) Regular IDCW,1135.065
2025-01-07,149742,Sundaram Liquid Fund (Formerly Known as  Principal Cash Management Fund) Regular Plan Principal Units,1234.0225
2025-01-07,149744,Sundaram  Liquid Fund (Formerly Known as Principal Cash Management Fund) Direct IDCW,1139.407
2025-01-07,149747,Sundaram Low Duration Fund (Formerly Know as Principal Low Duation Fund) Regular Principal Units,1292.7162
2025-01-07,149750,Sundaram Low Duration Fund(Formerly Known as Principal Low Duration Fund) Direct Plan - IDCW,1233.271
2025-01-07,149752,Sundaram Low Duration Fund (Formerly Known as Principal Low Duration Fund) Regular Plan IDCW,1193.725
2025-01-07,149753,Axis CRISIL IBX 70:30 CPSE Plus SDL April 2025 Index Fund - Direct Plan - Growth,11.7596
2025-01-07,149754,Axis CRISIL IBX 70:30 CPSE Plus SDL April 2025 Index Fund- Direct Plan - IDCW,11.7582
2025-01-07,149755,Axis CRISIL IBX 70:30 CPSE Plus SDL April 2025 Index Fund - Regular Plan - Growth,11.7095
2025-01-07,149756,Axis CRISIL IBX 70:30 CPSE Plus SDL April 2025 Index Fund - Regular Plan - IDCW,11.7096
2025-01-07,149757,Kotak Nifty Midcap 50 ETF,161.0507
2025-01-07,149758,Nippon India Silver ETF,87.1602
2025-01-07,149759,Nippon India Silver ETF FOF-Regular Plan- Growth Option,13.8817
2025-01-07,149760,Nippon India Silver ETF FOF- Direct Plan-Growth Option,14.0485
2025-01-07,149761,Nippon India Silver ETF FOF- Regular Plan-IDCW Option,13.8817
2025-01-07,149762,Nippon India Silver ETF FOF- Direct Plan-IDCW Option,14.0485
2025-01-07,149763,Invesco India Flexi Cap Fund - Direct Plan - Growth,19.73
2025-01-07,149764,Invesco India Flexi Cap Fund - Regular Plan - IDCW,18.84
2025-01-07,149765,Invesco India Flexi Cap Fund - Direct Plan - IDCW,19.75
2025-01-07,149766,Invesco India Flexi Cap Fund - Regular Plan - Growth,18.84
2025-01-07,149775,ICICI Prudential Silver ETF FOF - Direct Plan - Growth,14.0983
2025-01-07,149776,ICICI Prudential Silver ETF FOF - Direct Plan - IDCW,14.0984
2025-01-07,149777,ICICI Prudential Silver ETF FOF - Growth,13.8915
2025-01-07,149778,ICICI Prudential Silver ETF FOF - IDCW,13.8914
2025-01-07,149779,Aditya Birla Sun Life Silver ETF,90.5528
2025-01-07,149780,Aditya Birla Sun Life Silver ETF FOF-Direct Growth,14.2718
2025-01-07,149781,Aditya Birla Sun Life Silver ETF FOF-Direct IDCW,14.2687
2025-01-07,149783,Aditya Birla Sun Life Silver ETF FOF-Regular Growth,14.0647
2025-01-07,149784,Aditya Birla Sun Life Silver ETF FOF-Regular IDCW,14.0628
2025-01-07,149786,Mirae Asset Nifty India Manufacturing ETF,140.0769
2025-01-07,149787,Mirae Asset Nifty India Manufacturing ETF FOF - Direct Plan- IDCW,17.568
2025-01-07,149788,Mirae Asset Nifty India Manufacturing ETF FOF - Regular Plan - Growth,17.363
2025-01-07,149789,Mirae Asset Nifty India Manufacturing ETF FOF - Regular Plan - IDCW,17.428
2025-01-07,149790,Mirae Asset Nifty India Manufacturing ETF FOF - Direct Plan - Growth,17.568
2025-01-07,149791,Aditya Birla Sun Life Nifty SDL Apr 2027 Index Fund-Regular-IDCW Payout,11.8193
2025-01-07,149792,Aditya Birla Sun Life Nifty SDL Apr 2027 Index Fund-Regular Growth,11.8193
2025-01-07,149793,Aditya Birla Sun Life Nifty SDL Apr 2027 Index Fund-Direct IDCW Payout,11.9271
2025-01-07,149794,Aditya Birla Sun Life Nifty SDL Apr 2027 Index Fund-Direct Growth,11.9273
2025-01-07,149795,TRUST MF OVERNIGHT FUND-REGULAR-GROWTH,1189.8956
2025-01-07,149796,TRUST MF OVERNIGHT FUND-DIRECT PLAN-DAILY IDCW REINVESTMENT,1181.7989
2025-01-07,149797,TRUST MF OVERNIGHT FUND-DIRECT PLAN-GROWTH,1191.6469
2025-01-07,149798,TRUST MF OVERNIGHT FUND-REGULAR PLAN-DAILY IDCW REINVESTMENT,1180.1081
2025-01-07,149799,Motilal Oswal Nifty 200 Momentum 30 Index Fund-Regular Plan,15.9058
2025-01-07,149800,Motilal Oswal Nifty 200 Momentum 30 Index Fund-Direct Plan,16.2193
2025-01-07,149801,Motilal Oswal Nifty 200 Momentum 30 ETF,65.7422
2025-01-07,149802,UTI BSE Sensex Index Fund - Regular Plan  -Growth Option,13.8662
2025-01-07,149803,UTI BSE Sensex Index Fund - Direct Plan - Growth Option,13.9061
2025-01-07,149804,Navi Nifty Bank Index Fund- Direct Plan- Growth,13.1218
2025-01-07,149805,Navi Nifty Bank Index Fund- Regular Plan- Growth,12.8509
2025-01-07,149814,DSP Global Innovation Overseas Equity Omni FoF - Regular - IDCW,14.8237
2025-01-07,149815,DSP Global Innovation Overseas Equity Omni FoF - Direct - IDCW,15.2227
2025-01-07,149816,DSP Global Innovation Overseas Equity Omni FoF - Direct - Growth,15.2227
2025-01-07,149817,DSP Global Innovation Overseas Equity Omni FoF - Regular - Growth,14.8237
2025-01-07,149822,SBI Fixed Maturity Plan (FMP) - Series 59 (1618 Days) - Direct Plan - Growth,11.8561
2025-01-07,149823,SBI Fixed Maturity Plan (FMP) - Series 59 (1618 Days) - Direct Plan - Income Distribution cum Capital Withdrawal Option (IDCW),11.855
2025-01-07,149824,SBI Fixed Maturity Plan (FMP) - Series 59 (1618 Days) - Regular Plan - Income Distribution cum Capital Withdrawal Option (IDCW),11.8129
2025-01-07,149825,SBI Fixed Maturity Plan (FMP) - Series 59 (1618 Days) - Regular Plan - Growth,11.8129
2025-01-07,149826,JM Overnight Fund - (Direct) - Unclaimed Redemption I.E.F. - Growth Plan,1073.9936
2025-01-07,149827,JM Overnight Fund - (Direct) - Unclaimed IDCW I.E.F. - Growth Plan,1073.9936
2025-01-07,149828,JM Overnight Fund - (Direct) - Unclaimed IDCW - Growth Plan,1284.8426
2025-01-07,149829,JM Overnight Fund - (Direct) - Unclaimed Redemption - Growth Plan,1277.6881
2025-01-07,149830,Navi Total Stock Market US Specific Equity Passive FoF- Direct Plan- Growth,15.7591
2025-01-07,149831,Navi Total Stock Market US Specific Equity Passive FoF- Regular Plan- Growth,15.7438
2025-01-07,149832,BANDHAN NIFTY 100 INDEX FUND - DIRECT PLAN - GROWTH,14.4516
2025-01-07,149833,BANDHAN NIFTY 100 INDEX FUND - REGULAR PLAN - GROWTH,14.2503
2025-01-07,149834,BANDHAN NIFTY 100 INDEX FUND - REGULAR PLAN - IDCW,14.2525
2025-01-07,149835,BANDHAN NIFTY 100 INDEX FUND - DIRECT PLAN - IDCW,14.4494
2025-01-07,149836,Aditya Birla Sun Life Nifty Next 50 Index Fund-Regular IDCW,16.2075
2025-01-07,149837,Aditya Birla Sun Life Nifty Next 50 Index Fund-Regular Growth,16.1936
2025-01-07,149838,Aditya Birla Sun Life Nifty Next 50 Index Fund-Direct Growth,16.5088
2025-01-07,149839,Aditya Birla Sun Life Nifty Next 50 Index Fund-Direct IDCW,16.4986
2025-01-07,149840,Kotak Manufacture in India Fund - Regular Plan Growth,18.32
2025-01-07,149841,Kotak Manufacture in India Fund - Direct Plan Growth,19.196
2025-01-07,149842,Kotak Manufacture in India Fund - Direct Plan IDCW Option,19.196
2025-01-07,149843,Kotak Manufacture in India Fund - Regular Plan IDCW Option,18.32
2025-01-07,149844,Axis Multi Factor Passive FoF - Regular Plan - Growth Option,14.8963
2025-01-07,149845,Axis Multi Factor Passive FoF - Regular Plan - IDCW,14.8963
2025-01-07,149846,Axis Multi Factor Passive FoF - Direct Plan - IDCW,14.9794
2025-01-07,149847,Axis Multi Factor Passive FoF - Direct Plan - Growth Option,14.9797
2025-01-07,149852,Kotak Nifty SDL Apr  2027 Top 12 Equal Weight Index Fund-Regular Plan- Growth,11.7661
2025-01-07,149853,Kotak Nifty SDL Apr  2027 Top 12 Equal Weight Index Fund-Regular Plan-IDCW Option,11.7663
2025-01-07,149854,Kotak Nifty SDL Apr 2027 Top 12 Equal Weight Index Fund-Direct Plan-IDCW Option,11.8188
2025-01-07,149855,Kotak Nifty SDL Apr  2027 Top 12 Equal Weight Index Fund-Direct Plan-Growth,11.8192
2025-01-07,149858,ICICI Prudential Nifty Bank Index Fund - Direct Plan Growth,14.3488
2025-01-07,149859,ICICI Prudential Nifty Bank Index Fund - Growth,14.0711
2025-01-07,149860,ICICI Prudential Nifty Bank Index Fund - IDCW,14.071
2025-01-07,149861,ICICI Prudential Nifty Bank Index Fund - Direct Plan IDCW,14.3487
2025-01-07,149862,Kotak Nifty SDL Apr 2032 Top 12 Equal Weight Index Fund-Regular Plan-Growth,12.1579
2025-01-07,149864,Kotak Nifty SDL Apr 2032 Top 12 Equal Weight Index Fund-Direct Plan-IDCW Option,12.2179
2025-01-07,149865,Kotak Nifty SDL Apr 2032 Top 12 Equal Weight Index Fund-Direct Plan- Growth,12.219
2025-01-07,149866,Kotak Nifty SDL Apr 2032 Top 12 Equal Weight Index Fund-Regular Plan-IDCW Option,12.1616
2025-01-07,149868,HDFC NIFTY 100 Index Fund - Direct Plan - Growth Option,14.4063
2025-01-07,149869,HDFC NIFTY 100 Index Fund - Growth Option,14.1934
2025-01-07,149870,HDFC Nifty 100 Equal Weight Index Fund - Direct Plan - Growth Option,15.7722
2025-01-07,149871,HDFC Nifty 100 Equal Weight Index Fund - Growth Option,15.5536
2025-01-07,149872,Axis CRISIL IBX SDL May 2027 Index Fund - Regular Plan - Growth,11.7527
2025-01-07,149873,Axis CRISIL IBX SDL May 2027 Index Fund - Direct Plan - Growth,11.8016
2025-01-07,149874,Axis CRISIL IBX SDL May 2027 Index Fund - Direct Plan - IDCW,11.8012
2025-01-07,149875,Axis CRISIL IBX SDL May 2027 Index Fund - Regular Plan - IDCW,11.7527
2025-01-07,149876,SBI Fixed Maturity Plan (FMP) - Series 60 (1878 Days) - Regular Plan - Growth,11.8276
2025-01-07,149877,SBI Fixed Maturity Plan (FMP) - Series 60 (1878 Days) - Regular Plan - Income Distribution cum Capital Withdrawal Option (IDCW),11.8277
2025-01-07,149878,SBI Fixed Maturity Plan (FMP) - Series 60 (1878 Days) - Direct Plan - Growth,11.8717
2025-01-07,149879,SBI Fixed Maturity Plan (FMP) - Series 60 (1878 Days) - Direct Plan - Income Distribution cum Capital Withdrwal Option (IDCW),11.8719
2025-01-07,149880,UTI BSE Low Volatility Index Fund - Regular Plan - Growth Option,16.0158
2025-01-07,149881,UTI BSE Low Volatility Index Fund - Direct Plan  - Growth Option,16.2292
2025-01-07,149882,SBI Multicap Fund- Direct Plan- Growth option,16.9735
2025-01-07,149883,SBI Multicap Fund- Regular Plan- Income Distribution cum Capital Withdrawal Option (IDCW),16.5229
2025-01-07,149886,SBI Multicap Fund- Regular Plan- Growth Option,16.5202
2025-01-07,149887,SBI Multicap Fund- Direct Plan - Income Distribution cum Capital Withdrawal Option (IDCW),16.9735
2025-01-07,149892,Navi Nifty Midcap 150 Index Fund Direct Plan- Growth,19.9042
2025-01-07,149893,Navi Nifty Midcap 150 Index Fund Regular Plan- Growth,19.4092
2025-01-07,149894,Axis Nifty Smallcap 50 Index Fund - Direct Plan - Growth Option,18.7998
2025-01-07,149895,Axis Nifty Smallcap 50 Index Fund - Direct Plan - IDCW,18.7998
2025-01-07,149896,Axis Nifty Smallcap 50 Index Fund - Regular Plan - Growth Option,18.4177
2025-01-07,149897,Axis Nifty Smallcap 50 Index Fund - Regular Plan - IDCW,18.4177
2025-01-07,149910,Navi NASDAQ100 US Specific Equity Passive FOF- Direct- Growth,16.1822
2025-01-07,149911,Navi NASDAQ100 US Specific Equity Passive FOF- Regular- Growth,16.0941
2025-01-07,149914,Nippon India Fixed Maturity Plan-XLIII-Series 5- Direct Plan-Payout of IDCW,12.1042
2025-01-07,149915,Nippon India Fixed Maturity Plan-XLIII-Series 5- Regular Plan-Growth Option,12.0353
2025-01-07,149916,Nippon India Fixed Maturity Plan-XLIII-Series 5- Regular Plan-Payout of IDCW,12.0353
2025-01-07,149917,Nippon India Fixed Maturity Plan-XLIII-Series 5- Direct Plan-Growth Option,12.1042
2025-01-07,149918,Mirae Asset Nifty Midcap 150 ETF,21.3297
2025-01-07,149919,Motilal Oswal BSE Low Volatility Index Fund-Direct plan,16.1213
2025-01-07,149920,Motilal Oswal BSE Low Volatility Index Fund-Regular plan,15.8448
2025-01-07,149921,Motilal Oswal BSE Low Volatility ETF,36.4209
2025-01-07,149922,HDFC FMP 1861D March 2022 - Growth Option,11.862
2025-01-07,149923,HDFC FMP 1861D March 2022 - Quarterly Dividend Option - Direct Plan,10.0362
2025-01-07,149924,HDFC FMP 1861D March 2022 - Growth Option - Direct Plan,11.9186
2025-01-07,149925,HDFC FMP 1861D March 2022 - IDCW Option,11.862
2025-01-07,149926,HDFC FMP 1861D March 2022 - IDCW Option - Direct Plan,11.9186
2025-01-07,149927,HDFC FMP 1861D March 2022 - Quarterly Dividend Option,10.0354
2025-01-07,149928,ICICI Prudential Nifty 5 yr Benchmark G-SEC ETF,59.0243
2025-01-07,149929,HDFC FMP 1162D March 2022 - Growth Option,11.718
2025-01-07,149930,HDFC FMP 1162D March 2022 - IDCW Option,11.718
2025-01-07,149931,HDFC FMP 1162D March 2022 - IDCW Option - Direct Plan,11.7678
2025-01-07,149932,HDFC FMP 1162D March 2022 - Quarterly Dividend Option,10.0327
2025-01-07,149933,HDFC FMP 1162D March 2022 - Quarterly Dividend Option - Direct Plan,10.0335
2025-01-07,149934,HDFC FMP 1162D March 2022 - Growth Option - Direct Plan,11.7678
2025-01-07,149935,Axis Nifty Midcap 50 Index Fund - Direct Plan - IDCW Option,19.2166
2025-01-07,149936,Axis Nifty Midcap 50 Index Fund - Direct Plan - Growth Option,19.2172
2025-01-07,149937,Axis Nifty Midcap 50 Index Fund - Regular Plan - IDCW Option,18.8301
2025-01-07,149938,Axis Nifty Midcap 50 Index Fund - Regular Plan - Growth Option,18.8301
2025-01-07,149945,Edelweiss CRISIL PSU Plus SDL 50:50 Oct 2025 Index Fund - Direct Plan - IDCW Payout,11.7434
2025-01-07,149947,Edelweiss CRISIL PSU Plus SDL 50:50 Oct 2025 Index Fund - Regular Plan - IDCW Payout,11.6797
2025-01-07,149949,Edelweiss CRISIL PSU Plus SDL 50:50 Oct 2025 Index Fund - Regular Plan Growth,11.6793
2025-01-07,149950,Edelweiss CRISIL PSU Plus SDL 50:50 Oct 2025 Index Fund - Direct Plan Growth,11.7429
2025-01-07,149959,Tata Nifty India Digital Exchange Traded Fund,98.7445
2025-01-07,149960,Invesco India - Invesco EQQQ Nasdaq-100 ETF Fund of Fund - Regular Plan - Growth,17.0258
2025-01-07,149961,Invesco India - Invesco EQQQ Nasdaq-100 ETF Fund of Fund - Direct Plan - Growth,17.1386
2025-01-07,149962,HSBC CRISIL IBX 50:50 Gilt Plus SDL Apr 2028 Index Fund - Direct - Payout of IDCW,11.9473
2025-01-07,149963,HSBC CRISIL IBX 50:50 Gilt Plus SDL Apr 2028 Index Fund - Regular - Growth,11.8808
2025-01-07,149964,HSBC CRISIL IBX 50:50 Gilt Plus SDL Apr 2028 Index Fund - Regular - payout of IDCW,11.8807
2025-01-07,149966,HSBC CRISIL IBX 50:50 Gilt Plus SDL Apr 2028 Index Fund - Direct - Growth,11.9473
2025-01-07,149968,DSP Nifty SDL Plus G-Sec Jun 2028 30:70 Index Fund - Regular - Growth,11.8956
2025-01-07,149969,DSP Nifty SDL Plus G-Sec Jun 2028 30:70 Index Fund - Regular - IDCW,11.8956
2025-01-07,149970,DSP Nifty SDL Plus G-Sec Jun 2028 30:70 Index Fund - Direct - Growth,11.9468
2025-01-07,149971,DSP Nifty SDL Plus G-Sec Jun 2028 30:70 Index Fund - Direct - IDCW,11.9468
2025-01-07,149988,Baroda BNP Paribas Overnight Fund - Plan C - Unclaimed IDCW - Greater than 3 years,1000.0
2025-01-07,149989,Baroda BNP Paribas Overnight Fund - Plan C - Unclaimed Redemption - Up to 3 years,1185.833
2025-01-07,149990,Baroda BNP Paribas Overnight Fund - Plan C - Unclaimed Redemption - Greater than 3 years,1000.0
2025-01-07,149991,Baroda BNP Paribas Overnight Fund - Plan C - Unclaimed IDCW - Up to 3 years,1185.8322
2025-01-07,149992,SBI Fixed Maturity Plan (FMP)- Series 61 (1927 Days)- Regular Plan- Income Distribution Cum Capital withdrawal option,11.8626
2025-01-07,149993,SBI Fixed Maturity Plan (FMP)- Series 61 (1927 Days)- Direct Plan- Growth option,11.9051
2025-01-07,149994,SBI Fixed Maturity Plan (FMP)- Series 61 (1927 Days)- Regular Plan- Growth option,11.8627
2025-01-07,149995,SBI Fixed Maturity Plan (FMP)- Series 61 (1927 Days)- Direct Plan- Income Distribution Cum Capital withdrawal option,11.9052
2025-01-07,149996,ICICI Prudential Nifty SDL Sep 2027 Index Fund - Annual IDCW,11.7828
2025-01-07,149997,ICICI Prudential Nifty SDL Sep 2027 Index Fund - Direct Plan - Annual IDCW,11.8344
2025-01-07,149998,ICICI Prudential Nifty SDL Sep 2027 Index Fund - Growth,11.7828
2025-01-07,149999,ICICI Prudential Nifty SDL Sep 2027 Index Fund - Direct Plan - Growth,11.8344
2025-01-07,150000,Kotak Nifty 100 Low Volatility 30 ETF,19.9725
2025-01-07,150001,HDFC FMP 1876D March 2022 - Growth Option,11.8273
2025-01-07,150002,HDFC FMP 1876D March 2022 - Growth Option - Direct Plan,11.8769
2025-01-07,150003,HDFC FMP 1876D March 2022 - IDCW Option - Direct Plan,11.8769
2025-01-07,150004,HDFC FMP 1876D March 2022 - IDCW Option,11.8273
2025-01-07,150005,HDFC FMP 1876D March 2022 - Quarterly Dividend Option,10.0353
2025-01-07,150006,HDFC FMP 1876D March 2022 - Quarterly Dividend Option - Direct Plan,10.0361
2025-01-07,150008,Nippon India Nifty AAA CPSE Bond Plus SDL - Apr 2027 Maturity 60:40 Index Fund - Direct Plan - IDCW Option,11.4111
2025-01-07,150009,Nippon India Nifty AAA CPSE Bond Plus SDL - Apr 2027 Maturity 60:40 Index Fund - Regular Plan - IDCW Option,11.3766
2025-01-07,150011,Nippon India Nifty AAA CPSE Bond Plus SDL - Apr 2027 Maturity 60:40 Index Fund - Regular Plan - Growth Option,11.6648
2025-01-07,150012,Nippon India Nifty AAA CPSE Bond Plus SDL - Apr 2027 Maturity 60:40 Index Fund - Direct Plan - Growth Option,11.7235
2025-01-07,150156,BARODA BNP PARIBAS ELSS Tax Saver Fund - Regular - Growth Option,94.8832
2025-01-07,150157,BARODA BNP PARIBAS ELSS Tax Saver Fund- Regular - IDCW Option,24.9924
2025-01-07,150158,BARODA BNP PARIBAS ELSS Tax Saver Fund - Direct Plan - IDCW Option,31.5135
2025-01-07,150159,BARODA BNP PARIBAS ELSS Tax Saver Fund - Direct Plan - Growth Option,106.2621
2025-01-07,150160,BARODA BNP PARIBAS LOW DURATION Fund-Defunct Plan-Growth Option,38.7045
2025-01-07,150161,BARODA BNP PARIBAS LOW DURATION Fund-Defunct Plan-Weekly IDCW Option,10.0102
2025-01-07,150162,BARODA BNP PARIBAS LOW DURATION Fund-Defunct Plan-Monthly IDCW Option,10.5296
2025-01-07,150163,BARODA BNP PARIBAS LOW DURATION Fund-Defunct Plan- Daily IDCW Option,10.0499
2025-01-07,150164,BARODA BNP PARIBAS LOW DURATION FUND - Regular Plan - DAILY IDCW OPTION,10.0604
2025-01-07,150165,BARODA BNP PARIBAS LOW DURATION FUND - Regular Plan - GROWTH OPTION,38.6375
2025-01-07,150166,BARODA BNP PARIBAS LOW DURATION FUND - Regular Plan - WEEKLY IDCW OPTION,10.0102
2025-01-07,150167,BARODA BNP PARIBAS LOW DURATION FUND - Regular Plan - MONTHLY IDCW OPTION,10.3212
2025-01-07,150168,BARODA BNP PARIBAS LOW DURATION Fund - Direct Plan - Daily IDCW Option,10.092
2025-01-07,150169,BARODA BNP PARIBAS LOW DURATION Fund - Direct Plan - Growth Option,42.1553
2025-01-07,150170,BARODA BNP PARIBAS LOW DURATION Fund - Direct Plan - Monthly IDCW Option,10.3383
2025-01-07,150171,BARODA BNP PARIBAS LOW DURATION Fund - Direct Plan - Weekly IDCW Option,10.0102
2025-01-07,150172,Baroda BNP Paribas Dynamic Bond Fund-Defunct Plan - Growth Option,31.0263
2025-01-07,150173,Baroda BNP Paribas Dynamic Bond Fund - Regular Plan - Growth Option,44.058
2025-01-07,150174,Baroda BNP Paribas Dynamic Bond Fund - Regular Plan - Daily IDCW Option,10.1148
2025-01-07,150175,Baroda BNP Paribas Dynamic Bond Fund - Regular Plan - Weekly IDCW Option,10.0808
2025-01-07,150176,Baroda BNP Paribas Dynamic Bond Fund - Regular Plan - Monthly IDCW Option,10.3649
2025-01-07,150177,Baroda BNP Paribas Dynamic Bond Fund - Regular Plan - Quarterly IDCW Option,10.3209
2025-01-07,150178,Baroda BNP Paribas Dynamic Bond Fund - Regular Plan - Half Yearly IDCW Option,10.377
2025-01-07,150179,Baroda BNP Paribas Dynamic Bond Fund - Direct Plan - Daily IDCW Option,10.1148
2025-01-07,150180,Baroda BNP Paribas Dynamic Bond Fund - Direct Plan - Growth Option,48.8488
2025-01-07,150182,Baroda BNP Paribas Dynamic Bond Fund - Direct Plan - Monthly IDCW Option,10.7477
2025-01-07,150183,Baroda BNP Paribas Dynamic Bond Fund - Direct Plan - Quarterly IDCW Option,10.6924
2025-01-07,150184,Baroda BNP Paribas Dynamic Bond Fund - Direct Plan - Weekly IDCW Option,10.0808
2025-01-07,150185,BARODA BNP PARIBAS LARGE CAP Fund- Regular Plan - Growth Option,216.0564
2025-01-07,150186,BARODA BNP PARIBAS LARGE CAP Fund - Regular Plan - IDCW Option,25.2487
2025-01-07,150187,BARODA BNP PARIBAS LARGE CAP Fund - Direct Plan - Growth Option,247.6658
2025-01-07,150188,BARODA BNP PARIBAS LARGE CAP Fund - Direct Plan - IDCW Option,30.1488
2025-01-07,150203,BARODA BNP PARIBAS Conservative Hybrid Fund-Regular Plan-Growth Option,43.4274
2025-01-07,150204,BARODA BNP PARIBAS Conservative hybrid Fund-Regular Plan-Monthly IDCW Option,11.1812
2025-01-07,150205,BARODA BNP PARIBAS Conservative Hybrid Fund-Regular Plan-Quarterly IDCW Option,11.3374
2025-01-07,150206,BARODA BNP PARIBAS Conservative Hybrid Fund - Direct Plan - Growth Option,52.5323
2025-01-07,150207,BARODA BNP PARIBAS Conservative Hybrid Fund - Direct Plan - Monthly IDCW Option,13.4608
2025-01-07,150208,BARODA BNP PARIBAS Conservative Hybrid Fund - Direct Plan - Quarterly IDCW Option,13.0481
2025-01-07,150209,BARODA BNP PARIBAS Mid Cap Fund - Regular Plan - Growth Option,101.6666
2025-01-07,150210,BARODA BNP PARIBAS Mid Cap Fund - Regular Plan - IDCW Option,63.4067
2025-01-07,150211,BARODA BNP PARIBAS Mid Cap Fund - Direct Plan - IDCW Option,79.5427
2025-01-07,150212,BARODA BNP PARIBAS Mid Cap Fund - Direct Plan - Growth Option,120.1002
2025-01-07,150228,BARODA BNP PARIBAS Corporate Bond Fund - Defunct Plan - Quarterly-IDCW Option,10.2803
2025-01-07,150229,BARODA BNP PARIBAS Corporate Bond Fund - Defunct Plan - Growth Option,30.3517
2025-01-07,150230,BARODA BNP PARIBAS Corporate Bond Fund - Defunct Plan - Annual-IDCW Option,10.9255
2025-01-07,150231,BARODA BNP PARIBAS Corporate Bond Fund - Defunct Plan - Monthly-IDCW Option,10.2806
2025-01-07,150232,BARODA BNP PARIBAS CORPORATE BOND FUND - Regular Plan - QUARTERLY IDCW OPTION,10.2993
2025-01-07,150233,BARODA BNP PARIBAS CORPORATE BOND FUND - Regular Plan - ANNUAL IDCW OPTION,10.8548
2025-01-07,150234,BARODA BNP PARIBAS CORPORATE BOND FUND - Regular Plan - MONTHLY IDCW OPTION,10.3183
2025-01-07,150235,BARODA BNP PARIBAS CORPORATE BOND FUND - Regular Plan - GROWTH OPTION,26.2254
2025-01-07,150236,BARODA BNP PARIBAS Corporate Bond Fund - Direct Plan - Annual IDCW Option,11.1598
2025-01-07,150237,BARODA BNP PARIBAS Corporate Bond Fund - Direct Plan - Growth Option,27.8415
2025-01-07,150238,BARODA BNP PARIBAS Corporate Bond Fund - Direct Plan - Monthly IDCW Option,10.4421
2025-01-07,150239,BARODA BNP PARIBAS Corporate Bond Fund - Direct Plan - Quarterly IDCW Option,10.4893
2025-01-07,150250,BARODA BNP PARIBAS ARBITRAGE FUND- REGULAR PLAN- GROWTH OPTION,15.5838
2025-01-07,150251,BARODA BNP PARIBAS ARBITRAGE FUND-DIRECT PLAN-GROWTH OPTION,16.3979
2025-01-07,150252,BARODA BNP PARIBAS ARBITRAGE FUND -DIRECT PLAN - ADHOC IDCW OPTION,12.0153
2025-01-07,150253,BARODA BNP PARIBAS ARBITRAGE FUND-REGULAR PLAN- ADHOC IDCW OPTION,11.6585
2025-01-07,150254,BARODA BNP PARIBAS ARBITRAGE FUND REGULAR PLAN MONTHLY IDCW Option,10.4002
2025-01-07,150255,BARODA BNP PARIBAS ARBITRAGE FUND DIRECT PLAN MONTHLY IDCW Option,10.8711
2025-01-07,150256,BARODA BNP PARIBAS ARBITRAGE FUND DIRECT PLAN QUARTERLY IDCW Option,10.8877
2025-01-07,150257,BARODA BNP PARIBAS ARBITRAGE FUND REGULAR PLAN QUARTERLY IDCW Option,10.3945
2025-01-07,150258,Baroda BNP Paribas Aggressive Hybrid Fund- REGULAT PLAN -GROWTH OPTION,27.3943
2025-01-07,150259,Baroda BNP Paribas Aggressive Hybrid Fund -DIRECT PLAN- IDCW OPTION,19.6947
2025-01-07,150260,Baroda BNP Paribas Aggressive Hybrid Fund- DIRECT PLAN - GROWTH OPTION,31.0562
2025-01-07,150261,Baroda BNP Paribas Aggressive Hybrid Fund- REGULAR PLAN- IDCW OPTION,17.3989
2025-01-07,150262,BARODA BNP PARIBAS Focused Fund - Regular Plan - IDCW Option,17.0588
2025-01-07,150263,BARODA BNP PARIBAS Focused Fund - Regular Plan-Growth Option,21.5878
2025-01-07,150264,BARODA BNP PARIBAS Focused Fund - Direct Plan - Growth Option,24.2154
2025-01-07,150265,BARODA BNP PARIBAS Focused Fund - Direct Plan - IDCW Option,19.093
2025-01-07,150266,BARODA BNP PARIBAS India Consumption Fund - Direct Plan - Growth Option,35.061
2025-01-07,150267,BARODA BNP PARIBAS India Consumption Fund - Regular Plan - IDCW Option,23.5799
2025-01-07,150268,BARODA BNP PARIBAS India Consumption Fund - Regular Plan - Growth Option,31.8958
2025-01-07,150269,BARODA BNP PARIBAS India Consumption Fund - Direct Plan - IDCW Option,26.7461
2025-01-07,150284,Baroda BNP Paribas Aqua Fund of Fund - Regular Plan Growth,11.7882
2025-01-07,150285,Baroda BNP Paribas Aqua Fund of Fund - Direct Plan - Growth Option,12.2641
2025-01-07,150286,Baroda BNP Paribas Aqua Fund of Fund - Regular Plan - IDCW Option,11.7882
2025-01-07,150287,Baroda BNP Paribas Aqua Fund of Fund - Direct Plan - IDCW Option,12.2641
2025-01-07,150308,ICICI PRUDENTIAL HOUSING OPPORTUNITIES FUND - Growth,16.29
2025-01-07,150309,ICICI PRUDENTIAL HOUSING OPPORTUNITIES FUND - IDCW,16.29
2025-01-07,150310,ICICI PRUDENTIAL HOUSING OPPORTUNITIES FUND - Direct Plan Growth,16.9
2025-01-07,150311,ICICI PRUDENTIAL HOUSING OPPORTUNITIES FUND - Direct Plan IDCW,16.91
2025-01-07,150312,UTI Nifty Midcap 150 Quality 50 Index Fund - Regular Plan - Growth Option,14.1142
2025-01-07,150313,UTI Nifty Midcap 150 Quality 50 Index Fund - Direct Plan - Growth Option,14.2937
2025-01-07,150314,Aditya Birla Sun Life Fixed Term Plan - Series TQ (1879 days) - Regular Plan - Growth Option,11.8438
2025-01-07,150315,Aditya Birla Sun Life Fixed Term Plan - Series TQ (1879 days) - Regular Plan - Payout of IDCW option,11.8433
2025-01-07,150316,Aditya Birla Sun Life Fixed Term Plan - Series TQ (1879 days) - Direct Plan - Growth Option,11.8658
2025-01-07,150326,Tata Nifty SDL Plus AAA PSU Bond Dec 6040 Index Fund- Direct Plan-Growth,11.9382
2025-01-07,150327,Tata Nifty SDL Plus AAA PSU Bond Dec 6040 Index Fund-Direct Plan-IDCW Payout,11.9382
2025-01-07,150328,Tata Nifty SDL Plus AAA PSU Bond Dec 6040 Index Fund-Direct Plan- IDCW Reinvestment,11.9382
2025-01-07,150329,Tata Nifty SDL Plus AAA PSU Bond Dec 6040 Index Fund-Regular Plan- IDCW Reinvestment,11.8448
2025-01-07,150330,Tata Nifty SDL Plus AAA PSU Bond Dec 6040 Index Fund-Regular Plan -Growth,11.8448
2025-01-07,150331,Tata Nifty SDL Plus AAA PSU Bond Dec 6040 Index Fund -Regular Plan-IDCW Payout,11.8448
2025-01-07,150340,Tata Nifty India Digital ETF Fund of Fund-Direct Plan-IDCW Payout,15.4253
2025-01-07,150341,Tata Nifty India Digital ETF Fund of Fund-Direct Plan- IDCW Reinvestment,15.4253
2025-01-07,150342,Tata Nifty India Digital ETF Fund of Fund-Regular Plan-IDCW Payout,15.2277
2025-01-07,150343,Tata Nifty India Digital ETF Fund of Fund-Regular Plan-IDCW Reinvestment,15.2277
2025-01-07,150344,Tata Nifty India Digital ETF Fund of Fund-Direct Plan-Growth,15.4253
2025-01-07,150345,Tata Nifty India Digital ETF Fund of Fund -Regular Plan-Growth,15.2277
2025-01-07,150346,WhiteOak Capital Flexi Cap Fund Direct Plan-Growth,17.611
2025-01-07,150347,WhiteOak Capital Flexi Cap Fund Regular Plan-Growth,16.964
2025-01-07,150348,WhiteOak Capital Flexi Cap Fund Regular Plan IDCW,16.964
2025-01-07,150349,WhiteOak Capital Flexi Cap Fund Direct Plan IDCW,17.611
2025-01-07,150350,Aditya Birla Sun Life Crisil IBX 60:40 SDL+AAA PSU-Apr 2027 Index Fund-Regular IDCW,11.6784
2025-01-07,150351,Aditya Birla Sun Life Crisil IBX 60:40 SDL+AAA PSU-Apr 2027 Index Fund-Regular Growth,11.6817
2025-01-07,150352,Aditya Birla Sun Life Crisil IBX 60:40 SDL+AAA PSU-Apr 2027 Index Fund-Direct IDCW,11.7478
2025-01-07,150353,Aditya Birla Sun Life Crisil IBX 60:40 SDL+AAA PSU-Apr 2027 Index Fund-Direct Growth,11.7459
2025-01-07,150354,Aditya Birla Sun Life Crisil IBX 60:40 SDL+AAA PSU-APR 2025 Index Fund-Regular Growth,11.639
2025-01-07,150355,Aditya Birla Sun Life Crisil IBX 60:40 SDL+AAA PSU-APR 2025 Index Fund-Direct IDCW,11.6866
2025-01-07,150356,Aditya Birla Sun Life Crisil IBX 60:40 SDL+AAA PSU-APR 2025 Index Fund-Regular IDCW,11.639
2025-01-07,150357,Aditya Birla Sun Life Crisil IBX 60:40 SDL+AAA PSU-APR 2025 Index Fund-Direct Growth,11.686
2025-01-07,150358,Mirae Asset Nifty SDL Jun 2027 Index Fund -Direct Plan - Growth,11.8247
2025-01-07,150359,Mirae Asset Nifty SDL Jun 2027 Index Fund - Direct Plan - IDCW,11.8252
2025-01-07,150360,Mirae Asset Nifty SDL Jun 2027 Index Fund - Regular Plan - Growth,11.7703
2025-01-07,150361,Mirae Asset Nifty SDL Jun 2027 Index Fund - Regular Plan - IDCW,11.7708
2025-01-07,150366,NJ Arbitrage Fund - Regular Plan - Growth Option,11.6684
2025-01-07,150367,NJ Arbitrage Fund - Direct Plan - Growth Option,11.8661
2025-01-07,150368,NJ Overnight Fund - Regular Plan - Growth Option,1163.0416
2025-01-07,150369,NJ Overnight Fund - Direct Plan - Growth Option,1165.9083
2025-01-07,150376,Edelweiss Focused Fund - Direct Plan - Growth,17.093
2025-01-07,150377,SBI Fixed Maturity Plan (FMP) - Series 66 (1361 Days) - Regular Plan - Growth,11.9004
2025-01-07,150378,SBI Fixed Maturity Plan (FMP) - Series 66 (1361 Days) - Direct Plan - Income Distribution cum Capital Withdrawal Option (IDCW),11.9366
2025-01-07,150379,SBI Fixed Maturity Plan (FMP) - Series 66 (1361 Days) - Direct Plan - Growth,11.9366
2025-01-07,150380,SBI Fixed Maturity Plan (FMP) - Series 66 (1361 Days) - Regular Plan - Income Distribution cum Capital Withdrawal Option (IDCW),11.9005
2025-01-07,150382,Edelweiss Focused Fund - Regular Plan - Growth,16.412
2025-01-07,150383,Edelweiss Focused Fund - Direct Plan - IDCW,17.093
2025-01-07,150384,Edelweiss Focused Fund - Regular Plan - IDCW,16.412
2025-01-07,150385,Baroda BNP Paribas Flexi Cap Fund - Regular Plan - Growth Option,15.5529
2025-01-07,150386,Baroda BNP Paribas Flexi Cap Fund - Regular Plan - IDCW Option,15.5529
2025-01-07,150387,Baroda BNP Paribas Flexi Cap Fund - Direct Plan - Growth Option,16.1143
2025-01-07,150388,Baroda BNP Paribas Flexi Cap Fund - Direct Plan - IDCW Option,16.1143
2025-01-07,150389,Quantum Nifty 50 ETF Fund of Fund - Regular Plan - Growth,13.8436
2025-01-07,150390,Quantum Nifty 50 ETF Fund of Fund - Direct Plan - Growth,13.884
2025-01-07,150391,LIC MF Money Market Fund-Direct Plan-IDCW,1162.5454
2025-01-07,150392,LIC MF Money Market Fund-Direct Plan-Growth,1162.5455
2025-01-07,150393,LIC MF Money Market Fund-Regular Plan-Growth,1150.3564
2025-01-07,150394,LIC MF Money Market Fund-Regular Plan-IDCW,1150.3564
2025-01-07,150395,HDFC FMP 1158D July 2022 - Growth Option - Direct Plan,11.8692
2025-01-07,150396,HDFC FMP 1158D July 2022 - Growth Option,11.7904
2025-01-07,150397,HDFC FMP 1158D July 2022 - Quarterly IDCW Option - Direct Plan,10.0313
2025-01-07,150398,HDFC FMP 1158D July 2022 - IDCW Option,11.7904
2025-01-07,150399,HDFC FMP 1158D July 2022 - Quarterly IDCW Option,10.0298
2025-01-07,150400,HDFC FMP 1158D July 2022 - IDCW Option - Direct Plan,11.8692
2025-01-07,150401,BANDHAN MIDCAP FUND - IDCW - DIRECT PLAN,18.504
2025-01-07,150402,BANDHAN MIDCAP FUND - GROWTH - REGULAR PLAN,17.813
2025-01-07,150403,BANDHAN MIDCAP FUND - IDCW - REGULAR PLAN,17.814
2025-01-07,150404,BANDHAN MIDCAP FUND - GROWTH - DIRECT PLAN,18.516
2025-01-07,150405,Union Gilt Fund - Regular Plan - Growth Option,11.816
2025-01-07,150406,Union Gilt Fund - Regular Plan - Annual IDCW Option,11.816
2025-01-07,150407,Union Gilt Fund - Direct Plan - Growth Option,11.9625
2025-01-07,150408,Union Gilt Fund - Direct Plan - Annual IDCW Option,11.9625
2025-01-07,150409,UTI Gilt Fund with 10 year Constant Duration - Regular Plan - Growth Option,12.0377
2025-01-07,150410,UTI Gilt Fund with 10 year Constant Duration - Direct Plan - Growth Option,12.1813
2025-01-07,150411,UTI Gilt Fund with 10 year Constant Duration - Regular Plan - Quarterly IDCW Option,12.0377
2025-01-07,150412,UTI Gilt Fund with 10 year Constant Duration - Direct Plan - Quarterly IDCW Option,12.1815
2025-01-07,150415,UTI Gilt Fund with 10 year Constant Duration - Direct Plan - Half Yearly IDCW Option,12.0571
2025-01-07,150416,UTI Gilt Fund with 10 year Constant Duration - Regular Plan - Half Yearly IDCW Option,12.0374
2025-01-07,150419,UTI Gilt Fund with 10 year Constant Duration - Regular Plan - Annual IDCW Option,11.2471
2025-01-07,150420,UTI Gilt Fund with 10 year Constant Duration - Regular Plan - Flexi IDCW Option,12.0372
2025-01-07,150423,UTI Gilt Fund with 10 year Constant Duration - Direct Plan - Annual IDCW Option,11.3873
2025-01-07,150424,UTI Gilt Fund with 10 year Constant Duration - Direct Plan - Flexi IDCW Option,12.1814
2025-01-07,150427,DSP Nifty Midcap 150 Quality 50 Index Fund - Regular - Growth,14.4638
2025-01-07,150428,DSP Nifty Midcap 150 Quality 50 Index Fund - Direct - Growth,14.7004
2025-01-07,150429,DSP Nifty Midcap 150 Quality 50 Index Fund - Direct - IDCW,14.7004
2025-01-07,150430,DSP Nifty Midcap 150 Quality 50 Index Fund - Regular - IDCW,14.4638
2025-01-07,150439,quant Large Cap Fund - IDCW Option - Direct Plan,15.3897
2025-01-07,150440,quant Large Cap Fund - Growth Option - Direct Plan,15.3888
2025-01-07,150441,quant Large Cap Fund - Growth Option - Regular Plan,14.797
2025-01-07,150442,quant Large Cap Fund - IDCW Option - Regular Plan,14.7918
2025-01-07,150443,Motilal Oswal BSE Financials ex Bank 30 Index Fund Direct Growth,15.3504
2025-01-07,150444,Motilal Oswal BSE Financials ex Bank 30 Index Fund Regular Growth,15.0856
2025-01-07,150445,Motilal Oswal BSE Healthcare ETF,45.8494
2025-01-07,150451,ICICI Prudential Nifty 200 Momentum 30 Index Fund - IDCW,17.3852
2025-01-07,150452,ICICI Prudential Nifty 200 Momentum 30 Index Fund - Direct Plan - Growth,17.6512
2025-01-07,150453,ICICI Prudential Nifty 200 Momentum 30 Index Fund - Direct Plan - IDCW,17.6485
2025-01-07,150454,ICICI Prudential Nifty 200 Momentum 30 Index Fund - Growth,17.3859
2025-01-07,150455,ICICI Prudential Nifty 200 Momentum 30 ETF,32.941
2025-01-07,150456,Union Gilt Fund - Direct Plan - Half-yearly IDCW Option,11.9625
2025-01-07,150457,Union Gilt Fund - Regular Plan - Half-yearly IDCW Option,11.816
2025-01-07,150458,SBI Fixed Maturity Plan (FMP) - Series 67 (1467 Days) - Direct Plan - IDCW Payout,11.8996
2025-01-07,150459,SBI Fixed Maturity Plan (FMP) - Series 67 (1467 Days) - Regular Plan - IDCW Payout,11.8645
2025-01-07,150460,SBI Fixed Maturity Plan (FMP) - Series 67 (1467 Days) - Direct Plan - Growth,11.8996
2025-01-07,150461,SBI Fixed Maturity Plan (FMP) - Series 67 (1467 Days) - Regular Plan - Growth,11.8641
2025-01-07,150466,ICICI Prudential Nifty IT Index Fund - Growth,14.7223
2025-01-07,150467,ICICI Prudential Nifty IT Index Fund - IDCW,14.7225
2025-01-07,150468,ICICI Prudential Nifty IT Index Fund - Direct Plan - Growth,14.9153
2025-01-07,150469,ICICI Prudential Nifty IT Index Fund - Direct Plan - IDCW,14.9225
2025-01-07,150470,Mirae Asset Balanced Advantage Fund Direct Plan- Growth,13.897
2025-01-07,150471,Mirae Asset Balanced Advantage Fund Direct Plan- IDCW,13.89
2025-01-07,150473,Mirae Asset Balanced Advantage Fund Regular Plan- Growth,13.43
2025-01-07,150474,Mirae Asset Balanced Advantage Fund Regular Plan IDCW,13.427
2025-01-07,150476,HDFC NIFTY 100 ETF - Growth Option,24.9445
2025-01-07,150477,HDFC NIFTY NEXT 50 ETF - Growth Option,67.643
2025-01-07,150478,Franklin India Balanced Advantage Fund- IDCW,13.5493
2025-01-07,150479,Franklin India Balanced Advantage Fund- IDCW- Direct,13.8201
2025-01-07,150480,Franklin India Balanced Advantage Fund- Growth,13.9959
2025-01-07,150481,Franklin India Balanced Advantage Fund- Growth- Direct,14.568
2025-01-07,150482,Aditya Birla Sun Life Long Duration Fund-Regular Growth,12.3023
2025-01-07,150483,Aditya Birla Sun Life Long Duration Fund-Regular IDCW Payout,11.434
2025-01-07,150484,Aditya Birla Sun Life Long Duration Fund-Direct Growth,12.4926
2025-01-07,150485,Aditya Birla Sun Life Long Duration Fund-Direct IDCW Payout,11.6163
2025-01-07,150487,Nippon India Nifty Alpha Low Volatility 30 Index Fund - Direct Plan - Growth Option,16.2505
2025-01-07,150488,Nippon India Nifty Alpha Low Volatility 30 Index Fund - Direct Plan - IDCW Option,16.2505
2025-01-07,150490,Nippon India Nifty Alpha Low Volatility 30 Index Fund - Regular Plan - Growth Option,16.0246
2025-01-07,150491,Nippon India Nifty Alpha Low Volatility 30 Index Fund - Regular Plan - IDCW Option,16.0246
2025-01-07,150492,Kotak Nifty India Consumption ETF,115.741
2025-01-07,150497,Aditya Birla Sun Life Nifty 200 Quality 30 ETF,21.2494
2025-01-07,150498,Aditya Birla Sun Life Nifty 200 Momentum 30 ETF,32.7881
2025-01-07,150499,HSBC Overnight Fund - Unclaimed IDCW Below three years,1168.8214
2025-01-07,150500,HSBC Overnight Fund - Unclaimed Redemption above three years,1000.0
2025-01-07,150501,HSBC Overnight Fund - Unclaimed IDCW Above three years,1000.0
2025-01-07,150502,HSBC Overnight Fund - Unclaimed Redemption Below three years,1168.8325
2025-01-07,150503,Canara Robeco Banking and PSU Debt Fund- Regular Plan- Growth Option,11.6139
2025-01-07,150504,Canara Robeco Banking and PSU Debt Fund- Regular Plan- IDCW (Payout/ Reinvestment),10.5049
2025-01-07,150505,Canara Robeco Banking and PSU Debt Fund- Direct Plan- Growth Option,11.7006
2025-01-07,150507,Canara Robeco Banking and PSU Debt Fund- Direct Plan- IDCW Payout,10.5777
2025-01-07,150511,TRUSTMF MONEY MARKET FUND-REGULAR PLAN-GROWTH,1176.7591
2025-01-07,150512,TRUSTMF MONEY MARKET FUND-REGULAR PLAN-MONTHLY IDCW,1096.4161
2025-01-07,150513,TRUSTMF MONEY MARKET FUND-DIRECT PLAN-GROWTH,1180.945
2025-01-07,150514,TRUSTMF MONEY MARKET FUND-DIRECT PLAN-MONTHLY IDCW,1100.4044
2025-01-07,150515,Navi Nifty India Manufacturing Index Fund- Direct Plan- Growth,16.7227
2025-01-07,150516,Navi Nifty India Manufacturing Index Fund- Regular Plan- Growth,16.393
2025-01-07,150517,Motilal Oswal BSE Enhanced Value ETF,95.8378
2025-01-07,150518,Motilal Oswal BSE Enhanced Value Index Fund-Direct plan,23.2886
2025-01-07,150519,Motilal Oswal BSE Enhanced Value Index Fund-Regular plan,22.9254
2025-01-07,150520,Motilal Oswal BSE Quality ETF,187.4855
2025-01-07,150521,Motilal Oswal BSE Quality Index Fund-Direct plan,16.4494
2025-01-07,150522,Motilal Oswal BSE Quality Index Fund-Regular plan,16.1816
2025-01-07,150523,DSP Silver ETF,87.497
2025-01-07,150526,ICICI Prudential Nifty Infrastructure ETF,86.5475
2025-01-07,150531,Kotak Nifty MNC ETF,28.6283
2025-01-07,150532,Tata Housing Opportunities Fund - Direct Plan - Growth,15.9091
2025-01-07,150533,Tata Housing Opportunities Fund - Direct Plan - IDCW Reinvestment,15.9091
2025-01-07,150534,Tata Housing Opportunities Fund - Direct Plan - IDCW Payout,15.9091
2025-01-07,150535,Tata Housing Opportunities Fund - Regular Plan - IDCW Payout,15.2663
2025-01-07,150536,Tata Housing Opportunities Fund - Regular Plan - IDCW Reinvestment,15.2663
2025-01-07,150537,Tata Housing Opportunities Fund - Regular Plan - Growth,15.2663
2025-01-07,150538,ICICI Prudential PSU Equity Fund - Growth,19.74
2025-01-07,150539,ICICI Prudential PSU Equity Fund - Direct Plan - Growth,20.42
2025-01-07,150540,ICICI Prudential PSU Equity Fund - IDCW,19.74
2025-01-07,150541,ICICI Prudential PSU Equity Fund - Direct Plan - IDCW,20.42
2025-01-07,150542,JM Short Duration Fund (Regular) - Growth,11.5398
2025-01-07,150543,JM Short Duration Fund (Regular) - IDCW,11.5396
2025-01-07,150544,JM Short Duration Fund (Direct) - IDCW,11.7677
2025-01-07,150545,JM Short Duration Fund (Direct) - Growth,11.7675
2025-01-07,150546,HDFC FMP 1406D August 2022 - Growth Option,11.7319
2025-01-07,150547,HDFC FMP 1406D August 2022 - Growth Option - Direct Plan,11.8039
2025-01-07,150548,HDFC FMP 1406D August 2022 - IDCW Option - Direct Plan,11.8039
2025-01-07,150549,HDFC FMP 1406D August 2022 - Quarterly IDCW Option - Direct Plan,10.0361
2025-01-07,150550,HDFC FMP 1406D August 2022 - IDCW Option,11.7319
2025-01-07,150551,HDFC FMP 1406D August 2022 - Quarterly IDCW Option,10.0346
2025-01-07,150552,Union Retirement Fund - Regular Plan - Growth Option,15.15
2025-01-07,150553,Union Retirement Fund - Regular Plan - IDCW Option,15.15
2025-01-07,150554,Union Retirement Fund - Direct Plan - Growth Option,15.67
2025-01-07,150555,Union Retirement Fund - Direct Plan - IDCW Option,15.67
2025-01-07,150556,HDFC Silver ETF - Growth Option,87.0882
2025-01-07,150558,Shriram Overnight Fund - Regular Daily IDCW,10.0
2025-01-07,150560,Shriram Overnight Fund - Regular Monthly IDCW,10.0377
2025-01-07,150561,Shriram Overnight Fund - Direct Daily IDCW,10.0
2025-01-07,150562,Shriram Overnight Fund -  Direct Growth,11.6337
2025-01-07,150565,Shriram Overnight Fund - Regular Growth,11.6077
2025-01-07,150567,Shriram Overnight Fund - Direct Monthly IDCW,10.038
2025-01-07,150568,Sundaram Flexicap Fund Regular Growth,14.243
2025-01-07,150569,Sundaram Flexicap Fund Regular Plan IDCW Payout,13.5101
2025-01-07,150570,Sundaram Flexicap Fund Regular Plan IDCW Reinvestment,13.5101
2025-01-07,150571,Sundaram Flexicap Fund Direct Growth,14.793
2025-01-07,150572,Sundaram Flexicap Fund Direct Plan IDCW Reinvestment,14.0316
2025-01-07,150573,Sundaram Flexicap Fund Direct Plan IDCW Payout,14.0316
2025-01-07,150578,Edelweiss Gold and Silver ETF FOF - Direct Plan - IDCW,15.195
2025-01-07,150579,Edelweiss Gold and Silver ETF FOF - Regular Plan - Growth,15.052
2025-01-07,150580,Edelweiss Gold and Silver ETF FOF - Regular Plan - IDCW,15.052
2025-01-07,150581,Edelweiss Gold and Silver ETF FOF - Direct Plan - Growth,15.195
2025-01-07,150582,WhiteOak Capital Mid Cap Fund Direct Plan IDCW,19.85
2025-01-07,150583,WhiteOak Capital Mid Cap Fund Regular Plan Growth,19.095
2025-01-07,150584,WhiteOak Capital Mid Cap Fund Direct Plan Growth,19.85
2025-01-07,150585,WhiteOak Capital Mid Cap Fund Regular Plan IDCW,19.095
2025-01-07,150586,WhiteOak Capital ELSS Tax Saver Fund Direct Plan IDCW,17.898
2025-01-07,150587,WhiteOak Capital ELSS Tax Saver Fund Direct Plan Growth,17.898
2025-01-07,150588,WhiteOak Capital ELSS Tax Saver Fund Regular Plan IDCW,17.218
2025-01-07,150589,WhiteOak Capital ELSS Tax Saver Fund Regular Plan Growth,17.218
2025-01-07,150590,BANDHAN NIFTY200 MOMENTUM 30 INDEX FUND - IDCW - DIRECT PLAN,16.5929
2025-01-07,150591,BANDHAN NIFTY200 MOMENTUM 30 INDEX FUND - GROWTH - DIRECT PLAN,16.6049
2025-01-07,150592,BANDHAN NIFTY200 MOMENTUM 30 INDEX FUND - GROWTH - REGULAR PLAN,16.369
2025-01-07,150593,BANDHAN NIFTY200 MOMENTUM 30 INDEX FUND - IDCW - REGULAR PLAN,16.3684
2025-01-07,150594,Mirae Asset Global Electric & Autonomous Vehicles Equity Passive FOF - Regular Plan - Growth,9.89
2025-01-07,150595,Mirae Asset Global Electric & Autonomous Vehicles Equity Passive FOF - Direct Plan - Growth,10.003
2025-01-07,150596,Mirae Asset Global X Artificial Intelligence & Technology ETF Fund of Fund - Regular Plan - Growth,19.588
2025-01-07,150597,Mirae Asset Global X Artificial Intelligence & Technology ETF Fund of Fund - Direct Plan- Growth,19.668
2025-01-07,150602,SBI Fixed Maturity Plan (FMP) - Series 64 (1169 Days) - Direct Plan - Growth,11.7068
2025-01-07,150603,SBI Fixed Maturity Plan (FMP) - Series 64 (1169 Days) - Direct Plan - IDCW Payout,11.7069
2025-01-07,150604,SBI Fixed Maturity Plan (FMP) - Series 64 (1169 Days) - Regular Plan - Growth,11.6731
2025-01-07,150605,SBI Fixed Maturity Plan (FMP) - Series 64 (1169 Days) - Regular Plan - IDCW Payout,11.6731
2025-01-07,150610,Axis Silver ETF,90.369
2025-01-07,150615,Axis Silver Fund of Fund- Direct Plan-Growth Option,15.7541
2025-01-07,150616,Axis Silver Fund of Fund- Direct Plan - IDCW Option,15.7541
2025-01-07,150617,Axis Silver Fund of Fund -Regular Plan- Growth Option,15.5759
2025-01-07,150618,Axis Silver Fund of Fund - Regular Plan - IDCW Option,15.5759
2025-01-07,150619,HDFC NIFTY 50 VALUE 20 ETF - Growth Option,138.6417
2025-01-07,150620,HDFC NIFTY100 QUALITY 30 ETF - Growth Option,56.5452
2025-01-07,150621,HDFC NIFTY GROWTH SECTORS 15 ETF - Growth Option,122.9568
2025-01-07,150622,Kotak Business Cycle Fund-Regular Plan-IDCW option,15.949
2025-01-07,150624,Kotak Business Cycle - Direct Plan - Growth,16.543
2025-01-07,150625,Kotak Business Cycle Fund-Direct Plan-IDCW option,16.542
2025-01-07,150626,Kotak Business Cycle Fund-Regular Plan--Growth,15.949
2025-01-07,150627,Nippon India Fixed Maturity Plan-XLIV-Series 1-Direct Plan-Growth Option,11.9531
2025-01-07,150628,Nippon India Fixed Maturity Plan-XLIV-Series 1-Direct Plan-Payout of IDCW,11.9531
2025-01-07,150629,Nippon India Fixed Maturity Plan-XLIV-Series 1-Regular Plan-Growth Option,11.8983
2025-01-07,150630,Nippon India Fixed Maturity Plan-XLIV-Series 1-Regular Plan-Payout of IDCW,11.8983
2025-01-07,150631,Samco Overnight Fund - Direct Plan - Growth Option,1153.2847
2025-01-07,150632,Samco Overnight Fund - Regular Plan - Growth Option,1147.4813
2025-01-07,150633,BANDHAN NIFTY100 LOW VOLATILITY 30 INDEX FUND - GROWTH - REGULAR PLAN,14.8207
2025-01-07,150634,BANDHAN NIFTY100 LOW VOLATILITY 30 INDEX FUND - IDCW - DIRECT PLAN,15.0159
2025-01-07,150635,BANDHAN NIFTY100 LOW VOLATILITY 30 INDEX FUND - IDCW - REGULAR PLAN,14.8203
2025-01-07,150636,BANDHAN NIFTY100 LOW VOLATILITY 30 INDEX FUND - GROWTH - DIRECT PLAN,15.0712
2025-01-07,150637,ICICI Prudential Nifty50 Equal Weight Index Fund- Growth,15.0879
2025-01-07,150638,ICICI Prudential Nifty50 Equal Weight Index Fund- IDCW,15.0878
2025-01-07,150639,ICICI Prudential Nifty50 Equal Weight Index Fund- Direct Plan - Growth,15.2978
2025-01-07,150640,ICICI Prudential Nifty50 Equal Weight Index Fund- Direct Plan - IDCW,15.2976
2025-01-07,150641,Motilal Oswal Gold and Silver Passive Fund of Funds(Regular Plan),14.7544
2025-01-07,150642,Motilal Oswal Gold and Silver Passive Fund of Funds(Direct Plan),14.8747
2025-01-07,150643,ICICI Prudential Nifty Auto Index Fund - Direct Plan - Growth,18.7639
2025-01-07,150644,ICICI Prudential Nifty Auto Index Fund - Direct Plan - IDCW,18.7638
2025-01-07,150645,ICICI Prudential Nifty Auto Index Fund - Growth,18.5388
2025-01-07,150646,ICICI Prudential Nifty Auto Index Fund - IDCW,18.5394
2025-01-07,150647,SBI Fixed Maturity Plan (FMP) - Series 68 (1302 Days) - Regular Plan - Growth,11.7491
2025-01-07,150648,SBI Fixed Maturity Plan (FMP) - Series 68 (1302 Days) - Regular Plan - IDCW Payout,11.7491
2025-01-07,150649,SBI Fixed Maturity Plan (FMP) - Series 68 (1302 Days) - Direct Plan - Growth,11.7826
2025-01-07,150650,SBI Fixed Maturity Plan (FMP) - Series 68 (1302 Days) - Direct Plan - IDCW Payout,11.7862
2025-01-07,150651,HDFC FMP 1359D September - Growth Option,11.7684
2025-01-07,150652,HDFC FMP 1359D September - IDCW Option,11.7684
2025-01-07,150653,HDFC FMP 1359D September - IDCW Option - Direct Plan,11.8358
2025-01-07,150654,HDFC FMP 1359D September - Quarterly IDCW Option - Direct Plan,10.0541
2025-01-07,150655,HDFC FMP 1359D September - Growth Option - Direct Plan,11.8358
2025-01-07,150656,HDFC FMP 1359D September - Quarterly IDCW Option,10.0527
2025-01-07,150657,HDFC NIFTY200 MOMENTUM 30 ETF - Growth Option,32.6182
2025-01-07,150658,HDFC NIFTY100 Low Volatility 30 ETF - Growth Option,19.5876
2025-01-07,150659,LIC MF Multi Cap Fund-Direct Plan-Growth,17.9149
2025-01-07,150660,LIC MF Multi Cap Fund-Direct Plan-IDCW,17.9149
2025-01-07,150661,LIC MF Multi Cap Fund-Regular Plan-Growth,17.2625
2025-01-07,150662,LIC MF Multi Cap Fund-Regular Plan-IDCW,17.2625
2025-01-07,150663,Aditya Birla Sun Life Nifty SDL Sep 2025 Index Fund-Direct Growth,11.7678
2025-01-07,150664,Aditya Birla Sun Life Nifty SDL Sep 2025 Index Fund-Direct IDCW,11.7675
2025-01-07,150665,Aditya Birla Sun Life Nifty SDL SEP 2025 Index Fund-Regular Growth,11.7238
2025-01-07,150667,Aditya Birla Sun Life Nifty SDL Sep 2025 Index Fund-Regular IDCW,11.7238
2025-01-07,150671,Edelweiss CRISIL IBX 50:50 Gilt Plus SDL April 2037 Index Fund - Direct Plan - Growth,12.3198
2025-01-07,150672,SBI Nifty Midcap 150 Index Fund - Regular Plan - Growth,18.0435
2025-01-07,150673,SBI Nifty Midcap 150 Index Fund - Direct Plan - Growth,18.2824
2025-01-07,150674,SBI Nifty Midcap 150 Index Fund - Regular Plan - Income Distribution cum Capital Withdrawal Option (IDCW),18.0436
2025-01-07,150675,SBI Nifty Midcap 150 Index Fund - Direct Plan - Income Distribution cum Capital Withdrawal Option (IDCW),18.2818
2025-01-07,150676,SBI Nifty Smallcap 250 Index Fund - Regular Plan - Growth,19.0304
2025-01-07,150677,SBI Nifty Smallcap 250 Index Fund - Direct Plan - Growth,19.2878
2025-01-07,150678,SBI Nifty Smallcap 250 Index Fund - Direct Plan - Income Distribution cum Capital Withdrawal Option (IDCW),19.2873
2025-01-07,150679,SBI Nifty Smallcap 250 Index Fund - Regular Plan - Income Distribution cum Capital Withdrawal Option (IDCW),19.0311
2025-01-07,150680,SBI CRISIL IBX Gilt Index - June 2036 Fund - Regular Plan - Income Distribution cum Capital Withdrawal Option (IDCW),12.1946
2025-01-07,150681,SBI |CRISIL IBX Gilt Index - June 2036 Fund - Direct Plan - Growth,12.2661
2025-01-07,150682,SBI CRISIL IBX Gilt Index - June 2036 Fund - Direct Plan - Income Distribution cum Capital Withdrawal Option (IDCW),12.2661
2025-01-07,150683,SBI CRISIL IBX Gilt Index - June 2036 Fund - Regular Plan - Growth,12.1941
2025-01-07,150684,ICICI PRUDENTIAL TRANSPORTATION AND LOGISTICS FUND - Growth,17.97
2025-01-07,150685,ICICI PRUDENTIAL TRANSPORTATION AND LOGISTICS FUND - Direct Plan - Growth,18.52
2025-01-07,150686,ICICI PRUDENTIAL TRANSPORTATION AND LOGISTICS FUND - IDCW,17.97
2025-01-07,150687,ICICI PRUDENTIAL TRANSPORTATION AND LOGISTICS FUND - Direct Plan - IDCW,18.52
2025-01-07,150688,Aditya Birla Sun Life Multi-Asset Passive FOF-Direct Growth,15.118
2025-01-07,150689,Aditya Birla Sun Life Multi-Asset Passive FOF-Direct IDCW,15.1187
2025-01-07,150690,Aditya Birla Sun Life Multi-Asset Passive FOF-Regular Growth,14.9903
2025-01-07,150691,Aditya Birla Sun Life Multi-Asset Passive FOF-Regular IDCW,14.9905
2025-01-07,150692,TATA CRISIL-IBX GILT INDEX - APRIL 2026 INDEX FUND - DIRECT PLAN - GROWTH,11.7941
2025-01-07,150693,TATA CRISIL-IBX GILT INDEX - APRIL 2026 INDEX FUND - DIRECT PLAN - IDCW PAYOUT,11.7941
2025-01-07,150694,TATA CRISIL-IBX GILT INDEX - APRIL 2026 INDEX FUND - REGULAR PLAN - GROWTH,11.7234
2025-01-07,150695,TATA CRISIL-IBX GILT INDEX - APRIL 2026 INDEX FUND - REGULAR PLAN - IDCW PAYOUT,11.7234
2025-01-07,150696,TATA CRISIL-IBX GILT INDEX - APRIL 2026 INDEX FUND - REGULAR PLAN - IDCW REINVESTMENT,11.7234
2025-01-07,150697,TATA CRISIL-IBX GILT INDEX - APRIL 2026 INDEX FUND - DIRECT PLAN - IDCW REINVESTMENT,11.7941
2025-01-07,150698,Aditya Birla Sun Life Crisil IBX Gilt-April 2026 Index Fund-Direct Growth,11.7822
2025-01-07,150699,Aditya Birla Sun Life Crisil IBX Gilt- April 2026 Index Fund-Direct IDCW,11.7831
2025-01-07,150700,Aditya Birla Sun Life Crisil IBX Gilt-April 2026 Index Fund-Regular IDCW,11.7403
2025-01-07,150701,Aditya Birla Sun Life Crisil IBX Gilt-April 2026 Index Fund-Regular Growth,11.7398
2025-01-07,150702,Aditya Birla Sun Life Crisil IBX 50:50 Gilt Plus SDL Apr 2028 Index Fund-Direct Growth,11.9523
2025-01-07,150703,Aditya Birla Sun Life Crisil IBX 50:50 Gilt Plus SDL Apr 2028 Index Fund-Regular Growth,11.9109
2025-01-07,150704,Aditya Birla Sun Life Crisil IBX 50:50 Gilt Plus SDL APR 2028 Index Fund-Direct IDCW,11.9515
2025-01-07,150705,Aditya Birla Sun Life Crisil IBX 50:50 Gilt Plus SDL Apr 2028 Index Fund-Regular IDCW,11.9119
2025-01-07,150706,SBI CRISIL IBX Gilt Index - April 2029 Fund - Direct Plan - Growth,11.9863
2025-01-07,150707,SBI CRISIL IBX Gilt Index - April 2029 Fund - Regular Plan - Growth,11.9214
2025-01-07,150708,SBI CRISIL IBX Gilt Index - April 2029 Fund - Direct Plan - Income Distribution cum Capital Withdrawal Option (IDCW),11.9863
2025-01-07,150709,SBI CRISIL IBX Gilt Index - April 2029 Fund - Regular Plan - Income Distribution cum Capital Withdrawal Option (IDCW),11.9222
2025-01-07,150710,SBI CRISIL IBX SDL Index - September 2027 Fund - Regular Plan - Income Distribution cum Capital Withdrawal Option (IDCW),11.7891
2025-01-07,150711,SBI CRISIL IBX SDL Index - September 2027 Fund - Direct Plan - Growth,11.8395
2025-01-07,150712,SBI CRISIL IBX SDL Index - September 2027 Fund - Regular Plan - Growth,11.7889
2025-01-07,150713,SBI CRISIL IBX SDL Index - September 2027 Fund - Direct Plan - Income Distribution cum Capital Withdrawal Option (IDCW),11.8448
2025-01-07,150714,UTI Gold ETF Fund of Fund - Direct Plan - Growth Option,15.0129
2025-01-07,150715,UTI Gold ETF Fund of Fund - Regular Plan - Growth Opton,14.8646
2025-01-07,150716,BANDHAN TRANSPORTATION AND LOGISTICS FUND - GROWTH - DIRECT PLAN,17.375
2025-01-07,150717,BANDHAN TRANSPORTATION AND LOGISTICS FUND - GROWTH - REGULAR PLAN,16.768
2025-01-07,150718,BANDHAN TRANSPORTATION AND LOGISTICS FUND - IDCW - REGULAR PLAN,16.769
2025-01-07,150719,BANDHAN TRANSPORTATION AND LOGISTICS FUND - IDCW - DIRECT PLAN,17.359
2025-01-07,150720,Edelweiss CRISIL IBX 50:50 Gilt Plus SDL April 2037 Index Fund - Regular Plan - Growth,12.2456
2025-01-07,150721,Edelweiss CRISIL IBX 50:50 Gilt Plus SDL April 2037 Index Fund - Regular Plan - IDCW Option,12.2459
2025-01-07,150722,Edelweiss CRISIL IBX 50:50 Gilt Plus SDL April 2037 Index Fund - Direct Plan - IDCW Option,12.3197
2025-01-07,150723,Kotak Nifty SDL Plus AAA PSU Bond Jul 2028 60:40 Index Fund Regular Plan - Growth,11.8099
2025-01-07,150724,Kotak Nifty SDL Plus AAA PSU Bond Jul 2028 60:40 Index Fund Regular Plan - IDCW,11.8061
2025-01-07,150725,Kotak Nifty SDL Plus AAA PSU Bond Jul 2028 60:40 Index Fund Direct Plan - Growth,11.8617
2025-01-07,150726,Kotak Nifty SDL Plus AAA PSU Bond Jul 2028 60:40 Index Fund Direct Plan - IDCW,11.8619
2025-01-07,150727,Edelweiss CRISIL IBX 50:50 Gilt Plus SDL June 2027 Index Fund - Direct Plan - Growth,11.8431
2025-01-07,150728,ICICI Prudential Nifty SDL Dec 2028 Index Fund - Growth,11.949
2025-01-07,150729,ICICI Prudential Nifty SDL Dec 2028 Index Fund - Direct Plan - Growth,11.9999
2025-01-07,150730,ICICI Prudential Nifty SDL Dec 2028 Index Fund - Direct Plan - Annual IDCW,12.0002
2025-01-07,150731,ICICI Prudential Nifty SDL Dec 2028 Index Fund - Annual IDCW,11.949
2025-01-07,150732,ICICI Prudential Nifty G-Sec Dec 2030 Index Fund - Growth,12.0011
2025-01-07,150733,ICICI Prudential Nifty G-Sec Dec 2030 Index Fund - Direct Plan - Growth,12.0538
2025-01-07,150734,ICICI Prudential Nifty G-Sec Dec 2030 Index Fund - Annual IDCW,12.0012
2025-01-07,150735,ICICI Prudential Nifty G-Sec Dec 2030 Index Fund - Direct Plan - Annual IDCW,12.0531
2025-01-07,150736,HDFC Silver ETF Fund of Fund - Growth Option,15.0556
2025-01-07,150737,HDFC Silver ETF Fund of Fund - Growth Option - Direct Plan,15.1803
2025-01-07,150738,Tata Nifty Midcap 150 Momentum 50 Index Fund - Growth - Direct Plan,18.9297
2025-01-07,150739,Tata Nifty Midcap 150 Momentum 50 Index Fund - IDCW Reinvestment - Direct Plan,18.9297
2025-01-07,150740,Tata Nifty Midcap 150 Momentum 50 Index Fund - IDCW Payout - Direct Plan,18.9297
2025-01-07,150741,Tata Nifty Midcap 150 Momentum 50 Index Fund - Growth - Regular Plan,18.6027
2025-01-07,150742,Tata Nifty Midcap 150 Momentum 50 Index Fund - IDCW Payout - Regular Plan,18.6027
2025-01-07,150743,Tata Nifty Midcap 150 Momentum 50 Index Fund - IDCW Reinvestment - Regular Plan,18.6027
2025-01-07,150744,BANDHAN CRISIL IBX GILT APRIL 2026 INDEX FUND - REGULAR PLAN - GROWTH,11.7027
2025-01-07,150745,BANDHAN CRISIL IBX GILT APRIL 2026 INDEX FUND - REGULAR PLAN - IDCW,10.4292
2025-01-07,150746,BANDHAN CRISIL IBX GILT APRIL 2026 INDEX FUND - DIRECT PLAN - GROWTH,11.7681
2025-01-07,150747,BANDHAN CRISIL IBX GILT APRIL 2026 INDEX FUND - DIRECT PLAN - IDCW,10.4549
2025-01-07,150748,Axis NASDAQ 100 US Specific Equity Passive FOF - Regular Plan - IDCW,19.3546
2025-01-07,150749,Axis NASDAQ 100 US Specific Equity Passive FOF - Direct Plan - IDCW,19.5256
2025-01-07,150750,Axis NASDAQ 100 US Specific Equity Passive FOF - Regular Plan - Growth,19.3547
2025-01-07,150751,Axis NASDAQ 100 US Specific Equity Passive FOF - Direct Plan - Growth,19.5257
2025-01-07,150752,Nippon India Nifty AAA PSU Bond Plus SDL - Sep 2026 Maturity 50:50 Index Fund-Regular Plan-Growth Option,11.6803
2025-01-07,150753,Nippon India Nifty AAA PSU Bond Plus SDL - Sep 2026 Maturity 50:50 Index Fund-Direct Plan-IDCW Option,11.7284
2025-01-07,150754,Nippon India Nifty AAA PSU Bond Plus SDL - Sep 2026 Maturity 50:50 Index Fund-Direct Plan-Growth Option,11.7284
2025-01-07,150755,Nippon India Nifty AAA PSU Bond Plus SDL - Sep 2026 Maturity 50:50 Index Fund-Regular Plan-IDCW Option,11.6803
2025-01-07,150770,Edelweiss CRISIL IBX 50:50 Gilt Plus SDL June 2027 Index Fund - Direct Plan - IDCW,11.8426
2025-01-07,150771,Edelweiss CRISIL IBX 50:50 Gilt Plus SDL June 2027 Index Fund - Regular Plan - Growth,11.7781
2025-01-07,150772,Edelweiss CRISIL IBX 50:50 Gilt Plus SDL June 2027 Index Fund - Regular Plan - IDCW,11.7785
2025-01-07,150777,Aditya Birla Sun Life Crisil IBX Gilt-Apr 2029 Index Fund-Regular Growth,11.9842
2025-01-07,150778,Aditya Birla Sun Life Crisil IBX Gilt-Apr-2029 Index Fund-Direct Growth,12.0271
2025-01-07,150779,Aditya Birla Sun Life Crisil IBX Gilt-Apr 2029 Index Fund-Regular IDCW,10.5061
2025-01-07,150780,Aditya Birla Sun Life Crisil IBX Gilt-Apr 2029 Index Fund-Direct IDCW,10.576
2025-01-07,150785,Mirae Asset Nifty AAA PSU Bond Plus SDL Apr 2026 50:50 Index Fund - Regular Plan - IDCW,11.6659
2025-01-07,150786,Mirae Asset Nifty AAA PSU Bond Plus SDL Apr 2026 50:50 Index Fund - Regular Plan - Growth,11.6653
2025-01-07,150787,Mirae Asset Nifty AAA PSU Bond Plus SDL Apr 2026 50:50 Index Fund - Direct Plan - IDCW,11.7232
2025-01-07,150788,Mirae Asset Nifty AAA PSU Bond Plus SDL Apr 2026 50:50 Index Fund - Direct Plan - Growth,11.7232
2025-01-07,150789,Mirae Asset CRISIL IBX Gilt Index - April 2033 Index Fund - Direct Plan - IDCW,12.1595
2025-01-07,150790,Mirae Asset CRISIL IBX Gilt Index - April 2033 Index Fund - Regular Plan - Growth,12.0814
2025-01-07,150791,Mirae Asset CRISIL IBX Gilt Index - April 2033 Index Fund - Regular Plan - IDCW,12.0823
2025-01-07,150792,Mirae Asset CRISIL IBX Gilt Index - April 2033 Index Fund - Direct Plan - Growth,12.1621
2025-01-07,150797,WhiteOak Capital Large Cap Fund Direct Plan Growth,14.734
2025-01-07,150798,WhiteOak Capital Large Cap Fund Direct Plan IDCW,14.734
2025-01-07,150799,WhiteOak Capital Large Cap Fund Regular Plan Growth,14.218
2025-01-07,150800,WhiteOak Capital Large Cap Fund Regular Plan IDCW,14.218
2025-01-07,150801,HDFC NIFTY IT ETF - Growth option,44.7621
2025-01-07,150802,HDFC NIFTY Private Bank ETF - Growth Option,24.8679
2025-01-07,150803,HDFC Business Cycle Fund - Growth Option,14.415
2025-01-07,150804,HDFC Business Cycle Fund - IDCW Option - Direct Plan,14.82
2025-01-07,150805,HDFC Business Cycle Fund - Growth Option - Direct Plan,14.82
2025-01-07,150806,HDFC Business Cycle Fund - IDCW Option,14.415
2025-01-07,150807,Edelweiss CRISIL IBX 50:50 Gilt Plus SDL Sep 2028 Index Fund - Direct Plan - Growth,11.8796
2025-01-07,150812,JM Midcap Fund (Regular) - Growth,19.663
2025-01-07,150813,JM Midcap Fund (Regular) - IDCW,19.663
2025-01-07,150814,JM Midcap Fund (Direct) - IDCW,20.4566
2025-01-07,150815,JM Midcap Fund (Direct) - Growth,20.4567
2025-01-07,150816,Canara Robeco Mid Cap Fund- Regular Plan- Growth Option,16.5
2025-01-07,150817,Canara Robeco Mid Cap Fund- Direct Plan- Growth Option,17.01
2025-01-07,150818,Canara Robeco Mid Cap Fund- Direct Plan- IDCW,16.5
2025-01-07,150819,Canara Robeco Mid Cap Fund- Regular Plan- IDCW,15.98
2025-01-07,150820,Kotak Income Plus Arbitrage Omni  FOF-Regular Plan-Growth,11.8393
2025-01-07,150821,Kotak Income Plus Arbitrage Omni FOF-Regular Plan-IDCW,11.8391
2025-01-07,150822,Kotak Income Plus Arbitrage Omni FOF-Direct Plan-Growth,11.8608
2025-01-07,150823,Kotak Income Plus Arbitrage Omni FOF-Direct Plan-IDCW,11.8609
2025-01-07,150824,Nippon India Nifty SDL Plus G-Sec - Jun 2028 Maturity 70:30 Index Fund-Direct Plan-Growth Option,11.7553
2025-01-07,150825,Nippon India Nifty SDL Plus G-Sec - Jun 2028 Maturity 70:30 Index Fund-Regular Plan-Growth Option,11.7054
2025-01-07,150826,Nippon India Nifty SDL Plus G-Sec - Jun 2028 Maturity 70:30 Index Fund-Direct Plan-IDCW Option,11.7553
2025-01-07,150827,Nippon India Nifty SDL Plus G-Sec - Jun 2028 Maturity 70:30 Index Fund-Regular Plan IDCW Option,11.7054
2025-01-07,150828,UTI Fixed Term Income Fund - Series XXXV-I (1260 Days) - Regular Plan - Growth Option,11.6136
2025-01-07,150829,UTI Fixed Term Income Fund - Series XXXV-I (1260 Days) - Regular Plan - Maturity IDCW Option,11.6136
2025-01-07,150830,UTI Fixed Term Income Fund - Series XXXV-I (1260 Days) - Regular Plan - Quarterly IDCW Option,11.6136
2025-01-07,150831,UTI Fixed Term Income Fund - Series XXXV-I (1260 days) - Regular Plan - Annual IDCW Option,10.9963
2025-01-07,150832,UTI Fixed Term Income Fund - Series XXXV-I (1260 Days) - Regular Plan - Flexi IDCW Option,11.6129
2025-01-07,150833,UTI Fixed Term Income Fund - Series XXXV-I (1260 Days) - Direct Plan - Growth Option,11.7089
2025-01-07,150834,UTI Fixed Term Income Fund - Series XXXV-I (1260 Days) - Direct Plan - Quarterly IDCW Option,11.7089
2025-01-07,150835,UTI Fixed Term Income Fund - Series XXXV-I (1260 Days) - Direct Plan - Annual IDCW Option,11.2093
2025-01-07,150837,UTI Fixed Term Income Fund - Series XXXV-I (1260 Days) - Direct Plan - Maturity IDCW Option,11.7088
2025-01-07,150838,Samco ELSS Tax Saver Fund - Direct Plan - Growth Option,14.96
2025-01-07,150839,Samco ELSS Tax Saver Fund - Regular Plan - Growth Option,14.52
2025-01-07,150840,DSP FMP Series - 267 - 1172 Days - Direct - IDCW,11.706
2025-01-07,150841,DSP FMP Series - 267 - 1172 Days - Regular - IDCW,11.6784
2025-01-07,150842,DSP FMP Series - 267 - 1172 Days - Direct - Growth,11.7061
2025-01-07,150843,DSP FMP Series - 267 - 1172 Days - Regular - Growth,11.6785
2025-01-07,150844,HDFC Nifty G-Sec Dec 2026 Index Fund - Growth Option,11.6785
2025-01-07,150845,HDFC Nifty G-Sec Dec 2026 Index Fund - Growth Option - Direct Plan,11.7176
2025-01-07,150846,HDFC Nifty G-Sec July 2031 Index Fund - Growth Option,11.9272
2025-01-07,150847,HDFC Nifty G-Sec July 2031 Index Fund - Growth Option - Direct Plan,11.9714
2025-01-07,150848,Edelweiss CRISIL IBX 50:50 Gilt Plus SDL Sep 2028 Index Fund - Regular Plan - Growth,11.8136
2025-01-07,150849,Edelweiss CRISIL IBX 50:50 Gilt Plus SDL Sep 2028 Index Fund - Regular Plan - IDCW,11.8137
2025-01-07,150850,Edelweiss CRISIL IBX 50:50 Gilt Plus SDL Sep 2028 Index Fund - Direct Plan - IDCW,11.8799
2025-01-07,150851,Axis Nifty SDL September 2026 Debt Index Fund - Regular Plan - Growth,11.6436
2025-01-07,150852,Axis Nifty SDL September 2026 Debt Index Fund - Direct Plan - IDCW,11.6773
2025-01-07,150853,Axis Nifty SDL September 2026 Debt Index Fund - Regular Plan -  IDCW,11.6436
2025-01-07,150854,Axis Nifty SDL September 2026 Debt Index Fund - Direct Plan - Growth,11.6772
2025-01-07,150855,Union Multicap Fund - Regular Plan - Growth Option,15.75
2025-01-07,150856,Union Multicap Fund - Regular Plan - IDCW Option,15.75
2025-01-07,150857,Union Multicap Fund - Direct Plan - IDCW Option,16.19
2025-01-07,150858,Union Multicap Fund - Direct Plan - Growth Option,16.19
2025-01-07,150863,Baroda BNP Paribas Multi Asset Fund - Regular Plan - Growth Option,14.0146
2025-01-07,150864,Baroda BNP Paribas Multi Asset Fund - Regular Plan - IDCW Option,14.0146
2025-01-07,150865,Baroda BNP Paribas Multi Asset Fund - Direct Plan - Growth Option,14.4579
2025-01-07,150866,Baroda BNP Paribas Multi Asset Fund - Direct Plan - IDCW Option,14.4579
2025-01-07,150867,BANDHAN CRISIL IBX 90:10 SDL PLUS GILT - NOV 2026 INDEX FUND - DIRECT IDCW,10.4434
2025-01-07,150868,BANDHAN CRISIL IBX 90:10 SDL PLUS GILT - NOV 2026 INDEX FUND - DIRECT GROWTH,11.6956
2025-01-07,150869,BANDHAN CRISIL IBX 90:10 SDL PLUS GILT - NOV 2026 INDEX FUND - REGULAR GROWTH,11.6327
2025-01-07,150870,BANDHAN CRISIL IBX 90:10 SDL PLUS GILT - NOV 2026 INDEX FUND - REGULAR IDCW,10.3067
2025-01-07,150871,BANDHAN CRISIL IBX 90:10 SDL PLUS GILT APRIL 2032 INDEX FUND - DIRECT GROWTH,11.939
2025-01-07,150872,BANDHAN CRISIL IBX 90:10 SDL PLUS GILT APRIL 2032 INDEX FUND - DIRECT IDCW,10.6207
2025-01-07,150873,BANDHAN CRISIL IBX 90:10 SDL PLUS GILT APRIL 2032 INDEX FUND - REGULAR GROWTH,11.8968
2025-01-07,150874,BANDHAN CRISIL IBX 90:10 SDL PLUS GILT APRIL 2032 INDEX FUND - REGULAR IDCW,10.581
2025-01-07,150879,ICICI Prudential Nifty Financial Services Ex-BaNk ETF,26.0691
2025-01-07,150884,DSP FMP Series - 268 - 1281 Days - Regular - Growth,11.6507
2025-01-07,150885,DSP FMP Series - 268 - 1281 Days - Direct - Growth,11.6878
2025-01-07,150886,DSP FMP Series - 268 - 1281 Days - Direct - IDCW,11.6868
2025-01-07,150887,DSP FMP Series - 268 - 1281 Days - Regular - IDCW,11.6506
2025-01-07,150888,BANDHAN CRISIL IBX 90:10 SDL PLUS GILT - SEP27 INDEX FUND - DIRECT GROWTH,11.7243
2025-01-07,150889,BANDHAN CRISIL IBX 90:10 SDL PLUS GILT SEP27 INDEX FUND - DIRECT IDCW,10.3489
2025-01-07,150890,BANDHAN CRISIL IBX 90:10 SDL PLUS GILT SEP27 INDEX FUND - REGULAR GROWTH,11.6622
2025-01-07,150891,BANDHAN CRISIL IBX 90:10 SDL PLUS GILT SEP27 INDEX FUND - REGULAR IDCW,10.3408
2025-01-07,150892,Edelweiss Nifty Smallcap 250 Index Fund - Direct Plan - Growth,18.3705
2025-01-07,150893,Edelweiss Nifty Smallcap 250 Index Fund - Regular Plan - IDCW,18.1033
2025-01-07,150894,Edelweiss Nifty Smallcap 250 Index Fund - Regular Plan - Growth,18.1034
2025-01-07,150895,Edelweiss Nifty Smallcap 250 Index Fund - Direct Plan - IDCW,18.371
2025-01-07,150896,Edelweiss Nifty Next 50 Index Fund - Direct Plan - IDCW,15.4686
2025-01-07,150897,Edelweiss Nifty Next 50 Index Fund - Regular Plan - Growth,15.2278
2025-01-07,150898,Edelweiss Nifty Next 50 Index Fund - Regular Plan - IDCW,15.2277
2025-01-07,150899,Edelweiss Nifty Next 50 Index Fund - Direct Plan - Growth,15.469
2025-01-07,150900,Edelweiss Nifty Midcap150 Momentum 50 Index Fund - Regular Plan - Growth,18.6768
2025-01-07,150901,Edelweiss Nifty Midcap150 Momentum 50 Index Fund - Regular Plan - IDCW,18.677
2025-01-07,150902,Edelweiss Nifty Midcap150 Momentum 50 Index Fund - Direct Plan - Growth,18.9633
2025-01-07,150903,Edelweiss Nifty Midcap150 Momentum 50 Index Fund - Direct Plan - IDCW,18.9664
2025-01-07,150904,Nippon India Nifty G-Sec Sep 2027 Maturity Index Fund-Regular Plan-Growth Option,11.5721
2025-01-07,150905,Nippon India Nifty G-Sec Sep 2027 Maturity Index Fund-Regular Plan-IDCW Option,11.5721
2025-01-07,150906,Nippon India Nifty G-Sec Sep 2027 Maturity Index Fund-Direct Plan-Growth Option,11.6229
2025-01-07,150907,Nippon India Nifty G-Sec Sep 2027 Maturity Index Fund-Direct Plan-IDCW Option,11.6229
2025-01-07,150912,Mahindra Manulife Small Cap Fund - Regular Plan - Growth,19.8085
2025-01-07,150913,Mahindra Manulife Small Cap Fund - Direct Plan - IDCW,20.511
2025-01-07,150914,Mahindra Manulife Small Cap Fund - Regular Plan - IDCW,19.8085
2025-01-07,150915,Mahindra Manulife Small Cap Fund - Direct Plan - Growth,20.511
2025-01-07,150916,SBI Fixed Maturity Plan (FMP)-Series 72 (1239 Days) Direct Plan- Income Distribution Cum Capital Withdrawal Payout,11.6359
2025-01-07,150917,SBI Fixed Maturity Plan (FMP)-Series 72 (1239 Days) Regular Plan- Growth,11.6042
2025-01-07,150918,SBI Fixed Maturity Plan (FMP)-Series 72 (1239 Days) Regular Plan- Income Distribution Cum Capital Withdrawal Payout,11.6042
2025-01-07,150919,SBI Fixed Maturity Plan (FMP)-Series 72 (1239 Days) Direct Plan- Growth,11.636
2025-01-07,150920,Nippon India Nifty G-Sec Jun 2036 Maturity Index Fund-Direct Plan-Growth Option,11.9934
2025-01-07,150921,Nippon India Nifty G-Sec Jun 2036 Maturity Index fund-Direct Plan-IDCW Option,11.9934
2025-01-07,150922,Nippon India Nifty G-Sec Jun 2036 Maturity Index Fund-Regular Plan-IDCW Option,11.9388
2025-01-07,150923,Nippon India Nifty G-Sec Jun 2036 Maturity Index Fund-Regular Plan-Growth Option,11.9388
2025-01-07,150928,ICICI Prudential Nifty Pharma Index Fund - Direct Plan - IDCW,17.8844
2025-01-07,150929,ICICI Prudential Nifty Pharma Index Fund - Growth,17.6446
2025-01-07,150930,ICICI Prudential Nifty Pharma Index Fund - Direct Plan - Growth,17.8835
2025-01-07,150931,ICICI Prudential Nifty Pharma Index Fund - IDCW,17.6446
2025-01-07,150932,Nippon India Fixed Maturity Plan - XLIV - Series 4-Direct Plan-Growth Option,11.5807
2025-01-07,150934,Nippon India Fixed Maturity Plan - XLIV - Series 4-Regular Plan-Payout of IDCW,11.5312
2025-01-07,150935,Nippon India Fixed Maturity Plan- XLIV - Series 4-Regular Plan-Growth Option,11.5312
2025-01-07,150936,Aditya Birla Sun Life Crisil IBX 60:40 SDL+AAA PSU APR 2026 Index Fund-Regular Growth,11.5209
2025-01-07,150937,Aditya Birla Sun Life Crisil IBX 60:40 SDL+AAA PSU APR 2026 Index Fund-Regular IDCW Payout,11.5219
2025-01-07,150938,Aditya Birla Sun Life Crisil IBX 60:40 SDL + AAA PSU APR 2026 Index Fund-Direct Growth,11.5799
2025-01-07,150939,Aditya Birla Sun Life Crisil IBX 60:40 SDL+ AAA PSU APR 2026 Index Fund-Direct IDCW Payout,11.5799
2025-01-07,150948,Kotak Silver ETF,88.1306
2025-01-07,150949,ICICI Prudential Fixed Maturity Plan - Series 88 - 1226 Days Plan F - Growth,11.5395
2025-01-07,150950,ICICI Prudential Fixed Maturity Plan - Series 88 - 1226 Days Plan F - Direct Plan - Growth,11.5949
2025-01-07,150951,ICICI Prudential Fixed Maturity Plan - Series 88 - 1226 Days Plan F - Quarterly IDCW,11.5395
2025-01-07,150952,ICICI Prudential Fixed Maturity Plan - Series 88 - 1226 Days Plan F - Direct Plan - Quarterly IDCW,11.5928
2025-01-07,150953,ICICI Prudential Fixed Maturity Plan - Series 88 - 1226 Days Plan F - Direct Plan - Half Yearly IDCW,11.5949
2025-01-07,150954,ICICI Prudential Fixed Maturity Plan - Series 88 - 1226 Days Plan F - Half Yearly IDCW,11.5395
2025-01-07,150963,UTI Fixed Term Income Fund - Series XXXV-II (1223 Days) - Direct Plan - Growth Option,11.5882
2025-01-07,150964,UTI Fixed Term Income Fund - Series XXXV-II (1223 Days) - Direct Plan - Quarterly IDCW Option,11.5894
2025-01-07,150965,UTI Fixed Term Income Fund - Series XXXV-II (1223 Days) - Direct Plan - Annual IDCW Option,11.0543
2025-01-07,150966,UTI Fixed Term Income Fund - Series XXXV-II (1223 Days) - Direct Plan - Maturity IDCW Option,11.5881
2025-01-07,150967,UTI Fixed Term Income Fund - Series XXXV-II (1223 Days) - Regular Plan - Annual IDCW Option,10.9674
2025-01-07,150968,UTI Fixed Term Income Fund - Series XXXV-II (1223 Days) - Regular Plan - Flexi IDCW Option,11.4999
2025-01-07,150969,UTI Fixed Term Income Fund - Series XXXV-II (1223 Days) - Regular Plan - Maturity IDCW Option,11.4984
2025-01-07,150970,UTI Fixed Term Income Fund - Series XXXV-II (1223 Days) - Direct Plan - Flexi IDCW Option,11.6004
2025-01-07,150971,UTI Fixed Term Income Fund - Series XXXV-II (1223 Days) - Regular Plan - Growth Option,11.4992
2025-01-07,150972,UTI Fixed Term Income Fund - Series XXXV-II (1223 Days) - Regular Plan - Quarterly IDCW Option,11.4993
2025-01-07,150983,SBI Fixed Maturity Plan (FMP) - Series 73 (1226 Days) - Regular Plan - IDCW Payout,11.5764
2025-01-07,150984,SBI Fixed Maturity Plan (FMP) - Series 73 (1226 Days) - Direct Plan - Growth,11.6072
2025-01-07,150985,SBI Fixed Maturity Plan (FMP) - Series 73 (1226 Days) - Direct Plan - IDCW Payout,11.6071
2025-01-07,150986,SBI Fixed Maturity Plan (FMP) - Series 73 (1226 Days) - Regular Plan - Growth,11.5764
2025-01-07,150987,BHARAT Bond ETF - April 2033,1183.7712
2025-01-07,150988,BHARAT Bond ETF FOF - April 2033 - Regular Plan - IDCW,11.8668
2025-01-07,150989,BHARAT Bond ETF FOF - April 2033 - Direct Plan - Growth,11.8668
2025-01-07,150990,BHARAT Bond ETF FOF - April 2033 - Direct Plan - IDCW,11.8668
2025-01-07,150991,BHARAT Bond ETF FOF - April 2033 - Regular Plan - Growth,11.8668
2025-01-07,150992,HSBC Corporate Bond Fund - Regular Growth,69.9073
2025-01-07,150993,HSBC Corporate Bond Fund - Regular Quarterly IDCW,10.9287
2025-01-07,150994,HSBC Corporate Bond Fund - Regular Semi Annual IDCW,16.9021
2025-01-07,150995,HSBC Corporate Bond Fund -Regular Plan - Bonus,26.5546
2025-01-07,150996,HSBC Corporate Bond Fund - Direct Growth,74.3463
2025-01-07,150997,HSBC Corporate Bond Fund - Direct Semi Annual IDCW,20.1875
2025-01-07,150998,HSBC Corporate Bond Fund - Direct Quarterly IDCW,11.3139
2025-01-07,151000,HSBC Corporate Bond Fund - Direct Annual IDCW,12.3697
2025-01-07,151001,HSBC Corporate Bond Fund - Regular Annual IDCW,12.123
2025-01-07,151012,HSBC Gilt Fund - Regular Quarterly IDCW,10.9419
2025-01-07,151013,HSBC Gilt Fund - Regular Growth,63.9306
2025-01-07,151014,HSBC Gilt Fund - Direct Growth,72.8873
2025-01-07,151015,HSBC Gilt Fund - Direct Quarterly IDCW,12.5822
2025-01-07,151033,HSBC Midcap Fund - Regular IDCW,82.2401
2025-01-07,151034,HSBC Midcap Fund - Regular Growth,402.1989
2025-01-07,151035,HSBC Midcap Fund - Direct IDCW,93.4896
2025-01-07,151036,HSBC Midcap Fund - Direct Growth,452.0641
2025-01-07,151037,HSBC Infrastructure Fund - Regular Growth,48.1031
2025-01-07,151038,HSBC Infrastructure Fund - Regular IDCW,37.9811
2025-01-07,151039,HSBC Infrastructure Fund - Direct IDCW,42.1858
2025-01-07,151040,HSBC Infrastructure Fund - Direct Growth,53.7882
2025-01-07,151041,HSBC Credit Risk Fund- Regular Plan - Bonus,27.1995
2025-01-07,151042,HSBC Credit Risk Fund - Regular IDCW,10.1324
2025-01-07,151043,HSBC Credit Risk Fund - Regular Growth,27.6365
2025-01-07,151044,HSBC Credit Risk Fund - Direct IDCW,11.0239
2025-01-07,151045,HSBC Credit Risk Fund - Direct Growth,29.8493
2025-01-07,151046,HSBC Credit Risk Fund - Regular Annual IDCW,12.0003
2025-01-07,151047,HSBC Credit Risk Fund - Direct Annual IDCW,12.8841
2025-01-07,151048,HSBC Money Market Fund - Regular Growth,25.4313
2025-01-07,151049,HSBC Money Market Fund - Regular Daily IDCW,10.8591
2025-01-07,151050,HSBC Money Market Fund - Regular Weekly IDCW,13.1097
2025-01-07,151051,HSBC Money Market Fund - Regular Monthly IDCW,11.5716
2025-01-07,151052,HSBC Money Market Fund - Direct Monthly IDCW,12.2236
2025-01-07,151053,HSBC Money Market Fund - Direct Weekly IDCW,13.1971
2025-01-07,151054,HSBC Money Market Fund - Direct Growth,26.6444
2025-01-07,151055,HSBC Money Market Fund - Direct Daily IDCW,10.8591
2025-01-07,151056,HSBC Equity Savings Fund - Regular Monthly IDCW,16.1289
2025-01-07,151057,HSBC Equity Savings Fund - Regular Quarterly IDCW,17.1345
2025-01-07,151058,HSBC Equity Savings Fund - Regular Growth,33.9903
2025-01-07,151059,HSBC Equity Savings Fund - Direct Quarterly IDCW,18.823
2025-01-07,151060,HSBC Equity Savings Fund - Direct Growth,37.5331
2025-01-07,151061,HSBC Equity Savings Fund - Direct Monthly IDCW,18.1648
2025-01-07,151062,HSBC Short Duration Fund - Bonus,25.3232
2025-01-07,151063,HSBC Short Duration Fund -  Regular Plan - Monthly IDCW,11.0802
2025-01-07,151064,HSBC Short Duration Fund - Regular Quarterly IDCW,10.4706
2025-01-07,151065,HSBC Short Duration Fund - Regular Growth,25.324
2025-01-07,151067,HSBC Short Duration Fund - Direct Growth,26.7892
2025-01-07,151068,HSBC Short Duration Fund - Direct Plan -  Monthly IDCW,11.753
2025-01-07,151069,HSBC Short Duration Fund - Direct Quarterly IDCW,11.2958
2025-01-07,151070,HSBC Short Duration Fund - Direct Annual IDCW,12.8564
2025-01-07,151071,HSBC Short Duration Fund - Regular Annual IDCW,12.3007
2025-01-07,151076,HSBC ELSS Tax saver Fund - Regular Growth,135.0767
2025-01-07,151077,HSBC ELSS Tax saver Fund - Regular IDCW Payout,29.9564
2025-01-07,151078,HSBC ELSS Tax saver Fund - Direct Growth,146.6058
2025-01-07,151079,HSBC ELSS Tax saver Fund - Direct IDCW Payout,43.435
2025-01-07,151084,HSBC Dynamic Bond Fund - Regular Growth,28.4386
2025-01-07,151085,HSBC Dynamic Bond Fund - Regular Monthly IDCW,10.7257
2025-01-07,151086,HSBC Dynamic Bond Fund - Direct Monthly IDCW,12.7757
2025-01-07,151087,HSBC Dynamic Bond Fund - Direct Growth,30.7215
2025-01-07,151088,HSBC Dynamic Bond Fund - Direct Annual IDCW,11.6001
2025-01-07,151089,HSBC Dynamic Bond Fund - Regular Annual IDCW,10.9637
2025-01-07,151102,HSBC Banking and PSU Debt Fund - Regular Daily IDCW,11.116
2025-01-07,151103,HSBC Banking and PSU Debt Fund - Regular Weekly IDCW,10.3301
2025-01-07,151104,HSBC Banking and PSU Debt Fund - Regular Growth,23.2312
2025-01-07,151105,HSBC Banking and PSU Debt Fund - Regular Monthly IDCW,10.5493
2025-01-07,151106,HSBC Banking and PSU Debt Fund - Direct Monthly IDCW,11.2252
2025-01-07,151107,HSBC Banking and PSU Debt Fund - Direct Growth,24.426
2025-01-07,151108,HSBC Banking and PSU Debt Fund - Direct Daily IDCW,11.1907
2025-01-07,151109,HSBC Banking and PSU Debt Fund - Direct Weekly IDCW,10.3579
2025-01-07,151110,HSBC Value Fund - Regular Growth,106.4561
2025-01-07,151111,HSBC Value Fund - Regular IDCW,55.794
2025-01-07,151112,HSBC Value Fund - Direct IDCW,68.8277
2025-01-07,151113,HSBC Value Fund - Direct Growth,118.2422
2025-01-07,151114,HSBC Low Duration Fund - Regular Growth,27.2726
2025-01-07,151115,HSBC Low Duration Fund - Regular Monthly IDCW,10.3674
2025-01-07,151116,HSBC Low Duration Fund - Direct Monthly IDCW,11.0818
2025-01-07,151117,HSBC Low Duration Fund - Direct Growth,28.6983
2025-01-07,151118,HSBC Low Duration Fund - Direct Annual IDCW,11.0575
2025-01-07,151119,HSBC Low Duration Fund - Regular Annual IDCW,10.6566
2025-01-07,151120,HSBC Aggressive Hybrid Fund - Regular Growth,55.3572
2025-01-07,151121,HSBC Aggressive Hybrid Fund - Regular IDCW,29.8036
2025-01-07,151122,HSBC Aggressive Hybrid Fund - Direct Growth,62.5543
2025-01-07,151123,HSBC Aggressive Hybrid Fund - Direct IDCW,35.1301
2025-01-07,151124,HSBC Aggressive Hybrid Fund - Regular Annual IDCW,19.3891
2025-01-07,151125,HSBC Aggressive Hybrid Fund - Direct Annual IDCW,21.6772
2025-01-07,151126,HSBC Balanced Advantage Fund - Regular IDCW,20.1905
2025-01-07,151127,HSBC Balanced Advantage Fund - Regular Growth,42.8881
2025-01-07,151128,HSBC Balanced Advantage Fund - Direct IDCW,23.7618
2025-01-07,151129,HSBC Balanced Advantage Fund - Direct Growth,49.3494
2025-01-07,151130,HSBC Small Cap Fund - Direct Growth,97.8137
2025-01-07,151131,HSBC Small Cap Fund - Regular IDCW,47.9302
2025-01-07,151132,HSBC Small Cap Fund - Direct IDCW,54.8494
2025-01-07,151133,HSBC Small Cap Fund - Regular Growth,88.5147
2025-01-07,151134,HSBC Arbitrage Fund - Regular Growth,18.4163
2025-01-07,151135,HSBC Arbitrage Fund - Direct Monthly IDCW,10.5653
2025-01-07,151136,HSBC Arbitrage Fund - Direct Quarterly IDCW,11.1876
2025-01-07,151137,HSBC Arbitrage Fund - Regular Quarterly IDCW,10.9876
2025-01-07,151138,HSBC Arbitrage Fund - Direct Growth,19.6535
2025-01-07,151140,HSBC Arbitrage Fund - Regular Monthly IDCW,10.5723
2025-01-07,151142,HSBC Business Cycles Fund - Direct Growth,46.9396
2025-01-07,151143,HSBC Business Cycles Fund - Regular IDCW,27.1061
2025-01-07,151144,HSBC Business Cycles Fund - Regular Growth,42.9026
2025-01-07,151145,HSBC Business Cycles Fund - Direct IDCW,29.3821
2025-01-07,151146,HSBC Medium Duration Fund - Direct Growth,21.2426
2025-01-07,151147,HSBC Medium Duration Fund - Regular IDCW,10.5399
2025-01-07,151148,HSBC Medium Duration Fund - Direct IDCW,11.5429
2025-01-07,151149,HSBC Medium Duration Fund - Regular Growth,19.5302
2025-01-07,151150,HSBC Medium Duration Fund - Direct Annual IDCW,12.3061
2025-01-07,151151,HSBC Medium Duration Fund - Regular Annual IDCW,11.2947
2025-01-07,151156,HSBC NIFTY 50 INDEX FUND - Direct IDCW,27.5809
2025-01-07,151157,HSBC NIFTY 50 INDEX FUND - Direct Growth,27.581
2025-01-07,151158,HSBC NIFTY 50 INDEX FUND - Regular Growth,27.1465
2025-01-07,151159,HSBC NIFTY 50 INDEX FUND - Regular IDCW,27.1465
2025-01-07,151160,HSBC NIFTY NEXT 50 INDEX FUND - Direct Growth,29.2229
2025-01-07,151161,HSBC NIFTY NEXT 50 INDEX FUND - Regular IDCW,28.6069
2025-01-07,151162,HSBC NIFTY NEXT 50 INDEX FUND - Regular Growth,28.6067
2025-01-07,151163,HSBC NIFTY NEXT 50 INDEX FUND - Direct IDCW,29.223
2025-01-07,151164,360 ONE ELSS Tax Saver Nifty 50 Index Fund - Regular Plan - Growth,13.1872
2025-01-07,151165,360 ONE ELSS Tax Saver Nifty 50 Index Fund - Direct Plan - Growth,13.2543
2025-01-07,151166,360 ONE ELSS Tax Saver Nifty 50 Index Fund - Direct Plan - IDCW Payout,13.2543
2025-01-07,151167,360 ONE ELSS Tax Saver Nifty 50 Index Fund - Regular Plan - IDCW Payout,13.1872
2025-01-07,151172,Kotak FMP Series 300 - Regular Plan - Growth,11.5613
2025-01-07,151173,Kotak FMP Series 300 - Regular Plan - IDCW Payout,11.5617
2025-01-07,151174,Kotak FMP Series 300 - Direct Plan - Growth,11.5854
2025-01-07,151175,Kotak FMP Series 300 - Direct Plan - IDCW Payout,11.5856
2025-01-07,151176,Axis Long Duration Fund - Direct Plan -Daily IDCW,1013.713
2025-01-07,151177,Axis Long Duration Fund - Regular Plan - Daily IDCW,1013.7142
2025-01-07,151178,Axis Long Duration Fund - Regular Plan - Growth,1194.7954
2025-01-07,151179,Axis Long Duration Fund - Direct Plan - Growth,1205.9907
2025-01-07,151180,HDFC Nifty G-Sec Jun 2027 Index Fund - Growth Option,11.6153
2025-01-07,151181,HDFC Nifty G-Sec Jun 2027 Index Fund - Growth Option - Direct Plan,11.6523
2025-01-07,151182,HDFC Nifty G-Sec Sep 2032 Index Fund - Growth Option,11.8647
2025-01-07,151183,HDFC Nifty G-Sec Sep 2032 Index Fund - Growth Option - Direct Plan,11.9076
2025-01-07,151184,UTI CRISIL SDL Maturity April 2033 Index Fund - Regular Plan - Growth Option,11.8314
2025-01-07,151185,UTI CRISIL SDL Maturity April 2033 Index Fund - Direct Plan - Growth Option,11.8945
2025-01-07,151186,Aditya Birla Sun Life Fixed Term Plan - Series UB (1224 days) - Direct Plan Growth Option,11.5799
2025-01-07,151188,Aditya Birla Sun Life Fixed Term Plan - Series UB (1224 days)- Regular Plan - Growth Option,11.556
2025-01-07,151189,Aditya Birla Sun Life Fixed Term Plan - Series UB (1224 days) - Regular Plan - Payout of IDCW Option,11.556
2025-01-07,151190,quant Overnight Fund - Growth Option - Direct Plan,11.5266
2025-01-07,151191,quant Overnight Fund - IDCW Option - Regular Plan,11.4874
2025-01-07,151193,quant Overnight Fund - IDCW Option - Direct Plan,11.5305
2025-01-07,151195,quant Overnight Fund - Growth Option - Regular Plan,11.4992
2025-01-07,151196,ICICI Prudential Nifty 10 yr Benchmark G-sec ETF,243.2996
2025-01-07,151201,Axis Long Duration Fund - Regular Plan - Monthly IDCW,1024.6621
2025-01-07,151202,Axis Long Duration Fund - Direct Plan - Monthly IDCW,1056.6784
2025-01-07,151203,Axis Long Duration Fund - Regular Plan - Quarterly IDCW,1173.114
2025-01-07,151204,Axis Long Duration Fund - Direct Plan - Quarterly IDCW,1184.2473
2025-01-07,151205,Axis Long Duration Fund - Direct Plan - Annual IDCW,1200.2689
2025-01-07,151206,Axis Long Duration Fund - Regular Plan - Annual IDCW,1189.181
2025-01-07,151207,ICICI Prudential Nifty Commodities ETF,81.7108
2025-01-07,151208,ICICI Prudential Nifty SDL Sep 2026 Index Fund - Growth,11.5492
2025-01-07,151209,ICICI Prudential Nifty SDL Sep 2026 Index Fund - Annual IDCW,11.5491
2025-01-07,151210,ICICI Prudential Nifty SDL Sep 2026 Index Fund - Direct Plan - Annual IDCW,11.5988
2025-01-07,151211,ICICI Prudential Nifty SDL Sep 2026 Index Fund - Direct Plan - Growth,11.5989
2025-01-07,151212,SBI Long Duration Fund - Regular Plan - Growth,11.9989
2025-01-07,151213,SBI Long Duration Fund - Regular Plan - Income Distribution cum Capital Withdrawal Option (IDCW),11.9991
2025-01-07,151214,SBI Long Duration Fund - Direct Plan - Growth,12.1094
2025-01-07,151215,SBI Long Duration Fund - Direct Plan - Income Distribution cum Capital Withdrawal Option (IDCW),12.1098
2025-01-07,151216,Kotak Nifty SDL Jul 2026 Index Fund Regular Plan Growth,11.5389
2025-01-07,151217,Kotak Nifty SDL Jul 2026 Index Fund Regular Plan IDCW,11.539
2025-01-07,151218,Kotak Nifty SDL Jul 2026 Index Fund Direct Plan Growth,11.5881
2025-01-07,151219,Kotak Nifty SDL Jul 2026 Index Fund Direct Plan IDCW,11.182
2025-01-07,151220,HDFC FMP 1204D December - IDCW Option,11.5071
2025-01-07,151221,HDFC FMP 1204D December - IDCW Option - Direct Plan,11.5657
2025-01-07,151222,HDFC FMP 1204D December - Quarterly IDCW Option,10.3289
2025-01-07,151223,HDFC FMP 1204D December - Quarterly IDCW Option - Direct Plan,10.3304
2025-01-07,151224,HDFC FMP 1204D December - Growth Option,11.5071
2025-01-07,151225,HDFC FMP 1204D December - Growth Option - Direct Plan,11.5656
2025-01-07,151228,quant Gilt Fund - Growth Option - Direct Plan,11.6754
2025-01-07,151229,quant Gilt Fund - IDCW Option - Direct Plan,11.6757
2025-01-07,151230,quant Gilt Fund - Growth Option - Regular Plan,11.4609
2025-01-07,151231,quant Gilt Fund - IDCW Option - Regular Plan,11.4687
2025-01-07,151232,Tata Multicap Fund - Direct Plan - Growth,14.702
2025-01-07,151233,Tata Multicap Fund - Direct Plan - IDCW Reinvestment,14.702
2025-01-07,151234,Tata Multicap Fund - Direct Plan - IDCW Payout,14.702
2025-01-07,151235,Tata Multicap Fund - Regular Plan - Growth,14.2484
2025-01-07,151236,Tata Multicap Fund - Regular Plan - IDCW Reinvestment,14.2484
2025-01-07,151237,Tata Multicap Fund - Regular Plan - IDCW Payout,14.2484
2025-01-07,151238,UTI CRISIL SDL Maturity June 2027 Index Fund - Regular Plan - Growth Option,11.5329
2025-01-07,151239,UTI CRISIL SDL Maturity June 2027 Index Fund - Direct Plan - Growth Option,11.591
2025-01-07,151252,SBI Fixed Maturity Plan (FMP)-Series 74 (1243 Days)- Direct Plan- Growth,11.588
2025-01-07,151253,SBI Fixed Maturity Plan (FMP)-Series 74 (1243 Days)- Direct Plan- Income Distribution Cum Capital Withdrawal Payout,11.588
2025-01-07,151254,SBI Fixed Maturity Plan (FMP)-Series 74 (1243 Days)- Regular Plan- Growth,11.5581
2025-01-07,151255,SBI Fixed Maturity Plan (FMP)-Series 74 (1243 Days)- Regular Plan- Income Distribution Cum Capital Withdrawal Payout,11.5581
2025-01-07,151262,DSP Nifty Bank ETF,50.8919
2025-01-07,151267,WhiteOak Capital Balanced Advantage Fund Direct Plan Growth,14.169
2025-01-07,151268,WhiteOak Capital Balanced Advantage Fund Regular Plan Growth,13.732
2025-01-07,151273,Tata Nifty G-Sec Dec 2029 Index Fund - Direct Plan - Growth,11.7151
2025-01-07,151274,Tata Nifty G-Sec Dec 2029 Index Fund - Direct Plan - IDCW Payout,11.7151
2025-01-07,151275,Tata Nifty G-Sec Dec 2029 Index Fund - Regular Plan - Growth,11.633
2025-01-07,151276,Tata Nifty G-Sec Dec 2029 Index Fund - Regular Plan - IDCW Reinvestment,11.633
2025-01-07,151277,Tata Nifty G-Sec Dec 2029 Index Fund - Regular Plan - IDCW Payout,11.633
2025-01-07,151278,Tata Nifty G-Sec Dec 2029 Index Fund - Direct Plan - IDCW Reinvestment,11.7151
2025-01-07,151279,Baroda BNP Paribas Nifty SDL December 2026 Index Fund - Regular Plan - Growth Option,11.4767
2025-01-07,151280,Baroda BNP Paribas Nifty SDL December 2026 Index Fund - Regular Plan - IDCW Option,11.4768
2025-01-07,151283,Baroda BNP Paribas Nifty SDL December 2026 Index Fund - Direct Plan - Growth Option,11.5442
2025-01-07,151285,Kotak FMP Series 304-Regular Plan-Growth Option,11.9239
2025-01-07,151286,Kotak FMP Series 304-Direct Plan-Growth Option,11.9317
2025-01-07,151287,Kotak FMP Series 304-Direct Plan-Payout of IDCW,11.9309
2025-01-07,151288,Kotak FMP Series 304-Regular Plan-Payout of IDCW,11.924
2025-01-07,151289,HSBC Multi Cap Fund - Regular - Growth,18.6963
2025-01-07,151290,HSBC Multi Cap Fund - Direct - Growth,19.1874
2025-01-07,151291,HSBC Multi Cap Fund - Direct - IDCW,19.1876
2025-01-07,151292,HSBC Multi Cap Fund - Regular - IDCW,18.696
2025-01-07,151297,Axis CRISIL IBX 50:50 Gilt Plus SDL June 2028 Index Fund - Regular Plan - Growth,11.5451
2025-01-07,151298,Axis CRISIL IBX 50:50 Gilt Plus SDL June 2028 Index Fund - Regular Plan - IDCW,11.5451
2025-01-07,151299,Axis CRISIL IBX 50:50 Gilt Plus SDL June 2028 Index Fund - Direct Plan - IDCW,11.592
2025-01-07,151300,Axis CRISIL IBX 50:50 Gilt Plus SDL June 2028 Index Fund - Direct Plan - Growth,11.5897
2025-01-07,151301,Tata Nifty G Sec Dec 2026 Index Fund-Direct Plan-Growth,11.5343
2025-01-07,151302,Tata Nifty G Sec Dec 2026 Index Fund-Direct Plan-IDCW Payout,11.5343
2025-01-07,151303,Tata Nifty G SEc Dec 2026 Index Fund-Regular Plan-IDCW Reinvestment,11.4559
2025-01-07,151304,Tata Nifty G Sec Dec 2026 Index Fund-Regular Plan-IDCW Payout,11.4559
2025-01-07,151305,Tata Nifty G Sec Dec 2026 Index Fund-Direct Plan-IDCW Reinvestment,11.5343
2025-01-07,151306,Tata Nifty G Sec Dec 2026 Index Fund-Regular Plan-Growth,11.4559
2025-01-07,151307,Aditya Birla Sun Life Multi Asset Allocation Fund-Direct Growth,14.3818
2025-01-07,151308,Aditya Birla Sun Life Multi Asset Allocation Fund-Direct IDCW,14.3815
2025-01-07,151309,Aditya Birla Sun Life Multi Asset Allocation Fund-Regular Growth,13.9606
2025-01-07,151310,Aditya Birla Sun Life Multi Asset Allocation Fund-Regular IDCW,13.407
2025-01-07,151311,HDFC Long Duration Debt Fund - IDCW Option,10.6989
2025-01-07,151312,HDFC Long Duration Debt Fund - IDCW Option - Direct Plan,10.3466
2025-01-07,151313,HDFC Long Duration Debt Fund - Growth Option - Direct Plan,11.9682
2025-01-07,151314,HDFC Long Duration Debt Fund - Growth Option,11.8845
2025-01-07,151315,Kotak FMP Series 305 - Regular Plan - Growth,11.4997
2025-01-07,151316,Kotak FMP Series 305 - Direct Plan - Growth,11.5338
2025-01-07,151317,Kotak FMP Series 305 - Direct Plan - IDCW,11.5338
2025-01-07,151318,Kotak FMP Series 305 - Regular Plan - IDCW,11.4997
2025-01-07,151319,TRUSTMF CORPORATE BOND FUND-REGULAR PLAN-MONTHLY IDCW,1115.5853
2025-01-07,151320,TRUSTMF CORPORATE BOND FUND-DIRECT PLAN-GROWTH,1153.904
2025-01-07,151321,TRUSTMF CORPORATE BOND FUND-DIRECT PLAN-MONTHLY IDCW,1125.8925
2025-01-07,151322,TRUSTMF CORPORATE BOND FUND-REGULAR PLAN-GROWTH,1144.8767
2025-01-07,151327,DSP CRISIL-IBX 50:50 Gilt Plus SDL - April 2033 Index Fund - Regular - Growth,11.7967
2025-01-07,151328,DSP CRISIL-IBX 50:50 Gilt Plus SDL - April 2033 Index Fund - Direct - IDCW,11.856
2025-01-07,151329,DSP CRISIL-IBX 50:50 Gilt Plus SDL - April 2033 Index Fund - Direct - Growth,11.856
2025-01-07,151330,DSP CRISIL-IBX 50:50 Gilt Plus SDL - April 2033 Index Fund - Regular - IDCW,11.7967
2025-01-07,151331,UTI Fixed Term Income Fund - Series XXXV-III (1176 Days) - Regular Plan - Quarterly IDCW Option,11.4382
2025-01-07,151332,UTI Fixed Term Income Fund - Series XXXV-III (1176 Days) - Regular Plan - Flexi IDCW Option,11.4374
2025-01-07,151333,UTI Fixed Term Income Fund - Series XXXV-III (1176 Days) - Direct Plan - Quarterly IDCW Option,11.5212
2025-01-07,151334,UTI Fixed Term Income Fund - Series XXXV-III (1176 Days) - Direct Plan - Annual IDCW Option,11.0147
2025-01-07,151335,UTI Fixed Term Income Fund - Series XXXV-III (1176 Days) - Direct Plan - Maturity IDCW Option,11.5197
2025-01-07,151338,UTI Fixed Term Income Fund - Series XXXV-III (1176 Days) - Regular Plan - Growth Option,11.4373
2025-01-07,151339,UTI Fixed Term Income Fund - Series XXXV-III (1176 Days) - Regular Plan - Annual IDCW Option,10.9347
2025-01-07,151341,UTI Fixed Term Income Fund - Series XXXV-III (1176 Days) - Direct Plan - Growth Option,11.5197
2025-01-07,151348,SBI Fixed Maturity Plan (FMP) - Series 76 (1221 Days) - Regular Plan - Income Distribution Cum Capital Withdrawal Payout,11.4905
2025-01-07,151349,SBI Fixed Maturity Plan (FMP) - Series 76 (1221 Days) - Regular Plan - Growth,11.4905
2025-01-07,151350,SBI Fixed Maturity Plan (FMP) - Series 76 (1221 Days) - Direct Plan - Income Distribution Cum Capital Withdrawal Payout,11.5193
2025-01-07,151351,SBI Fixed Maturity Plan (FMP) - Series 76 (1221 Days) - Direct Plan - Growth,11.5193
2025-01-07,151358,Kotak Nifty 1D Rate Liquid ETF,1028.3207
2025-01-07,151363,UTI NIFTY SDL Plus AAA PSU Bond Apr 2026 75:25 Index Fund - Regular Plan - Growth Option,11.4441
2025-01-07,151364,UTI NIFTY SDL Plus AAA PSU Bond Apr 2026 75:25 Index Fund - Direct Plan - Growth Option,11.4989
2025-01-07,151365,Edelweiss CRISIL IBX 50:50 Gilt Plus SDL Short Duration Index fund - Direct Plan - Growth,11.5794
2025-01-07,151366,Axis Business Cycles Fund - Regular Plan - Growth,16.1
2025-01-07,151367,Axis Business Cycles Fund - Regular Plan - IDCW,16.1
2025-01-07,151368,Axis Business Cycles Fund - Direct Plan - Growth,16.53
2025-01-07,151369,Axis Business Cycles Fund - Direct Plan - IDCW,16.52
2025-01-07,151370,DSP Nifty SDL Plus G-Sec Sep 2027 50:50 Index Fund - Regular - Growth,11.5541
2025-01-07,151371,DSP Nifty SDL Plus G-Sec Sep 2027 50:50 Index Fund - Direct - IDCW,11.592
2025-01-07,151372,DSP Nifty SDL Plus G-Sec Sep 2027 50:50 Index Fund - Regular - IDCW,11.5541
2025-01-07,151373,DSP Nifty SDL Plus G-Sec Sep 2027 50:50 Index Fund - Direct - Growth,11.592
2025-01-07,151374,HDFC NIFTY Midcap 150 ETF - Growth Option,21.1856
2025-01-07,151375,HDFC NIFTY Smallcap 250 ETF - Growth Option,177.7215
2025-01-07,151376,HDFC BSE 500 ETF - Growth Option,35.6192
2025-01-07,151377,ITI Flexi Cap Fund- Regular Plan- Growth,17.7386
2025-01-07,151378,ITI Flexi Cap Fund- Regular Plan- IDCW,17.7386
2025-01-07,151379,ITI Flexi Cap Fund- Direct Plan- Growth,18.3591
2025-01-07,151380,ITI Flexi Cap Fund- Direct Plan- IDCW,18.3591
2025-01-07,151381,Kotak Banking & Financial Services Fund - Regular Plan - Growth,14.056
2025-01-07,151382,Kotak Banking & Financial Services Fund - Regular Plan - IDCW Payout,14.056
2025-01-07,151383,Kotak Banking & Financial Services Fund - Direct Plan - IDCW Payout,14.485
2025-01-07,151384,Kotak Banking & Financial Services Fund - Direct Plan - Growth,14.486
2025-01-07,151389,Nippon India Nifty SDL Plus G-Sec - Jun 2029 Maturity 70:30 Index Fund-Regular Plan-IDCW Option,11.5812
2025-01-07,151390,Nippon India Nifty SDL Plus G-Sec-Jun 2029 Maturity 70:30 Index Fund-Direct Plan-Growth Option,11.6227
2025-01-07,151391,Nippon India Nifty SDL Plus G-Sec-Jun 2029 Maturity 70:30 Index Fund-Direct Plan-IDCW Option,11.6227
2025-01-07,151392,Nippon India Nifty SDL Plus G-Sec-Jun 2029 Maturity 70:30 Index Fund-Regular Plan- Growth Option,11.5812
2025-01-07,151397,Edelweiss CRISIL IBX 50:50 Gilt Plus SDL Short Duration Index fund - Direct Plan - IDCW,11.5796
2025-01-07,151398,Edelweiss CRISIL IBX 50:50 Gilt Plus SDL Short Duration Index fund - Regular Plan - Growth,11.482
2025-01-07,151399,Edelweiss CRISIL IBX 50:50 Gilt Plus SDL Short Duration Index fund - Regular Plan - IDCW,11.4829
2025-01-07,151404,"PGIM India CRISIL IBX Gilt Index - Apr 2028 Fund - Regular Plan, Growth Option",11.5337
2025-01-07,151405,"PGIM India CRISIL IBX Gilt Index - Apr 2028 Fund - Regular Plan, IDCW Option",10.8422
2025-01-07,151406,"PGIM India CRISIL IBX Gilt Index - Apr 2028 Fund - Direct Plan, IDCW Option",10.8814
2025-01-07,151407,"PGIM India CRISIL IBX Gilt Index - Apr 2028 Fund - Direct Plan, Growth Option",11.5732
2025-01-07,151408,BANDHAN CRISIL IBX GILT APRIL 2032 INDEX FUND - DIRECT GROWTH,11.7734
2025-01-07,151409,BANDHAN CRISIL IBX GILT APRIL 2032 INDEX FUND - REGULAR GROWTH,11.718
2025-01-07,151410,BANDHAN CRISIL IBX GILT APRIL 2032 INDEX FUND - REGULAR IDCW,10.546
2025-01-07,151411,BANDHAN CRISIL IBX GILT APRIL 2032 INDEX FUND - DIRECT IDCW,10.9073
2025-01-07,151412,Mirae Asset Flexi Cap Fund - Direct Plan - Growth,15.595
2025-01-07,151413,Mirae Asset Flexi Cap Fund - Direct Plan -  IDCW,15.55
2025-01-07,151414,Mirae Asset Flexi Cap Fund - Regular Plan - Growth,15.161
2025-01-07,151415,Mirae Asset Flexi Cap Fund - Regular Plan - IDCW,15.167
2025-01-07,151416,Mirae Asset Gold ETF,75.875
2025-01-07,151417,Kotak Nifty SDL Jul 2033 Index Fund Regular Plan Growth Option,11.7733
2025-01-07,151418,Kotak Nifty SDL Jul 2033 Index Fund Direct Plan IDCW,11.4813
2025-01-07,151419,Kotak Nifty SDL Jul 2033 Index Fund Regular Plan IDCW,11.7733
2025-01-07,151420,Kotak Nifty SDL Jul 2033 Index Fund Direct Plan Growth Option,11.8286
2025-01-07,151425,Aditya Birla Sun Life CRISIL IBX SDL Jun 2032 INDEX FUND - Direct IDCW Payout,11.8019
2025-01-07,151426,Aditya Birla Sun Life CRISIL IBX SDL Jun 2032 INDEX FUND - Regular IDCW Payout,11.7235
2025-01-07,151427,Aditya Birla Sun Life CRISIL IBX SDL Jun 2032 INDEX FUND - Direct Growth,11.7999
2025-01-07,151428,Aditya Birla Sun Life CRISIL IBX SDL Jun 2032 INDEX FUND - Regular Growth,11.7233
2025-01-07,151433,AXIS CRISIL IBX 50:50 Gilt Plus SDL September 2027 Index Fund- REGULAR PLAN-GROWTH,11.5242
2025-01-07,151434,AXIS CRISIL IBX 50:50 Gilt Plus SDL September 2027 Index Fund- REGULAR PLAN-IDCW,11.5242
2025-01-07,151435,AXIS CRISIL IBX 50:50 Gilt Plus SDL September 2027 Index Fund- DIRECT PLAN-GROWTH,11.5704
2025-01-07,151436,AXIS CRISIL IBX 50:50 Gilt Plus SDL September 2027 Index Fund- DIRECT PLAN- IDCW,11.5702
2025-01-07,151439,Nippon India Nifty G-Sec Oct 2028 Maturity Index Fund-Regular Plan-Growth Option,11.5747
2025-01-07,151440,Nippon India Nifty G-Sec Oct 2028 Maturity Index Fund-Direct Plan-Growth Option,11.6108
2025-01-07,151441,Nippon India Nifty G-Sec Oct 2028 Maturity Index Fund-Regular Plan-IDCW Option,11.5747
2025-01-07,151442,Nippon India Nifty G-Sec Oct 2028 Maturity Index Fund-Direct Plan-IDCW Option,11.6108
2025-01-07,151443,Bank of India Multi Cap Fund Direct Plan - Growth,17.78
2025-01-07,151444,Bank of India Multi Cap Fund Direct Plan - IDCW,17.77
2025-01-07,151445,Bank of India Multi Cap Fund Regular Plan - Growth,17.45
2025-01-07,151446,Bank of India Multi Cap Fund Regular Plan - IDCW,17.44
2025-01-07,151447,DSP FMP Series - 270 - 1172 Days - Regular - Growth,11.4686
2025-01-07,151448,DSP FMP Series - 270 - 1172 Days - Regular - IDCW,11.4686
2025-01-07,151449,DSP FMP Series - 270 - 1172 Days - Direct - Growth,11.49
2025-01-07,151450,DSP FMP Series - 270 - 1172 Days - Direct - IDCW,11.4903
2025-01-07,151451,SBI Fixed Maturity Plan (FMP)-Series 78 (1170 Days) Direct Plan- Growth,11.4968
2025-01-07,151452,SBI Fixed Maturity Plan (FMP)-Series 78 (1170 Days) Direct Plan- Income Distribution Cum Capital Withdrawal Payout,11.496
2025-01-07,151453,SBI Fixed Maturity Plan (FMP)-Series 78 (1170 Days) Regular Plan- Income Distribution Cum Capital Withdrawal Payout,11.4671
2025-01-07,151454,SBI Fixed Maturity Plan (FMP)-Series 78 (1170 Days) Regular Plan- Growth,11.4674
2025-01-07,151455,HDFC Nifty SDL Oct 2026 Index Fund - Growth Option,11.5099
2025-01-07,151456,HDFC Nifty SDL Oct 2026 Index Fund - Growth Option - Direct Plan,11.5447
2025-01-07,151457,HDFC MNC Fund - Growth Option,13.629
2025-01-07,151458,HDFC MNC Fund - Growth Option - Direct Plan,13.931
2025-01-07,151459,HDFC MNC Fund - IDCW Option,13.629
2025-01-07,151460,HDFC MNC Fund - IDCW Option - Direct Plan,13.931
2025-01-07,151465,HDFC FMP 2638D February 2023 - Growth Option,11.7795
2025-01-07,151467,HDFC FMP 2638D February 2023 - Quarterly IDCW Option,10.144
2025-01-07,151468,HDFC FMP 2638D February 2023 - IDCW Option,11.7795
2025-01-07,151469,HDFC FMP 2638D February 2023 - Quarterly IDCW Option - Direct Plan,10.1454
2025-01-07,151470,HDFC FMP 2638D February 2023 - Growth Option - Direct Plan,11.8359
2025-01-07,151471,NAVI ELSS TAX SAVER NIFTY 50 INDEX FUND - DIRECT PLAN GROWTH,14.1748
2025-01-07,151472,NAVI ELSS TAX SAVER NIFTY 50 INDEX FUND - REGULAR PLAN GROWTH,13.9099
2025-01-07,151473,NAVI ELSS TAX SAVER NIFTY 50 INDEX FUND - DIRECT PLAN IDCW PAYOUT,14.1815
2025-01-07,151474,NAVI ELSS TAX SAVER NIFTY 50 INDEX FUND - REGULAR PLAN IDCW PAYOUT,13.965
2025-01-07,151475,SBI Dividend Yield Fund - Direct Plan - Income Distribution cum Capital Withdrawal (IDCW) Option,15.0685
2025-01-07,151476,SBI Dividend Yield Fund - Regular Plan - Growth,14.7782
2025-01-07,151477,SBI Dividend Yield Fund - Regular Plan - Income Distribution cum Capital Withdrawal (IDCW) Option,14.778
2025-01-07,151478,SBI Dividend Yield Fund - Direct Plan - Growth,15.0672
2025-01-07,151479,HSBC CRISIL IBX Gilt June 2027 Index Fund - Direct - Growth,11.4453
2025-01-07,151480,HSBC CRISIL IBX Gilt June 2027 Index Fund - Regular - Growth,11.388
2025-01-07,151481,HSBC CRISIL IBX Gilt June 2027 Index Fund - Regular - IDCW,11.388
2025-01-07,151482,HSBC CRISIL IBX Gilt June 2027 Index Fund - Direct - IDCW,11.4455
2025-01-07,151483,UTI Fixed Term Income Fund Series XXXVI - I (1574 Days) - Regular Plan - Growth Option,11.548
2025-01-07,151484,UTI Fixed Term Income Fund Series XXXVI - I (1574 Days) - Direct Plan - Payout of IDCW Option,11.127
2025-01-07,151485,UTI Fixed Term Income Fund Series XXXVI - I (1574 Days) - Direct Plan - Growth Option,11.6348
2025-01-07,151486,UTI Fixed Term Income Fund Series XXXVI - I (1574 Days) - Regular Plan - Payout of IDCW Option,11.0419
2025-01-07,151487,UTI NIFTY SDL Plus AAA PSU Bond Apr 2028- 75:25 Index Fund - Direct Plan - Growth Option,11.5794
2025-01-07,151488,UTI NIFTY SDL Plus AAA PSU Bond Apr 2028- 75:25 Index Fund - Regular Plan - Growth Option,11.5308
2025-01-07,151489,HDFC Nifty G-Sec Jun 2036 Index Fund - Growth Option - Direct Plan,11.8974
2025-01-07,151490,HDFC Nifty G-Sec Jun 2036 Index Fund - Growth Option,11.8557
2025-01-07,151491,ICICI Prudential Fixed Maturity Plan - Series 88 - 1303 Days Plan S - Growth,11.4484
2025-01-07,151492,ICICI Prudential Fixed Maturity Plan - Series 88 - 1303 Days Plan S - Direct Plan - IDCW,11.5006
2025-01-07,151493,ICICI Prudential Fixed Maturity Plan - Series 88 - 1303 Days Plan S - Direct Plan - Growth,11.5005
2025-01-07,151494,ICICI Prudential Fixed Maturity Plan - Series 88 - 1303 Days Plan S - IDCW,11.4484
2025-01-07,151495,HDFC Nifty G-Sec Apr 2029 Index Fund - Growth Option - Direct Plan,11.6557
2025-01-07,151496,HDFC Nifty G-Sec Apr 2029 Index Fund - Growth Option,11.6202
2025-01-07,151501,Axis Fixed Term Plan - Series 112 (1143 Days) - Direct Plan - Growth,11.547
2025-01-07,151503,Axis Fixed Term Plan - Series 112 (1143 Days) - Regular Plan - Quarterly IDCW Payout,11.5018
2025-01-07,151504,Axis Fixed Term Plan - Series 112 (1143 Days) - Regular Plan -  Half Yearly IDCW Payout,11.5015
2025-01-07,151506,Axis Fixed Term Plan - Series 112 (1143 Days) - Regular  Plan - Growth,11.5015
2025-01-07,151523,UTI Long Duration Fund - Direct Plan - Growth Option,11.8296
2025-01-07,151524,UTI Long duration Fund - Direct Plan - Quarterly IDCW Option,11.8296
2025-01-07,151525,UTI Long Duration Fund - Direct Plan - Annual IDCW Option,11.3478
2025-01-07,151526,UTI Long Duration Fund - Direct Plan - Flexi IDCW Option,11.6798
2025-01-07,151527,UTI Long Duration Fund - Regular Plan - Growth Option,11.6303
2025-01-07,151528,UTI Long Duration Fund - Regular Plan - Quarterly IDCW Option,11.6304
2025-01-07,151529,UTI Long Duration Fund - Regular Plan - Half Yearly IDCW Option,11.6304
2025-01-07,151530,UTI Long Duration Fund - Direct Plan - Half Yearly IDCW Option,11.8296
2025-01-07,151531,UTI Long Duration Fund - Regular Plan - Annual IDCW Option,11.1519
2025-01-07,151532,UTI Long Duration Fund - Regular Plan - Flexi IDCW Option,11.6305
2025-01-07,151533,Aditya Birla Sun Life CRISIL Liquid Overnight ETF - IDCW Daily Reinvestment with Weekly Payout,1000.0
2025-01-07,151546,Bandhan US Treasury Bond 0-1 year specific Debt Passive FOF - REGULAR PLAN - GROWTH,11.3278
2025-01-07,151547,Bandhan US Treasury Bond 0-1 year specific Debt Passive FOF- REGULAR PLAN- IDCW,11.3278
2025-01-07,151548,Bandhan US Treasury Bond 0-1 year specific Debt Passive FOF - DIRECT PLAN - GROWTH,11.3395
2025-01-07,151549,Bandhan US Treasury Bond 0-1 year specific Debt Passive FOF - DIRECT PLAN - IDCW,11.3395
2025-01-07,151556,SBI Fixed Maturity Plan (FMP) - Series 79 (1130 Days) - Regular Plan - Growth,11.4268
2025-01-07,151557,SBI Fixed Maturity Plan (FMP) - Series 79 (1130 Days) - Regular Plan - Income Distribution cum Capital Withdrawal Payout,11.4269
2025-01-07,151558,SBI Fixed Maturity Plan (FMP) - Series 79 (1130 Days) - Direct Plan - Income Distribution cum Capital Withdrawal Payout,11.4555
2025-01-07,151559,SBI Fixed Maturity Plan (FMP) - Series 79 (1130 Days) - Direct Plan - Growth,11.4551
2025-01-07,151560,Aditya Birla Sun Life Nifty SDL SEP 2027 Index Fund-Regular Growth,11.5155
2025-01-07,151561,Aditya Birla Sun Life Nifty SDL SEP 2027 Index Fund-Regular IDCW,11.5155
2025-01-07,151562,Aditya Birla Sun Life Nifty SDL SEP 2027 Index Fund-Direct Growth,11.5707
2025-01-07,151563,Aditya Birla Sun Life Nifty SDL SEP 2027 Index Fund-Direct IDCW,11.5702
2025-01-07,151564,HDFC FMP 1269D March 2023 - Growth Option,11.3554
2025-01-07,151565,HDFC FMP 1269D March 2023 - Growth Option - Direct Plan,11.4068
2025-01-07,151566,HDFC FMP 1269D March 2023 - IDCW Option,11.3554
2025-01-07,151567,HDFC FMP 1269D March 2023 - IDCW Option - Direct Plan,11.4068
2025-01-07,151568,HDFC FMP 1269D March 2023 - Quarterly IDCW Option,10.0361
2025-01-07,151569,HDFC FMP 1269D March 2023 - Quarterly IDCW Option - Direct Plan,10.0374
2025-01-07,151570,HDFC NIFTY SDL Plus G-Sec Jun 2027 40:60 Index Fund - Growth Option - Direct Plan,11.4404
2025-01-07,151571,HDFC NIFTY SDL Plus G-Sec Jun 2027 40:60 Index Fund - Growth Option,11.4095
2025-01-07,151572,ICICI Prudential Nifty PSU Bank ETF,64.3928
2025-01-07,151573,Baroda BNP Paribas NIFTY SDL December 2028 Index Fund - Regular Plan - IDCW Option,10.7259
2025-01-07,151574,Baroda BNP Paribas NIFTY SDL December 2028 Index Fund - Direct Plan - Growth Option,11.5651
2025-01-07,151575,Baroda BNP Paribas NIFTY SDL December 2028 Index Fund - Direct Plan - IDCW Option,10.8507
2025-01-07,151576,Baroda BNP Paribas NIFTY SDL December 2028 Index Fund - Regular Plan - Growth Option,11.503
2025-01-07,151577,Aditya Birla Sun Life Crisil IBX Gilt Apr 2028 Index Fund-Direct Growth,11.4156
2025-01-07,151578,ICICI Prudential Innovation Fund - Direct Plan - IDCW,17.92
2025-01-07,151579,ICICI Prudential Innovation Fund - Growth,17.55
2025-01-07,151580,ICICI Prudential Innovation Fund - Direct Plan - Growth,17.92
2025-01-07,151581,ICICI Prudential Innovation Fund - IDCW,17.55
2025-01-07,151582,Aditya Birla Sun Life Crisil IBX Gilt Apr 2028 Index Fund-Regular IDCW,11.3575
2025-01-07,151583,Aditya Birla Sun Life Crisil IBX Gilt Apr 2028 Index Fund-Regular Growth,11.358
2025-01-07,151584,Aditya Birla Sun Life Crisil IBX Gilt Apr 2028 Index Fund-Direct IDCW,11.4195
2025-01-07,151585,Axis BSE Sensex ETF,79.6163
2025-01-07,151586,Axis Fixed Term Plan - Series 113 (1228 Days) - Direct Plan - Growth,11.4013
2025-01-07,151587,Axis Fixed Term Plan - Series 113 (1228 Days) - Direct Plan - Quarterly IDCW,11.4013
2025-01-07,151588,Axis Fixed Term Plan - Series 113 (1228 Days) - Regular Plan - Growth,11.3531
2025-01-07,151589,Axis Fixed Term Plan - Series 113 (1228 Days) - Regular Plan - Quarterly IDCW,11.3559
2025-01-07,151590,Invesco India Nifty G-sec Jul 2027 Index Fund - Regular Plan - Growth,1140.9021
2025-01-07,151591,Invesco India Nifty G-sec Jul 2027 Index Fund - Regular Plan - IDCW Payout,1140.9153
2025-01-07,151592,Invesco India Nifty G-sec Jul 2027 Index Fund - Direct Plan - IDCW Payout,1143.9951
2025-01-07,151593,Invesco India Nifty G-sec Jul 2027 Index Fund - Direct Plan - Growth,1143.9965
2025-01-07,151594,Invesco India Nifty G-sec Sep 2032 Index Fund - Regular Plan - Growth,1161.0726
2025-01-07,151595,Invesco India Nifty G-sec Sep 2032 Index Fund - Regular Plan - IDCW Payout,1161.0563
2025-01-07,151596,Invesco India Nifty G-sec Sep 2032 Index Fund - Direct Plan - IDCW Payout,1164.1281
2025-01-07,151597,Invesco India Nifty G-sec Sep 2032 Index Fund - Direct Plan - Growth,1164.1272
2025-01-07,151602,Kotak Silver ETF Fund of Fund - Regular Plan - Growth Option,12.1177
2025-01-07,151603,Kotak Silver ETF Fund of Fund - Direct Plan - Growth Option,12.2163
2025-01-07,151604,Mirae Asset Nifty 100 Low Volatility 30 ETF,196.1911
2025-01-07,151609,NJ ELSS Tax Saver Scheme Regular Growth,14.7
2025-01-07,151610,NJ ELSS Tax Saver Scheme Regular IDCW,14.7
2025-01-07,151611,NJ ELSS Tax Saver Scheme Direct Growth,15.12
2025-01-07,151612,NJ ELSS Tax Saver Scheme Direct IDCW,15.12
2025-01-07,151617,TRUSTMF FIXED MATURITY PLAN -SERIES II (1196 DAYS)-REGULAR PLAN -GROWTH,1157.9013
2025-01-07,151618,TRUSTMF FIXED MATURITY PLAN -SERIES II (1196 DAYS)-REGULAR PLAN -IDCW PAYOUT,1157.9009
2025-01-07,151620,TRUSTMF FIXED MATURITY PLAN -SERIES II (1196 DAYS)-DIRECT PLAN -GROWTH,1160.2537
2025-01-07,151622,Union Fixed Maturity Plan - Series 13 - Direct Plan - Growth Option,11.361
2025-01-07,151623,Union Fixed Maturity Plan - Series 13 - Regular Plan - IDCW Payout Option,11.3005
2025-01-07,151624,Union Fixed Maturity Plan - Series 13 - Regular Plan - Growth Option,11.3005
2025-01-07,151629,Axis Fixed Term Plan - Series 113 (1228 Days) - Regular Plan - Half Yearly IDCW,11.3531
2025-01-07,151639,SBI Fixed Maturity Plan (FMP)-Series 81 (1157 Days) Direct Plan- Growth,11.4
2025-01-07,151640,SBI Fixed Maturity Plan (FMP)-Series 81 (1157 Days) Direct Plan- Income Distribution Cum Capital Withdrawal Payout,11.3997
2025-01-07,151641,SBI Fixed Maturity Plan (FMP)-Series 81 (1157 Days) Regular Plan- Growth,11.3726
2025-01-07,151642,SBI Fixed Maturity Plan (FMP)-Series 81 (1157 Days) Regular Plan- Income Distribution Cum Capital Withdrawal Payout,11.3726
2025-01-07,151647,Kotak Nifty Smallcap 50 Index Fund - Regular Plan - Growth,20.403
2025-01-07,151648,Kotak Nifty Smallcap 50 Index Fund - Regular Plan - IDCW,20.403
2025-01-07,151649,Kotak Nifty Smallcap 50 Index Fund - Direct Plan - Growth,20.632
2025-01-07,151650,Kotak Nifty Smallcap 50 Index Fund - Direct Plan - IDCW,20.643
2025-01-07,151671,Nippon India Fixed Maturity Plan-XLV-Series 4-Direct Plan-Payout of IDCW,11.3835
2025-01-07,151672,Nippon India Fixed Maturity Plan-XLV-Series 4-Regular Plan-Growth Option,11.3431
2025-01-07,151673,Nippon India Fixed Maturity Plan-XLV-Series 4-Regular Plan-Payout of IDCW,11.3431
2025-01-07,151674,Nippon India Fixed Maturity Plan-XLV-Series 4-Direct Plan-Growth Option,11.3835
2025-01-07,151679,Kotak FMP Series 308 - Regular Plan - Growth,11.4354
2025-01-07,151680,Kotak FMP Series 308 - Regular Plan - IDCW Payout,11.4354
2025-01-07,151681,Kotak FMP Series 308 - Direct Plan - Growth,11.5002
2025-01-07,151682,Kotak FMP Series 308 - Direct Plan - IDCW Payout,11.4994
2025-01-07,151683,Kotak FMP Series 310 - Regular Plan - Growth Option,11.3295
2025-01-07,151685,Kotak FMP Series 310 - Regular Plan - IDCW Payout option,11.3291
2025-01-07,151686,Kotak FMP Series 310 - Direct Plan - Growth Option,11.3809
2025-01-07,151691,Mirae Asset Nifty SDL June 2028 Index Fund - Direct Plan - Growth,11.486
2025-01-07,151692,Mirae Asset Nifty SDL June 2028 Index Fund - Direct Plan - IDCW,11.4861
2025-01-07,151693,Mirae Asset Nifty SDL June 2028 Index Fund - Regular Plan - IDCW,11.4107
2025-01-07,151694,Mirae Asset Nifty SDL June 2028 Index Fund -Regular Plan - Growth,11.4105
2025-01-07,151695,Mirae Asset Nifty 8-13 yr Gsec ETF,27.6261
2025-01-07,151700,Aditya Birla Sun Life Fixed Term Plan - Series UJ (1110 days) - Direct Plan - Growth Option,11.3957
2025-01-07,151701,Aditya Birla Sun Life Fixed Term Plan - Series UJ (1110 days) - Regular Plan - Payout of IDCW Option,11.3764
2025-01-07,151702,Aditya Birla Sun Life Fixed Term Plan - Series UJ (1110 days) - Direct Plan - Payout of IDCW Option,11.4019
2025-01-07,151703,Aditya Birla Sun Life Fixed Term Plan - Series UJ (1110 days) - Regular Plan - Growth Option,11.3753
2025-01-07,151708,Nippon India Fixed Maturity Plan-XLV-Series 5-Direct Plan-Growth Option,11.6573
2025-01-07,151710,Nippon India Fixed Maturity Plan-XLV-Series 5-Regular Plan-Growth Option,11.5979
2025-01-07,151711,Nippon India Fixed Maturity Plan-XLV-Series 5-Regular Plan-Payout of IDCW,11.5979
2025-01-07,151712,quant Dynamic Asset Allocation Fund - IDCW Option - Direct Plan,16.5036
2025-01-07,151713,quant Dynamic Asset Allocation Fund - Growth Option - Direct Plan,16.5078
2025-01-07,151714,quant Dynamic Asset Allocation Fund - Growth Option - Regular Plan,16.0656
2025-01-07,151715,quant Dynamic Asset Allocation Fund - IDCW Option - Regular Plan,16.0672
2025-01-07,151724,HDFC NIFTY Midcap 150 Index Fund - Growth Option - Direct Plan,17.9305
2025-01-07,151725,HDFC NIFTY Midcap 150 Index Fund - Growth Option,17.7396
2025-01-07,151726,HDFC NIFTY Smallcap 250 Index Fund - Growth Option,19.0517
2025-01-07,151727,HDFC NIFTY Smallcap 250 Index Fund - Growth Option - Direct Plan,19.256
2025-01-07,151728,HDFC BSE 500 Index Fund - Growth Option - Direct Plan,15.0089
2025-01-07,151729,HDFC BSE 500 Index Fund - Regular Plan - Growth Option,14.8456
2025-01-07,151730,UTI Silver Exchange Traded Fund,87.8023
2025-01-07,151731,UTI Silver ETF Fund of Fund - Direct Plan - Growth Option,11.7557
2025-01-07,151732,UTI Silver ETF Fund of Fund - Regular Plan - Growth Option,11.679
2025-01-07,151737,DSP Gold ETF,75.7699
2025-01-07,151738,UTI Nifty 500 Value 50 Index Fund - Regular Plan - Growth Option,18.3135
2025-01-07,151739,UTI Nifty 500 Value 50 Index Fund - Direct Plan - Growth Option,18.4632
2025-01-07,151745,WhiteOak Capital Multi Asset Allocation Fund Direct Plan Growth,13.294
2025-01-07,151746,WhiteOak Capital Multi Asset Allocation Fund Regular Plan Growth,13.037
2025-01-07,151747,Baroda BNP Paribas Value Fund - Regular Plan - Growth option,13.8574
2025-01-07,151748,HDFC Defence Fund - IDCW Option,21.047
2025-01-07,151749,HDFC Defence Fund - IDCW Option - Direct Plan,21.46
2025-01-07,151750,HDFC Defence Fund - Growth Option - Direct Plan,21.46
2025-01-07,151751,HDFC Defence Fund - Growth Option,21.047
2025-01-07,151752,Samco Active Momentum Fund - Regular Plan - Growth Option,15.4
2025-01-07,151753,Samco Active Momentum Fund - Direct Plan - Growth Option,15.73
2025-01-07,151754,Baroda BNP Paribas Value Fund - Regular Plan - IDCW option,13.8574
2025-01-07,151755,Baroda BNP Paribas Value Fund - Direct Plan - Growth option,14.1947
2025-01-07,151756,Baroda BNP Paribas Value Fund - Direct Plan - IDCW option,14.1947
2025-01-07,151757,quant Business Cycle Fund - Growth Option - Direct Plan,17.0745
2025-01-07,151758,quant Business Cycle Fund - Growth Option - Regular Plan,16.6538
2025-01-07,151759,quant Business Cycle Fund - IDCW Option - Direct Plan,17.0637
2025-01-07,151760,quant Business Cycle Fund - IDCW Option - Regular Plan,16.6698
2025-01-07,151761,UTI Nifty50 Equal Weight Index Fund - Regular Plan - Growth Option,13.4853
2025-01-07,151762,UTI Nifty50 Equal Weight Index Fund - Direct Plan - Growth Option,13.5829
2025-01-07,151763,UTI BSE Housing Index Fund - Regular Plan - Growth Option,14.9609
2025-01-07,151764,UTI BSE Housing Index Fund - Direct Plan - Growth Option,15.0686
2025-01-07,151765,SBI BSE Sensex Index Fund - Regular Plan - Growth,12.6666
2025-01-07,151766,SBI BSE Sensex Index Fund - Regular Plan - IDCW,12.6666
2025-01-07,151769,SBI BSE Sensex Index Fund - Direct Plan - Growth,12.7175
2025-01-07,151770,SBI BSE Sensex Index Fund - Direct Plan - IDCW,12.7175
2025-01-07,151775,ITI Focused Fund - Regular Plan - IDCW,14.6015
2025-01-07,151776,ITI Focused Fund - Direct Plan - IDCW,15.0417
2025-01-07,151777,ITI Focused Fund - Direct Plan - Growth,15.0417
2025-01-07,151778,ITI Focused Fund - Regular Plan - Growth,14.6015
2025-01-07,151779,Mirae Asset Silver ETF,88.5308
2025-01-07,151780,Kotak Nifty 200 Momentum 30 Index Fund - Regular Plan - IDCW Payout,15.282
2025-01-07,151781,Kotak Nifty 200 Momentum 30 Index Fund - Direct Plan - Growth Option,15.401
2025-01-07,151782,Kotak Nifty 200 Momentum 30 Index Fund - Direct Plan - IDCW Payout,15.401
2025-01-07,151783,Kotak Nifty 200 Momentum 30 Index Fund - Regular Plan - Growth Option,15.282
2025-01-07,151784,Axis Nifty IT Index Fund - Regular Plan - IDCW,14.6415
2025-01-07,151785,Axis Nifty IT Index Fund - Direct Plan - Growth,14.7836
2025-01-07,151786,Axis Nifty IT Index Fund - Direct Plan - IDCW,14.7836
2025-01-07,151787,Axis Nifty IT Index Fund - Regular Plan - Growth,14.6415
2025-01-07,151788,quant BFSI Fund - Growth Option - Regular Plan,15.7912
2025-01-07,151789,quant BFSI Fund - IDCW Option - Regular Plan,15.7901
2025-01-07,151790,quant BFSI Fund - IDCW Option - Direct Plan,16.217
2025-01-07,151791,quant BFSI Fund - Growth Option - Direct Plan,16.198
2025-01-07,151792,Edelweiss Multi Asset Allocation Fund - Direct Plan - Growth,11.2513
2025-01-07,151793,Edelweiss Multi Asset Allocation Fund - Direct Plan - IDCW Option,11.2513
2025-01-07,151794,Edelweiss Multi Asset Allocation Fund - Regular Plan - IDCW Option,11.1966
2025-01-07,151795,Edelweiss Multi Asset Allocation Fund - Regular Plan - Growth,11.1966
2025-01-07,151796,360 ONE FLEXICAP FUND-DIRECT PLAN- GROWTH,15.4661
2025-01-07,151797,360 ONE FLEXICAP FUND-REGULAR PLAN- IDCW,15.0881
2025-01-07,151798,360 ONE FLEXICAP FUND-DIRECT PLAN- IDCW,15.4661
2025-01-07,151799,360 ONE FLEXICAP FUND-REGULAR PLAN- GROWTH,15.0881
2025-01-07,151802,HDFC Consumption Fund - IDCW Option,14.312
2025-01-07,151803,HDFC Consumption Fund - Growth Option,14.312
2025-01-07,151804,HDFC Consumption Fund - Growth Option - Direct Plan,14.579
2025-01-07,151805,HDFC Consumption Fund - IDCW Option - Direct Plan,14.579
2025-01-07,151810,Mirae Asset Multicap Fund - Direct Plan - Growth,13.881
2025-01-07,151811,Mirae Asset Multicap Fund - Direct Plan - IDCW,13.88
2025-01-07,151812,Mirae Asset Multicap Fund - Regular Plan - Growth,13.592
2025-01-07,151813,Mirae Asset Multicap Fund - Regular Plan - IDCW,13.584
2025-01-07,151814,Motilal Oswal Nifty Microcap 250 Index Fund- Direct- Growth Option,18.5912
2025-01-07,151815,Motilal Oswal Nifty Microcap 250 Index Fund- Regular- Growth Option,18.4046
2025-01-07,151816,BANDHAN FINANCIAL SERVICES FUND - DIRECT PLAN - GROWTH,14.114
2025-01-07,151817,BANDHAN FINANCIAL SERVICES FUND - DIRECT PLAN - IDCW,14.107
2025-01-07,151818,BANDHAN FINANCIAL SERVICES FUND - REGULAR PLAN - GROWTH,13.777
2025-01-07,151819,BANDHAN FINANCIAL SERVICES FUND - REGULAR PLAN - IDCW,13.778
2025-01-07,151820,DSP Nifty IT ETF,44.3485
2025-01-07,151821,Canara Robeco Multi Cap Fund - Regular Plan - Growth Option,14.11
2025-01-07,151822,Canara Robeco Multi Cap Fund - Direct Plan - IDCW Option,14.27
2025-01-07,151823,Canara Robeco Multi Cap Fund - Regular Plan - IDCW Option,13.96
2025-01-07,151824,Canara Robeco Multi Cap Fund - Direct Plan - Growth Option,14.42
2025-01-07,151833,Bajaj Finserv Liquid Fund - Direct Plan - Growth,1113.4146
2025-01-07,151834,Bajaj Finserv Liquid Fund - Direct Plan - Weekly - IDCW,1034.8869
2025-01-07,151835,Bajaj Finserv Liquid Fund - Direct Plan - Daily - IDCW,1034.6939
2025-01-07,151836,Bajaj Finserv Liquid Fund - Direct Plan - Monthly - IDCW,1039.212
2025-01-07,151837,Bajaj Finserv Liquid Fund - Regular Plan - Growth,1110.5535
2025-01-07,151838,Bajaj Finserv Liquid Fund - Direct Plan - Fortnightly - IDCW,1036.7059
2025-01-07,151839,Bajaj Finserv Liquid Fund - Regular Plan - Daily - IDCW,1033.8241
2025-01-07,151840,Bajaj Finserv Liquid Fund - Regular Plan - Weekly - IDCW,1034.006
2025-01-07,151841,Bajaj Finserv Liquid Fund - Regular Plan - Fortnightly - IDCW,1035.7997
2025-01-07,151842,Bajaj Finserv Liquid Fund - Regular Plan - Monthly - IDCW,1038.2238
2025-01-07,151843,Bajaj Finserv Overnight Fund - Direct Plan - Daily - IDCW,1033.1412
2025-01-07,151844,Bajaj Finserv Overnight Fund - Direct Plan - Weekly - IDCW,1033.3258
2025-01-07,151845,Bajaj Finserv Overnight Fund - Direct Plan - Monthly - IDCW,1037.2194
2025-01-07,151846,Bajaj Finserv Overnight Fund - Regular Plan - Weekly - IDCW,1033.0618
2025-01-07,151847,Bajaj Finserv Overnight Fund - Regular Plan - Fortnightly - IDCW,1034.3468
2025-01-07,151848,Bajaj Finserv Overnight Fund - Regular Plan - Monthly - IDCW,1036.9469
2025-01-07,151849,Bajaj Finserv Overnight Fund - Direct Plan - Growth,1103.7014
2025-01-07,151850,Bajaj Finserv Overnight Fund - Direct Plan - Fortnightly - IDCW,1034.6101
2025-01-07,151851,Bajaj Finserv Overnight Fund - Regular Plan - Growth,1102.8673
2025-01-07,151852,Bajaj Finserv Overnight Fund - Regular Plan - Daily - IDCW,1032.8859
2025-01-07,151853,quant Healthcare Fund - Growth Option - Direct Plan,16.4825
2025-01-07,151854,quant Healthcare Fund - IDCW Option - Direct Plan,16.4816
2025-01-07,151855,quant Healthcare Fund - Growth Option - Regular Plan,16.0867
2025-01-07,151856,quant Healthcare Fund - IDCW Option - Regular Plan,16.0867
2025-01-07,151857,Mirae Asset Nifty Bank ETF,506.0296
2025-01-07,151862,HDFC Charity Fund for Cancer Cure - IDCW Option - Direct Plan - 50% IDCW Donation Option,10.1687
2025-01-07,151863,HDFC Charity Fund for Cancer Cure - IDCW Option - 75% IDCW Donation Option,10.1687
2025-01-07,151864,HDFC Charity Fund for Cancer Cure - IDCW Option - Direct Plan - 75% IDCW Donation Option,10.1687
2025-01-07,151865,HDFC Charity Fund for Cancer Cure - IDCW Option - 50% IDCW Donation Option,10.1687
2025-01-07,151878,Kotak Quant Fund - Regular Plan - Growth Option,14.656
2025-01-07,151879,Kotak Quant Fund - Regular Plan - IDCW Payout,14.656
2025-01-07,151880,Kotak Quant Fund - Direct plan - IDCW Payout,14.706
2025-01-07,151881,Kotak Quant Fund - Direct Plan - Growth Option,14.706
2025-01-07,151882,UTI Balanced Advantage Fund - Regular Plan - Growth Option,12.0379
2025-01-07,151883,UTI Balanced Advantage Fund - Direct Plan - Payout of IDCW Option,12.2853
2025-01-07,151884,UTI Balanced Advantage Fund - Regular Plan - Payout of IDCW Option,12.038
2025-01-07,151885,UTI Balanced Advantage Fund - Direct Plan - Growth Option,12.2853
2025-01-07,151886,DSP BSE Sensex ETF,79.1633
2025-01-07,151887,DSP Nifty Private Bank ETF,24.7774
2025-01-07,151888,DSP Nifty PSU Bank ETF,63.8988
2025-01-07,151889,Bajaj Finserv Money Market Fund-Direct Plan-Growth,1116.5559
2025-01-07,151890,Bajaj Finserv Money Market Fund-Direct Plan-IDCW,1116.5559
2025-01-07,151891,Bajaj Finserv Money Market Fund-Regular Plan-IDCW,1107.6207
2025-01-07,151892,Bajaj Finserv Money Market Fund-Regular Plan-Monthly-IDCW,1044.1166
2025-01-07,151893,Bajaj Finserv Money Market Fund-Regular Plan-Growth,1107.6207
2025-01-07,151894,Bajaj Finserv Money Market Fund-Direct Plan-Monthly-IDCW,1039.6567
2025-01-07,151895,Bajaj Finserv Flexi Cap Fund-Direct Plan-Growth,14.26
2025-01-07,151896,Bajaj Finserv Flexi Cap Fund-Direct Plan-IDCW,14.26
2025-01-07,151897,Bajaj Finserv Flexi Cap Fund-Regular Plan-IDCW,13.969
2025-01-07,151898,Bajaj Finserv Flexi Cap Fund -Regular Plan-Growth,13.969
2025-01-07,151899,HDFC Transportation and Logistics Fund - IDCW Option - Direct Plan,15.185
2025-01-07,151900,HDFC Transportation and Logistics Fund - Growth Option,14.93
2025-01-07,151901,HDFC Transportation and Logistics Fund - Growth Option - Direct Plan,15.185
2025-01-07,151902,HDFC Transportation and Logistics Fund - IDCW Option,14.93
2025-01-07,151903,Union Innovation & Opportunities Fund - Regular Plan - Growth Option,14.71
2025-01-07,151904,Union Innovation & Opportunities Fund - Direct Plan - IDCW Option,15.0
2025-01-07,151905,Union Innovation & Opportunities Fund - Direct Plan - Growth Option,15.0
2025-01-07,151906,Union Innovation & Opportunities Fund - Regular Plan - IDCW Option,14.71
2025-01-07,151907,ICICI Prudential Nifty 200 Quality 30 ETF,21.0589
2025-01-07,151908,Mirae Asset Nifty 1D Rate Liquid ETF-IDCW,1000.0
2025-01-07,151909,Kotak Nifty Financial Services Ex-Bank Index Fund - Regular Plan - Growth option,13.291
2025-01-07,151910,Kotak Nifty Financial Services Ex-Bank Index Fund - Regular Plan - IDCW option,13.292
2025-01-07,151911,Kotak Nifty Financial Services Ex-Bank Index Fund - Direct Plan - Growth option,13.399
2025-01-07,151912,Kotak Nifty Financial Services Ex-Bank Index Fund - Direct Plan - IDCW option,13.399
2025-01-07,151913,quant Manufacturing Fund - Growth Option - Regular Plan,15.3475
2025-01-07,151914,quant Manufacturing Fund - IDCW Option - Direct Plan,15.6954
2025-01-07,151915,quant Manufacturing Fund - IDCW Option - Regular Plan,15.4657
2025-01-07,151916,quant Manufacturing Fund - Growth Option - Direct Plan,15.6975
2025-01-07,151917,NJ Flexi Cap Fund - Direct Plan - Growth Option,14.01
2025-01-07,151918,NJ Flexi Cap Fund - Direct Plan - IDCW Option,14.01
2025-01-07,151919,NJ Flexi Cap Fund - Regular Plan - IDCW Option,13.69
2025-01-07,151920,NJ Flexi Cap Fund - Regular Plan - Growth Option,13.69
2025-01-07,151927,LIC MF Liquid Fund-Regular Plan-Weekly IDCW,1002.1501
2025-01-07,151928,LIC MF Liquid Fund-Regular Plan-Monthly IDCW,1107.0784
2025-01-07,151930,LIC MF Liquid Fund-Direct Plan-Monthly IDCW,1124.2838
2025-01-07,151932,LIC MF Liquid Fund-Direct Plan-Weekly IDCW,1016.3303
2025-01-07,151935,LIC MF Nifty Next 50 Index Fund-Regular Plan-Growth,49.5995
2025-01-07,151936,LIC MF Nifty Next 50 Index Fund-Regular Plan-IDCW,49.5995
2025-01-07,151937,LIC MF Nifty Next 50 Index Fund-Direct Plan-Growth,54.247
2025-01-07,151938,LIC MF Nifty Next 50 Index Fund-Direct Plan-IDCW,54.247
2025-01-07,151949,LIC MF Equity Savings Fund-Regular Plan-Monthly IDCW,20.734
2025-01-07,151950,LIC MF Equity Savings Fund-Regular Plan-Growth,26.3165
2025-01-07,151951,LIC MF Equity Savings Fund-Regular Plan-Quarterly IDCW,19.603
2025-01-07,151952,LIC MF Equity Savings Fund-Direct Plan-Growth,29.5344
2025-01-07,151953,LIC MF Equity Savings Fund-Direct Plan-Monthly IDCW,19.9507
2025-01-07,151954,LIC MF Equity Savings Fund-Direct Plan-Quarterly IDCW,16.4544
2025-01-07,151955,LIC MF Short Duration Fund-Regular Plan-Monthly IDCW,13.9849
2025-01-07,151956,LIC MF Short Duration Fund-Regular Plan-Weekly IDCW,12.7106
2025-01-07,151959,LIC MF Short Duration Fund-Direct Plan-Monthly IDCW,14.8677
2025-01-07,151960,LIC MF Short Duration Fund-Direct Plan-Weekly IDCW,14.867
2025-01-07,151961,LIC MF Gold Exchange Traded Fund,7013.7759
2025-01-07,151973,LIC MF Gold ETF Fund of Fund-Regular Plan-Growth,20.3514
2025-01-07,151974,LIC MF Gold ETF Fund of Fund-Direct Plan-Growth,21.4051
2025-01-07,151986,LIC MF Medium to Long Duration Fund-Regular Plan-Quarterly IDCW,15.1953
2025-01-07,151988,LIC MF Medium to Long Duration Fund-Direct Plan-Quarterly IDCW,17.9626
2025-01-07,151989,LIC MF Medium to Long Duration Fund-Regular Plan-Annual IDCW,15.1954
2025-01-07,151990,LIC MF Medium to Long Duration Fund-Direct Plan-Annual IDCW,17.9625
2025-01-07,151999,LIC MF Mid Cap Fund-Direct Plan-IDCW,31.1743
2025-01-07,152000,LIC MF Mid Cap Fund-Regular Plan-IDCW,28.013
2025-01-07,152001,LIC MF Mid Cap Fund-Regular Plan-Growth,29.8481
2025-01-07,152002,LIC MF Mid Cap Fund-Direct Plan-Growth,33.1712
2025-01-07,152003,LIC MF Small Cap Fund-Regular Plan-Growth,34.1948
2025-01-07,152004,LIC MF Small Cap Fund-Direct Plan-Growth,37.9796
2025-01-07,152005,LIC MF Small Cap Fund-Direct Plan-IDCW,37.9743
2025-01-07,152006,LIC MF Small Cap Fund-Regular Plan-IDCW,34.1947
2025-01-07,152007,LIC MF Focused Fund-Regular Plan-IDCW,20.7825
2025-01-07,152008,LIC MF Focused Fund-Direct Plan-IDCW,22.7074
2025-01-07,152009,LIC MF Focused Fund-Regular Plan-Growth,20.7827
2025-01-07,152010,LIC MF Focused Fund-Direct Plan-Growth,22.7209
2025-01-07,152015,LIC MF Value Fund-Direct Plan-IDCW,28.2684
2025-01-07,152016,LIC MF Value Fund-Regular Plan-Growth,26.4885
2025-01-07,152017,LIC MF Value Fund-Regular Plan-IDCW,26.4886
2025-01-07,152018,LIC MF Value Fund-Direct Plan-Growth,28.289
2025-01-07,152019,LIC MF Dividend Yield Fund-Regular Plan-Growth,30.4085
2025-01-07,152020,LIC MF Dividend Yield Fund-Regular Plan-IDCW,30.408
2025-01-07,152021,LIC MF Dividend Yield Fund-Direct Plan-IDCW,32.6576
2025-01-07,152022,LIC MF Dividend Yield Fund-Direct Plan-Growth,32.6689
2025-01-07,152023,LIC MF Healthcare Fund-Direct Plan-IDCW,33.1113
2025-01-07,152024,LIC MF Healthcare Fund-Direct Plan-Growth,33.1175
2025-01-07,152025,LIC MF Healthcare Fund-Regular Plan-Growth,30.5376
2025-01-07,152026,LIC MF Healthcare Fund-Regular Plan-IDCW,30.5381
2025-01-07,152027,HSBC Consumption Fund - Regular Growth,14.8893
2025-01-07,152028,HSBC Consumption Fund - Direct IDCW,15.1713
2025-01-07,152030,HSBC Consumption Fund - Regular IDCW,14.8893
2025-01-07,152032,HSBC Consumption Fund - Direct Growth,15.1713
2025-01-07,152033,Nippon India Innovation Fund-Direct Plan-Growth Option,13.9402
2025-01-07,152034,Nippon India Innovation Fund-Regular Plan-Growth Option,13.6913
2025-01-07,152035,Nippon India Innovation Fund-Direct Plan-IDCW Option,13.9402
2025-01-07,152036,Nippon India Innovation Fund-Regular Plan-IDCW Option,13.6913
2025-01-07,152037,Kotak BSE Housing Index Fund - Direct Plan - IDCW Option,14.023
2025-01-07,152038,Kotak  BSE Housing Index Fund - Regular Plan - Growth Option,13.916
2025-01-07,152039,Kotak BSE Housing Index Fund - Direct Plan - Growth Option,14.024
2025-01-07,152040,Kotak  BSE Housing Index Fund - Regular Plan - IDCW Option,13.916
2025-01-07,152041,Bandhan Nifty IT Index Fund - Direct Plan - Growth,14.3444
2025-01-07,152042,Bandhan Nifty IT Index Fund - Direct Plan - IDCW,14.3492
2025-01-07,152043,Bandhan Nifty IT Index Fund - Regular Plan - Growth,14.2194
2025-01-07,152044,Bandhan Nifty IT Index Fund - Regular Plan - IDCW,14.2181
2025-01-07,152045,Mahindra Manulife Business Cycle Fund - Direct Plan - Growth,14.6903
2025-01-07,152046,Mahindra Manulife Business Cycle Fund-  Regular Plan - Growth,14.3445
2025-01-07,152047,Mahindra Manulife Business Cycle Fund - Regular Plan - IDCW,14.3445
2025-01-07,152048,Mahindra Manulife Business Cycle Fund - Direct Plan - IDCW,14.6902
2025-01-07,152049,HDFC NIFTY 1D RATE LIQUID ETF,1000.0
2025-01-07,152050,UTI Nifty Midcap 150 Exchange Traded Fund,211.3029
2025-01-07,152051,Shriram Multi Asset Allocation Fund - Direct Growth,12.4397
2025-01-07,152052,Shriram Multi Asset Allocation Fund - Regular Growth,12.1274
2025-01-07,152053,DSP Multi Asset Allocation Fund - Regular - Growth,12.6188
2025-01-07,152054,DSP Multi Asset Allocation Fund - Regular - IDCW,12.6188
2025-01-07,152055,DSP Multi Asset Allocation Fund - Direct - IDCW,12.8519
2025-01-07,152056,DSP Multi Asset Allocation Fund - Direct - Growth,12.8519
2025-01-07,152057,HDFC Technology Fund - IDCW Option,14.658
2025-01-07,152058,HDFC Technology Fund - Growth Option,14.658
2025-01-07,152059,HDFC Technology Fund - Growth Option - Direct Plan,14.901
2025-01-07,152060,HDFC Technology Fund - IDCW Option - Direct Plan,14.901
2025-01-07,152061,NAVI BSE SENSEX INDEX FUND - REGULAR PLAN - GROWTH,11.889
2025-01-07,152062,NAVI BSE SENSEX INDEX FUND - DIRECT PLAN - GROWTH,12.0114
2025-01-07,152063,Kotak Multi Asset Allocation Fund - Direct Plan - IDCW Option,12.961
2025-01-07,152064,Kotak Multi Asset Allocation Fund - Direct Plan - Growth Option,12.962
2025-01-07,152065,Kotak Multi Asset Allocation Fund - Regular Plan - Growth Option,12.717
2025-01-07,152066,Kotak Multi Asset Allocation Fund - Regular Plan - IDCW Option,12.717
2025-01-07,152067,quant Teck Fund - Growth Option - Direct Plan,13.8038
2025-01-07,152068,quant Teck Fund - IDCW Option - Direct Plan,13.7976
2025-01-07,152069,quant Teck Fund - IDCW Option - Regular Plan,13.5152
2025-01-07,152070,quant Teck Fund - Growth Option - Regular Plan,13.5117
2025-01-07,152071,WhiteOak Capital Multi Cap Fund Direct Plan Growth,14.949
2025-01-07,152072,WhiteOak Capital Multi Cap Fund Regular Plan Growth,14.627
2025-01-07,152073,360 ONE Balanced Hybrid Fund - Direct Plan - IDCW,12.616
2025-01-07,152074,360 ONE Balanced Hyrbrid fund - Regular Plan - IDCW,12.374
2025-01-07,152075,360 ONE Balanced Hybrid Fund - Regular Plan - Growth,12.374
2025-01-07,152076,360 ONE Balanced Hybrid Fund- Direct Plan - Growth,12.616
2025-01-07,152077,Bajaj Finserv Arbitrage Fund-Direct Plan-Growth,11.011
2025-01-07,152078,Bajaj Finserv Arbitrage Fund- Regular Plan-Growth,10.91
2025-01-07,152079,Bajaj Finserv Arbitrage Fund-Regular Plan-IDCW,10.91
2025-01-07,152080,Bajaj Finserv Arbitrage Fund- Direct Plan-IDCW,11.011
2025-01-07,152081,HDFC Pharma and Healthcare Fund - IDCW Option - Direct Plan,17.376
2025-01-07,152082,HDFC Pharma and Healthcare Fund - Growth Option - Direct Plan,17.376
2025-01-07,152083,HDFC Pharma and Healthcare Fund - IDCW Option,17.107
2025-01-07,152084,HDFC Pharma and Healthcare Fund - Growth Option,17.107
2025-01-07,152086,UTI Innovation Fund - Regular Plan - Growth Option,12.365
2025-01-07,152087,UTI Innovation Fund - Direct Plan - Growth Option,12.5901
2025-01-07,152088,UTI Innovation Fund - Regular Plan - Payout of IDCW Option,12.365
2025-01-07,152089,UTI Innovation Fund - Direct Plan - Payout of IDCW Option,12.5901
2025-01-07,152090,Motilal Oswal Developed Market Ex US ETFs Fund of Funds Direct Plan Growth,11.5523
2025-01-07,152091,Motilal Oswal Developed Market Ex US ETFs Fund of Funds Regular Plan Growth,11.4923
2025-01-07,152092,Groww Nifty Total Market Index Fund - Direct Plan - Growth,13.3438
2025-01-07,152093,Edelweiss Multi Cap Fund - Direct Plan - IDCW,15.4043
2025-01-07,152094,Edelweiss Multi Cap Fund - Direct Plan - Growth,15.4043
2025-01-07,152095,Edelweiss Multi Cap Fund - Regular Plan - Growth,15.1031
2025-01-07,152096,Edelweiss Multi Cap Fund - Regular Plan - IDCW,15.1031
2025-01-07,152097,Mirae Asset BSE Sensex ETF,79.2017
2025-01-07,152098,Kotak Nifty G-Sec July 2033 Index Fund - Direct Plan - Growth,11.2509
2025-01-07,152099,Kotak Nifty G-Sec July 2033 Index Fund - Direct Plan - IDCW Payout,11.251
2025-01-07,152100,Kotak Nifty G-Sec July 2033 Index Fund - Regular Plan - Growth,11.2161
2025-01-07,152101,Kotak Nifty G-Sec July 2033 Index Fund - Regular Plan - IDCW Payout,11.216
2025-01-07,152102,Bandhan Retirement Fund - Direct Plan - Growth,12.301
2025-01-07,152103,Bandhan Retirement Fund - Regular Plan - Growth,12.048
2025-01-07,152104,Bandhan Retirement Fund - Direct Plan - IDCW,12.296
2025-01-07,152105,Bandhan Retirement Fund - Regular Plan - IDCW,12.049
2025-01-07,152106,Motilal Oswal Nifty 500 ETF,22.5324
2025-01-07,152107,QUANTUM SMALL CAP FUND - DIRECT PLAN GROWTH OPTION,12.26
2025-01-07,152108,QUANTUM SMALL CAP FUND - REGULAR PLAN GROWTH OPTION,12.04
2025-01-07,152109,Parag Parikh Arbitrage Fund - Direct Plan Growth,10.9244
2025-01-07,152110,Parag Parikh Arbitrage Fund - Regular Plan Growth,10.8793
2025-01-07,152116,NJ Overnight Fund - Unclaimed Redemption Plan - Upto 3 Years,1012.9136
2025-01-07,152125,Groww Nifty Total Market Index Fund - Direct Plan - IDCW,13.3434
2025-01-07,152126,Groww Nifty Total Market Index Fund - Regular Plan - IDCW,13.2221
2025-01-07,152127,Groww Nifty Total Market Index Fund - Regular Plan - Growth,13.2216
2025-01-07,152128,Baroda BNP Paribas Small Cap Fund - Direct Plan - Growth option,13.8366
2025-01-07,152129,Baroda BNP Paribas Small Cap Fund - Direct Plan - IDCW option,13.8366
2025-01-07,152130,Baroda BNP Paribas Small Cap Fund - Regular Plan - Growth option,13.5693
2025-01-07,152131,Baroda BNP Paribas Small Cap Fund - Regular Plan - IDCW option,13.5693
2025-01-07,152132,WhiteOak Capital Balanced Hybrid Fund Direct Plan Growth,12.664
2025-01-07,152133,WhiteOak Capital Balanced Hybrid Fund Regular Plan Growth,12.439
2025-01-07,152134,Mirae Asset Nifty 200 Alpha 30 ETF,26.089
2025-01-07,152135,Helios Flexi Cap Fund - Direct Plan - Growth Option,14.33
2025-01-07,152136,Helios Flexi Cap Fund - Regular Plan - Growth Option,14.08
2025-01-07,152137,Helios Flexi Cap Fund - Regular Plan - IDCW Option,14.08
2025-01-07,152138,Helios Flexi Cap Fund - Direct Plan - IDCW Option,14.34
2025-01-07,152139,Aditya Birla Sun Life US Treasury 1-3 Year Bond ETFs Fund Of Funds-Direct IDCW Payout,10.9154
2025-01-07,152140,Aditya Birla Sun Life US Treasury 1-3 Year Bond ETFs Fund Of Funds-Direct Growth,10.9154
2025-01-07,152142,Aditya Birla Sun Life US Treasury 1-3 Year Bond ETFs Fund Of Funds-Regular Growth,10.9071
2025-01-07,152144,Aditya Birla Sun Life US Treasury 1-3 Year Bond ETFs Fund Of Funds-Regular IDCW,10.906
2025-01-07,152145,Aditya Birla Sun Life US Treasury 3-10 Year Bond ETFs Fund Of Funds-Direct IDCW,10.9263
2025-01-07,152147,Aditya Birla Sun Life US Treasury 3-10 Year Bond ETFs Fund Of Funds-Regular Growth,10.9179
2025-01-07,152149,Aditya Birla Sun Life US Treasury 3-10 Year Bond ETFs Fund Of Funds-Regular IDCW,10.918
2025-01-07,152150,Aditya Birla Sun Life US Treasury 3-10 Year Bond ETFs Fund Of Funds-Direct Growth,10.9263
2025-01-07,152151,Helios Overnight Fund - Direct Plan - Daily IDCW Option,1000.0
2025-01-07,152152,Helios Overnight Fund - Direct Plan - Growth Option,1081.6367
2025-01-07,152153,Helios Overnight Fund - Regular Plan - Growth Option,1080.9833
2025-01-07,152154,Helios Overnight Fund - Regular Plan - Daily IDCW Option,1000.0
2025-01-07,152155,Mirae Asset Nifty IT ETF,44.3532
2025-01-07,152156,Zerodha Nifty LargeMidcap 250 Index Fund - Direct Plan - Growth option,13.3092
2025-01-07,152157,Zerodha ELSS Tax Saver Nifty LargeMidcap 250 Index Fund - Direct Plan - Growth option,13.3202
2025-01-07,152158,Aditya Birla Sun Life Transportation and Logistics Fund-Direct Growth,13.8
2025-01-07,152159,Aditya Birla Sun Life Transportation and Logistics Fund-Direct IDCW,13.8
2025-01-07,152160,Aditya Birla Sun Life Transportation and Logistics Fund-Regular IDCW,13.56
2025-01-07,152161,Aditya Birla Sun Life Transportation and Logistics Fund-Regular Growth,13.56
2025-01-07,152162,Bajaj Finserv Banking and PSU Fund-Direct Plan- Growth,10.9903
2025-01-07,152163,Bajaj Finserv Banking and PSU Fund- Direct Plan- IDCW,10.9903
2025-01-07,152164,Bajaj Finserv Banking and PSU Fund-  Direct Plan-Monthly- IDCW,10.9903
2025-01-07,152165,Bajaj Finserv Banking and PSU Fund- Regular Plan- Growth,10.9207
2025-01-07,152166,Bajaj Finserv Banking and PSU Fund- Regular Plan- IDCW,10.9207
2025-01-07,152167,Bajaj Finserv Banking and PSU Fund-Regular Plan-Monthly-IDCW,10.9207
2025-01-07,152168,SBI NIFTY 1D Rate Liquid ETF - IDCW,1000.0
2025-01-07,152169,Kotak Consumption Fund - Direct plan - Growth Option,13.809
2025-01-07,152170,Kotak Consumption Fund - Regular plan - Growth Option,13.551
2025-01-07,152171,Kotak Consumption Fund - Regular plan - IDCW Option,13.549
2025-01-07,152172,Kotak Consumption Fund - Direct plan - IDCW Option,13.809
2025-01-07,152177,Bandhan Nifty Alpha 50 Index Fund - Direct Plan - Growth,14.6881
2025-01-07,152178,Bandhan Nifty Alpha 50 Index Fund - Direct Plan - IDCW,14.6838
2025-01-07,152179,Bandhan Nifty Alpha 50 Index Fund - Regular Plan - Growth,14.5728
2025-01-07,152180,Bandhan Nifty Alpha 50 Index Fund - Regular Plan - IDCW,14.5727
2025-01-07,152181,DSP Gold ETF Fund of Fund - Regular - IDCW,12.324
2025-01-07,152182,DSP Gold ETF Fund of Fund - Regular - Growth,12.324
2025-01-07,152183,DSP Gold ETF Fund of Fund - Direct - Growth,12.3781
2025-01-07,152184,DSP Gold ETF Fund of Fund - Direct - IDCW,12.3781
2025-01-07,152185,Samco Dynamic Asset Allocation Fund - Regular Plan - IDCW Option,10.86
2025-01-07,152186,Samco Dynamic Asset Allocation Fund - Direct Plan - IDCW Option,11.05
2025-01-07,152187,Samco Dynamic Asset Allocation Fund - Regular Plan - Growth Option,10.86
2025-01-07,152188,Samco Dynamic Asset Allocation Fund - Direct Plan - Growth Option,11.06
2025-01-07,152189,quant Momentum Fund - Growth Option - Direct Plan,14.2361
2025-01-07,152190,quant Momentum Fund - Growth Option - Regular Plan,14.0123
2025-01-07,152191,quant Momentum Fund - IDCW Option - Regular Plan,13.9681
2025-01-07,152192,quant Momentum Fund - IDCW Option - Direct Plan,14.2225
2025-01-07,152193,Edelweiss Gold ETF,78.289
2025-01-07,152194,Bajaj Finserv Balanced Advantage Fund-Direct Plan-Growth,11.022
2025-01-07,152195,Bajaj Finserv Balanced Advantage Fund-Direct Plan-IDCW,11.022
2025-01-07,152196,Bajaj Finserv Balanced Advantage Fund-Regular Plan-Growth,10.839
2025-01-07,152197,Bajaj Finserv Balanced Advantage Fund-Regular Plan-IDCW,10.839
2025-01-07,152199,Franklin India Money Market Fund Wkly IDCW R,10.0212
2025-01-07,152200,Franklin India Money Market Fund - DP - Wkly IDCW R,10.026
2025-01-07,152202,Axis India Manufacturing Fund - Direct Plan - Growth,13.89
2025-01-07,152203,Axis India Manufacturing Fund - Regular Plan - IDCW,13.68
2025-01-07,152204,Axis India Manufacturing Fund - Direct Plan - IDCW,13.89
2025-01-07,152205,Axis India Manufacturing Fund - Regular Plan - Growth,13.68
2025-01-07,152206,DSP Banking & Financial Services Fund - Direct - Growth,11.928
2025-01-07,152207,DSP Banking & Financial Services Fund - Direct - IDCW,11.928
2025-01-07,152208,DSP Banking & Financial Services Fund - Regular - Growth,11.733
2025-01-07,152209,DSP Banking & Financial Services Fund - Regular - IDCW,11.733
2025-01-07,152212,Edelweiss Silver ETF,91.0416
2025-01-07,152213,Kotak Healthcare Fund - Regular Plan - IDCW Option,14.357
2025-01-07,152214,Kotak Healthcare Fund - Direct Plan - Growth Option,14.612
2025-01-07,152215,Kotak Healthcare Fund - Direct Plan - IDCW Option,14.612
2025-01-07,152216,Kotak Healthcare Fund - Regular Plan - Growth Option,14.352
2025-01-07,152217,Union Children's Fund - Regular Plan - Growth Option,12.03
2025-01-07,152219,Union Children's Fund - Direct Plan - Growth Option,12.23
2025-01-07,152220,Union Children's Fund - Direct Plan - IDCW Option,12.23
2025-01-07,152225,Whiteoak Capital Large & Mid Cap Fund Regular Plan Growth,12.707
2025-01-07,152226,Whiteoak Capital Large & Mid Cap Fund Direct Plan Growth,12.937
2025-01-07,152231,Baroda BNP Paribas Gold ETF,75.7879
2025-01-07,152232,Motilal Oswal Small Cap Fund - Regular - Growth,14.8363
2025-01-07,152234,Motilal Oswal Small Cap Fund - Regular - IDCW,14.8365
2025-01-07,152235,Motilal Oswal Small Cap Fund - Direct IDCW,15.0644
2025-01-07,152237,Motilal Oswal Small Cap Fund - Direct - Growth,15.0644
2025-01-07,152238,Axis US Specific Treasury Dynamic Debt Passive FOF - Regular Plan - IDCW Option,10.2123
2025-01-07,152239,Axis US Specific Treasury Dynamic Debt Passive FOF - Regular Plan - Growth Option,10.2123
2025-01-07,152240,Axis US Specific Treasury Dynamic Debt Passive FOF - Direct Plan - Growth Option,10.2176
2025-01-07,152241,Axis US Specific Treasury Dynamic Debt Passive FOF - Direct Plan - IDCW Option,10.2165
2025-01-07,152242,DSP Nifty Smallcap250 Quality 50 Index Fund - Regular - IDCW,12.5432
2025-01-07,152243,DSP Nifty Smallcap250 Quality 50 Index Fund - Direct - Growth,12.635
2025-01-07,152244,DSP Nifty Smallcap250 Quality 50 Index Fund - Direct - IDCW,12.635
2025-01-07,152245,DSP Nifty Smallcap250 Quality 50 Index Fund - Regular - Growth,12.5432
2025-01-07,152254,Groww Banking & Financial Services Fund - Direct Plan - Growth,11.0363
2025-01-07,152255,quant Commodities Fund - Growth Option - Direct Plan,14.0258
2025-01-07,152256,quant Commodities Fund - Growth Option - Regular Plan,13.7989
2025-01-07,152257,quant Commodities Fund - IDCW Option - Direct Plan,14.0221
2025-01-07,152258,quant Commodities Fund - IDCW Option - Regular Plan,13.7968
2025-01-07,152263,BANDHAN Nifty Smallcap 250 Index Fund - Direct Plan - IDCW,12.8451
2025-01-07,152264,BANDHAN Nifty Smallcap 250 Index Fund - Direct Plan - Growth,12.8452
2025-01-07,152265,BANDHAN Nifty Smallcap 250 Index Fund - Regular Plan - IDCW,12.7526
2025-01-07,152266,BANDHAN Nifty Smallcap 250 Index Fund - Regular Plan - Growth,12.7521
2025-01-07,152267,Aditya Birla Sun Life Crisil IBX Gilt Apr 2033 Index Fund-Direct Growth,11.0009
2025-01-07,152268,Aditya Birla Sun Life Crisil IBX Gilt Apr 2033 Index Fund-Regular Growth,10.9719
2025-01-07,152269,Aditya Birla Sun Life Crisil IBX Gilt Apr 2033 Index Fund-Regular IDCW payout,10.972
2025-01-07,152270,Aditya Birla Sun Life Crisil IBX Gilt Apr 2033 Index Fund-Direct IDCW Payout,11.0007
2025-01-07,152273,Groww Banking & Financial Services Fund-IDCW,11.0357
2025-01-07,152274,Groww Banking & Financial Services Fund - Regular - Growth,10.8411
2025-01-07,152276,Groww Banking & Financial Services Fund - Regular Plan - IDCW,10.8411
2025-01-07,152284,Tata Gold Exchange Traded Fund,7.6022
2025-01-07,152285,Tata Silver Exchange Traded Fund,8.8857
2025-01-07,152286,Tata Gold ETF Fund of Fund Regular Plan IDCW Payout Option,12.0746
2025-01-07,152287,Tata Gold ETF Fund of Fund Direct Plan Growth Option,12.1514
2025-01-07,152288,Tata Gold ETF Fund of Fund Direct Plan IDCW Payout Option,12.1514
2025-01-07,152289,Tata Gold ETF Fund of Fund Direct Plan IDCW Reinvestment Option,12.1514
2025-01-07,152290,Tata Gold ETF Fund of Fund Regular Plan Growth Option,12.0746
2025-01-07,152291,Tata Gold ETF Fund of Fund Regular Plan IDCW Reinvestment Option,12.0746
2025-01-07,152292,Tata Silver ETF Fund of Fund Regular Plan IDCW Reinvestment Option,12.2102
2025-01-07,152293,Tata Silver ETF Fund of Fund Direct Plan Growth Option,12.2679
2025-01-07,152294,Tata Silver ETF Fund of Fund Direct Plan IDCW Payout Option,12.2679
2025-01-07,152295,Tata Silver ETF Fund of Fund Direct Plan IDCW Reinvestment Option,12.2679
2025-01-07,152296,Tata Silver ETF Fund of Fund Regular Plan IDCW Payout Option,12.2102
2025-01-07,152297,Tata Silver ETF Fund of Fund Regular Plan Growth Option,12.2102
2025-01-07,152298,Quantum Liquid Fund - Unclaimed IDCW Plan Below 3 years,10.7399
2025-01-07,152299,Quantum Liquid Fund - Unclaimed IDCW Plan Above 3 years,10.0
2025-01-07,152300,Quantum Liquid Fund - Unclaimed Redemption Plan Below 3 years,10.3274
2025-01-07,152301,Quantum Liquid Fund - Unclaimed Redemption Plan Above 3 years,10.0
2025-01-07,152306,DSP Nifty Healthcare ETF,149.8827
2025-01-07,152307,DSP Multicap Fund - Regular - Growth,12.079
2025-01-07,152308,DSP Multicap Fund - Regular - IDCW,12.079
2025-01-07,152309,DSP Multicap Fund - Direct - IDCW,12.256
2025-01-07,152310,DSP Multicap Fund - Direct - Growth,12.256
2025-01-07,152311,Sundaram Multi Asset Allocation Fund Regular Plan Growth,11.1881
2025-01-07,152312,Sundaram Multi Asset Allocation Fund Direct Plan IDCW Reinvestment,11.3718
2025-01-07,152313,Sundaram Multi Asset Allocation Fund Regular Plan IDCW Reinvestment,11.1881
2025-01-07,152314,Sundaram Multi Asset Allocation Fund Direct Plan Growth,11.3718
2025-01-07,152315,Sundaram Multi Asset Allocation Fund Regular Plan IDCW Payout,11.1881
2025-01-07,152316,Sundaram Multi Asset Allocation Fund Direct Plan IDCW Payout,11.3718
2025-01-07,152321,WhiteOak Capital Banking & Financial Services Fund - Direct Growth,11.569
2025-01-07,152322,WhiteOak Capital Banking & Financial Services Fund - Regular Growth,11.386
2025-01-07,152323,Bandhan Multi Asset Allocation Fund - Direct Plan - IDCW,11.6656
2025-01-07,152324,Bandhan Multi Asset Allocation Fund - Direct Plan - Growth,11.6656
2025-01-07,152325,Bandhan Multi Asset Allocation Fund - Regular Plan - IDCW,11.4902
2025-01-07,152326,Bandhan Multi Asset Allocation Fund - Regular Plan - Growth,11.4902
2025-01-07,152327,Zerodha Nifty 1D Rate Liquid ETF - Growth Option,106.3421
2025-01-07,152328,Baroda BNP Paribas Nifty 50 Index Fund - Regular Plan - IDCW option,10.9799
2025-01-07,152329,Baroda BNP Paribas Nifty 50 Index Fund - Direct Plan - Growth option,11.0209
2025-01-07,152330,Baroda BNP Paribas Nifty 50 Index Fund - Direct Plan - IDCW option,11.0209
2025-01-07,152331,Baroda BNP Paribas Nifty 50 Index Fund - Regular Plan - Growth option,10.9799
2025-01-07,152336,quant Consumption Fund - Growth Option - Direct Plan,10.6778
2025-01-07,152337,quant Consumption Fund - IDCW Option - Regular Plan,10.5176
2025-01-07,152338,quant Consumption Fund - Growth Option - Regular Plan,10.5134
2025-01-07,152339,quant Consumption Fund - IDCW Option - Direct Plan,10.6832
2025-01-07,152344,Mirae Asset Multi Asset Allocation Fund - Direct Plan - Growth,11.417
2025-01-07,152345,Mirae Asset Multi Asset Allocation Fund - Direct Plan - IDCW,11.417
2025-01-07,152346,Mirae Asset Multi Asset Allocation Fund - Regular Plan - IDCW,11.241
2025-01-07,152347,Mirae Asset Multi Asset Allocation Fund - Regular Plan - Growth,11.243
2025-01-07,152348,WhiteOak Capital Pharma and Heathcare Fund Regular Plan Growth,13.876
2025-01-07,152349,WhiteOak Capital Pharma and Heathcare Fund Direct Plan Growth,14.103
2025-01-07,152350,HDFC NIFTY PSU BANK ETF,64.1631
2025-01-07,152351,Motilal Oswal Large Cap Direct Plan IDCW,13.3197
2025-01-07,152352,Motilal Oswal Large Cap Regular Plan Growth,13.1527
2025-01-07,152353,Motilal Oswal Large Cap Regular Plan IDCW,13.1527
2025-01-07,152354,Motilal Oswal Large Cap Direct Plan Growth,13.3199
2025-01-07,152355,UTI Nifty IT ETF,440.0963
2025-01-07,152356,Bajaj Finserv Nifty 50 ETF,239.2635
2025-01-07,152357,Bajaj Finserv Nifty Bank ETF,50.5141
2025-01-07,152358,Old Bridge Focused Fund - Direct Growth,11.76
2025-01-07,152359,Old Bridge Focused Fund - Direct IDCW,11.76
2025-01-07,152361,Old Bridge Focused Fund - Regular Growth,11.64
2025-01-07,152363,Old Bridge Focused Fund - Regular IDCW,11.64
2025-01-07,152364,ICICI Prudential Nifty50 Value 20 Index Fund - IDCW,11.145
2025-01-07,152365,ICICI Prudential Nifty50 Value 20 Index Fund - Direct Plan - Growth,11.1972
2025-01-07,152366,ICICI Prudential Nifty50 Value 20 Index Fund - Growth,11.1453
2025-01-07,152367,ICICI Prudential Nifty50 Value 20 Index Fund - Direct Plan - IDCW,11.1971
2025-01-07,152368,UTI Nifty 5 yr Benchmark G-Sec ETF,59.3761
2025-01-07,152369,UTI Nifty 10 yr Benchmark G-Sec ETF,24.574
2025-01-07,152370,SBI Nifty50 Equal Weight Index Fund - Direct Plan - Growth,10.9637
2025-01-07,152371,SBI Nifty50 Equal Weight Index Fund - Direct Plan - Income Distribution Cum Capital Withdrawal Option,10.963
2025-01-07,152372,SBI Nifty50 Equal Weight Index Fund - Regular Plan - Growth,10.9124
2025-01-07,152373,SBI Nifty50 Equal Weight Index Fund - Regular Plan - Income Distribution Cum Capital Withdrawal Option,10.9123
2025-01-07,152378,HSBC Multi Asset Allocation Fund - Regular - Growth,12.059
2025-01-07,152379,HSBC Multi Asset Allocation Fund - Regular - IDCW,12.059
2025-01-07,152380,HSBC Multi Asset Allocation Fund - Direct - Growth,12.203
2025-01-07,152381,HSBC Multi Asset Allocation Fund - Direct - IDCW,12.203
2025-01-07,152382,PGIM India Large and Midcap Fund - Direct Plan - Growth Option,12.18
2025-01-07,152383,PGIM India Large and Midcap Fund - Regular Plan - Growth Option,11.99
2025-01-07,152384,PGIM India Large and Midcap Fund - Direct Plan - IDCW option,12.18
2025-01-07,152385,PGIM India Large and Midcap Fund - Regular Plan - IDCW Option,11.99
2025-01-07,152386,Nippon India Nifty Bank Index Fund - Direct Plan - IDCW Option,10.7543
2025-01-07,152387,Nippon India Nifty Bank Index Fund - Regular Plan - Growth Option,10.7
2025-01-07,152388,Nippon India Nifty Bank Index Fund - Regular Plan - IDCW Option,10.7
2025-01-07,152389,Nippon India Nifty Bank Index Fund - Direct Plan - Growth Option,10.7543
2025-01-07,152390,Nippon India Nifty IT Index Fund - Direct Plan - IDCW Option,11.5144
2025-01-07,152391,Nippon India Nifty IT Index Fund - Regular Plan - Growth Option,11.45
2025-01-07,152392,Nippon India Nifty IT Index Fund - Direct Plan - Growth Option,11.5144
2025-01-07,152393,Nippon India Nifty IT Index Fund - Regular Plan - IDCW Option,11.45
2025-01-07,152395,Bank of India Multi Asset Allocation Fund-Regular Plan-IDCW,10.9086
2025-01-07,152396,Bank of India Multi Asset Allocation Fund-Direct Plan-Growth,10.9937
2025-01-07,152398,Bank of India Multi Asset Allocation Fund-Regular Plan-Growth,10.9076
2025-01-07,152399,Bank of India Multi Asset Allocation Fund-Direct Plan-IDCW,10.9955
2025-01-07,152404,LIC MF Nifty Midcap 100 ETF,56.8906
2025-01-07,152405,Bajaj Finserv Large and Mid Cap Fund- Direct Plan- IDCW,12.041
2025-01-07,152406,Bajaj Finserv Large and Mid Cap Fund- Regular Plan- Growth,11.883
2025-01-07,152407,Bajaj Finserv Large and Mid Cap Fund- Regular Plan- IDCW,11.883
2025-01-07,152408,Bajaj Finserv Large and Mid Cap Fund- Direct Plan- Growth,12.041
2025-01-07,152409,Union Business Cycle Fund - Direct Plan - Growth Option,11.23
2025-01-07,152410,Union Business Cycle Fund - Direct Plan - IDCW Option,11.23
2025-01-07,152411,Union Business Cycle Fund - Regular Plan - Growth Option,11.1
2025-01-07,152412,Union Business Cycle Fund - Regular Plan - IDCW Option,11.1
2025-01-07,152413,quant PSU Fund - Growth Option - Regular Plan,10.2664
2025-01-07,152414,quant PSU Fund - IDCW Option - Regular Plan,10.266
2025-01-07,152415,quant PSU Fund - Growth Option - Direct Plan,10.401
2025-01-07,152416,quant PSU Fund - IDCW Option - Direct Plan,10.4075
2025-01-07,152417,SBI Energy Opportunities Fund - Direct Plan - Growth,10.3605
2025-01-07,152418,SBI Energy Opportunities Fund - Regular Plan - Growth,10.2522
2025-01-07,152419,SBI Energy Opportunities Fund - Regular Plan - Income Distribution Cum Capital Withdrawal Option,10.2525
2025-01-07,152420,SBI Energy Opportunities Fund - Direct Plan - Income Distribution Cum Capital Withdrawal Option,10.3603
2025-01-07,152421,Axis BSE Sensex Index Fund - Regular Plan - Growth,10.7432
2025-01-07,152422,Axis BSE Sensex Index Fund - Direct Plan - Growth,10.7945
2025-01-07,152423,Axis BSE Sensex Index Fund - Regular Plan - IDCW,10.7432
2025-01-07,152424,Axis BSE Sensex Index Fund - Direct Plan - IDCW,10.7945
2025-01-07,152429,HDFC NIFTY200 Momentum 30 Index Fund - Regular Plan,10.8238
2025-01-07,152430,HDFC NIFTY200 Momentum 30 Index Fund - Direct Plan,10.8711
2025-01-07,152431,Groww Nifty Smallcap 250 Index Fund - Direct Plan - Growth,11.7797
2025-01-07,152433,Groww Nifty Smallcap 250 Index Fund - Regular Plan - Growth,11.7334
2025-01-07,152434,Groww Nifty Smallcap 250 Index Fund - Regular Plan - Regular Plan - IDCW,11.7192
2025-01-07,152436,Groww Nifty Smallcap 250 Index Fund - Direct Plan - IDCW,11.7844
2025-01-07,152437,Edelweiss Technology Fund - Direct Plan - Growth,12.3895
2025-01-07,152438,Edelweiss Technology Fund - Direct Plan - IDCW,12.3895
2025-01-07,152439,Edelweiss Technology Fund - Regular Plan - Growth,12.2064
2025-01-07,152440,Edelweiss Technology Fund - Regular Plan - IDCW,12.2064
2025-01-07,152441,Mahindra Manulife Multi Asset Allocation Fund- Regular Plan - Growth,11.1459
2025-01-07,152443,Mahindra Manulife Multi Asset Allocation Fund- Direct Plan - Growth,11.2979
2025-01-07,152444,Mahindra Manulife Multi Asset allocation Fund - Regular Plan - IDCW,11.1459
2025-01-07,152445,Mahindra Manulife Multi Asset Allocation Fund - Direct Plan - IDCW,11.2979
2025-01-07,152447,Canara Robeco Manufacturing Fund - Regular Plan - Growth Option,12.3
2025-01-07,152448,Canara Robeco Manufacturing Fund -Regular Plan - IDWC Option,12.29
2025-01-07,152449,Canara Robeco Manufacturing Fund - Direct Plan - IDWC Option,12.46
2025-01-07,152450,Canara Robeco Manufacturing Fund - Direct Plan - Growth Option,12.46
2025-01-07,152455,Mirae Asset Nifty Smallcap 250 Momentum Quality 100 ETF,49.8169
2025-01-07,152456,Mirae Asset Nifty Smallcap 250 Momentum Quality 100 ETF Fund of Fund - Direct Plan - IDCW,11.082
2025-01-07,152457,Mirae Asset Nifty Smallcap 250 Momentum Quality 100 ETF Fund of Fund - Regular Plan - Growth,11.031
2025-01-07,152458,Mirae Asset Nifty Smallcap 250 Momentum Quality 100 ETF Fund of Fund - Regular Plan - IDCW,11.033
2025-01-07,152459,Mirae Asset Nifty Smallcap 250 Momentum Quality 100 ETF Fund of Fund - Direct Plan - Growth,11.083
2025-01-07,152460,Kotak Technology Fund - Regular Plan - Growth Option,12.502
2025-01-07,152461,Kotak Technology Fund - Regular Plan - IDCW Option,12.503
2025-01-07,152462,Kotak Technology Fund - Direct Plan - Growth Option,12.655
2025-01-07,152463,Kotak Technology Fund - Direct Plan - IDCW Option,12.655
2025-01-07,152464,Parag Parikh Dynamic Asset Allocation Fund - Regular Plan Growth,10.8549
2025-01-07,152467,Parag Parikh Dynamic Asset Allocation Fund - Regular Plan - Monthly IDCW Reinvestment,10.086
2025-01-07,152468,Parag Parikh Dynamic Asset Allocation Fund - Direct Plan Growth,10.8831
2025-01-07,152469,Parag Parikh Dynamic Asset Allocation Fund - Direct Plan - Monthly IDCW Reinvestment,10.2413
2025-01-07,152470,Baroda BNP Paribas Innovation Fund Direct plan - Growth Option,12.8842
2025-01-07,152471,Baroda BNP Paribas Innovation Fund Direct plan - IDCW Option,12.8842
2025-01-07,152472,Baroda BNP Paribas Innovation Fund Regular plan - Growth Option,12.6944
2025-01-07,152473,Baroda BNP Paribas Innovation Fund Regular plan - IDCW Option,12.6944
2025-01-07,152474,Quantum Multi Asset Allocation Fund - Direct Plan Growth Option,10.94
2025-01-07,152475,Quantum Multi Asset Allocation Fund - Regular Plan Growth Option,10.8
2025-01-07,152476,Zerodha Gold ETF,12.275
2025-01-07,152481,ICICI Prudential Nifty LargeMidcap 250 Index Fund - Growth,11.6197
2025-01-07,152482,ICICI Prudential Nifty LargeMidcap 250 Index Fund - Direct Plan - Growth,11.6773
2025-01-07,152483,ICICI Prudential Nifty LargeMidcap 250 Index Fund - Direct Plan - IDCW,11.6768
2025-01-07,152484,ICICI Prudential Nifty LargeMidcap 250 Index Fund - IDCW,11.6197
2025-01-07,152489,Kotak Long Duration Fund - Regular Plan - Growth,10.6953
2025-01-07,152490,Kotak Long Duration Fund - Regular Plan - IDCW,10.6955
2025-01-07,152491,Kotak Long Duration Fund - Direct Plan - Growth,10.7198
2025-01-07,152492,Kotak Long Duration Fund - Direct Plan - IDCW,10.7198
2025-01-07,152509,Helios Balanced Advantage Fund- Direct Plan- Growth Option,11.2
2025-01-07,152510,Helios Balanced Advantage Fund- Regular Plan-IDCW Option,11.06
2025-01-07,152511,Helios Balanced Advantage Fund- Direct Plan-IDCW Option,11.2
2025-01-07,152512,Helios Balanced Advantage Fund- Regular Plan- Growth Option,11.06
2025-01-07,152513,Axis CRISIL IBX SDL June 2034 Debt Index Fund - Regular Plan - IDCW Option,10.7709
2025-01-07,152514,Axis CRISIL IBX SDL June 2034 Debt Index Fund - Direct Plan - IDCW Option,10.7925
2025-01-07,152515,Axis CRISIL IBX SDL June 2034 Debt Index Fund - Direct Plan - Growth Option,10.7926
2025-01-07,152516,Axis CRISIL IBX SDL June 2034 Debt Index Fund - Regular Plan - Growth Option,10.7709
2025-01-07,152517,Bandhan Long Duration Fund - Regular Plan - IDCW,10.7222
2025-01-07,152518,Bandhan Long Duration Fund - Regular Plan - Growth,10.7222
2025-01-07,152519,Bandhan Long Duration Fund - Direct Plan - IDCW,10.7568
2025-01-07,152520,Bandhan Long Duration Fund - Direct Plan - Growth,10.7575
2025-01-07,152521,HDFC NIFTY Realty Index Fund - Direct Plan,11.4603
2025-01-07,152522,HDFC NIFTY Reality Index Fund - Regular Plan,11.4145
2025-01-07,152527,DSP US Specific Debt Passive FoF - Regular - Growth,10.4898
2025-01-07,152528,DSP US Specific Debt Passive FoF - Direct - Growth,10.4941
2025-01-07,152529,DSP US Specific Debt Passive FoF - Direct - IDCW,10.4941
2025-01-07,152530,DSP US Specific Debt Passive FoF - Regular - IDCW,10.4898
2025-01-07,152535,Navi NiftyIT Index Fund - Direct Plan- Growth,12.533
2025-01-07,152536,Navi NiftyIT Index Fund - Regular Plan -Growth,12.4565
2025-01-07,152537,PGIM India Retirement Fund - Direct Plan - Growth Option,11.85
2025-01-07,152538,PGIM India Retirement Fund - Regular Plan - Growth Option,11.7
2025-01-07,152539,PGIM India Retirement Fund - Direct Plan - IDCW Payout Option,11.85
2025-01-07,152540,PGIM India Retirement Fund - Regular Plan - IDCW Payout Option,11.7
2025-01-07,152541,Motilal Oswal Nifty Realty ETF,101.9704
2025-01-07,152546,Motilal Oswal Nifty Smallcap 250 ETF,17.7149
2025-01-07,152547,Kotak Nifty AAA Bond Jun 2025 HTM Index Fund - Regular Plan - Growth option,10.5733
2025-01-07,152548,Kotak Nifty AAA Bond Jun 2025 HTM Index Fund - Regular Plan - IDCW Option,10.5733
2025-01-07,152549,Kotak Nifty AAA Bond Jun 2025 HTM Index Fund - Direct Plan - Growth option,10.5857
2025-01-07,152550,Kotak Nifty AAA Bond Jun 2025 HTM Index Fund - Direct Plan - IDCW option,10.5856
2025-01-07,152555,DSP BSE Liquid Rate ETF,1050.5244
2025-01-07,152556,Tata Nifty Auto Index Fund - Regular Plan - IDCW Reinvestment,10.5689
2025-01-07,152557,Tata Nifty Auto Index Fund - Direct Plan - Growth,10.6247
2025-01-07,152558,Tata Nifty Auto Index Fund - Direct Plan - IDCW Reinvestment,10.6247
2025-01-07,152559,Tata Nifty Auto Index Fund - Direct Plan - IDCW payout,10.6247
2025-01-07,152560,Tata Nifty Auto Index Fund - Regular Plan - Growth,10.5689
2025-01-07,152561,Tata Nifty Auto Index Fund - Regular Plan - IDCW Payout,10.5689
2025-01-07,152562,Tata Nifty MidSmall Healthcare Index Fund - Regular Plan - IDCW Payout,13.1863
2025-01-07,152563,Tata Nifty MidSmall Healthcare Index Fund - Regular Plan - IDCW Reinvestment,13.1863
2025-01-07,152564,Tata Nifty MidSmall Healthcare Index Fund - Direct Plan - Growth,13.2552
2025-01-07,152565,Tata Nifty MidSmall Healthcare Index Fund - Direct Plan - IDCW Payout,13.2552
2025-01-07,152566,Tata Nifty MidSmall Healthcare Index Fund - Direct Plan - IDCW Reinvestment,13.2552
2025-01-07,152567,Tata Nifty MidSmall Healthcare Index Fund - Regular Plan - Growth,13.1863
2025-01-07,152568,Tata Nifty Realty Index Fund - Regular Plan - IDCW Payout,10.4439
2025-01-07,152569,Tata Nifty Realty Index Fund - Regular Plan - IDCW Reinvestment,10.4439
2025-01-07,152570,Tata Nifty Realty Index Fund - Direct Plan - Growth,10.5016
2025-01-07,152571,Tata Nifty Realty Index Fund - Direct Plan - IDCW Payout,10.5016
2025-01-07,152572,Tata Nifty Realty Index Fund - Direct Plan - IDCW Reinvestment,10.5016
2025-01-07,152573,Tata Nifty Realty Index Fund - Regular Plan - Growth,10.4439
2025-01-07,152574,Tata Nifty Financial Services Index Fund - Regular Plan - Growth,10.9222
2025-01-07,152575,Tata Nifty Financial Services Index Fund - Regular Plan - IDCW Payout,10.9222
2025-01-07,152576,Tata Nifty Financial Services Index Fund - Regular Plan - IDCW Reinvestment,10.9222
2025-01-07,152577,Tata Nifty Financial Services Index Fund - Direct Plan - Growth,10.9786
2025-01-07,152578,Tata Nifty Financial Services Index Fund - Direct Plan - IDCW Reinvestment,10.9786
2025-01-07,152579,Tata Nifty Financial Services Index Fund - Direct Plan - IDCW Payout,10.9786
2025-01-07,152580,Invesco India Money Market Fund - Weekly IDCW (Payout / Reinvestment),1000.417
2025-01-07,152582,TRUSTMF Flexi Cap Fund-Regular Plan- Growth,12.0
2025-01-07,152583,TRUSTMF Flexi Cap Fund-Regular Plan- IDCW,12.0
2025-01-07,152584,TRUSTMF Flexi Cap Fund-Direct Plan- Growth,12.15
2025-01-07,152585,TRUSTMF Flexi Cap Fund-Direct Plan- IDCW,12.15
2025-01-07,152586,Samco Special Opportunities Fund - Direct Plan - Growth,9.66
2025-01-07,152587,Samco Special Opportunities Fund - Regular Plan - Growth,9.56
2025-01-07,152588,Tata Nifty500 Multicap India Manufacturing 50:30:20 Index Fund -Direct Plan-Growth,10.9455
2025-01-07,152589,Tata Nifty500 Multicap India Manufacturing 50:30:20 Index Fund -Direct Plan-IDCW-Payout,10.9455
2025-01-07,152590,Tata Nifty500 Multicap India Manufacturing 50:30:20 Index Fund -Regular Plan-Growth,10.8891
2025-01-07,152591,Tata Nifty500 Multicap India Manufacturing 50:30:20 Index Fund -Regular Plan-IDCW Payout,10.8891
2025-01-07,152592,Tata Nifty500 Multicap India Manufacturing 50:30:20 Index Fund -Regular Plan -IDCW-Reinvestment,10.8891
2025-01-07,152593,Tata Nifty500 Multicap India Manufacturing 50:30:20 Index Fund -Direct Plan-IDCW-Reinvestment,10.9455
2025-01-07,152594,Tata Nifty500 Multicap Infrastructure 50:30:20 Index Fund - Direct Plan - IDCW Reinvestment,10.3924
2025-01-07,152595,Tata Nifty500 Multicap Infrastructure 50:30:20 Index Fund - Direct Plan - Growth,10.3924
2025-01-07,152596,Tata Nifty500 Multicap Infrastructure 50:30:20 Index Fund - Regular Plan - Growth,10.337
2025-01-07,152597,Tata Nifty500 Multicap Infrastructure 50:30:20 Index Fund - Regular Plan - IDCW Payout,10.337
2025-01-07,152598,Tata Nifty500 Multicap Infrastructure 50:30:20 Index Fund - Direct Plan - IDCW Payout,10.3924
2025-01-07,152599,Tata Nifty500 Multicap Infrastructure 50:30:20 Index Fund - Regular Plan - IDCW Reinvestment,10.337
2025-01-07,152600,HDFC Manufacturing fund - Growth Option - Direct Plan,10.5
2025-01-07,152601,HDFC Manufacturing fund - IDCW - Regular Plan,10.414
2025-01-07,152602,HDFC Manufacturing fund - Growth Option - Regular Plan,10.414
2025-01-07,152603,HDFC Manufacturing fund - IDCW - Direct Plan,10.5
2025-01-07,152604,Bandhan Innovation Fund - Direct Plan - IDCW,13.041
2025-01-07,152605,Bandhan Innovation Fund - Regular Plan - IDCW,12.895
2025-01-07,152606,Bandhan Innovation Fund - Regular Plan - Growth,12.895
2025-01-07,152607,Bandhan Innovation Fund - Direct Plan - Growth,13.041
2025-01-07,152612,JM Small Cap Fund (Regular) - Growth Option,10.5596
2025-01-07,152613,JM Small Cap Fund (Regular) - IDCW Option,10.5596
2025-01-07,152614,JM Small Cap Fund (Direct) - Growth Option,10.6639
2025-01-07,152615,JM Small Cap Fund (Direct) - IDCW Option,10.6641
2025-01-07,152616,Edelweiss Nifty Alpha Low Volatility 30 Index Fund - Direct Plan - Growth,10.1587
2025-01-07,152617,Edelweiss Nifty Alpha Low Volatility 30 Index Fund - Regular Plan - Growth,10.1074
2025-01-07,152618,Edelweiss Nifty Alpha Low Volatility 30 Index Fund - Regular Plan - IDCW Payout,10.1074
2025-01-07,152619,Edelweiss Nifty Alpha Low Volatility 30 Index Fund - Direct Plan - IDCW Payout,10.1587
2025-01-07,152620,Aditya Birla Sun Life Nifty PSE ETF,9.5838
2025-01-07,152625,Baroda BNP Paribas Retirement Fund - Regular plan - Growth option,10.8873
2025-01-07,152626,Baroda BNP Paribas Retirement Fund - Direct plan - IDCW option,11.0249
2025-01-07,152627,Baroda BNP Paribas Retirement Fund - Regular plan - IDCW option,10.8873
2025-01-07,152628,Baroda BNP Paribas Retirement Fund - Direct plan - Growth option,11.0249
2025-01-07,152629,Axis Nifty Bank Index Fund - Direct Plan - Growth Option,10.2737
2025-01-07,152630,Axis Nifty Bank Index Fund - Regular Plan - IDCW Option,10.217
2025-01-07,152631,Axis Nifty Bank Index Fund - Direct Plan - IDCW Option,10.2737
2025-01-07,152632,Axis Nifty Bank Index Fund - Regular Plan - Growth Option,10.217
2025-01-07,152633,Groww Nifty Non-Cyclical Consumer Index Fund - Regular Plan - Growth,10.8229
2025-01-07,152634,Mirae Asset Nifty MidSmallcap400 Momentum Quality 100 ETF,51.2563
2025-01-07,152635,Groww Nifty Non-Cyclical Consumer Index Fund - IDCW,10.8217
2025-01-07,152636,Groww Nifty Non-Cyclical Consumer Index Fund - Direct Plan - IDCW,10.8629
2025-01-07,152637,Groww Nifty Non-Cyclical Consumer Index Fund - Direct Plan Growth,10.8629
2025-01-07,152638,Bajaj Finserv Nifty 1D Rate Liquid ETF,1009.3831
2025-01-07,152639,Bajaj Finserv Multi Asset Allocation Fund - Direct Growth,10.3697
2025-01-07,152640,Bajaj Finserv Multi Asset Allocation Fund - Regular IDCW,10.2731
2025-01-07,152641,Bajaj Finserv Multi Asset Allocation Fund - Direct IDCW,10.3697
2025-01-07,152642,Bajaj Finserv Multi Asset Allocation Fund - Regular Growth,10.2731
2025-01-07,152643,WhiteOak Capital Special Opportunities Fund - Regular Growth,12.385
2025-01-07,152644,WhiteOak Capital Special Opportunities Fund - Direct Growth,12.565
2025-01-07,152645,Mirae Asset Nifty MidSmallcap400 Momentum Quality 100 ETF Fund of Fund - Direct Plan - Growth,10.388
2025-01-07,152646,Mirae Asset Nifty MidSmallcap400 Momentum Quality 100 ETF Fund of Fund - Direct Plan - IDCW,10.387
2025-01-07,152647,Mirae Asset Nifty MidSmallcap400 Momentum Quality 100 ETF Fund of Fund - Regular Plan - Growth,10.347
2025-01-07,152648,Mirae Asset Nifty MidSmallcap400 Momentum Quality 100 ETF Fund of Fund - Regular Plan - IDCW,10.351
2025-01-07,152649,Motilal Oswal Multi Cap Fund Regular Plan IDCW,13.5113
2025-01-07,152650,Motilal Oswal Multi Cap Fund Regular Plan Growth,13.5113
2025-01-07,152651,Motilal Oswal Multi Cap Fund-Direct Plan Growth,13.619
2025-01-07,152652,Motilal Oswal Multi Cap Fund-Direct Plan IDCW,13.619
2025-01-07,152653,DSP Nifty Bank Index Fund - Regular - Growth,10.2102
2025-01-07,152654,DSP Nifty Bank Index Fund - Direct - Growth,10.2532
2025-01-07,152655,SBI Automotive Opportunities Fund - Direct Plan - Income Distribution Cum Capital Withdrawal Option,9.6004
2025-01-07,152656,SBI Automotive Opportunities Fund - Regular Plan - Income Distribution Cum Capital Withdrawal Option,9.5302
2025-01-07,152657,SBI Automotive Opportunities Fund - Direct Plan - Growth,9.6005
2025-01-07,152658,SBI Automotive Opportunities Fund - Regular Plan - Growth,9.53
2025-01-07,152659,Aditya Birla Sun Life Crisil IBX Gilt June 2027 Index Fund-Direct Growth,10.4841
2025-01-07,152660,Aditya Birla Sun Life Crisil IBX Gilt June 2027 Index Fund-Regular Growth,10.4654
2025-01-07,152661,Aditya Birla Sun Life Crisil IBX Gilt June 2027 Index Fund-Regular IDCW Payout,10.4654
2025-01-07,152662,Aditya Birla Sun Life Crisil Ibx Gilt June 2027 Index Fund-Direct IDCW Payout,10.4841
2025-01-07,152663,Kotak NIFTY 100 Low Volatility 30 Index Fund - Direct plan - Growth option,10.3401
2025-01-07,152664,Kotak NIFTY 100 Low Volatility 30 Index Fund - Regular plan - Growth option,10.3022
2025-01-07,152665,Kotak NIFTY 100 Low Volatility 30 Index Fund - Direct plan - IDCW option,10.3401
2025-01-07,152666,Kotak NIFTY 100 Low Volatility 30 Index Fund - Regular plan - IDCW option,10.3022
2025-01-07,152667,Zerodha Nifty 100 ETF,10.0923
2025-01-07,152668,Zerodha Nifty Midcap 150 ETF,10.4086
2025-01-07,152669,Mahindra Manulife Manufacturing Fund - Regular Plan - IDCW,9.4735
2025-01-07,152670,Mahindra Manulife Manufacturing Fund - Direct Plan - IDCW,9.5582
2025-01-07,152671,Mahindra Manulife Manufacturing Fund - Regular Plan - Growth,9.4735
2025-01-07,152672,Mahindra Manulife Manufacturing Fund - Direct Plan - Growth,9.5582
2025-01-07,152673,Sundaram Business Cycle Fund Direct Plan IDCW Reinvestment,10.9198
2025-01-07,152674,Sundaram Business Cycle Fund Regular Plan IDCW Payout,10.8228
2025-01-07,152675,Sundaram Business Cycle Fund Regular Plan IDCW Reinvestment,10.8228
2025-01-07,152676,Sundaram Business Cycle Fund Direct Plan IDCW Payout,10.9198
2025-01-07,152677,Sundaram Business Cycle Fund Direct Plan Growth,10.9198
2025-01-07,152678,Sundaram Business Cycle Fund Regular Plan Growth,10.8228
2025-01-07,152679,Helios Financial Services Fund - Direct Plan - Growth Option,10.82
2025-01-07,152680,Helios Financial Services Fund - Direct Plan - IDCW Option,10.82
2025-01-07,152681,Helios Financial Services Fund - Regular Plan - IDCW Option,10.72
2025-01-07,152682,Helios Financial Services Fund - Regular Plan - Growth Option,10.72
2025-01-07,152683,Baroda BNP Paribas Nifty Bank ETF,50.1425
2025-01-07,152684,Aditya Birla Sun Life Quant Fund - Direct Growth,9.56
2025-01-07,152685,Aditya Birla Sun Life Quant Fund - Direct IDCW Payout,9.55
2025-01-07,152686,Aditya Birla Sun Life Quant Fund - Regular Growth,9.48
2025-01-07,152687,Aditya Birla Sun Life Quant Fund - Regular IDCW Payout,9.47
2025-01-07,152688,Canara Robeco Balanced Advantage Fund - Direct Plan - Growth Option,10.05
2025-01-07,152689,Canara Robeco Balanced Advantage Fund - Direct Plan - IDCW Option,10.05
2025-01-07,152690,Canara Robeco Balanced Advantage Fund - Regular Plan - Growth Option,9.98
2025-01-07,152691,Canara Robeco Balanced Advantage Fund - Regular Plan - IDCW Option,9.98
2025-01-07,152692,Motilal Oswal Quant Fund - Regular - Growth,10.3419
2025-01-07,152693,Motilal Oswal Quant Fund - Regular - IDCW,9.531
2025-01-07,152694,Motilal Oswal Quant Fund - Direct - Growth,10.9347
2025-01-07,152695,Motilal Oswal Quant Fund - Direct - IDCW,10.2827
2025-01-07,152696,Baroda BNP Paribas Manufacturing Fund - Regular Plan - Growth Option,9.3816
2025-01-07,152697,Baroda BNP Paribas Manufacturing Fund - Direct Plan - Growth Option,9.4632
2025-01-07,152698,Baroda BNP Paribas Manufacturing Fund - Direct Plan - IDCW Option,9.4632
2025-01-07,152699,Baroda BNP Paribas Manufacturing Fund - Regular Plan - IDCW Option,9.3816
2025-01-07,152700,Kotak Special Opportunities Fund - Regular Plan - IDCW Option,9.893
2025-01-07,152702,Kotak Special Opportunities Fund - Direct Plan - Growth Option,9.967
2025-01-07,152703,Kotak Special Opportunities Fund - Regular Plan - Growth Option,9.893
2025-01-07,152704,Kotak Special Opportunities Fund - Direct Plan - IDCW Payout Option,9.967
2025-01-07,152710,Edelweiss Business Cycle Fund - Direct Plan - Growth,9.3482
2025-01-07,152711,Motilal Oswal Nifty India Defence Index Fund Regular Plan Growth,8.4134
2025-01-07,152712,Motilal Oswal Nifty India Defence Index Fund Direct Plan Growth,8.4473
2025-01-07,152713,HDFC NIFTY100 Low Volatility 30 Index Fund - Direct Plan,9.925
2025-01-07,152714,HDFC NIFTY100 Low Volatility 30 Index Fund - Regular Plan,9.8989
2025-01-07,152715,Mirae Asset Nifty EV and New Age Automotive ETF,29.9216
2025-01-07,152716,Bandhan Nifty Total Market Index Fund - Direct Plan - Growth,9.7637
2025-01-07,152717,Bandhan Nifty Total Market Index Fund - Regular Plan - Growth,9.7317
2025-01-07,152718,Mirae Asset Nifty200 Alpha 30 ETF Fund of Fund - Direct Plan - Growth,9.177
2025-01-07,152719,Mirae Asset Nifty200 Alpha 30 ETF Fund of Fund - Direct Plan - IDCW,9.183
2025-01-07,152720,Mirae Asset Nifty200 Alpha 30 ETF Fund of Fund - Regular Plan - Growth,9.166
2025-01-07,152721,Mirae Asset Nifty200 Alpha 30 ETF Fund of Fund - Regular Plan - IDCW,9.158
2025-01-07,152722,Edelweiss Business Cycle Fund - Regular Plan - IDCW Option,9.2772
2025-01-07,152723,Edelweiss Business Cycle Fund - Direct Plan - IDCW Option,9.3482
2025-01-07,152724,Edelweiss Business Cycle Fund - Regular Plan - Growth,9.2772
2025-01-07,152725,SBI Silver ETF,89.1685
2025-01-07,152726,ICICI PRUDENTIAL ENERGY OPPORTUNITIES FUND - Growth,9.54
2025-01-07,152727,ICICI PRUDENTIAL ENERGY OPPORTUNITIES FUND - IDCW,9.54
2025-01-07,152728,ICICI PRUDENTIAL ENERGY OPPORTUNITIES FUND - Direct Plan - Growth,9.6
2025-01-07,152729,ICICI PRUDENTIAL ENERGY OPPORTUNITIES FUND - Direct Plan - IDCW,9.6
2025-01-07,152730,Axis Nifty 500 Index Fund - Regular Plan - Growth Option,9.6391
2025-01-07,152731,Axis Nifty 500 Index Fund - Direct Plan - Growth Option,9.6819
2025-01-07,152732,ADITYA BIRLA SUN LIFE CRISIL BROAD BASED GILT ETF,104.6309
2025-01-07,152733,SBI Silver ETF Fund of Fund- Regular Plan - Growth,9.6437
2025-01-07,152734,SBI Silver ETF FOF- Regular Plan - Income Distribution Cum Capital Withdrawal Option (IDCW),9.6433
2025-01-07,152735,SBI Silver ETF Fund of Fund- Direct Plan - Growth,9.6614
2025-01-07,152736,SBI Silver ETF Fund of Fund- Direct Plan - Income Distribution Cum Capital Withdrawal Option (IDCW),9.6614
2025-01-07,152737,Franklin India Multi Cap Fund - Direct - IDCW,10.1599
2025-01-07,152738,Franklin India Multi Cap Fund - Growth,10.0903
2025-01-07,152739,Franklin India Multi Cap Fund - Direct - Growth,10.1599
2025-01-07,152740,Franklin India Multi Cap Fund - IDCW,10.0903
2025-01-07,152741,Shriram Nifty 1D Rate Liquid ETF - Growth,1031.7883
2025-01-07,152742,Tata Nifty India Tourism Index Fund - Direct - Growth,10.4527
2025-01-07,152743,Tata Nifty India Tourism Index Fund - Direct - IDCW Reinvestment,10.4527
2025-01-07,152744,Tata Nifty India Tourism Index Fund - Direct - IDCW Payout,10.4527
2025-01-07,152745,Tata Nifty India Tourism Index Fund - Regular - IDCW Payout,10.4167
2025-01-07,152746,Tata Nifty India Tourism Index Fund - Regular - Growth,10.4167
2025-01-07,152747,Tata Nifty India Tourism Index Fund - Regular - IDCW Reinvestment,10.4167
2025-01-07,152748,ICICI Prudential Nifty Oil & Gas ETF,10.9476
2025-01-07,152749,SBI Nifty50 Equal Weight ETF,29.6923
2025-01-07,152750,NAVI NIFTY 500 MULTICAP 50-25-25 REGULAR PLAN,9.6522
2025-01-07,152751,NAVI NIFTY 500 MULTICAP 50-25-25 DIRECT PLAN,9.6835
2025-01-07,152752,Kotak BSE PSU Index Fund - Regular Plan - Growth,8.249
2025-01-07,152753,Kotak BSE PSU Index Fund - Regular Plan - IDCW Payout and Reinvestment,8.249
2025-01-07,152754,Kotak BSE PSU Index Fund - Direct Plan - IDCW Payout and Reinvestment,8.273
2025-01-07,152755,Kotak BSE PSU Index Fund - Direct Plan - Growth,8.273
2025-01-07,152756,Invesco India Manufacturing Fund - Direct Plan - Growth,10.69
2025-01-07,152757,Invesco India Manufacturing Fund - Direct Plan - IDCW,10.69
2025-01-07,152758,Invesco India Manufacturing Fund - Regular Plan - Growth,10.63
2025-01-07,152759,Invesco India Manufacturing Fund - Regular Plan - IDCW,10.63
2025-01-07,152760,Motilal Oswal Manufacturing Fund - Direct Plan- Growth,11.8781
2025-01-07,152761,Motilal Oswal Manufacturing Fund - Regular Plan - IDCW,11.8107
2025-01-07,152762,Motilal Oswal Manufacturing Fund - Direct Plan - IDCW,11.8781
2025-01-07,152763,Motilal Owsal Manufacturing Fund - Regular Plan - Growth,11.811
2025-01-07,152764,GROWW NIFTY EV & NEW AGE AUTOMOTIVE ETF,29.8839
2025-01-07,152765,KOTAK NIFTY MIDCAP 50 INDEX FUND-REGULAR PLAN-GROWTH,9.726
2025-01-07,152766,KOTAK NIFTY MIDCAP 50 INDEX FUND-REGULAR PLAN-IDCW PAYOUT AND REINVESTMENT,9.726
2025-01-07,152767,KOTAK NIFTY MIDCAP 50 INDEX FUND-DIRECT PLAN- GROWTH,9.75
2025-01-07,152768,KOTAK NIFTY MIDCAP 50 INDEX FUND-DIRECT PLAN-IDCW PAYOUT AND REINVESTMENT,9.75
2025-01-07,152769,ICICI Prudential Nifty Metal ETF,8.5737
2025-01-07,152770,Groww Nifty EV & New Age Automotive ETF FOF- Direct Plan - Growth,9.1867
2025-01-07,152771,Groww Nifty EV & New Age Automotive ETF FOF - Direct Plan - IDCW,9.1875
2025-01-07,152772,Groww Nifty EV & New Age Automotive ETF FOF - Regular Plan - IDCW,9.1705
2025-01-07,152773,Groww Nifty EV & New Age Automotive ETF FOF - Regular Plan - Growth,9.1703
2025-01-07,152774,SBI Innovative Opportunities Fund - Regular Plan - Growth,10.0721
2025-01-07,152775,SBI Innovative Opportunities Fund - Regular Plan - Income Distribution Cum Capital Withdrawal Option,10.0725
2025-01-07,152776,SBI Innovative Opportunities Fund - Direct Plan - Growth,10.119
2025-01-07,152777,SBI Innovative Opportunities Fund - Direct Plan - Income Distribution Cum Capital Withdrawal Option,10.1191
2025-01-07,152778,HDFC NIFTY500 Multicap 50:25:25 Index Fund - Direct Plan,9.6068
2025-01-07,152779,HDFC NIFTY500 Multicap 50:25:25 index Fund - Regular Plan,9.5885
2025-01-07,152780,BAJAJ FINSERV LARGE CAP FUND - REGULAR PLAN - GROWTH,9.491
2025-01-07,152781,BAJAJ FINSERV LARGE CAP FUND - DIRECT PLAN - IDCW,9.546
2025-01-07,152782,BAJAJ FINSERV LARGE CAP FUND - REGULAR PLAN - IDCW,9.491
2025-01-07,152783,BAJAJ FINSERV LARGE CAP FUND - DIRECT PLAN - GROWTH,9.546
2025-01-07,152784,Union Multi Asset Allocation Fund- Direct Plan - IDCW Option,10.04
2025-01-07,152785,Union Multi Asset Allocation Fund- Regular Plan - IDCW Option,10.0
2025-01-07,152786,Union Multi Asset Allocation Fund- Regular Plan - Growth Option,10.0
2025-01-07,152787,Union Multi Asset Allocation Fund- Direct Plan - Growth Option,10.04
2025-01-07,152788,Bank of India Business Cycle Fund - Direct Plan - Dividend,9.78
2025-01-07,152789,Bank of India Business Cycle Fund - Direct Plan - Growth,9.78
2025-01-07,152790,Bank of India Business Cycle Fund - Regular Plan - Growth,9.74
2025-01-07,152791,Bank of India Business Cycle Fund - Regular Plan - Dividend,9.74
2025-01-07,152792,Bandhan Nifty Bank Index Fund - Regular Plan - Growth,9.7587
2025-01-07,152793,Bandhan Nifty Bank Index Fund - Direct Plan - Growth,9.7873
2025-01-07,152794,Motilal Oswal Business Cycle Fund-Regular Plan-Growth,12.7667
2025-01-07,152795,Motilal Oswal Business Cycle Fund-Regular Plan-IDCW,12.7667
2025-01-07,152796,Motilal Oswal Business Cycle Fund - Direct Plan- Growth,12.8422
2025-01-07,152797,Motilal Oswal Business Cycle Fund - Direct Plan- IDCW,12.8415
2025-01-07,152798,Aditya Birla Sun Life Nifty India Defence Index Fund-Direct Growth,9.2494
2025-01-07,152799,Aditya Birla Sun Life Nifty India Defence Index Fund-Direct IDCW Payout,9.2498
2025-01-07,152800,Aditya Birla Sun Life Nifty India Defence Index Fund-Regular-Growth,9.2253
2025-01-07,152801,Aditya Birla Sun Life Nifty India Defence Index Fund-Regular IDCW Payout,9.2236
2025-01-07,152802,Aditya Birla Sun Life Crisil 10 Year Gilt ETF,103.3572
2025-01-07,152803,Axis Consumption Fund Direct Plan - IDCW,9.66
2025-01-07,152804,Axis Consumption Fund Regular Plan - Growth,9.62
2025-01-07,152805,Axis Consumption Fund Direct Plan - Growth,9.66
2025-01-07,152806,Axis Consumption Fund Regular Plan - IDCW,9.62
2025-01-07,152807,Baroda BNP Paribas Dividend Yield Fund - Regular Plan - Growth Option,9.2816
2025-01-07,152808,Baroda BNP Paribas Dividend Yield Fund - Regular Plan - IDCW Option,9.2816
2025-01-07,152809,Baroda BNP Paribas Dividend Yield Fund - Direct Plan - IDCW Option,9.333
2025-01-07,152810,Baroda BNP Paribas Dividend Yield Fund - Direct Plan - Growth Option,9.333
2025-01-07,152811,Mirae Asset Nifty500 Multicap 50:25:25 ETF,15.7554
2025-01-07,152812,DSP Nifty Top 10 Equal Weight ETF,92.7648
2025-01-07,152813,DSP Nifty Top 10 Equal Weight Index Fund - Regular - Growth,9.5224
2025-01-07,152814,DSP Nifty Top 10 Equal Weight Index Fund - Direct - Growth,9.5463
2025-01-07,152815,PGIM India Multi Cap Fund - Direct Plan - Growth Option,9.63
2025-01-07,152816,PGIM India Multi Cap Fund - Regular Plan - Growth Option,9.58
2025-01-07,152817,PGIM India Multi Cap Fund - Direct Plan - IDCW Option,9.63
2025-01-07,152818,PGIM India Multi Cap Fund - Regular Plan - IDCW Option,9.58
2025-01-07,152821,ITI Large & Midcap Fund - Direct Plan - Growth,9.689
2025-01-07,152822,ITI Large & Midcap Fund - Regular Plan - IDCW Option,9.6314
2025-01-07,152823,ITI Large & Midcap Fund - Direct Plan - IDCW Option,9.689
2025-01-07,152824,ITI Large & Midcap Fund - Regular Plan - Growth,9.6314
2025-01-07,152825,Franklin India Ultra Short Duration Fund - Direct - Growth,10.267
2025-01-07,152826,Franklin India Ultra Short Duration Fund - IDCW,10.2485
2025-01-07,152827,Franklin India Ultra Short Duration Fund - Direct - IDCW,10.267
2025-01-07,152828,Franklin India Ultra Short Duration Fund - Growth,10.2485
2025-01-07,152829,HSBC India Export Opportunities Fund - Direct Growth,10.0271
2025-01-07,152830,HSBC India Export Opportunities Fund - Regular Growth,9.9862
2025-01-07,152831,HSBC India Export Opportunities Fund - Direct IDCW,10.0271
2025-01-07,152832,HSBC India Export Opportunities Fund - Regular IDCW,9.9862
2025-01-07,152833,Tata Nifty200 Alpha 30 Index Fund - Direct - IDCW Reinvestment,8.9228
2025-01-07,152834,Tata Nifty200 Alpha 30 Index Fund - Regular -Growth,8.8998
2025-01-07,152835,Tata Nifty200 Alpha 30 Index Fund - Regular - IDCW Payout,8.8998
2025-01-07,152836,Tata Nifty200 Alpha 30 Index Fund - Direct -Growth,8.9228
2025-01-07,152837,Tata Nifty200 Alpha 30 Index Fund - Direct - IDCW Payout,8.9228
2025-01-07,152838,Tata Nifty200 Alpha 30 Index Fund - Regular - IDCW Reinvestment,8.8998
2025-01-07,152839,Nippon India Nifty 500 Equal Weight Index Fund - Direct Plan - IDCW Option,9.3788
2025-01-07,152840,Nippon India Nifty 500 Equal Weight Index Fund - Regular Plan - Growth Option,9.3604
2025-01-07,152841,Nippon India Nifty 500 Equal Weight Index Fund - Regular Plan - IDCW Option,9.3604
2025-01-07,152842,Nippon India Nifty 500 Equal Weight Index Fund - Direct Plan - Growth Option,9.3788
2025-01-07,152843,Bandhan BSE Healthcare Index Fund Regular Plan - Growth,10.4231
2025-01-07,152844,Bandhan BSE Healthcare Index Fund Direct Plan - Growth,10.4515
2025-01-07,152845,Groww Nifty India Defence ETF,64.5739
2025-01-07,152846,Motilal Oswal Nifty India Defence ETF,70.7499
2025-01-07,152847,Samco Multi Cap Fund - Direct Plan - Growth,9.6
2025-01-07,152848,Samco Multi Cap Fund - Regular Plan - Growth,9.58
2025-01-07,152849,WhiteOak Capital Arbitrage Fund Direct Plan Growth,10.241
2025-01-07,152850,WhiteOak Capital Arbitrage Fund Regular Plan Growth,10.216
2025-01-07,152851,Franklin India Medium to Long Duration Fund - Direct Growth,10.1876
2025-01-07,152852,Franklin India Medium to Long Duration Fund - Direct - IDCW,10.1876
2025-01-07,152853,Franklin India Medium to Long Duration Fund - Growth,10.1711
2025-01-07,152854,Franklin India Medium to Long Duration Fund - IDCW,10.1711
2025-01-07,152855,Bandhan Nifty Midcap 150 Index Fund-Direct Plan-Growth,9.5888
2025-01-07,152856,Bandhan Nifty Midcap 150 Index Fund-Regular Plan-Growth,9.5685
2025-01-07,152857,Edelweiss Nifty Bank ETF - Growth,50.1527
2025-01-07,152858,UTI Nifty 200 Quality 30 Index Fund - Regular Plan - Growth Option,8.9358
2025-01-07,152859,UTI Nifty 200 Quality 30 Index Fund - Direct Plan - Growth Option,8.9519
2025-01-07,152860,Invesco India Technology Fund - Direct Plan - IDCW,10.47
2025-01-07,152861,Invesco India Technology Fund - Regular Plan - IDCW,10.42
2025-01-07,152862,Invesco India Technology Fund - Regular Plan - Growth,10.42
2025-01-07,152863,Invesco India Technology Fund - Direct Plan - Growth,10.47
2025-01-07,152864,UTI Nifty Private Bank Index Fund - Direct Plan - Growth Option,9.1173
2025-01-07,152865,UTI Nifty Private Bank Index Fund - Regular Plan - Growth Option,9.1008
2025-01-07,152866,Kotak CRISIL -IBX AAA Financial Services Index Sep-2027 Fund-REGULAR PLAN-GROWTH,10.2587
2025-01-07,152867,Kotak CRISIL-IBX AAA Financial Services Index Sep-2027 Fund-REGULAR PLAN-IDCW,10.2587
2025-01-07,152868,Kotak CRISIL -IBX AAA Financial Services Index Sep-2027 Fund-DIRECT PLAN-IDCW,10.265
2025-01-07,152869,Kotak CRISIL -IBX AAA Financial Services Index Sep-2027 Fund-DIRECT PLAN-GROWTH Option,10.2657
2025-01-07,152870,Kotak Nifty India Tourism Index Fund-Direct-Growth Option,9.828
2025-01-07,152871,Kotak Nifty India Tourism Index Fund-Regular Plan-IDCW Option,9.81
2025-01-07,152872,Kotak Nifty India Tourism Index Fund-Regular plan-Growth,9.81
2025-01-07,152873,Kotak Nifty India Tourism Index Fund-Direct Plan-IDCW Option,9.828
2025-01-07,152874,Motilal Oswal Nifty 500 Momentum 50 ETF,56.3923
2025-01-07,152875,Motilal Oswal Nifty 500 Momentum 50 Index Fund-Direct Plan-Growth,8.809
2025-01-07,152876,Motilal Oswal Nifty 500 Momentum 50 Index Fund-Regular Plan-Growth,8.7909
2025-01-07,152877,Bandhan Business Cycle Fund - Regular Plan - Growth,9.743
2025-01-07,152878,Bandhan Business Cycle Fund - Direct Plan - Growth,9.787
2025-01-07,152879,Bandhan Business Cycle Fund - Direct Plan - IDCW,9.787
2025-01-07,152880,Bandhan Business Cycle Fund - Regular Plan - IDCW,9.743
2025-01-07,152881,Nippon India Nifty 500 Momentum 50 Index Fund - Direct Plan - Growth Option,8.8368
2025-01-07,152882,Nippon India Nifty 500 Momentum 50 Index Fund - Regular Plan - IDCW Option,8.8209
2025-01-07,152883,Nippon India Nifty 500 Momentum 50 Index Fund - Regular Plan - Growth Option,8.8209
2025-01-07,152884,Nippon India Nifty 500 Momentum 50 Index Fund - Direct Plan - IDCW Option,8.8368
2025-01-07,152885,Axis CRISIL-IBX AAA Bond NBFC - Jun 2027 Index Fund - Regular Plan - IDCW Option,10.2173
2025-01-07,152886,Axis CRISIL-IBX AAA Bond NBFC - Jun 2027 Index Fund - Regular Plan - Growth Option,10.2173
2025-01-07,152887,Axis CRISIL-IBX AAA Bond NBFC - Jun 2027 Index Fund - Direct Plan - Growth Option,10.2277
2025-01-07,152888,Axis CRISIL-IBX AAA Bond NBFC - Jun 2027 Index Fund - Direct Plan - IDCW Option,10.2277
2025-01-07,152889,HDFC NIFTY LargeMidcap 250 Index Fund - Growth Option - Direct,9.501
2025-01-07,152890,HDFC NIFTY LargeMidcap 250 Index Fund - Growth Option,9.4881
2025-01-07,152891,Groww Nifty 1D Rate Liquid ETF,101.9101
2025-01-07,152906,SBI Nifty 500 Index Fund- Regular Plan- Growth,9.2036
2025-01-07,152907,SBI Nifty 500 Index Fund- Regular Plan- Income Distribution Cum Capital Withdrawal (IDCW),9.2033
2025-01-07,152908,SBI Nifty 500 Index Fund- Direct Plan- Growth,9.2159
2025-01-07,152909,SBI Nifty 500 Index Fund- Direct Plan- Income Distribution Cum Capital Withdrawal (IDCW),9.2159
2025-01-07,152910,Kotak MNC Fund-Direct Plan-Growth,10.143
2025-01-07,152911,Kotak MNC Fund-Direct Plan-IDCW Option,10.143
2025-01-07,152912,KotaK MNC Fund-Regular Plan-IDCW OPTION,10.114
2025-01-07,152913,Kotak MNC Fund-Regular Plan- Growth,10.114
2025-01-07,152914,WhiteOak Capital Digital Bharat Fund Regular Plan Growth,10.58
2025-01-07,152915,WhiteOak Capital Digital Bharat Fund Direct Plan Growth,10.625
2025-01-07,152916,Kotak Nifty Midcap 150 Momentum 50 Index Fund-Direct Plan-Growth,9.711
2025-01-07,152917,Kotak Nifty Midcap 150 Momentum 50 Index Fund-Direct Plan-IDCW option,9.711
2025-01-07,152918,Kotak Nifty Midcap 150 Momentum 50 Index Fund-Regular Plan-Growth,9.695
2025-01-07,152919,Kotak Nifty Midcap 150 Momentum 50 Index Fund-Regular plan-IDCW option,9.695
2025-01-07,152920,LIC MF Manufacturing Fund-Direct Plan-Growth,9.7651
2025-01-07,152921,LIC MF Manufacturing Fund-Direct Plan-IDCW,9.7651
2025-01-07,152922,LIC MF Manufacturing Fund-Regular Plan-Growth,9.7237
2025-01-07,152923,LIC MF Manufacturing Fund-Regular Plan-IDCW,9.7237
2025-01-07,152924,Mirae Asset Nifty Metal ETF,8.5746
2025-01-07,152925,Groww Nifty India Defence ETF FOF - Direct Growth,9.5687
2025-01-07,152926,Groww Nifty India Defence ETF FOF - Direct - IDCW,9.5691
2025-01-07,152927,Groww Nifty India Defence ETF FOF - Regular - Growth,9.5611
2025-01-07,152928,Groww Nifty India Defence ETF FOF - Regular - IDCW,9.5592
2025-01-07,152929,Mirae Asset Nifty PSU Bank ETF,63.8107
2025-01-07,152930,Baroda BNP Paribas Nifty200 Momentum 30 Index Fund - Regular Plan - Growth Option,8.6256
2025-01-07,152931,Baroda BNP Paribas Nifty200 Momentum 30 Index Fund - Direct Plan - Growth Option,8.6385
2025-01-07,152932,ICICI Prudential Nifty200 Value 30 ETF,12.3335
2025-01-07,152933,ICICI Prudential Nifty200 Value 30 Index Fund - Direct Plan - IDCW,8.9422
2025-01-07,152934,ICICI Prudential Nifty200 Value 30 Index Fund - Growth,8.9294
2025-01-07,152935,ICICI Prudential Nifty200 Value 30 Index Fund - IDCW,8.9294
2025-01-07,152936,ICICI Prudential Nifty200 Value 30 Index Fund - Direct Plan - Growth,8.9422
2025-01-07,152937,TRUSTMF SMALL CAP FUND -DIRECT PLAN-IDCW,10.86
2025-01-07,152938,TRUSTMF SMALL CAP FUND -REGULAR PLAN- IDCW,10.82
2025-01-07,152939,TRUSTMF SMALL CAP FUND -DIRECT PLAN-GROWTH,10.86
2025-01-07,152940,TRUSTMF SMALL CAP FUND -REGULAR PLAN-GROWTH,10.82
2025-01-07,152941,Helios Large & Mid Cap Fund - Direct Plan - Growth Option,10.16
2025-01-07,152942,Helios Large & Mid Cap Fund - Direct Plan - IDCW Option,10.16
2025-01-07,152943,Helios Large & Mid Cap Fund - Regular Plan - Growth Option,10.13
2025-01-07,152944,Helios Large & Mid Cap Fund - Regular Plan - IDCW Option,10.13
2025-01-07,152945,Aditya Birla Sun Life Crisil-IBX AAA NBFC-HFC Index-Sep 2026 Fund-Regular Growth,10.1836
2025-01-07,152946,Aditya Birla Sun Life Crisil-IBX AAA NBFC-HFC Index-Sep 2026 Fund-Regular IDCW Payout,10.1837
2025-01-07,152947,Aditya Birla Sun Life Crisil-IBX AAA NBFC-HFC Index-Sep 2026 Fund-Direct Growth,10.1914
2025-01-07,152948,Aditya Birla Sun Life Crisil-IBX AAA NBFC-HFC INDEX-Sep 2026 Fund-Direct IDCW Payout,10.1914
2025-01-07,152949,Axis Nifty500 Value 50 Index Fund - Direct Plan - Growth Option,9.4395
2025-01-07,152950,Axis Nifty500 Value 50 Index Fund - Regular Plan - Growth Option,9.4222
2025-01-07,152951,Tata Nifty Capital Markets Index Fund - Direct Plan Growth Option,10.749
2025-01-07,152952,Tata Nifty Capital Markets Index Fund - Direct Plan IDCW Reinvestment Option,10.749
2025-01-07,152953,Tata Nifty Capital Markets Index Fund - Direct Plan IDCW Payout Option,10.749
2025-01-07,152954,Tata Nifty Capital Markets Index Fund - Regular Plan Growth Option,10.7363
2025-01-07,152955,Tata Nifty Capital Markets Index Fund - Regular Plan IDCW Reinvestment Option,10.7363
2025-01-07,152956,Tata Nifty Capital Markets Index Fund - Regular Plan IDCW Payout Option,10.7363
2025-01-07,152957,Groww Gold ETF,76.7752
2025-01-07,152958,Aditya Birla Sun Life Crisil-IBX AAA NBFC-HFC Index-Dec 2025 Fund-Direct Growth,10.1615
2025-01-07,152959,Aditya Birla Sun Life Crisil-IBX AAA NBFC--HFC Index-Dec 2025 Fund-Direct IDCW Payout,10.1615
2025-01-07,152960,Aditya Birla Sun Life Crisil-IBX AAA NBFC-HFC Index-Dec 2025 Fund-Regular IDCW Payout,10.1544
2025-01-07,152961,Aditya Birla Sun Life Crisil-IBX AAA NBFC-HFC Index-Dec 2025 Fund-Regular Growth,10.1544
2025-01-07,152962,WhiteOak Capital ESG Best-In-Class Strategy Fund Direct Plan Growth,10.17
2025-01-07,152963,WhiteOak Capital ESG Best-In-Class Strategy Fund Regular Plan Growth,10.135
2025-01-07,152964,Motilal Oswal Digital India Fund - Direct Plan - Growth,10.539
2025-01-07,152965,Motilal Oswal Digital India Fund - Direct Plan- IDCW,10.539
2025-01-07,152966,Motilal Oswal Digital India Fund - Regular Plan- Growth,10.5109
2025-01-07,152967,Motilal Oswal Digital India Fund - Regular Plan - IDCW,10.5109
2025-01-07,152968,Mirae Asset Nifty Total Market Index Fund - Direct Plan - Growth,9.9058
2025-01-07,152969,Mirae Asset Nifty Total Market Index Fund - Direct Plan - IDCW,9.9056
2025-01-07,152970,Mirae Asset Nifty Total Market Index Fund - Regular Plan - Growth,9.8922
2025-01-07,152971,Mirae Asset Nifty Total Market Index Fund - Regular Plan - IDCW,9.8919
2025-01-07,152972,Mirae Asset Nifty 50 Index Fund - Direct Plan - Growth,9.7274
2025-01-07,152973,Mirae Asset Nifty 50 Index Fund - Direct Plan - IDCW,9.7274
2025-01-07,152974,Mirae Asset Nifty 50 Index Fund - Regular Plan - Growth,9.7147
2025-01-07,152975,Mirae Asset Nifty 50 Index Fund - Regular Plan - IDCW,9.7143
2025-01-07,152976,Mirae Asset Nifty LargeMidcap 250 Index Fund - Direct Plan - Growth,9.8793
2025-01-07,152977,Mirae Asset Nifty LargeMidcap 250 Index Fund - Direct Plan - IDCW,9.8793
2025-01-07,152978,Mirae Asset Nifty LargeMidcap 250 Index Fund - Regular Plan - Growth,9.8663
2025-01-07,152979,Mirae Asset Nifty LargeMidcap 250 Index Fund - Regular Plan - IDCW,9.8658
2025-01-07,152980,Groww Gold ETF FOF - DIRECT - GROWTH,9.8213
2025-01-07,152981,Edelweiss Nifty500 Multicap Momentum Quality 50 ETF - Growth,44.7083
2025-01-07,152982,Edelweiss Nifty500 Multicap Momentum Quality 50 Index Fund - Direct - IDCW - Payout,9.8054
2025-01-07,152983,Edelweiss Nifty500 Multicap Momentum Quality 50 Index Fund - Regular - IDCW - Payout,9.7924
2025-01-07,152985,Edelweiss Nifty500 Multicap Momentum Quality 50 Index Fund - Direct - Growth,9.8054
2025-01-07,152988,Edelweiss Nifty500 Multicap Momentum Quality 50 Index Fund - Regular - Growth,9.7924
2025-01-07,152990,Bandhan Nifty 500 Value 50 Index Fund Direct Plan - Growth,9.395
2025-01-07,152991,Bandhan Nifty 500 Value 50 Index Fund Regular Plan - Growth,9.3831
2025-01-07,152992,Nippon India CRISIL - IBX AAA Financial Services - Dec 2026 Index Fund - Direct Plan - Growth Option,10.1501
2025-01-07,152993,Nippon India CRISIL - IBX AAA Financial Services - Dec 2026 Index Fund - Direct Plan - IDCW Option,10.1501
2025-01-07,152994,Nippon India CRISIL - IBX AAA Financial Services - Dec 2026 Index Fund - Regular Plan - Growth Option,10.1452
2025-01-07,152995,Nippon India CRISIL - IBX AAA Financial Services - Dec 2026 Index Fund - Regular Plan - IDCW Option,10.1452
2025-01-07,152996,Nippon India CRISIL - IBX AAA Financial Services - Jan 2028 Index Fund - Direct Plan - Growth Option,10.1504
2025-01-07,152997,Nippon India CRISIL - IBX AAA Financial Services - Jan 2028 Index Fund - Direct Plan - IDCW Option,10.1504
2025-01-07,152998,Nippon India CRISIL - IBX AAA Financial Services - Jan 2028 Index Fund - Regular Plan - Growth Option,10.1454
2025-01-07,152999,Nippon India CRISIL - IBX AAA Financial Services - Jan 2028 Index Fund - Regular Plan - IDCW Option,10.1454
2025-01-07,153000,Baroda BNP Paribas Nifty Midcap 150 Index Fund - Direct Plan - Growth Option,10.132
2025-01-07,153001,Baroda BNP Paribas Nifty Midcap 150 Index Fund - Regular Plan - Growth Option,10.1194
2025-01-07,153002,Bandhan Nifty 500 Momentum 50 Index Fund Regular Plan-Growth,9.4971
2025-01-07,153003,Bandhan Nifty 500 Momentum 50 Index Fund Direct Plan-Growth,9.5091
2025-01-07,153004,Groww Gold ETF FOF - DIRECT - IDCW,9.8212
2025-01-07,153005,Groww Gold ETF FOF - REGULAR - IDCW,9.8158
2025-01-07,153006,Groww Gold ETF FOF - REGULAR - GROWTH,9.8157
2025-01-07,153007,Mirae Asset Gold ETF Fund of Fund - Direct Plan - Growth,9.904
2025-01-07,153008,Mirae Asset Gold ETF Fund of Fund - Direct Plan - IDCW,9.904
2025-01-07,153009,Mirae Asset Gold ETF Fund of Fund - Regular Plan - Growth,9.892
2025-01-07,153010,Mirae Asset Gold ETF Fund of Fund - Regular Plan - IDCW,9.892
2025-01-07,153011,Zerodha Gold ETF FoF-Direct Plan - Growth Option,10.2436
2025-01-07,153012,SBI Nifty India Consumption Index Fund- Regular Plan- Growth,9.8564
2025-01-07,153013,SBI Nifty India Consumption Index Fund- Regular Plan- IDCW Payout,9.8564
2025-01-07,153014,SBI Nifty India Consumption Index Fund- Direct Plan- IDCW Payout,9.8658
2025-01-07,153015,SBI Nifty India Consumption Index Fund- Direct Plan- Growth,9.8658
2025-01-07,153021,Samco Overnight Fund - Unclaimed Redemption Upto 3 years,1008.34
2025-01-07,153022,Motilal Oswal Nifty MidSmall Healthcare Index Fund-Regular Plan-Growth,10.915
2025-01-07,153023,Motilal Oswal Nifty MidSmall Healthcare Index Fund- Direct Plan-Growth,10.9216
2025-01-07,153024,Motilal Oswal Nifty MidSmall India Consumption Index Fund-Regular Plan-Growth,10.8013
2025-01-07,153025,Motilal Oswal Nifty MidSmall India Consumption Index Fund - Direct Plan- Growth,10.8087
2025-01-07,153026,Motilal Oswal Nifty MidSmall Financial Services Index Fund-Regular Plan-Growth,10.3821
2025-01-07,153027,Motilal Oswal Nifty MidSmall Financial Services Index Fund - Direct Plan- Growth,10.3892
2025-01-07,153028,Motilal Oswal Nifty MidSmall IT and Telecom Index Fund-Regular Plan-Growth,10.62
2025-01-07,153029,Motilal Oswal Nifty MidSmall IT and Telecom Index Fund - Direct Plan- Growth,10.6272
2025-01-07,153030,Aditya Birla Sun Life Crisil-IBX AAA Financial Services Index-Sep 2027 Fund-Direct Growth,10.1009
2025-01-07,153031,Aditya Birla Sun Life Crisil-IBX AAA Financial Services Index-Sep 2027 Fund-Direct IDCW Payout,10.1009
2025-01-07,153032,Aditya Birla Sun Life Crisil-IBX AAA Financial Services Index-Sep 2027 Fund-Regular IDCW Payout,10.0963
2025-01-07,153033,Aditya Birla Sun Life Crisil-IBX AAA Financial Services Index-Sep 2027 Fund-Regular Growth,10.0963
2025-01-07,153034,Groww Multicap Fund - Direct - Growth,9.8375
2025-01-07,153035,Shriram Liquid Fund - Direct Plan Growth Option,1011.2135
2025-01-07,153036,Shriram Liquid Fund - Regular Plan Growth Option,1010.9996
2025-01-07,153037,PGIM India Healthcare Fund - Direct Plan - IDCW Option,10.24
2025-01-07,153038,PGIM India Healthcare Fund - Regular Plan - IDCW Option,10.22
2025-01-07,153039,PGIM India Healthcare Fund - Direct Plan - Growth Option,10.24
2025-01-07,153040,PGIM India Healthcare Fund - Regular Plan - Growth Option,10.22
2025-01-07,153041,Franklin India Arbitrage Fund - Direct - IDCW,10.0927
2025-01-07,153042,Franklin India Arbitrage Fund - Growth,10.0825
2025-01-07,153043,Franklin India Arbitrage Fund - Direct - Growth,10.0927
2025-01-07,153044,Franklin India Arbitrage Fund - IDCW,10.0825
2025-01-07,153045,Mirae Asset Nifty 1D Rate Liquid ETF - Growth,1010.9878
2025-01-07,153046,Invesco India Multi Asset Allocation Fund - Regular Plan - Growth,9.88
2025-01-07,153047,Invesco India Multi Asset Allocation Fund - Direct Plan - Growth,9.89
2025-01-07,153048,Invesco India Multi Asset Allocation Fund - Regular Plan - IDCW,9.88
2025-01-07,153049,Invesco India Multi Asset Allocation Fund - Direct Plan - IDCW,9.89
2025-01-07,153050,Axis CRISIL-IBX AAA Bond Financial Services - Sep 2027 Index Fund - Regular Plan - Growth Option,10.0815
2025-01-07,153051,Axis CRISIL-IBX AAA Bond Financial Services - Sep 2027 Index Fund - Direct Plan - Growth Option,10.0828
2025-01-07,153052,Axis CRISIL-IBX AAA Bond Financial Services - Sep 2027 Index Fund - Direct Plan - IDCW Option,10.0828
2025-01-07,153053,Axis CRISIL-IBX AAA Bond Financial Services - Sep 2027 Index Fund - Regular Plan - IDCW Option,10.0815
2025-01-07,153054,Tata India Innovation Fund- Regular IDCW payout,10.0796
2025-01-07,153055,Tata India Innovation Fund- Direct Growth,10.0956
2025-01-07,153056,Tata India Innovation Fund- Direct IDCW Reinvestment,10.0956
2025-01-07,153057,Tata India Innovation Fund- Direct IDCW payout,10.0956
2025-01-07,153058,Tata India Innovation Fund- Regular IDCW Reinvestment,10.0796
2025-01-07,153059,Tata India Innovation Fund- Regular Growth,10.0796
2025-01-07,153060,Nippon India Nifty Realty Index Fund-Direct Plan- Growth Option,9.4628
2025-01-07,153061,Nippon India Nifty Realty Index Fund-Regular Plan- Growth Option,9.4574
2025-01-07,153062,Nippon India Nifty Realty Index Fund-Regular Plan- IDCW Option,9.4574
2025-01-07,153063,Nippon India Nifty Realty Index Fund-Direct Plan- IDCW Option,9.4628
2025-01-07,153064,Nippon India Nifty Auto Index Fund - Direct Plan- Growth Option,9.9466
2025-01-07,153065,Nippon India Nifty Auto Index Fund - Regular Plan- IDCW Option,9.9409
2025-01-07,153066,Nippon India Nifty Auto Index Fund - Regular Plan- Growth Option,9.9409
2025-01-07,153067,Nippon India Nifty Auto Index Fund - Direct Plan- IDCW Option,9.9466
2025-01-07,153068,ICICI Prudential Equity Minimum Variance Fund - IDCW,9.84
2025-01-07,153069,ICICI Prudential Equity Minimum Variance Fund - Growth,9.84
2025-01-07,153070,ICICI Prudential Equity Minimum Variance Fund - Direct Plan - Growth,9.85
2025-01-07,153071,ICICI Prudential Equity Minimum Variance Fund - Direct Plan - IDCW,9.85
2025-01-07,153072,BAJAJ FINSERV CONSUMPTION FUND - REGULAR - GROWTH,10.008
2025-01-07,153073,BAJAJ FINSERV CONSUMPTION FUND - REGULAR - IDCW,10.008
2025-01-07,153074,BAJAJ FINSERV CONSUMPTION FUND - DIRECT - IDCW,10.026
2025-01-07,153075,BAJAJ FINSERV CONSUMPTION FUND - DIRECT - GROWTH,10.026
2025-01-07,153076,Shriram Multi Sector Rotation Fund - Direct Plan Growth Option,9.7898
2025-01-07,153077,Shriram Multi Sector Rotation Fund - Regular Plan Growth Option,9.7774
2025-01-07,153078,Aditya Birla Sun Life BSE India Infrastructure Index Fund-Direct IDCW Payout,9.3614
2025-01-07,153079,Aditya Birla Sun Life BSE India Infrastructure Index Fund-Regular IDCW Payout,9.3547
2025-01-07,153080,Aditya Birla Sun Life BSE India Infrastructure Index Fund-Regular Growth,9.3547
2025-01-07,153081,Aditya Birla Sun Life BSE India Infrastructure Index Fund-Direct Growth,9.3614
2025-01-07,153082,Axis Momentum Fund - Regular Plan - IDCW Option,9.72
2025-01-07,153083,Axis Momentum Fund - Direct Plan - Growth Option,9.73
2025-01-07,153084,Axis Momentum Fund - Direct Plan - IDCW Option,9.73
2025-01-07,153085,Axis Momentum Fund - Regular Plan - Growth Option,9.72
2025-01-07,153086,UTI Nifty Alpha Low-Volatility 30 Index Fund - Direct Plan - Growth Option,9.8386
2025-01-07,153087,UTI Nifty Alpha Low-Volatility 30 Index Fund - Regular Plan - Growth Option,9.8314
2025-01-07,153088,UTI Nifty Midcap 150 Index Fund - Regular Plan - Growth Option,10.082
2025-01-07,153089,UTI Nifty Midcap 150 Index Fund - Direct Plan - Growth Option,10.0888
2025-01-07,153090,Samco Arbitrage Fund - Direct Plan - Growth,10.08
2025-01-07,153091,Samco Arbitrage Fund - Regular Plan - Growth,10.07
2025-01-07,153092,Samco Multi Asset Allocation Fund - Direct Plan - Growth,9.99
2025-01-07,153093,Samco Multi Asset Allocation Fund - Regular Plan - Growth,9.98
2025-01-07,153094,Quantum Ethical Fund - Direct Plan Growth Option,10.01
2025-01-07,153095,Quantum Ethical Fund - Regular Plan Growth Option,10.0
2025-01-07,153096,HDFC Nifty India Digital Index Fund - Growth Option - Regular,9.5826
2025-01-07,153097,HDFC Nifty India Digital Index Fund - Growth Option - Direct,9.5865
2025-01-07,153098,Groww Multicap Fund - Direct - IDCW,9.8375
2025-01-07,153099,Groww Multicap Fund - Regular - IDCW,9.826
2025-01-07,153100,Groww Multicap Fund - Regular - Growth,9.8262
2025-01-07,153101,Franklin India Long Duration Fund - IDCW,10.0288
2025-01-07,153102,Franklin India Long Duration Fund - Direct - Growth,10.0331
2025-01-07,153103,Franklin India Long Duration Fund - Direct - IDCW,10.0331
2025-01-07,153104,Franklin India Long Duration Fund - Growth,10.0288
2025-01-07,153105,Mirae Asset Long Duration Fund - Direct Plan - Growth,10.0383
2025-01-07,153106,Mirae Asset Long Duration Fund - Direct Plan - IDCW,10.0382
2025-01-07,153107,Mirae Asset Long Duration Fund - Regular Plan - Growth,10.0328
2025-01-07,153108,Mirae Asset Long Duration Fund - Regular Plan - IDCW,10.0327
2025-01-07,153109,Union Active Momentum Fund - Direct Plan - Growth Option,10.2
2025-01-07,153110,Union Active Momentum Fund - Direct Plan - IDCW Option,10.2
2025-01-07,153111,Union Active Momentum Fund - Regular Plan - Growth Option,10.19
2025-01-07,153112,Union Active Momentum Fund - Regular Plan - IDCW Option,10.19
2025-01-07,153113,Bandhan Nifty 200 Quality 30 Index Fund - Regular Plan - Growth,9.6502
2025-01-07,153114,Bandhan Nifty 200 Quality 30 Index Fund - Direct Plan - Growth,9.656
2025-01-07,153115,Edelweiss CRISIL IBX AAA Financial Services - Jan 2028 Index Fund - Direct - Growth,10.071
2025-01-07,153116,Kotak Transportation & Logistics Fund-Regular-Growth,9.96
2025-01-07,153117,Kotak Transportation & Logistics Fund-Direct -IDCW-PAYOUT & REINVESTMENT,9.97
2025-01-07,153118,Kotak Transportation & Logistics Fund-Direct Growth,9.97
2025-01-07,153119,Kotak Transportation & Logistics Fund-Regular-IDCW Payout & Reinvestment,9.96
2025-01-07,153120,DSP Business Cycle Fund - Regular - IDCW,9.965
2025-01-07,153121,DSP Business Cycle Fund - Direct - Growth,9.975
2025-01-07,153122,DSP Business Cycle Fund - Regular - Growth,9.965
2025-01-07,153123,DSP Business Cycle Fund - Direct - IDCW,9.975
2025-01-07,153124,Aditya Birla Sun Life Conglomerate Fund-Direct Growth,10.03
2025-01-07,153125,Aditya Birla Sun Life Conglomerate Fund-Direct IDCW Payout,10.03
2025-01-07,153126,Aditya Birla Sun Life Conglomerate Fund-Regular IDCW Payout,10.03
2025-01-07,153127,Aditya Birla Sun Life Conglomerate Fund-Regular Growth,10.03
2025-01-07,153128,Edelweiss CRISIL IBX AAA Financial Services - Jan 2028 Index Fund - Direct - IDCW - Payout,10.071
2025-01-07,153129,Edelweiss CRISIL IBX AAA Financial Services - Jan 2028 Index Fund - Regular - IDCW - Payout,10.069
2025-01-07,153130,Edelweiss CRISIL IBX AAA Financial Services - Jan 2028 Index Fund - Regular - Growth,10.069
2025-01-07,153131,Tata BSE Select Business Groups Index Fund - Direct IDCW Payout,9.5176
2025-01-07,153132,Tata BSE Select Business Groups Index Fund - Direct Growth,9.5176
2025-01-07,153133,Tata BSE Select Business Groups Index Fund - Regular IDCW Payout,9.512
2025-01-07,153134,Tata BSE Select Business Groups Index Fund - Regular Growth,9.512
2025-01-07,153135,Tata BSE Select Business Groups Index Fund - Direct IDCW Reinvestment,9.5176
2025-01-07,153136,Tata BSE Select Business Groups Index Fund - Regular IDCW Reinvestment,9.512
2025-01-07,153137,Motilal Oswal Nifty Capital Market Index Fund - Regular Plan - Growth,9.3566
2025-01-07,153138,Motilal Oswal Nifty Capital Market Index Fund - Direct Plan - Growth,9.3608
2025-01-07,153139,Bank of India Consumption Fund - Direct - Growth,10.01
2025-01-07,153140,Bank of India Consumption Fund - Regular - Growth,10.0
2025-01-07,153141,Bank of India Consumption Fund - Regular - IDCW,10.01
2025-01-07,153142,Bank of India Consumption Fund - Direct - IDCW,10.01
2025-01-07,153143,Kotak Nifty 100 Equal Weight index Fund - Direct Plan - IDCW Option,9.972
2025-01-07,153144,Kotak Nifty 100 Equal Weight Index Fund - Regular Plan - IDCW Option,9.97
2025-01-07,153145,Kotak Nifty 100 Equal Weight Index Fund - Regular Plan - Growth,9.97
2025-01-07,153146,Kotak Nifty 100 Equal Weight Index Fund - Direct Plan - Growth,9.972
2025-01-07,153147,Kotak Nifty 50 Equal Weight Index Fund - Direct Plan - IDCW Option,10.079
2025-01-07,153148,Kotak Nifty 50 Equal Weight Index Fund - Regular Plan - Growth,10.076
2025-01-07,153149,Kotak Nifty 50 Equal Weight Index Fund - Regular Plan - IDCW Option,10.076
2025-01-07,153150,Kotak Nifty 50 Equal Weight Index Fund - Direct Plan - Growth,10.079
2025-01-07,153151,SBI Quant Fund- Direct Plan- Income Distribution cum Capital Withdrawal Option (IDCW),9.9852
2025-01-07,153152,SBI Quant Fund- Regular Plan- Income Distribution Cum Capital Withdrawal Option (IDCW),9.9809
2025-01-07,153153,SBI Quant Fund- Regular Plan- Growth,9.9809
2025-01-07,153154,SBI Quant Fund- Direct Plan- Growth,9.9854
2025-01-07,153155,BAJAJ FINSERV HEALTHCARE FUND - REGULAR - GROWTH,10.06
2025-01-07,153156,BAJAJ FINSERV HEALTHCARE FUND - DIRECT - IDCW,10.066
2025-01-07,153157,BAJAJ FINSERV HEALTHCARE FUND - DIRECT - GROWTH,10.066
2025-01-07,153158,BAJAJ FINSERV HEALTHCARE FUND - REGULAR - IDCW,10.06
2025-01-07,153159,ICICI Prudential Nifty 500 Index Fund - Direct Plan - IDCW,10.0039
2025-01-07,153160,ICICI Prudential Nifty 500 Index Fund - IDCW,10.001
2025-01-07,153161,ICICI Prudential Nifty 500 Index Fund - Direct Plan - Growth,10.0039
2025-01-07,153162,ICICI Prudential Nifty 500 Index Fund - Growth,10.0009
2025-01-07,153163,Tata Fixed Maturity Plan Series 61 Scheme D Direct Plan Growth,10.0653
2025-01-07,153164,Tata Fixed Maturity Plan Series 61 Scheme D Direct Plan IDCW Payout,10.0653
2025-01-07,153165,Tata Fixed Maturity Plan Series 61 Scheme D Regular Plan IDCW Payout,10.0644
2025-01-07,153166,Tata Fixed Maturity Plan Series 61 Scheme D Regular Plan Growth,10.0644
2025-01-07,153169,Baroda BNP Paribas Children's Fund - Regular Plan - IDCW Option,9.968
2025-01-07,153170,Baroda BNP Paribas Children's Fund - Regular Plan - Growth Option,9.968
2025-01-07,153171,Baroda BNP Paribas Children's Fund - Direct Plan - Growth Option,9.9745
2025-01-07,153172,Axis CRISIL-IBX AAA Bond NBFC-HFC - Jun 2027 Index Fund - Direct Plan - Growth option,10.0356
2025-01-07,153173,Axis CRISIL-IBX AAA Bond NBFC-HFC - Jun 2027 Index Fund - Direct Plan - IDCW option,10.036
2025-01-07,153174,Axis CRISIL-IBX AAA Bond NBFC-HFC - Jun 2027 Index Fund - Regular Plan - Growth option,10.0345
2025-01-07,153175,Axis CRISIL-IBX AAA Bond NBFC-HFC - Jun 2027 Index Fund - Regular Plan - IDCW option,10.0345
2025-01-07,153176,Aditya Birla Sun Life Crisil-IBX Financial Services 3 to 6 months Debt Index Fund-Direct IDCW Payout,10.0448
2025-01-07,153177,Aditya Birla Sun Life Crisil-IBX Financial Services 3 to 6 Months Debt Index Fund-Regular Growth,10.0435
2025-01-07,153178,Aditya Birla Sun Life Crisil-IBX Financial Services 3 to 6 Months  Debt Index Fund-Regular IDCW Payout,10.0435
2025-01-07,153179,Aditya Birla Sun Life Crisil-IBX financial Services 3 to 6 months Debt Index Fund-Direct Growth,10.0447
2025-01-07,153180,Edelweiss BSE Capital Markets & Insurance  ETF - Growth,20.7965
2025-01-07,153185,Motilal Oswal Arbitrage Fund-Direct Plan-IDCW,10.0322
2025-01-07,153186,Motilal Oswal Arbitrage Fund-Regular Plan-IDCW,10.0283
2025-01-07,153187,Motilal Oswal Arbitrage Fund-Direct Plan-Growth,10.0322
2025-01-07,153188,Motilal Oswal Arbitrage Fund-Regular Plan-Growth,10.0283
2025-01-07,153191,Mirae Asset Nifty India New Age Consumption ETF,11.8117
2025-01-07,153192,Mirae Asset Nifty India New Age Consumption ETF Fund of Fund - Direct Plan - Growth,9.757
2025-01-07,153193,Mirae Asset Nifty India New Age Consumption ETF Fund of Fund - Direct Plan - IDCW,9.757
2025-01-07,153194,Mirae Asset Nifty India New Age Consumption ETF Fund of Fund - Regular Plan - Growth,9.757
2025-01-07,153195,Mirae Asset Nifty India New Age Consumption ETF Fund of Fund - Regular Plan - IDCW,9.757
