date,scheme_code,scheme_name,nav
2026-03-23,100033,Aditya Birla Sun Life Large & Mid Cap Fund - Regular Growth,812.59
2026-03-23,100034,Aditya Birla Sun Life Large & Mid Cap Fund -Regular - IDCW,118.35
2026-03-23,100037,Aditya Birla Sun Life Income Fund - Regular - Quarterly IDCW,12.8378
2026-03-23,100038,Aditya Birla Sun Life Income Fund - Growth - Regular Plan,126.0071
2026-03-23,100041,Aditya Birla Sun Life Liquid Fund -Institutional - IDCW,108.0214
2026-03-23,100042,Aditya Birla Sun Life Liquid Fund-Retail (Growth),711.6523
2026-03-23,100043,Aditya Birla Sun Life Liquid Fund-Institutional (Growth),730.3025
2026-03-23,100044,Aditya Birla Sun Life Liquid Fund -Retail - IDCW,163.69
2026-03-23,100046,Aditya Birla Sun Life Liquid Fund -Daily IDCW,100.1902
2026-03-23,100047,Aditya Birla Sun Life Liquid Fund - Growth,438.5356
2026-03-23,100048,Aditya Birla Sun Life Liquid Fund -Institutional - weekly  IDCW,108.2214
2026-03-23,100051,Aditya Birla Sun Life Liquid Fund -weekly IDCW,100.2584
2026-03-23,100057,Aditya Birla Sun Life Govenment Securities Fund -Regular - Quarterly IDCW,10.5645
2026-03-23,100058,Aditya Birla Sun Life Government Securities Fund  - Growth - Regular Plan,79.1128
2026-03-23,100063,Aditya Birla Sun Life MNC Fund - Regular - IDCW,198.83
2026-03-23,100064,Aditya Birla Sun Life MNC Fund - Growth - Regular Plan,1151.2
2026-03-23,100077,DSP Bond Fund - IDCW,11.9119
2026-03-23,100078,DSP Bond Fund - Growth,84.1117
2026-03-23,100079,DSP Bond Fund - IDCW - Monthly,11.1122
2026-03-23,100080,DSP Flexi Cap Fund - Regular Plan - IDCW,51.425
2026-03-23,100081,DSP Aggressive Hybrid Fund- Regular Plan - Growth,325.438
2026-03-23,100082,DSP Aggressive Hybrid Fund- Regular Plan - IDCW,25.818
2026-03-23,100084,DSP Gilt Fund - Regular Plan - Growth,94.9568
2026-03-23,100085,DSP Gilt Fund - Regular Plan - IDCW,12.3184
2026-03-23,100086,DSP Gilt Fund - Regular Plan - IDCW - Monthly,10.5234
2026-03-23,100087,DSP Savings Fund - Regular Plan - Growth,54.8494
2026-03-23,100088,DSP Savings Fund - Regular Plan - IDCW,12.525
2026-03-23,100089,DSP Savings Fund - Regular Plan - IDCW - Monthly,10.9892
2026-03-23,100119,HDFC Balanced Advantage Fund - Growth Plan,487.662
2026-03-23,100120,HDFC Balanced Advantage Fund - IDCW Plan,35.008
2026-03-23,100123,HDFC Income Fund - Quarterly IDCW Option,11.3697
2026-03-23,100124,HDFC Income Fund - Growth Option,58.7245
2026-03-23,100174,quant ELSS Tax Saver Fund - IDCW Option - Regular Plan,46.6905
2026-03-23,100175,quant ELSS Tax Saver Fund - Growth Option - Regular Plan,336.238
2026-03-23,100176,quant Small Cap Fund - IDCW Option - Regular Plan,175.389
2026-03-23,100177,quant Small Cap Fund - Growth - Regular Plan,220.5437
2026-03-23,100218,JM Large Cap Fund (Regular) - IDCW,26.7721
2026-03-23,100219,JM Large Cap Fund (Regular) - Growth Option,137.9127
2026-03-23,100220,JM Aggressive Hybrid Fund (Regular) - IDCW,29.6829
2026-03-23,100221,JM Aggressive Hybrid Fund (Regular) -Growth Option,106.1277
2026-03-23,100222,JM Medium to Long Duration Fund (Regular) - Quarterly IDCW,21.4725
2026-03-23,100223,JM Medium to Long Duration Fund (Regular) - Growth Option,63.1533
2026-03-23,100233,JM Liquid Fund (Regular) - Weekly IDCW,11.0127
2026-03-23,100234,JM Liquid Fund - Growth Option,74.212
2026-03-23,100244,JM Liquid Fund (Regular) - Quarterly IDCW,42.0047
2026-03-23,100247,JM Liquid Fund (Regular) - Super Institutional Plan - Growth Option,42.6676
2026-03-23,100254,JM Value Fund (Regular) - Growth Option,80.4233
2026-03-23,100264,Kotak Gilt-Investment Regular-Payout of Income Distribution cum capital withdrawal option,18.4072
2026-03-23,100265,Kotak Gilt-Investment Regular-Growth,94.2012
2026-03-23,100280,Kotak Gilt-Investment  Provident Fund and Trust-Payout of Income Distribution cum capital withdrawal option,11.5771
2026-03-23,100281,Kotak Gilt-Investment  Provident Fund and Trust-Growth,96.3745
2026-03-23,100286,Kotak Aggressive Hybrid Fund - Regular Plan - IDCW - Payout & Reinvestment of Income Distribution cum capital withdrawal option,33.935
2026-03-23,100299,Kotak Bond Fund - Regular Plan Growth,77.2645
2026-03-23,100300,Kotak Bond Fund - Regular Plan - Standard IDCW Option,47.3376
2026-03-23,100312,LIC MF Flexi Cap Fund-Regular Plan-IDCW,27.3895
2026-03-23,100313,LIC MF Flexi Cap Fund-Regular Plan-Growth,86.796
2026-03-23,100314,LIC MF Medium to Long Duration Fund-Regular Plan-IDCW,16.1061
2026-03-23,100315,LIC MF Medium to Long Duration Fund-Regular Plan-Growth,73.4782
2026-03-23,100316,LIC MF Gilt Fund-Regular Plan-IDCW,16.7789
2026-03-23,100317,LIC MF Gilt Fund-Regular Plan-Growth,58.2093
2026-03-23,100318,LIC MF Gilt Fund-PF Plan-IDCW,21.7553
2026-03-23,100319,LIC MF Gilt Fund-PF Plan-Growth,33.6197
2026-03-23,100321,LIC MF Aggressive Hybrid Fund-Regular Plan-IDCW,13.8829
2026-03-23,100323,LIC MF Aggressive Hybrid Fund-Regular Plan-Growth,177.5656
2026-03-23,100325,LIC MF ULIS (5 Yrs. Single Premium)-Regular Plan-IDCW Reinvestment,32.6283
2026-03-23,100332,LIC MF Large Cap Fund-Regular Plan-IDCW,29.4894
2026-03-23,100348,ICICI Prudential Large & Mid Cap Fund - IDCW,27.09
2026-03-23,100349,ICICI Prudential Large & Mid Cap Fund - Growth,923.16
2026-03-23,100351,ICICI Prudential FMCG Fund - IDCW,72.47
2026-03-23,100352,ICICI Prudential FMCG Fund - Growth,392.1
2026-03-23,100353,ICICI Prudential ELSS Tax Saver Fund - IDCW,19.84
2026-03-23,100354,ICICI Prudential ELSS Tax Saver Fund - Growth,841.98
2026-03-23,100355,ICICI Prudential Equity & Debt Fund - Monthly IDCW,40.8
2026-03-23,100356,ICICI Prudential Equity & Debt Fund - Growth,376.7
2026-03-23,100363,ICICI Prudential Technology Fund - Growth,162.21
2026-03-23,100365,ICICI Prudential Long Term Bond Fund - Growth,88.9767
2026-03-23,100367,ICICI Prudential Long Term Bond Fund - Quarterly IDCW,12.1895
2026-03-23,100368,ICICI Prudential Gilt Fund - IDCW,17.0839
2026-03-23,100369,ICICI Prudential Gilt Fund - Growth,104.2829
2026-03-23,100375,NIPPON INDIA GROWTH MID CAP FUND - IDCW Option,102.9323
2026-03-23,100376,Nippon India Growth Mid Cap Fund-Growth Plan-Bonus Option,637.1611
2026-03-23,100377,Nippon India Growth Mid Cap Fund-Growth Plan-Growth Option,3827.4532
2026-03-23,100378,Nippon India Vision Large & Midcap Fund - IDCW Option,54.827
2026-03-23,100379,Nippon India Vision Large & Midcap Fund-GROWTH PLAN-Bonus Option,222.1843
2026-03-23,100380,Nippon India Vision Large & Midcap Fund-GROWTH PLAN-Growth Option,1319.167
2026-03-23,100383,NIPPON INDIA MEDIUM TO LONG DURATION FUND - MONTHLY IDCW Option,10.7864
2026-03-23,100384,NIPPON INDIA MEDIUM TO LONG DURATION  FUND - QUARTERLY IDCW Option,13.0812
2026-03-23,100385,NIPPON INDIA MEDIUM TO LONG DURATION  FUND - HALF YEARLY IDCW Option,12.4171
2026-03-23,100386,NIPPON INDIA MEDIUM TO LONG DURATION  FUND - ANNUAL IDCW Option,12.707
2026-03-23,100387,Nippon India Medium to Long Duration  Fund - Growth Plan Growth Option,90.3896
2026-03-23,100388,Nippon India Medium to Long Duration  Fund - Growth Plan Bonus Option,25.9864
2026-03-23,100414,Tata Aggressive Hybrid Fund- Regular Plan - Growth Option,400.6791
2026-03-23,100415,Tata Ethical Fund-Regular Plan - Growth Option,335.134
2026-03-23,100470,Franklin India Large Cap Fund - IDCW,39.1519
2026-03-23,100471,Franklin India Large Cap Fund-Growth,932.3834
2026-03-23,100472,Franklin India Mid Cap Fund - IDCW,81.5188
2026-03-23,100473,Franklin India Mid Cap Fund-Growth,2401.0825
2026-03-23,100474,Tata ELSS Fund- Regular Plan - Payout of IDCW Option,83.4041
2026-03-23,100475,Tata Large Cap Fund -Regular Plan - Growth Option,455.5433
2026-03-23,100476,Taurus Flexi Cap Fund - Regular Plan - Growth,198.43
2026-03-23,100477,Taurus Mid Cap Fund - Regular Plan - Growth,103.38
2026-03-23,100480,Taurus ELSS Tax Saver Fund - Regular Plan - Growth,161.55
2026-03-23,100484,Franklin India Index Fund- NSE Nifty 50 Index Fund - Growth,181.7279
2026-03-23,100493,Franklin India Government Securities Fund - Growth,59.6121
2026-03-23,100494,Franklin India Government Securities Fund - IDCW,10.5323
2026-03-23,100496,Templeton India Value Fund - Growth Plan,652.9839
2026-03-23,100497,Templeton India Value Fund - IDCW,85.9799
2026-03-23,100519,Franklin India Flexi Cap Fund - IDCW,56.24
2026-03-23,100520,Franklin India Flexi Cap Fund - Growth,1453.4983
2026-03-23,100521,Franklin India Technology Fund - IDCW,37.1113
2026-03-23,100522,Franklin India Technology Fund-Growth,430.6088
2026-03-23,100524,Franklin INDIA OPPORTUNITIES FUND - IDCW,32.1367
2026-03-23,100525,Franklin India ELSS Tax Saver Fund - IDCW,54.876
2026-03-23,100526,Franklin India ELSS Tax Saver Fund-Growth,1298.6646
2026-03-23,100527,Franklin India Corporate Debt Fund - Plan A - Annual - IDCW,16.5284
2026-03-23,100528,Franklin India Corporate Debt Fund - Growth,103.5571
2026-03-23,100529,Franklin India Corporate Debt Fund - Plan B - Monthly - IDCW,15.1428
2026-03-23,100530,Franklin India Corporate Debt Fund - Plan B - Quarterly - IDCW,11.9152
2026-03-23,100531,Franklin India Corporate Debt Fund - Plan B - Half yearly - IDCW,12.3244
2026-03-23,100535,Franklin India Retirement Fund - IDCW,15.9305
2026-03-23,100536,Franklin India Retirement Fund - Growth,209.8142
2026-03-23,100537,Franklin India Liquid Fund - Regular Plan - Weekly - IDCW,1244.1439
2026-03-23,100538,Franklin India Liquid Fund - Regular Plan - Growth,6133.5805
2026-03-23,100541,Franklin India Liquid Fund - Regular Plan - Daily - IDCW,1509.0075
2026-03-23,100546,Franklin India Liquid Fund - Super Institutional Plan - Growth,4097.6138
2026-03-23,100547,Franklin India Liquid Fund - Super Institutional Plan - Daily - IDCW,999.8954
2026-03-23,100548,Franklin India Liquid Fund - Super Institutional Plan - Weekly - IDCW,1033.9553
2026-03-23,100549,Franklin India Aggressive Hybrid Fund - IDCW,26.6364
2026-03-23,100550,Franklin India Aggressive Hybrid Fund - Growth Plan,248.0826
2026-03-23,100593,CANARA ROBECO ELSS TAX SAVER - REGULAR PLAN -IDCW (Payout),42.48
2026-03-23,100596,CANARA ROBECO GILT FUND - REGULAR PLAN - IDCW (Payout/Reinvestment),14.8485
2026-03-23,100597,CANARA ROBECO GILT FUND - REGULAR PLAN - GROWTH OPTION,75.3623
2026-03-23,100600,CANARA ROBECO CONSERVATIVE HYBRID FUND - REGULAR PLAN - MONTHLY IDCW (Payout/Reinvestment),12.1652
2026-03-23,100601,CANARA ROBECO CONSERVATIVE HYBRID FUND - REGULAR PLAN - GROWTH OPTION,94.4151
2026-03-23,100602,Sundaram Medium Duration Fund (Formerly Known as Sundaram Medium Term Bond Fund) Regular Plan-Income Distribution cum Capital Withdrawal(IDCW),13.182
2026-03-23,100603,Sundaram Medium Duration Fund (Formerly Known as Sundaram Medium Term Bond Fund) Regular Plan - Growth,70.3497
2026-03-23,100614,Sundaram Value Fund Regular Plan - Income Distribution cum Capital Withdrawal (IDCW),14.0087
2026-03-23,100630,quant Multi Cap Fund-IDCW Option - Regular Plan,61.632
2026-03-23,100631,quant Multi Cap Fund-GROWTH OPTION - Regular Plan,538.9144
2026-03-23,100638,SBI Medium to Long Duration Fund - Regular Plan - Half Yearly - Income Distribution cum Capital Withdrawal Option (IDCW),18.75
2026-03-23,100639,SBI Medium to Long Duration Fund-REGULAR PLAN-Growth,71.6849
2026-03-23,100640,SBI Medium to Long Duration Fund-REGULAR PLAN-Bonus,43.4346
2026-03-23,100641,SBI ULTRA SHORT DURATION FUND - REGULAR PLAN - GROWTH,6227.8435
2026-03-23,100643,SBI Technology Opportunities Fund - Regular Plan - Income Distribution cum Capital Withdrawal Option (IDCW),108.1024
2026-03-23,100644,SBI Healthcare Opportunities Fund - Regular Plan - Income Distribution cum Capital Withdrawal Option (IDCW),257.1442
2026-03-23,100645,SBI Consumption Opportunities Fund - Regular Plan - Income Distribution cum Capital Withdrawal Option (IDCW),156.2319
2026-03-23,100646,UTI - Unit Linked Insurance Plan,39.3021
2026-03-23,100650,UTI Large Cap Fund - Regular Plan - IDCW,47.6813
2026-03-23,100651,UTI Large Cap Fund - Regular Plan - Growth Option,241.9711
2026-03-23,100663,UTI Large & Mid Cap Fund - Regular Plan - IDCW,80.6366
2026-03-23,100664,UTI Large & Mid Cap Fund - Regular Plan - Growth Option,165.5251
2026-03-23,100668,UTI Flexi Cap Fund - Regular Plan - IDCW,177.3025
2026-03-23,100669,UTI - Flexi Cap Fund-Growth Option,268.1785
2026-03-23,100678,UTI Children's Hybrid Fund - Regular Plan,38.4089
2026-03-23,100682,UTI Retirement Fund - Regular Plan,48.2391
2026-03-23,100684,UTI Aggressive Hybrid Fund - Regular Plan - Growth,379.1689
2026-03-23,100685,UTI Aggressive Hybrid Fund - Regular Plan - IDCW,37.9868
2026-03-23,100723,UTI MMF-Discontinued - Regular Plan -Growth,7438.7175
2026-03-23,100724,UTI MMF- Discontinued - Regular Plan - Flexi Dividend Option,4013.8183
2026-03-23,100725,UTI MMF- Discontinued - Regular Plan - Periodic Dividend Option,2614.5451
2026-03-23,100739,UTI MNC Fund - Regular Plan - IDCW,179.9312
2026-03-23,100740,UTI - MNC Fund - Regular Plan - Growth Option,348.9847
2026-03-23,100741,UTI Medium to Long Duration Fund- Regular Plan - Growth,74.1765
2026-03-23,100742,UTI Medium to Long Duration Fund - Regular Plan - Quarterly IDCW,19.0512
2026-03-23,100784,Sundaram Banking & PSU Fund (Formerly Known as Sundaram Banking and PSU Debt Fund) Regular Plan - Growth,44.4388
2026-03-23,100786,Sundaram Corporate Bond Fund Regular Plan - Income Distribution cum Capital Withdrawal (IDCW ),18.4953
2026-03-23,100789,Sundaram Corporate Bond Fund Regular Plan- Growth,41.361
2026-03-23,100793,Sundaram Banking & PSU Fund (Formerly Known as Sundaram Banking and PSU Debt Fund) Regular Plan - Income Distribution cum Capital Withdrawal (IDCW),11.2617
2026-03-23,100794,Sundaram Small Cap Fund Regular Plan - Income Distribution cum Capital Withdrawal (IDCW),28.6589
2026-03-23,100795,Sundaram Small Cap Fund Regular Plan - Growth,224.1789
2026-03-23,100806,UTI Healthcare Fund - Regular Plan - IDCW,207.5792
2026-03-23,100807,UTI Healthcare Fund - Regular Plan - Growth Option,268.5857
2026-03-23,100813,UTI Overnight Fund - Regular Plan - Periodic IDCW,1875.8308
2026-03-23,100814,UTI - Overnight  Fund - Regular Plan - Growth Option,3641.222
2026-03-23,100820,UTI ELSS Tax Saver Fund - Regular Plan - IDCW,34.6482
2026-03-23,100821,UTI ELSS Tax Saver Fund - Regular Plan - Growth Option,181.3652
2026-03-23,100822,UTI Nifty 50 Index Fund - Regular Plan - Growth Option,155.0805
2026-03-23,100823,UTI Nifty 50 Index Fund - Regular Plan - IDCW,78.1293
2026-03-23,100833,Kotak Liquid Fund - Regular  - Daily Reinvestment of Income Distribution cum capital withdrawal option,1245.0104
2026-03-23,100835,Kotak Liquid Fund - Regular Plan - Growth,5498.9439
2026-03-23,100837,Nippon India Liquid Fund - Retail Option - Growth Plan,5854.0134
2026-03-23,100838,NIPPON INDIA LIQUID FUND - RETAIL Plan - WEEKLY IDCW OPTION,1034.7549
2026-03-23,100842,NIPPON INDIA LIQUID FUND - RETAIL Plan - DAILY IDCW OPTION,1524.2112
2026-03-23,100843,NIPPON INDIA LIQUID FUND - RETAIL plan - MONTHLY IDCW OPTION,1330.7702
2026-03-23,100844,NIPPON INDIA LIQUID FUND - RETAIL Plan - QUARTERLY IDCW OPTION,1213.4753
2026-03-23,100851,Nippon India Liquid Fund -Growth Plan,6640.4225
2026-03-23,100852,NIPPON INDIA LIQUID FUND - DAILY IDCW OPTION,1528.6972
2026-03-23,100853,NIPPON INDIA LIQUID FUND - WEEKLY IDCW OPTION,1531.3034
2026-03-23,100855,NIPPON INDIA LIQUID FUND - MONTHLY IDCW OPTION,1589.6666
2026-03-23,100856,Nippon India Corporate Bond Fund - Growth Plan - Growth Option,61.9106
2026-03-23,100857,NIPPON INDIA CORPORATE BOND FUND - MONTHLY IDCW Option,11.6098
2026-03-23,100858,NIPPON INDIA CORPORATE BOND FUND - QUARTERLY IDCW Option,11.9168
2026-03-23,100859,Nippon India Corporate Bond Fund - Growth Plan - Bonus Option,44.2161
2026-03-23,100864,LIC MF ELSS Tax Saver-Regular Plan-IDCW,27.419
2026-03-23,100865,LIC MF ELSS Tax Saver-Regular Plan-Growth,130.9764
2026-03-23,100868,HDFC Liquid Fund - Growth Plan,5339.1831
2026-03-23,100874,HDFC Liquid Fund - IDCW Plan Weekly,1032.202
2026-03-23,100875,HDFC Liquid Fund - IDCW Daily,1019.82
2026-03-23,100876,HDFC Liquid Fund - IDCW Monthly,1030.3813
2026-03-23,100900,HDFC Childrens Fund - Growth Plan,266.765
2026-03-23,100915,SBI Contra Fund - Regular Plan - Income Distribution cum Capital Withdrawal Option (IDCW),60.551
2026-03-23,100927,SBI Conservative Hybrid Fund - Regular Plan - Monthly Income Distribution cum Capital Withdrawal Option (IDCW),20.9846
2026-03-23,100928,SBI Conservative Hybrid Fund - Regular Plan - Quarterly Income Distribution cum Capital Withdrawal Option (IDCW),20.9533
2026-03-23,100929,SBI Conservative Hybrid Fund - Regular Plan - Annual Income Distribution cum Capital Withdrawal Option (IDCW),25.6265
2026-03-23,100948,Franklin India Conservative Hybrid Fund - Growth,89.1538
2026-03-23,100949,Franklin India Conservative Hybrid Fund - Plan A - Monthly - IDCW,12.38
2026-03-23,100950,Franklin India Conservative Hybrid Fund - Plan A - Quarterly - IDCW,11.4139
2026-03-23,100968,SBI Conservative Hybrid Fund - Regular Plan - Growth,72.6504
2026-03-23,100999,SBI Gilt Fund - Regular Plan - Income Distribution cum Capital Withdrawal Option (IDCW),20.4569
2026-03-23,101001,SBI GILT FUND - REGULAR PLAN - GROWTH,66.5271
2026-03-23,101002,SBI CONSTANT MATURITY 10 Year GILT FUND - REGULAR PLAN - GROWTH,64.8672
2026-03-23,101003,SBI Constant Maturity 10 Year Gilt Fund - Regular Plan - Income Distribution cum Capital Withdrawal Option (IDCW),21.097
2026-03-23,101042,Tata Gilt Securities Fund -Regular Plan- Growth Option,76.966
2026-03-23,101044,Franklin India Floating Rate Fund - IDCW,10.2102
2026-03-23,101048,Franklin India Floating Rate Fund - Growth Plan,42.5741
2026-03-23,101049,Tata Gilt Securities Fund - Regular Plan - Payout of IDCW Option,21.3358
2026-03-23,101065,quant Mid Cap Fund - Growth Option - Regular Plan,185.9889
2026-03-23,101066,quant Mid Cap Fund - IDCW Option - Regular Plan,66.1199
2026-03-23,101069,quant Aggressive Hybrid Fund-IDCW Option - Regular Plan,54.0749
2026-03-23,101070,quant Aggressive Hybrid Fund - Growth Option - Regular Plan,392.0532
2026-03-23,101071,quant Multi Asset Allocation Fund - IDCW Option - Regular Plan,138.6025
2026-03-23,101072,quant Multi Asset Allocation Fund-GROWTH OPTION - Regular Plan,151.1986
2026-03-23,101078,JM Liquid Fund (Regular) - Daily IDCW,10.4299
2026-03-23,101083,HDFC Gilt Fund - Growth Plan,55.541
2026-03-23,101084,HDFC Gilt Fund - IDCW Plan,12.0508
2026-03-23,101127,ICICI Prudential Children's Fund - Regular Plan,294.56
2026-03-23,101143,ICICI Prudential Multi-Asset Fund - IDCW,32.7681
2026-03-23,101144,ICICI Prudential Multi-Asset Fund - Growth,752.4118
2026-03-23,101161,Nippon India Multi Cap Fund-Growth Plan-Growth Option,267.1797
2026-03-23,101162,Nippon India Multi Cap Fund-Growth Plan-Bonus Option,267.1797
2026-03-23,101163,NIPPON INDIA MULTI CAP FUND - IDCW Option,52.6321
2026-03-23,101165,ICICI Prudential Short Term Fund - Monthly IDCW,12.0348
2026-03-23,101169,SBI Children's Fund - Savings Plan - REGULAR PLAN - GROWTH,109.0156
2026-03-23,101181,JM Medium to Long Duration Fund (Regular) - Bonus Option- Principal Units,25.8379
2026-03-23,101184,LIC MF Liquid Fund-Regular Plan-Daily IDCW,1000.1175
2026-03-23,101185,LIC MF Liquid Fund-Regular Plan-Growth,4918.1181
2026-03-23,101187,Baroda BNP Paribas GILT FUND - Regular Plan - Growth Option,42.6884
2026-03-23,101188,Baroda BNP Paribas GILT FUND - Regular Plan - IDCW Option,25.3377
2026-03-23,101198,LIC MF BSE Sensex Index Fund-Regular Plan-IDCW,46.4715
2026-03-23,101199,LIC MF BSE Sensex Index Fund-Regular Plan-Growth,135.5816
2026-03-23,101200,LIC MF Nifty 50 Index Fund-Regular Plan-IDCW,45.7761
2026-03-23,101201,LIC MF Nifty 50 Index Fund-Regular Plan-Growth,124.0889
2026-03-23,101206,SBI OVERNIGHT FUND - REGULAR PLAN - GROWTH,4315.6344
2026-03-23,101209,Taurus Large Cap Fund - Regular Plan - Growth,145.79
2026-03-23,101222,Tata Aggressive Hybrid Fund- Regular Plan - Periodic Payout of IDCW Option,71.3362
2026-03-23,101228,ICICI Prudential Multicap Fund - Growth,714.36
2026-03-23,101262,Nippon India Power & Infra Fund-Growth Plan -Growth Option,325.2983
2026-03-23,101263,Nippon India Power & Infra Fund-Growth Plan-Bonus Option,325.2983
2026-03-23,101264,NIPPON INDIA POWER & INFRA FUND - IDCW Option,56.5664
2026-03-23,101271,LIC MF Children's Fund-Regular Plan-Growth,28.7034
2026-03-23,101281,HDFC BSE Sensex Index Fund - Growth Plan,674.1826
2026-03-23,101295,SBI ESG Exclusionary Strategy Fund - Regular Plan - Income Distribution cum Capital Withdrawal Option (IDCW),66.115
2026-03-23,101303,DSP Short Term Fund - Regular Plan - Regular Plan - IDCW - Weekly,10.1517
2026-03-23,101304,DSP Short Term Fund - Regular Plan - Growth,48.0201
2026-03-23,101305,DSP Short Term Fund - Regular Plan - IDCW,12.6476
2026-03-23,101306,DSP Short Term Fund - IDCW - Monthly,11.563
2026-03-23,101313,Aditya Birla Sun Life Nifty 50 Index Fund -REGULAR - IDCW,23.318
2026-03-23,101314,Aditya Birla Sun Life Nifty 50 Index Fund - Growth - Regular Plan,228.1807
2026-03-23,101316,Aditya Birla Sun Life Savings Fund-Retail Growth,554.0052
2026-03-23,101317,Aditya Birla Sun Life Savings Fund - Growth - Regular Plan,572.5056
2026-03-23,101349,ICICI Prudential Nifty 50 Index Fund - Cumulative Option,226.8606
2026-03-23,101351,ICICI Prudential All Seasons Bond Fund - Weekly IDCW,10.8926
2026-03-23,101356,Franklin India Money Market Fund Retail Option - Quarterly - IDCW,11.0511
2026-03-23,101357,Franklin India Money Market Fund - Growth Option,52.3552
2026-03-23,101373,Kotak Bond Short Term Plan-(Growth),53.8075
2026-03-23,101407,Baroda BNP Paribas LIQUID FUND-Defunct Plan- IDCW Option,3799.5722
2026-03-23,101408,Baroda BNP Paribas LIQUID FUND- Defunct Plan -Growth Option,4605.0322
2026-03-23,101491,Tata Childrens Fund -Regular Plan-Growth Option,51.3136
2026-03-23,101525,HDFC Nifty 50 Index Fund - Growth Plan,213.8889
2026-03-23,101530,SBI Large & Midcap Fund - Regular Plan - Income Distribution cum Capital Withdrawal Option (IDCW),262.2453
2026-03-23,101538,Sundaram Mid Cap Fund Regular Plan - Income Distribution cum Capital Withdrawal (IDCW),58.4956
2026-03-23,101539,Sundaram Mid Cap Fund Regular Plan - Growth,1263.7552
2026-03-23,101547,Tata Short Term Bond Fund- Regular Plan - Monthly Payout of IDCW Option,22.2274
2026-03-23,101548,Tata Short Term Bond Fund -Regular Plan- Growth Option,49.2188
2026-03-23,101549,JM Liquid Fund (Regular) - Bonus Option - Principal Units,23.7629
2026-03-23,101551,SBI Equity Hybrid Fund - Regular Plan - Income Distribution cum Capital Withdrawal Option (IDCW),59.6503
2026-03-23,101585,HDFC Equity Savings Fund - GROWTH PLAN,65.176
2026-03-23,101586,HDFC Equity Savings Fund - IDCW PLAN,12.33
2026-03-23,101587,CANARA ROBECO INCOME FUND - REGULAR PLAN - QUARTERLY IDCW (Payout/Reinvestment),14.7408
2026-03-23,101588,CANARA ROBECO INCOME FUND - REGULAR PLAN - GROWTH OPTION,55.877
2026-03-23,101591,Aditya Birla Sun Life Midcap Fund -REGULAR - IDCW,48.66
2026-03-23,101592,Aditya Birla Sun Life MIDCAP Fund-Growth,697.68
2026-03-23,101593,HSBC Large Cap Fund - Regular IDCW,38.4668
2026-03-23,101594,HSBC Large Cap Fund - Regular Growth,434.2402
2026-03-23,101617,ICICI Prudential Savings Fund - Weekly IDCW,105.4307
2026-03-23,101618,ICICI Prudential Savings Fund - Daily IDCW,105.655
2026-03-23,101619,ICICI Prudential Savings Fund - Growth,568.004
2026-03-23,101635,DSP Large Cap Fund - Regular Plan - Growth,425.362
2026-03-23,101636,DSP Large Cap Fund - Regular Plan - IDCW,21.688
2026-03-23,101656,Franklin India Dynamic Asset Allocation Active Fund of Funds-Growth,155.8694
2026-03-23,101657,Franklin India Dynamic Asset Allocation Active Fund of funds - IDCW,39.1618
2026-03-23,101659,Tata Nifty 50 Index Fund -Regular Plan,140.0029
2026-03-23,101665,Nippon India Short Duration  Fund-Growth Plan,54.7051
2026-03-23,101667,NIPPON INDIA SHORT DURATION FUND - MONTHLY IDCW Option,11.4724
2026-03-23,101669,NIPPON INDIA SHORT DURATION FUND - QUARTERLY IDCW OPTION,14.8248
2026-03-23,101672,Tata Value Fund - Regular Plan -Growth Option,318.5039
2026-03-23,101685,HSBC Medium to Long Duration Fund - Regular Growth,42.6013
2026-03-23,101686,HSBC Medium to Long Duration Fund - Regular Quarterly IDCW,10.5128
2026-03-23,101705,ICICI Prudential BSE Sensex ETF,830.1675
2026-03-23,101706,ICICI Prudential Multicap Fund - IDCW,28.77
2026-03-23,101714,Tata Liquid Fund- Regular Plan - Daily Reinvestment of IDCW Option,1001.5157
2026-03-23,101737,Aditya Birla Sun Life Dividend Yield Fund -REGULAR - IDCW,23.99
2026-03-23,101738,Aditya Birla Sun Life Dividend Yield Fund - Growth - Regular Plan,415.08
2026-03-23,101746,Tata S&P BSE Sensex Index Fund -Regular Plan,182.5086
2026-03-23,101758,ICICI Prudential Short Term Fund - Growth Option,62.4733
2026-03-23,101762,HDFC Flexi Cap Fund - Growth Plan,1833.868
2026-03-23,101763,HDFC Flexi Cap Fund - IDCW Plan,66.268
2026-03-23,101764,HDFC Value Fund - Growth Plan,675.069
2026-03-23,101765,HDFC Value Fund - IDCW Plan,31.435
2026-03-23,101766,Tata Infrastructure Fund-Regular Plan- Growth Option,150.6689
2026-03-23,101802,ICICI Prudential Floating Interest Fund - Growth,443.05
2026-03-23,101804,ICICI Prudential Floating Interest Fund - Daily IDCW,100.7141
2026-03-23,101805,JM Dynamic Bond Fund (Regular) - IDCW,42.5009
2026-03-23,101806,JM Dynamic Bond Fund (Regular) - Growth Option,42.3679
2026-03-23,101816,Aditya Birla Sun Life Regular Savings Fund - REGULAR - MONTHLY IDCW,16.0492
2026-03-23,101818,Aditya Birla Sun Life Regular Savings Fund - Growth / Payment - Regular Plan,67.1041
2026-03-23,101823,Tata Large & Mid Cap Fund Regular Plan - Payout of IDCW Option,70.3723
2026-03-23,101824,Tata Large & Mid Cap Fund- Regular Plan - Growth Option,436.5704
2026-03-23,101829,LIC MF Low Duration Fund-Regular Plan-Monthly IDCW,14.1521
2026-03-23,101830,LIC MF Low Duration Fund-Regular Plan-Growth,41.0414
2026-03-23,101833,Tata Ethical Fund- Regular Plan - Payout of IDCW Option,136.5944
2026-03-23,101834,UTI - Master Equity Plan Unit Scheme,202.7345
2026-03-23,101837,DSP Credit Risk Fund - Regular Plan -Growth,50.6772
2026-03-23,101838,DSP Credit Risk Fund - Regular Plan - IDCW - Weekly,11.0839
2026-03-23,101839,DSP Credit Risk Fund - Regular Plan - IDCW,12.1774
2026-03-23,101840,DSP Credit Risk Fund - Regular Plan - IDCW - Daily,11.0788
2026-03-23,101843,Aditya Birla Sun Life Short Term Fund - REGULAR - IDCW,14.7127
2026-03-23,101844,Aditya Birla Sun Life Short Term Fund - Growth - Regular Plan,49.2476
2026-03-23,101847,Tata Money Market Fund-Regular Plan - Growth Option,4927.6867
2026-03-23,101852,TATA Infrastructure Fund Regular Plan - Payout of IDCW Option,71.4177
2026-03-23,101853,Sundaram Value Fund Regular Plan - Growth,196.4738
2026-03-23,101862,Nippon India Banking & Financial Services Fund-Growth Plan-Growth Option,573.6075
2026-03-23,101863,Nippon India Banking & Financial Services Fund-Growth Plan-Bonus Option,573.6075
2026-03-23,101864,Nippon India Banking & Financial Services Fund - IDCW Option,60.8198
2026-03-23,101866,LIC MF Conservative Hybrid Fund-Regular Plan-Monthly IDCW,12.6178
2026-03-23,101867,LIC MF Conservative Hybrid Fund-Regular Plan-Quarterly IDCW,14.3277
2026-03-23,101868,LIC MF Conservative Hybrid Fund-Regular Plan-Yearly IDCW,12.2452
2026-03-23,101869,LIC MF Conservative Hybrid Fund-Regular Plan-Growth,81.5668
2026-03-23,101872,HDFC Dynamic Debt Fund - Growth Option,90.0592
2026-03-23,101873,HDFC Dynamic Debt Fund - Quarterly IDCW Option,12.5473
2026-03-23,101874,HDFC Dynamic Debt Fund - Half Yearly IDCW Option,11.6748
2026-03-23,101875,HDFC Dynamic Debt Fund - Yearly IDCW Option,13.7597
2026-03-23,101892,Kotak Money market Fund - (Monthly Payout of Income Distribution cum capital withdrawal option),1051.9488
2026-03-23,101893,Kotak Money Market Fund - (Growth),4686.9276
2026-03-23,101922,CANARA ROBECO FLEXICAP FUND - REGULAR PLAN - GROWTH OPTION,303.13
2026-03-23,101923,CANARA ROBECO FLEXICAP FUND - REGULAR PLAN - IDCW (Payout/Reinvestment),52.79
2026-03-23,101932,SBI GILT FUND -  GROWTH - PF (Regular) Option,42.7186
2026-03-23,101934,SBI GILT FUND -  GROWTH - PF (Fixed Period - 3 Yrs) Option,39.904
2026-03-23,101950,SBI Gilt Fund - Income Distribution cum Capital Withdrawal Option (IDCW) - PF (Fixed Period - 1 Yr),20.5533
2026-03-23,101951,SBI Gilt Fund - Income Distribution cum Capital Withdrawal Option (IDCW) - PF (Fixed Period - 2 Yrs),20.7993
2026-03-23,101952,SBI Gilt Fund - Income Distribution cum Capital Withdrawal Option (IDCW) - PF (Fixed Period - 3 Yrs),20.1666
2026-03-23,101970,Aditya Birla Sun Life Money Manager Fund - RETAIL - WEEKLY IDCW,103.6998
2026-03-23,101971,Aditya Birla Sun Life Money Manager Fund - Retail Growth,475.8045
2026-03-23,101972,Aditya Birla Sun Life Money Manager Fund - Retail - Daily IDCW,99.9678
2026-03-23,101973,Aditya Birla Sun Life Money Manager Fund - Daily IDCW,99.9716
2026-03-23,101974,Aditya Birla Sun Life Money Manager Fund - WEEKLY IDCW,100.0296
2026-03-23,101976,Aditya Birla Sun Life Money Manager Fund - Growth,386.0394
2026-03-23,101979,HDFC ELSS Tax saver - Growth Plan,1264.124
2026-03-23,101980,HDFC ELSS Tax saver - IDCW Plan,61.352
2026-03-23,101986,Tata Money Market Fund- Regular Plan - Daily Reinvestment of IDCW Option,1113.9498
2026-03-23,101989,HDFC Medium Term Debt Fund - Growth Option,58.2623
2026-03-23,101990,HDFC Medium Term Debt Fund - Fornightly IDCW Option,10.057
2026-03-23,101993,HDFC Money Market Fund - Growth Option,5963.6869
2026-03-23,101994,HDFC Money Market Fund - Daily IDCW Option,1062.9614
2026-03-23,101995,HDFC Money Market Fund - Weekly IDCW Option,1063.0899
2026-03-23,101996,HDFC Overnight Fund - Growth Option,3946.7172
2026-03-23,101997,HDFC Overnight Fund - IDCW Option (Daily),1042.66
2026-03-23,102000,HDFC Large Cap Fund - Growth Option - Regular Plan,1027.849
2026-03-23,102001,HDFC Large Cap Fund - IDCW Option - Regular Plan,47.071
2026-03-23,102007,UTI-  Liquid Cash Plan- Discontinued -Regular Plan Periodic Dividend Option,1134.9998
2026-03-23,102008,UTI-  Liquid Cash Plan- Discontinued - Regular Plan - Monthly Dividend Option,1066.6574
2026-03-23,102009,UTI-  Liquid Cash Plan- Discontinued - Regular Plan -Growth,4051.7255
2026-03-23,102010,UTI Liquid Fund - Regular Plan - Daily IDCW (Reinvestment),1175.3394
2026-03-23,102011,UTI Liquid Fund - Regular Plan - Monthly IDCW,1117.7447
2026-03-23,102012,UTI-  Liquid Cash Plan - Regular Plan - Growth Option,4465.0062
2026-03-23,102013,UTI Liquid Fund - Regular Plan - Weekly IDCW,1053.5925
2026-03-23,102020,Baroda BNP Paribas MULTI CAP FUND - Regular Plan - Growth Option,251.6996
2026-03-23,102021,Baroda BNP Paribas MULTI CAP FUND - Regular Plan - IDCW Option,45.5609
2026-03-23,102036,Tata Large Cap Fund- Regular Plan - Payout of IDCW Option,99.2583
2026-03-23,102053,SBI MEDIUM DURATION FUND - REGULAR PLAN - GROWTH,52.8939
2026-03-23,102054,SBI Medium Duration Fund - Regular Plan - Income Distribution cum Capital Withdrawal Option (IDCW),20.5032
2026-03-23,102133,ICICI Prudential Multi Sector Passive FOF - Growth,151.1458
2026-03-23,102134,ICICI Prudential Multi Sector Passive FOF - IDCW,117.7616
2026-03-23,102135,ICICI Prudential Aggressive Hybrid Active FOF - Growth,204.4032
2026-03-23,102136,ICICI Prudential Aggressive Hybrid Active FOF - IDCW,158.4508
2026-03-23,102137,ICICI Prudential Dynamic Asset Allocation Active FOF - Growth,115.3976
2026-03-23,102138,ICICI Prudential Dynamic Asset Allocation Active FOF - IDCW,88.6823
2026-03-23,102139,ICICI Prudential Income Plus Arbitrage Omni FOF - Growth,64.898
2026-03-23,102140,ICICI Prudential Income plus Arbitrage Omni FOF - IDCW,49.7988
2026-03-23,102141,ICICI Prudential Diversified Debt Strategy Active FOF - Growth,46.3006
2026-03-23,102142,Sundaram Consumption Fund(Formerly Known as Sundaram Rural and Consumption Fund Regular Plan - Growth),80.85
2026-03-23,102143,ICICI Prudential Diversified Debt Strategy Active FOF - IDCW,40.386
2026-03-23,102147,HDFC Hybrid Debt Fund - Growth Plan,81.35
2026-03-23,102148,HDFC Hybrid Debt Fund - IDCW Monthly,13.4668
2026-03-23,102149,HDFC Hybrid Debt Fund - IDCW Quarterly,14.3408
2026-03-23,102172,Nippon India Conservative Hybrid  Fund-Growth Plan,59.6042
2026-03-23,102173,NIPPON INDIA CONSERVATIVE HYBRID  FUND - MONTHLY IDCW Option,11.0586
2026-03-23,102174,NIPPON INDIA CONSERVATIVE HYBRID  FUND - QUARTERLY IDCW Option,12.0986
2026-03-23,102205,SBI Dynamic Bond Fund - REGULAR PLAN - Growth,36.5118
2026-03-23,102206,SBI Dynamic Bond Fund - Regular Plan - Income Distribution cum Capital Withdrawal Option (IDCW),19.1415
2026-03-23,102251,HSBC Flexi Cap Fund - Regular IDCW,36.0286
2026-03-23,102252,HSBC Flexi Cap Fund - Regular Growth,192.7841
2026-03-23,102260,HSBC Conservative Hybrid Fund - Regular Monthly IDCW,12.5789
2026-03-23,102261,HSBC Conservative Hybrid Fund - Regular Quarterly IDCW,16.7029
2026-03-23,102262,HSBC Conservative Hybrid Fund - Regular Growth,60.3376
2026-03-23,102266,UTI Children's Equity Fund - Regular Plan - IDCW,73.7352
2026-03-23,102267,UTI Children's Equity Fund - Regular Plan - Growth Option,73.7307
2026-03-23,102272,SBI NIFTY INDEX FUND - REGULAR PLAN - GROWTH,199.1651
2026-03-23,102273,SBI Nifty Index Fund - Regular Plan - Income Distribution cum Capital Withdrawal Option (IDCW),102.1831
2026-03-23,102326,Tata Mid Cap Fund-Regular Plan - IDCW Option,109.8166
2026-03-23,102328,Tata Mid Cap Fund Regular Plan- Growth Option,397.8636
2026-03-23,102330,ICICI Prudential Regular Savings Fund - Plan - Growth,75.8633
2026-03-23,102331,ICICI Prudential Regular Savings Fund - Plan - Monthly IDCW,13.3924
2026-03-23,102393,UTI Mid Cap Fund - Regular Plan - IDCW,125.659
2026-03-23,102394,UTI Mid Cap Fund-Growth Option,265.5466
2026-03-23,102395,UTI Infrastructure Fund-Growth Option,127.819
2026-03-23,102396,UTI Infrastructure Fund - Regular Plan - IDCW,66.8038
2026-03-23,102397,UTI Transportation and Logistics Fund - Regular Plan - IDCW,115.8615
2026-03-23,102398,UTI-Transportation and Logistics  Fund-Growth Option,251.2668
2026-03-23,102401,UTI Banking and Financial Services Fund - Regular Plan - Growth Option,173.696
2026-03-23,102402,UTI Banking and Financial Services Fund - Regular Plan - IDCW,67.6016
2026-03-23,102414,SBI CONTRA FUND - REGULAR PLAN -GROWTH,349.1878
2026-03-23,102428,Tata Value Fund Regular Plan - Payout of IDCW-Option B(10%),106.6116
2026-03-23,102431,Nippon India Pharma Fund-Growth Plan-Growth Option,486.9288
2026-03-23,102432,Nippon India Pharma Fund-Growth Plan-Bonus Option,486.9288
2026-03-23,102433,NIPPON INDIA PHARMA FUND - IDCW Option,105.1493
2026-03-23,102434,DSP India T.I.G.E.R. Fund - Regular Plan - Growth,296.095
2026-03-23,102435,DSP India T.I.G.E.R. Fund - Regular Plan - IDCW,25.663
2026-03-23,102442,Franklin India Liquid Fund - Institutional Plan - Weekly - IDCW,1054.5952
2026-03-23,102443,Franklin India Liquid Fund - Institutional Plan - Daily - IDCW,999.8843
2026-03-23,102448,DSP Regular Savings Fund- Regular Plan - Growth,58.4916
2026-03-23,102450,DSP Regular Savings Fund - Regular Plan - IDCW - Monthly,10.8676
2026-03-23,102451,DSP Regular Savings Fund - Regular Plan - IDCW - Quarterly,11.2728
2026-03-23,102452,HDFC Low Duration  Fund - Growth,60.0567
2026-03-23,102453,HDFC Low Duration  Fund - Weekly IDCW,10.0598
2026-03-23,102503,SBI  SAVINGS FUND - REGULAR PLAN - GROWTH,43.1499
2026-03-23,102504,SBI Savings Fund - Regular Plan - Income Distribution cum Capital Withdrawal Option (IDCW),17.0141
2026-03-23,102505,SBI CREDIT RISK FUND - REGULAR PLAN - GROWTH,47.588
2026-03-23,102506,SBI Credit Risk Fund - Regular Plan - Income Distribution cum Capital Withdrawal Option (IDCW),21.5138
2026-03-23,102509,UTI Gilt Fund - Regular Plan - IDCW,38.371
2026-03-23,102510,UTI - GILT FUND - Regular Plan - Growth Option,64.0054
2026-03-23,102511,UTI - GILT FUND -Discontinued PF Plan -Dividend Option,26.1937
2026-03-23,102512,UTI - GILT FUND - Discontinued PF Plan - Growth Option,47.5901
2026-03-23,102514,UTI - GILT FUND - Discontinued PF Plan Prescribed Date Auto Redemption Option,47.6166
2026-03-23,102528,ICICI Prudential MidCap Fund - Growth,287.23
2026-03-23,102529,ICICI Prudential MidCap Fund - IDCW,37.22
2026-03-23,102531,UTI Ultra Short Duration Fund - Regular Plan - Weekly IDCW (Reinvestment),1394.7554
2026-03-23,102532,UTI Ultra Short Duration Fund - Regular Plan - Growth Option,4407.2564
2026-03-23,102533,UTI Conservative Hybrd Fund - Regular Plan - Monthly Payment Option,68.0471
2026-03-23,102534,UTI Conservative Hybrid Fund - Regular Plan - Flexi IDCW,43.0192
2026-03-23,102535,UTI Conservative Hybrid Fund - Regular Plan - Growth Option,68.0122
2026-03-23,102536,UTI Conservative Hybrid Fund - Regular Plan - Monthly IDCW,16.5909
2026-03-23,102538,UTI Low Duration Fund - Discontinued - Annaul Dividend Option,3516.2327
2026-03-23,102539,UTI Low Duration Fund - Discontinued Bonus Option,4362.1864
2026-03-23,102540,UTI Low Duration Fund - Discontinued Growth Option,6544.0215
2026-03-23,102541,UTI Low Duration Fund - Discontinued - Quarterly Dividend Option,2313.8817
2026-03-23,102544,UTI Low Duration Fund - Regular Plan - Growth Option,3700.0054
2026-03-23,102545,UTI Low Duration Fund - Regular Plan - Bonus Option,3092.4173
2026-03-23,102573,Kotak Multi Asset Omni FOF - Payout of Income Distribution cum capital withdrawal option,227.416
2026-03-23,102574,Kotak Multi Asset Omni FOF - Growth- Regular,233.629
2026-03-23,102591,Kotak Savings Fund -Growth,44.6739
2026-03-23,102592,Kotak Savings Fund -Monthly Payout of Income Distribution cum capital withdrawal option,10.7235
2026-03-23,102594,ICICI Prudential Value Fund (erstwhile Value Discovery Fund) - Growth,439.96
2026-03-23,102595,ICICI Prudential Value Fund (erstwhile Value Discovery Fund) - IDCW,33.28
2026-03-23,102672,Tata Liquid Fund -Regular Plan - Growth Option,4286.6974
2026-03-23,102673,Nippon India Floater Fund - Growth Plan-Growth Option,46.8979
2026-03-23,102675,NIPPON INDIA FLOATER FUND - MONTHLY IDCW Option,11.111
2026-03-23,102676,NIPPON INDIA FLOATER FUND - DAILY IDCW REINVESTMENT Option,10.2368
2026-03-23,102677,NIPPON INDIA FLOATER FUND - WEEKLY IDCW Option,10.2452
2026-03-23,102741,ICICI Prudential Medium Term Bond Fund - Growth,46.708
2026-03-23,102751,Nippon India Consumption Fund-Growth Plan-Growth Option,165.9659
2026-03-23,102752,Nippon India Consumption Fund-Growth Plan-Bonus Option,165.9659
2026-03-23,102753,NIPPON INDIA CONSUMPTION FUND - IDCW Option,29.9943
2026-03-23,102756,SBI FOCUSED FUND - REGULAR PLAN -GROWTH,340.0647
2026-03-23,102760,HDFC Focused Fund - GROWTH PLAN,210.71
2026-03-23,102761,HDFC Focused Fund - IDCW PLAN,21.423
2026-03-23,102765,SBI Focused Fund - Regular Plan - Income Distribution cum Capital Withdrawal Option (IDCW),62.2008
2026-03-23,102766,Aditya Birla Sun Life Dynamic Bond Fund -Regular - Quarterly IDCW,10.7184
2026-03-23,102767,Aditya Birla Sun Life Dynamic Bond Fund - Growth - Regular Plan,47.4823
2026-03-23,102823,SBI HEALTHCARE OPPORTUNITIES FUND - REGULAR PLAN -GROWTH,408.1998
2026-03-23,102846,Nippon India Balanced Advantage Fund-Growth Plan-Growth Option,169.1182
2026-03-23,102847,Nippon India Balanced Advantage Fund-Growth Plan-Bonus Option,169.1182
2026-03-23,102848,NIPPON INDIA BALANCED ADVANTAGE FUND - IDCW Option,30.0522
2026-03-23,102849,Nippon India Dynamic Bond Fund-Growth Plan-Growth Option,38.4737
2026-03-23,102851,NIPPON INDIA DYNAMIC BOND FUND - IDCW Option,25.8782
2026-03-23,102860,SBI Savings Fund - Regular Plan Weekly Income Distribution cum Capital Withdrawal Option (IDCW),16.057
2026-03-23,102874,Kotak-Small Cap Fund - Payout of Income Distribution cum capital withdrawal option,95.04
2026-03-23,102875,Kotak-Small Cap Fund - Growth,217.847
2026-03-23,102883,Franklin India Large & Mid Cap Fund - Growth Plan,168.904
2026-03-23,102884,Franklin India Large & Mid Cap Fund - IDCW,17.5239
2026-03-23,102885,SBI EQUITY HYBRID FUND - REGULAR PLAN -Growth,281.4944
2026-03-23,102913,CANARA ROBECO SAVINGS FUND - REGULAR PLAN - GROWTH OPTION,43.8709
2026-03-23,102914,CANARA ROBECO SAVINGS FUND - REGULAR PLAN - IDCW (Payout/Reinvestment),39.299
2026-03-23,102915,CANARA ROBECO SAVINGS FUND - REGULAR PLAN - WEEKLY IDCW (Payout/Reinvestment),10.2543
2026-03-23,102920,CANARA ROBECO LARGE AND MID CAP FUND - REGULAR PLAN - GROWTH OPTION,220.66
2026-03-23,102921,CANARA ROBECO LARGE AND MID CAP FUND - REGULAR PLAN - IDCW (Payout/Reinvestment),71.67
2026-03-23,102941,SBI MIDCAP FUND - REGULAR PLAN - GROWTH,208.6219
2026-03-23,102942,SBI Midcap Fund - Regular Plan - Income Distribution cum Capital Withdrawal Option (IDCW),85.2458
2026-03-23,102947,HDFC Hybrid Equity Fund - IDCW Plan,14.739
2026-03-23,102948,HDFC Hybrid Equity Fund - Growth Plan,107.098
2026-03-23,103024,SBI LARGE & MIDCAP FUND- REGULAR PLAN -Growth,580.4633
2026-03-23,103025,UTI Dividend Yield Fund - Regular Plan - IDCW,30.7538
2026-03-23,103026,UTI-Dividend Yield Fund.-Growth,163.3981
2026-03-23,103034,SBI MNC FUND - REGULAR PLAN -GROWTH,328.6672
2026-03-23,103039,Kotak Contra Fund - Regular Plan - IDCW - Payout & Re-investment of Income Distribution cum capital withdrawal option,47.211
2026-03-23,103040,Kotak Contra Fund - Regular Plan - Growth,136.965
2026-03-23,103048,Nippon India Money Market Fund-Growth Plan-Growth Option,4330.4511
2026-03-23,103050,NIPPON INDIA MONEY MARKET FUND - DAILY IDCW Option,1005.6735
2026-03-23,103051,NIPPON INDIA MONEY MARKET FUND - WEEKLY IDCW Option,1006.1803
2026-03-23,103052,NIPPON INDIA MONEY MARKET FUND - MONTHLY IDCW Option,1023.6997
2026-03-23,103085,Nippon India Value Fund- Growth Plan,202.9056
2026-03-23,103086,NIPPON INDIA VALUE FUND - IDCW Option,37.6699
2026-03-23,103097,UTI Value Fund - Regular Plan - IDCW,43.9593
2026-03-23,103098,UTI Value Fund - Regular Plan - Growth Option,150.8417
2026-03-23,103110,Aditya Birla Sun Life Consumption Fund -Regular - IDCW,34.43
2026-03-23,103111,Aditya Birla Sun Life Consumption Fund-Growth Option,184.69
2026-03-23,103114,SBI MNC Fund - Regular Plan - Income Distribution cum Capital Withdrawal Option (IDCW),100.4053
2026-03-23,103130,HDFC Multi-Asset Fund - IDCW Option,16.05
2026-03-23,103131,HDFC Multi-Asset Fund - Growth Option,70.524
2026-03-23,103140,SBI Overnight Fund - Regular Plan - Weekly Income Distribution cum Capital Withdrawal Option (IDCW),1380.1242
2026-03-23,103145,SBI COMMA Fund - REGULAR PLAN - Growth,104.5536
2026-03-23,103146,SBI Comma Fund - Regular Plan - Income Distribution cum Capital Withdrawal Option (IDCW),59.3457
2026-03-23,103149,ICICI Prudential Infrastructure Fund - Growth,175.03
2026-03-23,103150,ICICI Prudential Infrastructure Fund - IDCW,24.64
2026-03-23,103151,Franklin India Opportunities Fund - Growth,224.0413
2026-03-23,103154,Aditya Birla Sun Life Equity Hybrid'95 Fund -Regular - IDCW,158.99
2026-03-23,103155,Aditya Birla Sun Life Equity Hybrid'95 Fund - Regular Plan-Growth,1399.77
2026-03-23,103158,Tata Treasury Advantage Fund Regular Plan - Weekly Payout of IDCW Option,1007.6915
2026-03-23,103159,Tata Treasury Advantage Fund - Regular Plan - Growth Option,4089.9888
2026-03-23,103160,Tata Treasury Advantage Fund Regular Plan - Daily Reinvestment of IDCW Option,1002.6679
2026-03-23,103164,Aditya Birla Sun Life ELSS Tax Saver Fund-Regular - IDCW,167.65
2026-03-23,103165,Aditya Birla Sun Life Flexi Cap Fund -Regular - IDCW,143.31
2026-03-23,103166,Aditya Birla Sun Life Flexi Cap Fund - Growth - Regular Plan,1663.45
2026-03-23,103167,Aditya Birla Sun Life Digital India Fund -Regular - IDCW,33.81
2026-03-23,103168,Aditya Birla Sun Life Digital India Fund - Growth - Regular Plan,136.27
2026-03-23,103173,Aditya Birla Sun Life Large Cap Fund-Regular - IDCW,34.92
2026-03-23,103174,Aditya Birla Sun Life Large Cap Fund-Growth,469.22
2026-03-23,103176,Aditya Birla Sun Life Banking & PSU Debt Fund - Retail Plan-Growth,566.7094
2026-03-23,103178,Aditya Birla Sun Life Corporate Bond Fund - Growth - Regular Plan,116.0056
2026-03-23,103183,Aditya Birla Sun Life Corporate Bond Fund -REGULAR - MONTHLY IDCW,12.4729
2026-03-23,103191,Aditya Birla Sun Life Low Duration Fund -INSTITUTIONAL - DAILY IDCW,100.2911
2026-03-23,103192,Aditya Birla Sun Life Low Duration Fund - Growth Plan,681.5936
2026-03-23,103193,Aditya Birla Sun Life Low Duration Fund -REGULAR - WEEKLY IDCW,100.8277
2026-03-23,103195,Aditya Birla Sun Life Low Duration Fund - Institutional Plan - Growth,477.9123
2026-03-23,103196,Nippon India ELSS Tax Saver Fund-Growth Plan-Growth Option,117.6466
2026-03-23,103197,NIPPON INDIA ELSS TAX SAVER FUND - IDCW Option,30.5582
2026-03-23,103215,SBI Flexicap Fund - REGULAR PLAN -Growth Option,97.9955
2026-03-23,103216,SBI Flexicap Fund - Regular Plan - Income Distribution cum Capital Withdrawal Option (IDCW),43.8801
2026-03-23,103225,quant Liquid Fund - Growth Option - Regular Plan,42.9716
2026-03-23,103226,quant Liquid Fund-Daily IDCW Option - Regular Plan,12.6858
2026-03-23,103227,quant Liquid Fund - Weekly IDCW Option - Regular Plan,14.4975
2026-03-23,103228,quant Liquid Fund - Monthly IDCW Option - Regular Plan,15.2061
2026-03-23,103233,Kotak Large & Midcap Fund - IDCW-Regular,54.747
2026-03-23,103234,Kotak Large & Midcap Fund - Growth-Regular,313.804
2026-03-23,103308,Aditya Birla Sun Life Focused Fund -Regular - IDCW,22.3191
2026-03-23,103309,Aditya Birla Sun Life Focused Fund -Growth Option,130.7237
2026-03-23,103312,ICICI Prudential Exports & Services Fund - Growth,148.89
2026-03-23,103313,ICICI Prudential Exports & Services Fund - IDCW,33.56
2026-03-23,103338,Kotak ELSS Tax Saver Fund-Payout of Income Distribution cum capital withdrawal option,38.518
2026-03-23,103339,Kotak ELSS Tax Saver Fund-Growth,102.921
2026-03-23,103340,ICICI Prudential Liquid Fund - Growth,402.7768
2026-03-23,103342,ICICI Prudential Liquid Fund - Weekly IDCW,100.2745
2026-03-23,103343,ICICI Prudential Liquid Fund - Daily IDCW,100.1482
2026-03-23,103347,DSP Liquidity Fund - Regular Plan - Growth,3886.0673
2026-03-23,103348,DSP Liquidity Fund - Regular Plan - IDCW - Weekly,1001.595
2026-03-23,103349,DSP Liquidity Fund- Regular Plan - IDCW - Daily,1001.0842
2026-03-23,103360,Franklin India Small Cap Fund-Growth,145.3904
2026-03-23,103361,Franklin India Small Cap Fund - IDCW,36.3441
2026-03-23,103389,CANARA ROBECO INFRASTRUCTURE FUND - REGULAR PLAN - IDCW (Payout/Reinvestment),58.3
2026-03-23,103390,CANARA ROBECO INFRASTRUCTURE FUND - REGULAR PLAN - GROWTH OPTION,151.9
2026-03-23,103400,SBI Multi Asset Allocation Fund - Regular Plan - Monthly Income Distribution cum Capital Withdrawal Option (IDCW),27.7906
2026-03-23,103401,SBI Multi Asset Allocation Fund - Regular Plan - Quarterly Income Distribution cum Capital Withdrawal Option (IDCW),27.7635
2026-03-23,103408,SBI MULTI ASSET ALLOCATION FUND - REGULAR PLAN - GROWTH,62.149
2026-03-23,103409,SBI Multi Asset Allocation Fund - Regular Plan - Annual Income Distribution cum Capital Withdrawal Option (IDCW),35.1441
2026-03-23,103475,Aditya Birla Sun Life Infrastructure Fund -  Regular - IDCW,23.73
2026-03-23,103476,Aditya Birla Sun Life Infrastructure Fund-Growth,86.4
2026-03-23,103490,Quantum Value Fund - Direct Plan Growth Option,115.12
2026-03-23,103491,Quantum Value Fund - Direct Plan IDCW,115.36
2026-03-23,103504,SBI Large Cap FUND-REGULAR PLAN GROWTH,83.9678
2026-03-23,103616,SBI Large Cap Fund - Regular Plan - Income Distribution cum Capital Withdrawal Option (IDCW),47.7679
2026-03-23,103633,ICICI Prudential Money Market Fund Option - Growth,396.0206
2026-03-23,103634,ICICI Prudential Money Market Fund Option - Daily IDCW,100.0466
2026-03-23,103635,ICICI Prudential Money Market Fund Option - Weekly IDCW,100.7407
2026-03-23,103678,Franklin India Dividend Yield Fund-Growth Plan,127.2674
2026-03-23,103679,Franklin India Dividend Yield Fund - IDCW,22.0853
2026-03-23,103734,Quantum Liquid Fund - Direct Plan Growth Option,36.6689
2026-03-23,103735,Quantum Liquid Fund - Direct Plan Monthly IDCW,10.0506
2026-03-23,103736,Quantum Liquid Fund - Direct Plan Daily IDCW,10.0085
2026-03-23,103743,Sundaram Consumption Fund (Formerly Known as Sundaram Rural and Consumption Fund Regular Plan - Income Distribution cum Capital Withdrawal (IDCW),22.752
2026-03-23,103780,JM Arbitrage Fund (Regular) - Growth Option,33.9472
2026-03-23,103781,JM Arbitrage Fund (Regular) - IDCW,15.7561
2026-03-23,103819,DSP Large & Mid Cap Fund - Regular Plan - Growth,559.981
2026-03-23,103820,DSP Large & Mid Cap Fund - Regular Plan - IDCW,32.769
2026-03-23,103883,SBI ELSS Tax Saver Fund - Regular Plan - Income Distribution cum Capital Withdrawal Option (IDCW),80.0035
2026-03-23,103884,SBI Ultra Short Duration Fund - Regular Plan - Weekly Income Distribution cum Capital Withdrawal Option (IDCW),1264.3084
2026-03-23,103885,Aditya Birla Sun Life Liquid Fund -Regular - IDCW,108.1473
2026-03-23,104074,UTI Arbitrage Fund - Regular Plan - IDCW,20.6597
2026-03-23,104075,UTI Arbitrage Fund - Regular Plan - Growth Option,36.5706
2026-03-23,104138,DSP Ultra Short Fund - Regular Plan - Growth,3537.0329
2026-03-23,104139,DSP Ultra Short Fund - Regular Plan - IDCW - Weekly Reinvest,1004.7761
2026-03-23,104140,DSP Ultra Short Fund - Regular Plan - IDCW - Daily Reinvest,1005.222
2026-03-23,104457,SBI Arbitrage Opportunities Fund - Regular Plan - Gr,35.2921
2026-03-23,104458,SBI Arbitrage Opportunities Fund - Regular Plan - Income Distribution cum Capital Withdrawal Option (IDCW),18.5597
2026-03-23,104481,DSP Midcap Fund - Regular Plan - Growth,132.739
2026-03-23,104482,DSP Midcap Fund - Regular Plan - IDCW,25.283
2026-03-23,104484,Invesco India Liquid Fund - Daily IDCW (Reinvestment),1002.6792
2026-03-23,104485,Invesco India Liquid Fund - Weekly IDCW (Reinvestment),1018.586
2026-03-23,104486,Invesco India Liquid Fund - Growth,3740.1615
2026-03-23,104488,Invesco India Liquid Fund - Regular - Growth,3299.2479
2026-03-23,104489,Invesco India Liquid Fund - Regular - Weekly IDCW (Reinvestment),1003.5644
2026-03-23,104492,Invesco India Liquid Fund - Monthly IDCW (Payout / Reinvestment),1006.4601
2026-03-23,104513,quant Large & Mid Cap Fund - Growth Option,99.323
2026-03-23,104514,quant Large & Mid Cap Fund - IDCW Option - Regular Plan,60.6266
2026-03-23,104523,SBI ESG Exclusionary Strategy Fund - Regular Plan - Growth,211.4022
2026-03-23,104559,CANARA ROBECO SAVINGS FUND - REGULAR PLAN - DAILY IDCW (Reinvestment),10.2531
2026-03-23,104635,Invesco India ELSS Tax Saver Fund - Regular Plan - IDCW Payout,20.5
2026-03-23,104636,Invesco India ELSS Tax Saver Fund - Regular Plan - Growth,104.73
2026-03-23,104637,Nippon India Focused Fund -Growth Plan -Growth Option,108.8241
2026-03-23,104638,NIPPON INDIA FOCUSED  FUND - IDCW OPTION,29.1344
2026-03-23,104681,ICICI Prudential Arbitrage Fund - IDCW,15.3197
2026-03-23,104683,ICICI Prudential Arbitrage Fund - Growth,35.7867
2026-03-23,104685,ICICI Prudential Balanced Advantage Fund - Growth,72.0
2026-03-23,104686,ICICI Prudential Balanced Advantage Fund - IDCW,16.8
2026-03-23,104722,Invesco India Low Duration Fund - Regular - Weekly IDCW (Reinvestment),1444.9651
2026-03-23,104723,Invesco India Low Duration Fund - Regular - Monthly IDCW (Reinvestment),1406.8541
2026-03-23,104725,Invesco India Low Duration Fund - Weekly IDCW (Payout / Reinvestment),1315.5991
2026-03-23,104726,Invesco India Low Duration Fund - Growth,3935.4999
2026-03-23,104728,Invesco India Low Duration Fund - Regular - Growth,3488.4459
2026-03-23,104729,Invesco India Low Duration Fund - Monthly IDCW (Payout / Reinvestment),1434.2748
2026-03-23,104772,DSP ELSS Tax Saver Fund - Regular Plan - Growth,125.452
2026-03-23,104773,DSP ELSS Tax Saver Fund - Regular Plan - IDCW,20.457
2026-03-23,104907,Kotak Midcap Fund - Regular Plan - IDCW -Payout & Re-investment of Income Distribution cum capital withdrawal option,66.718
2026-03-23,104908,Kotak Midcap Fund - Regular Plan - Growth,121.477
2026-03-23,105000,Sundaram Large and Midcap Regular Plan - Income Distribution cum Capital Withdrawal (IDCW),25.8418
2026-03-23,105001,Sundaram Large and Midcap Fund Regular Plan - Growth,76.5692
2026-03-23,105024,Invesco India Low Duration Fund - Regular Daily IDCW (Reinvestment),1735.0503
2026-03-23,105025,Invesco India Low Duration Fund - Daily IDCW (Reinvestment),1017.203
2026-03-23,105067,Franklin India INDEX FUND- NSE NIFTY 50 INDEX FUND - IDCW,164.6403
2026-03-23,105080,SBI Ultra Short Duration Fund - Regular Plan - Daily Income Distribution cum Capital Withdrawal Option (IDCW),2345.7484
2026-03-23,105185,Invesco India Short Duration Fund - Regular Plan - Growth,3680.1369
2026-03-23,105187,Invesco India Short Duration Fund - Plan B - Monthly IDCW (Payout / Reinvestment),2396.7689
2026-03-23,105189,Invesco India Short Duration Fund - Plan B - Growth,3657.5915
2026-03-23,105190,Invesco India Short Duration Fund - Regular Plan - Weekly IDCW (Reinvestment),1016.019
2026-03-23,105191,Invesco India Short Duration Fund - Regular Plan - Monthly IDCW (Payout / Reinvestment),1046.1306
2026-03-23,105192,Invesco India Short Duration Fund - Plan B - Weekly IDCW (Reinvestment),1012.4516
2026-03-23,105274,SBI Liquid Fund - Institutional - Growth,4292.0312
2026-03-23,105275,SBI Liquid Fund - Institutional Daily Income Distribution cum Capital Withdrawal Option (IDCW),1378.8669
2026-03-23,105280,SBI Liquid Fund - REGULAR PLAN -Growth,4251.8031
2026-03-23,105281,SBI Liquid Fund - Regular Plan - Daily Income Distribution cum Capital Withdrawal Option (IDCW),1140.6513
2026-03-23,105282,SBI Liquid Fund - Regular Plan - Weekly Income Distribution cum Capital Withdrawal Option (IDCW),1379.0184
2026-03-23,105283,SBI Liquid Fund - Regular Plan - Fortnightly Income Distribution cum Capital Withdrawal Option (IDCW),1395.362
2026-03-23,105417,Taurus Infrastructure Fund - Regular Plan - Growth,57.92
2026-03-23,105418,Taurus Infrastructure Fund - Regular Plan - Payout of Income Distribution cum Capital Withdrawal option,54.4
2026-03-23,105459,Invesco India Contra Fund - Regular Plan - IDCW (Payout / Reinvestment),47.67
2026-03-23,105460,Invesco India Contra Fund - Regular Plan - Growth,116.79
2026-03-23,105463,UTI GOLD Exchange Traded Fund,114.6737
2026-03-23,105503,Invesco India Midcap Fund - Regular Plan - Growth Option,157.4
2026-03-23,105504,Invesco India Midcap Fund - Regular Plan - IDCW (Payout / Reinvestment),53.95
2026-03-23,105543,HDFC Low Duration  Fund - Monthly IDCW,10.1588
2026-03-23,105548,HDFC Low Duration  Fund - Daily IDCW,10.134
2026-03-23,105578,UTI Low Duration Fund - Discontinued - Periodic Dividend Plan,1070.6587
2026-03-23,105603,Invesco India Arbitrage Fund - Regular Plan - Growth Option,33.2972
2026-03-23,105604,Invesco India Arbitrage Fund - Regular Plan - IDCW (Payout / Reinvestment),17.7702
2026-03-23,105605,UTI Low Duration Fund - Regular Plan - Daily IDCW (Reinvestment),1426.0623
2026-03-23,105627,UTI Low Duration Fund - Regular Plan - Weekly IDCW,1429.67
2026-03-23,105628,SBI ELSS Tax Saver FUND - REGULAR PLAN- GROWTH,394.6111
2026-03-23,105637,JM Dynamic Bond Fund (Regular) - Weekly IDCW,10.4926
2026-03-23,105639,JM Dynamic Bond Fund (Regular) - Daily IDCW,9.9967
2026-03-23,105658,UTI Low Duration Fund - Regular Plan - Monthly IDCW,1454.6132
2026-03-23,105659,UTI Low Duration Fund - Discontinued Flexi Dividend Plan,1085.0858
2026-03-23,105660,NIPPON INDIA ANNUAL INTERVAL FUND - SERIES I - IDCW Option,13.2444
2026-03-23,105661,Nippon India Interval Fund Annual Interval Fund Series-I-Retail Plan Growth Option,37.86
2026-03-23,105662,NIPPON INDIA ANNUAL INTERVAL FUND - SERIES I - RETAIL Plan - IDCW Option,13.1833
2026-03-23,105663,Nippon India Interval Fund Annual Interval Fund Series-I- Growth Option,28.2053
2026-03-23,105667,DSP Strategic Bond Fund - Regular Plan - IDCW - Monthly,1044.1414
2026-03-23,105668,DSP Strategic Bond Fund - Regular Plan - IDCW,1238.6824
2026-03-23,105669,DSP Strategic Bond Fund - Regular Plan - Growth,3347.5824
2026-03-23,105670,UTI Low Duration Fund - Discontinued Monthly Dividend Option,1016.5638
2026-03-23,105689,Nippon India Interval Fund-Quarterly Interval Fund Series-II-Growth Option,37.4645
2026-03-23,105692,NIPPON INDIA QUARTERLY INTERVAL FUND - SERIES II - IDCW Option,13.1368
2026-03-23,105757,HDFC Mid Cap Fund - IDCW Plan,45.055
2026-03-23,105758,HDFC Mid Cap Fund - Growth Plan,179.582
2026-03-23,105804,Aditya Birla Sun Life Small Cap Fund - GROWTH,75.8621
2026-03-23,105805,Aditya Birla Sun Life Small Cap Fund -Regular - IDCW,31.3963
2026-03-23,105816,Franklin India Focused Equity Fund - IDCW,31.4794
2026-03-23,105817,Franklin India Focused Equity Fund - Growth Plan,94.7759
2026-03-23,105822,LIC MF Banking & PSU Fund-Regular Plan-Daily IDCW,11.5014
2026-03-23,105823,LIC MF Banking & PSU Fund-Regular Plan-Growth,35.848
2026-03-23,105856,LIC MF Banking & PSU Fund-Regular Plan-Monthly IDCW,13.4166
2026-03-23,105857,LIC MF Banking & PSU Fund-Regular Plan-Weekly IDCW,10.3512
2026-03-23,105875,DSP Flexi Cap Fund - Regular Plan - Growth,90.634
2026-03-23,105878,DSP Strategic Bond Fund - Regular Plan - IDCW - Weekly,1030.5099
2026-03-23,105881,Aditya Birla Sun Life Savings Fund-Weekly - retail IDCW,100.5851
2026-03-23,105887,Aditya Birla Sun Life Savings Fund-Regular - weekly IDCW,100.5067
2026-03-23,105888,Aditya Birla Sun Life Savings Fund-Regular - DAILY IDCW,100.2648
2026-03-23,105967,Kotak Arbitrage Fund - Regular Plan - IDCW - Payout & Re-investment of Income Distribution cum capital withdrawal option,10.7676
2026-03-23,105968,Kotak Arbitrage Fund - Regular Plan - Growth,39.0918
2026-03-23,105989,DSP Small Cap Fund - Regular - Growth,174.029
2026-03-23,106095,SBI Infrastructure Fund - Regular Plan - Income Distribution cum Capital Withdrawal Option (IDCW),39.1293
2026-03-23,106096,SBI INFRASTRUCTURE FUND -  REGULAR PLAN - GROWTH,43.9862
2026-03-23,106143,Invesco India Large & Mid Cap Fund - Regular Plan - IDCW (Payout / Reinvestment),39.14
2026-03-23,106144,Invesco India Large & Mid Cap Fund - Regular Plan - Growth,87.07
2026-03-23,106157,Aditya Birla Sun Life Banking & PSU Debt Fund  - retail - quarterly IDCW,102.2058
2026-03-23,106166,CANARA ROBECO EQUITY HYBRID FUND - REGULAR PLAN - GROWTH OPTION,334.99
2026-03-23,106167,CANARA ROBECO EQUITY HYBRID FUND - REGULAR PLAN - MONTHLY IDCW (Payout/Reinvestment),86.75
2026-03-23,106168,JM Value Fund (Regular) - IDCW,56.1586
2026-03-23,106169,quant Infrastructure Fund - IDCW Option - Regular Plan,32.199
2026-03-23,106170,quant Infrastructure Fund - Growth Option,32.2718
2026-03-23,106171,Invesco India Corporate Bond Fund - Regular Plan - Monthly IDCW (Payout / Reinvestment),1875.0838
2026-03-23,106172,Invesco India Corporate Bond Fund - Regular Plan - Quarterly IDCW (Payout / Reinvestment),1147.1779
2026-03-23,106177,Invesco India Corporate Bond Fund - Regular Plan - Growth,3271.4459
2026-03-23,106179,Invesco India Corporate Bond Fund - Regular Plan - Annual IDCW (Payout / Reinvestment),1302.3061
2026-03-23,106183,UTI Annual Interval Fund - I - Regular Plan - Growth Option,35.655
2026-03-23,106185,UTI Annual Interval Fund - I - ( Instn Growth Option ),37.0888
2026-03-23,106186,UTI Annual Interval Fund - I - Regular Plan - IDCW,10.8484
2026-03-23,106193,KOTAK GOLD ETF,113.2554
2026-03-23,106212,SBI LOW DURATION FUND - REGULAR PLAN - GROWTH,3626.8984
2026-03-23,106213,SBI Low Duration Fund - Regular Plan - Daily Income Distribution cum Capital Withdrawal Option (IDCW),1412.7264
2026-03-23,106214,SBI Low Duration Fund - Regular Plan - Weekly Income Distribution cum Capital Withdrawal Option (IDCW),1412.7153
2026-03-23,106215,SBI Low Duration Fund - Regular Plan - Fornightly Income Distribution cum Capital Withdrawal Option (IDCW),1437.4553
2026-03-23,106216,SBI Low Duration Fund - Regular Plan - Monthly Income Distribution cum Capital Withdrawal Option (IDCW),1590.709
2026-03-23,106217,SBI Short Horizon Debt Fund - Ultra Short Term Fund - Institutional Plan - Growth,3690.8603
2026-03-23,106221,SBI Short Horizon Debt Fund - Ultra Short Term Fund - Institutional Plan - Daily Income Distribution cum Capital Withdrawal Option (IDCW),1413.0606
2026-03-23,106222,SBI Short Horizon Debt Fund - Ultra Short Term Fund- Institutional Plan - Weekly Income Distribution cum Capital Withdrawal Option (IDCW),1409.5528
2026-03-23,106227,SBI SHORT HORIZON DEBT FUND-SHORT TERM FUND - RETAIL - GROWTH,37.6011
2026-03-23,106228,SBI Short Horizon Debt Fund - Short Term Fund - Retail Dividend - Weekly Income Distribution cum Capital Withdrawal Option (IDCW),15.5976
2026-03-23,106229,SBI Short Horizon Debt Fund - Short Term Fund - Retail Dividend - Monthly Income Distribution cum Capital Withdrawal Option (IDCW),17.2223
2026-03-23,106230,SBI Short Horizon Debt Fund - Short Term Fund - Retail Dividend - Fortnightly Income Distribution cum Capital Withdrawal Option (IDCW),15.6211
2026-03-23,106231,SBI SHORT TERM DEBT FUND - REGULAR PLAN -GROWTH,33.2336
2026-03-23,106232,SBI Short Term Debt Fund - Regular Plan Weekly Income Distribution cum Capital Withdrawal Option (IDCW),15.0684
2026-03-23,106233,SBI Short Term Debt Fund - Regular Plan - Monthly Income Distribution cum Capital Withdrawal Option (IDCW),18.3735
2026-03-23,106234,SBI Short Term Debt Fund - Regular Plan Fortnightly Income Distribution cum Capital Withdrawal Option (IDCW),15.0535
2026-03-23,106235,Nippon India Large Cap  Fund- Growth Plan -Growth Option,82.1461
2026-03-23,106236,NIPPON INDIA LARGE CAP FUND - IDCW Option,24.0169
2026-03-23,106240,Nippon India Large Cap Fund- Growth Plan Bonus Option,82.1461
2026-03-23,106260,NIPPON INDIA GROWTH MID CAP FUND - INSTITUTIONAL Plan - IDCW Option,1158.6007
2026-03-23,106316,Invesco India Balanced Advantage Fund - Regular Plan - IDCW (Payout / Reinvestment),16.87
2026-03-23,106317,Invesco India Balanced Advantage Fund - Regular Plan - Growth,49.39
2026-03-23,106369,Sundaram Global Brand Theme-Equity Active FOF - Regular IDCW,31.1593
2026-03-23,106370,Sundaram Global Brand Theme-Equity Active FOF - Regular Growth,38.5453
2026-03-23,106383,UTI Short Duration Fund - Discontinued Regular Option - Dividend Sub Option,24.3767
2026-03-23,106384,UTI Short Duration Fund - Discontinued Regular Option -Growth Sub Option,46.1114
2026-03-23,106425,UTI India Consumer Fund - Regular Plan - Growth Option,49.7205
2026-03-23,106426,UTI India Consumer Fund - Regular Plan - IDCW,43.4626
2026-03-23,106441,Kotak Global Emerging Market Overseas Equity Omni FOF- Growth,32.413
2026-03-23,106442,Kotak Global Emerging Market Overseas Equity Omni FOF - Payout of Income Distribution cum capital withdrawal option,32.415
2026-03-23,106596,DSP World Gold Mining Overseas Equity Omni FoF - Regular Plan - IDCW,32.3104
2026-03-23,106597,DSP World Gold Mining Overseas Equity Omni FoF - Regular Plan - Growth,53.337
2026-03-23,106624,UTI Short Duration Fund - Regular Plan - Growth Option,32.7574
2026-03-23,106653,Invesco India Infrastructure Fund - Regular Plan - IDCW (Payout / Reinvestment),34.82
2026-03-23,106654,Invesco India Infrastructure Fund - Regular Plan - Growth Option,54.17
2026-03-23,106793,HDFC ARBITRAGE FUND - Regular Plan -Growth Option,31.953
2026-03-23,106795,HDFC ARBITRAGE FUND - Wholesale IDCW Option,10.97
2026-03-23,106796,HDFC ARBITRAGE FUND - Retail Growth Option,30.979
2026-03-23,106797,HDFC ARBITRAGE FUND - Retail Quarterly IDCW Option,22.084
2026-03-23,106799,HDFC ARBITRAGE FUND - Retail IDCW Option,23.088
2026-03-23,106822,ICICI Prudential Smallcap Fund - IDCW,27.72
2026-03-23,106823,ICICI Prudential Smallcap Fund - Growth,74.67
2026-03-23,106838,HDFC Floating Rate Debt Fund - Daily IDCW Option,10.0548
2026-03-23,106839,HDFC Floating Rate Debt Fund - Monthly IDCW Option,10.1481
2026-03-23,106840,HDFC Floating Rate Debt Fund - Weekly IDCW Option,10.0241
2026-03-23,106841,HDFC Floating Rate Debt Fund - Growth Option,52.0352
2026-03-23,106871,LIC MF Large Cap Fund-Regular Plan-Growth,48.8285
2026-03-23,106872,Aditya Birla Sun Life International Equity Fund - Regular - IDCW,21.2698
2026-03-23,106873,Aditya Birla Sun Life International Equity Fund - Growth - Regular Plan,46.4673
2026-03-23,106929,Kotak Nifty PSU Bank ETF,820.8712
2026-03-23,106978,Franklin Asian Equity Fund - IDCW,16.9747
2026-03-23,106979,Franklin Asian Equity Fund - Growth Plan,35.9619
2026-03-23,106980,UTI Short Duration Fund - Regular Plan - Quarterly IDCW,16.951
2026-03-23,107287,JM ELSS Tax Saver Fund (Regular) - IDCW,42.1591
2026-03-23,107288,JM ELSS Tax Saver Fund (Regular) - Growth option,42.1597
2026-03-23,107352,Invesco India Multicap Fund - Regular Plan - IDCW (Payout / Reinvestment),97.89
2026-03-23,107353,Invesco India Multicap Fund - Regular Plan - Growth Option,107.96
2026-03-23,107409,JM Focused Fund (Regular) - IDCW,16.9435
2026-03-23,107410,JM Focused Fund (Regular) - Growth Option,16.9441
2026-03-23,107471,Invesco India Gilt Fund - Regular Plan - Monthly IDCW (Reinvestment),1576.8325
2026-03-23,107472,Invesco India Gilt Fund - Regular Plan - Quarterly IDCW (Payout / Reinvestment),1276.3308
2026-03-23,107476,Invesco India Gilt Fund - Regular Plan - Annual IDCW (Payout / Reinvestment),1127.1872
2026-03-23,107477,Invesco India Gilt Fund - Regular Plan - Growth,2799.4118
2026-03-23,107524,HDFC Infrastructure Fund - Growth Plan,41.965
2026-03-23,107525,HDFC Infrastructure Fund - IDCW Plan,17.997
2026-03-23,107578,Mirae Asset Large Cap Fund - Growth Plan,100.638
2026-03-23,107579,Mirae Asset Large Cap Fund Regular IDCW,25.777
2026-03-23,107693,Quantum Gold Fund,112.4221
2026-03-23,107700,Mirae Asset Low Duration Fund - Regular Plan - Daily IDCW,1004.3795
2026-03-23,107701,Mirae Asset Low Duration Fund - Regular Plan - Weekly IDCW,1105.859
2026-03-23,107702,Mirae Asset Low Duration Fund - Regular Plan - Quarterly IDCW,1007.1592
2026-03-23,107704,Mirae Asset Low Duration Fund - Regular Plan - Monthly IDCW,1088.4555
2026-03-23,107705,Mirae Asset Low Duration Fund - Regular Plan - Growth,2346.5255
2026-03-23,107745,Aditya Birla Sun Life ELSS Tax Saver Fund - Growth Option,54.64
2026-03-23,107763,LIC MF Infrastructure Fund-Regular Plan-Growth,45.3452
2026-03-23,107764,LIC MF Infrastructure Fund-Regular Plan-IDCW,45.3465
2026-03-23,107988,HSBC Global Emerging Markets Fund - Growth,28.3787
2026-03-23,107989,HSBC Global Emerging Markets Fund - IDCW,21.5911
2026-03-23,108166,Aditya Birla Sun Life Value Fund - Regular - IDCW,37.52
2026-03-23,108167,Aditya Birla Sun Life Value Fund - Growth Option,113.9711
2026-03-23,108202,DSP Natural Resources And New Energy Fund - Regular - Growth,101.796
2026-03-23,108203,DSP Natural Resources And New Energy Fund - Regular Plan - IDCW,29.91
2026-03-23,108249,Nippon India Quant Fund -Growth Plan - Growth Option,66.6632
2026-03-23,108252,NIPPON INDIA QUANT FUND - IDCW Option,35.5376
2026-03-23,108258,Nippon India Quant Fund -Growth Plan -Bonus Option,66.6632
2026-03-23,108272,Aditya Birla Sun Life Banking & PSU Debt Fund  - REGULAR - IDCW,155.0579
2026-03-23,108273,Aditya Birla Sun Life Banking & PSU Debt Fund - Regular Plan-Growth,377.5204
2026-03-23,108274,Aditya Birla Sun Life Banking & PSU Debt Fund  - REGULAR - Quarterly IDCW,101.0257
2026-03-23,108377,Invesco India Financial Services Fund - Regular Plan -  IDCW (Payout / Reinvestment),64.96
2026-03-23,108378,Invesco India Financial Services Fund - Regular Plan - Growth,127.39
2026-03-23,108402,Taurus ELSS Tax Saver Fund - Regular Plan - Payout of Income Distribution cum Capital Withdrawal option,75.68
2026-03-23,108403,Taurus Large Cap Fund - Regular Plan - Payout of Income Distribution cum Capital Withdrawal option,63.86
2026-03-23,108465,ICICI Prudential Large Cap Fund (erstwhile Bluechip Fund)  - IDCW,27.06
2026-03-23,108466,ICICI Prudential Large Cap Fund (erstwhile Bluechip Fund)  - Growth,100.36
2026-03-23,108479,Quantum Nifty 50 ETF,246.1554
2026-03-23,108511,Kotak Dynamic Bond Fund Regular Plan Growth,38.0373
2026-03-23,108544,Bandhan Income Plus Arbitrage Active FOF - Regular Plan - Quarterly IDCW,12.8733
2026-03-23,108545,Bandhan Income Plus Arbitrage Active FOF - Regular Plan - Growth,45.3667
2026-03-23,108546,Bandhan Income Plus Arbitrage Active FOF - Regular Plan - Half Yearly IDCW,13.1551
2026-03-23,108547,Bandhan Income Plus Arbitrage Active FOF - Regular Plan - Annual IDCW,15.2963
2026-03-23,108557,Bandhan Gilt Fund - Regular Plan - Quarterly IDCW,11.8589
2026-03-23,108558,Bandhan Gilt Fund - Regular - Plan B - Half Yearly IDCW,11.3777
2026-03-23,108559,Bandhan Gilt Fund - Regular Plan - Annual IDCW,11.3376
2026-03-23,108561,BANDHAN Dynamic Bond Fund - Regular Plan B - Quarterly IDCW,11.515
2026-03-23,108592,Bandhan Focused Fund - Regular Plan - Growth,77.838
2026-03-23,108593,Bandhan Focused Fund - Regular Plan - IDCW,17.77
2026-03-23,108594,BANDHAN Flexi Cap Fund - Regular Plan - Growth,187.808
2026-03-23,108595,BANDHAN Flexi Cap Fund - Regular Plan - IDCW,44.85
2026-03-23,108596,Bandhan Large & Mid Cap Fund - Regular Plan - Growth,123.041
2026-03-23,108597,Bandhan Large & Mid Cap Fund - Regular Plan - IDCW,24.335
2026-03-23,108632,BANDHAN Low Duration Fund - Regular Plan - Growth,40.1077
2026-03-23,108633,BANDHAN Low Duration Fund - Regular Plan - Daily IDCW,10.0961
2026-03-23,108634,BANDHAN Low Duration Fund - Regular Plan - Weekly IDCW,10.1031
2026-03-23,108635,BANDHAN Low Duration Fund - Regular Plan - Monthly IDCW,10.1144
2026-03-23,108644,Bandhan Gilt Fund with 10 year constant duration Fund - Regular Plan - Monthly IDCW,10.3367
2026-03-23,108646,Bandhan Gilt Fund with 10 year constant duration Fund - Regular Plan - Quarterly IDCW,11.5658
2026-03-23,108650,BANDHAN Money Market Fund - Regular Plan - Daily IDCW,10.0949
2026-03-23,108675,BANDHAN Dynamic Bond Fund - Regular Plan B - Annual IDCW,11.3395
2026-03-23,108690,BANDHAN LIQUID Fund - Regular Plan - Growth,3285.421
2026-03-23,108691,BANDHAN LIQUID Fund - Regular Plan - Weekly IDCW,1001.685
2026-03-23,108692,BANDHAN LIQUID Fund - Regular Plan - Daily IDCW,1001.3575
2026-03-23,108693,BANDHAN LIQUID Fund - Regular Plan - Monthly IDCW,1004.2785
2026-03-23,108701,Bandhan Money Market Fund - Regular Plan - Weekly IDCW,10.1164
2026-03-23,108713,Bandhan Short Duration Fund - Regular Plan - Fortnightly IDCW,10.4087
2026-03-23,108727,Bandhan Medium Duration Fund - Regular Plan - Monthly IDCW,10.2187
2026-03-23,108728,Bandhan Medium Duration Fund - Regular Plan - Growth,46.9341
2026-03-23,108729,Bandhan Medium Duration Fund - Regular Plan - Fortnightly IDCW,10.2518
2026-03-23,108730,Bandhan Medium Duration Fund - Regular Plan - Bi-Monthly IDCW,10.3111
2026-03-23,108731,Bandhan Medium Duration Fund - Regular Plan - Daily IDCW,10.2739
2026-03-23,108753,Bandhan Gilt Fund with 10 year constant duration Fund - Regular Plan - Growth,46.8885
2026-03-23,108756,BANDHAN Money Market Fund - Regular Plan - Growth,42.0668
2026-03-23,108757,BANDHAN Money Market Fund - Regular Plan - Monthly IDCW,10.2714
2026-03-23,108763,Bandhan Medium to Long Duration Fund - Regular Plan - Half-yearly IDCW,11.9468
2026-03-23,108764,Bandhan Medium to Long Duration Fund - Regular Plan - Quarterly IDCW,12.0886
2026-03-23,108765,Bandhan Medium to Long Duration Fund - Regular Plan - Growth,65.5434
2026-03-23,108766,Bandhan Medium to Long Duration Fund - Regular Plan - Annual IDCW,11.8768
2026-03-23,108767,Bandhan Short Duration Fund - Regular Plan - Monthly IDCW,10.3546
2026-03-23,108768,Bandhan Short Duration Fund - Regular Plan - Growth,59.1282
2026-03-23,108799,BANDHAN Large Cap Fund - Regular Plan - Growth,70.0
2026-03-23,108800,BANDHAN Large Cap Fund - Regular Plan - IDCW,20.586
2026-03-23,108845,BANDHAN Arbitrage Fund - Regular Plan - Growth,33.7743
2026-03-23,108847,BANDHAN Arbitrage Fund - Regular Plan - Monthly IDCW,10.5963
2026-03-23,108908,Bandhan Value Fund - Regular Plan - IDCW,35.598
2026-03-23,108909,Bandhan Value Fund - Regular Plan - Growth,133.435
2026-03-23,108992,BANDHAN Equity Savings Fund - Regular Plan - Monthly IDCW,10.748
2026-03-23,108995,BANDHAN Equity Savings Fund - Regular Plan - Growth,31.291
2026-03-23,109010,Kotak BSE Sensex ETF,79.2568
2026-03-23,109058,Sundaram Financial Services Opportunities Fund Regular Plan - Income Distribution cum Capital Withdrawal (IDCW),27.5596
2026-03-23,109059,Sundaram Financial Services Opportunities Fund Regular Plan - Growth,95.2939
2026-03-23,109108,Aditya Birla Sun Life Savings Fund-Retail - Daily IDCW,100.4455
2026-03-23,109254,BANK OF INDIA Liquid Fund- Regular Plan- Growth,3135.9033
2026-03-23,109255,BANK OF INDIA Liquid Fund- Regular Plan- Weekly IDCW,1005.0
2026-03-23,109264,BANK OF INDIA Ultra Short Duration Fund- Regular Plan- Weekly IDCW,1005.8141
2026-03-23,109269,BANK OF INDIA Ultra Short Duration Fund- Regular Plan- Growth,3282.7847
2026-03-23,109274,quant Focused Fund - IDCW Option - Regular Plan,54.1835
2026-03-23,109275,quant Focused Fund - Growth Option - Regular Plan,72.872
2026-03-23,109349,CANARA ROBECO LIQUID FUND - REGULAR PLAN - DAILY IDCW (Reinvestment),1005.487
2026-03-23,109350,CANARA ROBECO LIQUID FUND - REGULAR PLAN - WEEKLY IDCW (Payout/Reinvestment),1000.7121
2026-03-23,109351,CANARA ROBECO LIQUID FUND - REGULAR PLAN - MONTHLY IDCW (Payout/Reinvestment),1004.0297
2026-03-23,109353,CANARA ROBECO LIQUID FUND - REGULAR PLAN - GROWTH OPTION,3275.8518
2026-03-23,109366,CANARA ROBECO ULTRA SHORT TERM FUND - REGULAR PLAN - WEEKLY IDCW (Payout/Reinvestment),1240.6173
2026-03-23,109370,CANARA ROBECO ULTRA SHORT TERM FUND - REGULAR PLAN - MONTHLY IDCW (Payout/Reinvestment),1002.6779
2026-03-23,109371,CANARA ROBECO ULTRA SHORT TERM FUND - REGULAR PLAN - GROWTH OPTION,3944.1635
2026-03-23,109372,CANARA ROBECO ULTRA SHORT TERM FUND - REGULAR PLAN - DAILY IDCW (Reinvestment),1240.4495
2026-03-23,109445,ICICI Prudential Banking and Financial Services Fund -  Growth,118.48
2026-03-23,109446,ICICI Prudential Banking and Financial Services Fund -  IDCW,22.62
2026-03-23,109472,NIPPON INDIA CORPORATE BOND FUND - DAILY IDCW Option,17.0186
2026-03-23,109473,NIPPON INDIA CORPORATE BOND FUND - WEEKLY IDCW Option,17.0378
2026-03-23,109501,UTI Ultra Short Duration Fund - Regular Plan - Daily IDCW (Reinvestment),1046.1477
2026-03-23,109522,JM Flexicap Fund (Regular) - Growth option,83.8952
2026-03-23,109523,JM Flexicap Fund (Regular) - IDCW,64.6477
2026-03-23,109716,Nippon India Gilt  Fund -P F Option-Automatic Annual Reinvest Option,31.6289
2026-03-23,109717,Nippon India Gilt  Fund - Institutional Plan-Growth Plan -Growth Option,38.32
2026-03-23,109720,Nippon India Gilt  Fund -Growth Plan - Growth Option,37.7183
2026-03-23,109721,Nippon India Gilt  Fund -P F Option-Defined Maturity Date Option,37.7183
2026-03-23,109723,NIPPON INDIA GILT  FUND - MONTHLY IDCW Option,10.4607
2026-03-23,109724,Nippon India Gilt  Fund-P F Option-Automatic Capital Appreciation Payout Option,37.7183
2026-03-23,109740,ICICI Prudential Bond Fund - Growth,40.9034
2026-03-23,109741,ICICI Prudential Bond Fund - IDCW Monthly,11.2032
2026-03-23,109743,ICICI Prudential Bond Fund - IDCW Quarterly,11.2654
2026-03-23,109830,quant Flexi Cap Fund - Growth Option - Regular Plan,88.0016
2026-03-23,109831,quant Flexi Cap Fund - IDCW Option - Regular Plan,62.8964
2026-03-23,110282,Aditya Birla Sun Life Banking & PSU Debt Fund  - REGULAR - MONTHLY IDCW,111.867
2026-03-23,110490,Aditya Birla Sun Life Banking & PSU Debt Fund  - retail - monthly IDCW,113.1572
2026-03-23,110598,BANK OF INDIA Large & Mid Cap Fund Regular Plan- Quarterly IDCW,29.86
2026-03-23,110599,BANK OF INDIA Large & Mid Cap Fund Eco Plan- Growth,90.57
2026-03-23,110601,BANK OF INDIA Large & Mid Cap Fund Eco Plan-Bonus,90.58
2026-03-23,110603,BANK OF INDIA Large & Mid Cap Fund Regular Plan- Growth,81.98
2026-03-23,110604,BANK OF INDIA Large & Mid Cap Fund Eco Plan-Quarterly IDCW,25.55
2026-03-23,110606,BANK OF INDIA Large & Mid Cap Fund Regular Plan-Bonus,81.97
2026-03-23,110607,BANK OF INDIA Large & Mid Cap Fund Regular Plan- Regular IDCW,24.47
2026-03-23,110608,BANK OF INDIA Large & Mid Cap Fund Eco Plan-Regular IDCW,25.36
2026-03-23,111343,Bandhan Gilt Fund with 10 year constant duration Fund - Regular Plan - Weekly IDCW,10.2229
2026-03-23,111521,Aditya Birla Sun Life Dynamic Bond Fund -REGULAR - MONTHLY IDCW,10.5895
2026-03-23,111523,BANDHAN Dynamic Bond Fund - Regular Plan B - IDCW,13.1121
2026-03-23,111524,BANDHAN Dynamic Bond Fund - Regular Plan B - Growth,34.2924
2026-03-23,111525,Bandhan Gilt Fund - Regular Plan - Growth,35.798
2026-03-23,111527,Bandhan Gilt Fund - Regular Plan - IDCW,13.4906
2026-03-23,111545,ICICI Prudential Floating Interest Fund - Weekly IDCW,102.1438
2026-03-23,111549,Quantum ELSS Tax Saver Fund - Direct Plan Growth Option,115.0
2026-03-23,111550,Quantum ELSS Tax Saver Fund - Direct Plan IDCW,114.26
2026-03-23,111569,BANDHAN ELSS Tax Saver Fund - Regular Plan - Growth,138.821
2026-03-23,111570,BANDHAN ELSS Tax Saver Fund - Regular Plan - IDCW,29.923
2026-03-23,111585,BANK OF INDIA Short Term Income Fund-Regular Plan- Growth,27.6045
2026-03-23,111589,BANK OF INDIA Short Term Income Fund-Regular Plan- Monthly IDCW,14.1653
2026-03-23,111590,BANK OF INDIA Short Term Income Fund-Regular Plan- Quarterly IDCW,13.9593
2026-03-23,111599,UTI Multi Asset Allocation Fund - Regular Plan - Growth Option,71.9108
2026-03-23,111602,UTI Multi Asset Allocation Fund - Regular Plan - IDCW,27.3717
2026-03-23,111638,Edelweiss ELSS Tax Saver Fund - Regular Plan - Growth Option,101.23
2026-03-23,111639,Edelweiss ELSS Tax Saver Fund - Regular Plan - IDCW Option,27.09
2026-03-23,111640,Taurus Flexi Cap Fund - Regular Plan - Payout of Income Distribution cum Capital Withdrawal option,96.29
2026-03-23,111642,Taurus Mid Cap Fund - Regular Plan - Payout of Income Distribution cum Capital Withdrawal option,92.15
2026-03-23,111644,Mirae Asset Liquid Fund - Regular Plan - Weekly IDCW,1153.2647
2026-03-23,111645,Mirae Asset Liquid Fund - Regular Plan - Monthly IDCW,1156.7721
2026-03-23,111646,Mirae Asset Liquid Fund - Regular Plan - Growth,2853.2491
2026-03-23,111647,Mirae Asset Liquid Fund - Regular - Daily IDCW,1066.3753
2026-03-23,111675,LIC MF Low Duration Fund-Regular Plan-Weekly IDCW,14.0742
2026-03-23,111676,LIC MF Low Duration Fund-Regular Plan-Daily IDCW,10.8336
2026-03-23,111704,Baroda BNP Paribas LIQUID FUND - Regular Plan - GROWTH OPTION,3127.9233
2026-03-23,111705,Baroda BNP Paribas LIQUID FUND - Regular Plan - WEEKLY IDCW OPTION,1000.9525
2026-03-23,111707,Baroda BNP Paribas LIQUID FUND - Regular Plan - DAILY IDCW OPTION,1001.1967
2026-03-23,111708,BANK OF INDIA ELSS Tax Saver -Regular Plan-IDCW,28.2
2026-03-23,111709,BANK OF INDIA ELSS Tax Saver -ECO Plan-Growth,158.61
2026-03-23,111710,BANK OF INDIA ELSS Tax Saver -Regular Plan- Growth,146.39
2026-03-23,111711,BANK OF INDIA ELSS Tax Saver -ECO Plan-IDCW,26.33
2026-03-23,111712,BANK OF INDIA Conservative Hybrid Fund-Regular Plan-Growth,34.1467
2026-03-23,111713,BANK OF INDIA Conservative Hybrid Fund-Regular Plan-Quarterly IDCW,18.2212
2026-03-23,111714,BANK OF INDIA Conservative Hybrid Fund-Regular Plan-Annual IDCW,16.5761
2026-03-23,111715,BANK OF INDIA Conservative Hybrid Fund-ECO Plan-Growth,35.4248
2026-03-23,111716,BANK OF INDIA Conservative Hybrid Fund-Regular Plan-Monthly IDCW,17.5802
2026-03-23,111717,BANK OF INDIA Conservative Hybrid Fund-ECO Plan-Monthly IDCW,26.8325
2026-03-23,111722,CANARA ROBECO ELSS TAX SAVER - REGULAR PLAN - GROWTH OPTION,158.84
2026-03-23,111743,Nippon India Low Duration Fund - Retail Plan - Growth Plan -Bonus Option,2752.5819
2026-03-23,111744,NIPPON INDIA LOW DURATION FUND - RETAIL Plan - DAILY IDCW Option,1011.3703
2026-03-23,111745,NIPPON INDIA LOW DURATION FUND - RETAIL Plan - WEEKLY IDCW Option,1011.8203
2026-03-23,111746,Nippon India Low Duration Fund -Growth Plan -Bonus Option,2261.1412
2026-03-23,111747,NIPPON INDIA LOW DURATION FUND - DAILY IDCW Option,1011.3855
2026-03-23,111748,Nippon India Low Duration Fund - Retail Plan - Growth Plan - Growth Option,3694.0068
2026-03-23,111749,NIPPON INDIA LOW DURATION FUND - MONTHLY IDCW Option,1030.2346
2026-03-23,111750,NIPPON INDIA LOW DURATION FUND - QUARTERLY IDCW Option,1016.2796
2026-03-23,111751,NIPPON INDIA LOW DURATION FUND - RETAIL Plan - MONTHLY IDCW Option,1032.029
2026-03-23,111752,NIPPON INDIA LOW DURATION FUND - RETAIL Plan - QUARTERLY IDCW Option,1016.3424
2026-03-23,111753,Nippon India Low Duration Fund- Growth Plan - Growth Option,3894.3962
2026-03-23,111754,NIPPON INDIA LOW DURATION FUND - WEEKLY IDCW Option,1011.6987
2026-03-23,111786,DSP Strategic Bond Fund - Regular Plan - IDCW - Daily,1042.5955
2026-03-23,111787,Taurus Ethical Fund - Regular Plan - Growth,114.28
2026-03-23,111788,Taurus Ethical Fund - Regular Plan - Payout of Income Distribution cum Capital Withdrawal option,77.25
2026-03-23,111803,Aditya Birla Sun Life Medium Term Plan - Growth - Regular Plan,42.1449
2026-03-23,111809,Aditya Birla Sun Life Medium Term Plan - REGULAR - Quarterly IDCW,13.3961
2026-03-23,111811,Aditya Birla Sun Life Medium Term Plan - REGULAR - HALFYEARLY IDCW,13.6077
2026-03-23,111812,Aditya Birla Sun Life Medium Term Plan - Regular - IDCW,16.0003
2026-03-23,111848,Aditya Birla Sun Life Dynamic Bond Fund-Discipline Advantage Plan-Growth,32.8352
2026-03-23,111903,Taurus Ethical Fund -  Regular Plan - Bonus Option,114.27
2026-03-23,111935,Edelweiss Large Cap Fund -Plan B - Growth option,76.48
2026-03-23,111936,Edelweiss Large Cap Fund - Regular Plan - IDCW Option,25.06
2026-03-23,111937,Edelweiss Large Cap Fund -Plan C - Growth option,75.48
2026-03-23,111938,Edelweiss Large Cap Fund - Plan B - IDCW Option,77.39
2026-03-23,111939,Edelweiss Large Cap Fund - Plan C - IDCW Option,61.69
2026-03-23,111940,Edelweiss Large Cap Fund - Regular Plan - Growth Option,76.01
2026-03-23,111954,SBI Gold ETF,115.7995
2026-03-23,111957,ICICI Prudential Focused Equity Fund - Growth,83.65
2026-03-23,111958,ICICI Prudential Focused Equity Fund - IDCW,24.64
2026-03-23,111962,CANARA ROBECO DYNAMIC BOND FUND - REGULAR PLAN - GROWTH OPTION,29.3225
2026-03-23,111963,CANARA ROBECO DYNAMIC BOND FUND - REGULAR PLAN - IDCW (Payout/Reinvestment),13.4193
2026-03-23,111970,BANK OF INDIA Ultra Short Duration Fund- Regular Plan- Daily IDCW,1004.8695
2026-03-23,111971,BANK OF INDIA Liquid Fund- Regular Plan- Daily IDCW,1004.9759
2026-03-23,111987,ICICI Prudential Corporate Bond Fund - Growth,30.9557
2026-03-23,111991,ICICI Prudential Corporate Bond Fund - Monthly IDCW,10.3447
2026-03-23,111992,ICICI Prudential Corporate Bond Fund -Quarterly IDCW,11.1022
2026-03-23,112012,Edelweiss Aggressive Hybrid Fund- Plan B-Growth Option,58.21
2026-03-23,112013,Edelweiss Aggressive Hybrid Fund  - Plan B - IDCW Option,59.32
2026-03-23,112014,Aditya Birla Sun Life Liquid Fund- Discipline Advantage Plan,297.3679
2026-03-23,112016,Aditya Birla Sun Life Savings Fund - Discipline Advantage Plan,327.6683
2026-03-23,112038,Quantum Diversified Equity All Cap Active FOF - Direct Plan IDCW,76.365
2026-03-23,112039,Quantum Diversified Equity All Cap Active FOF - Direct Plan Growth Option,76.556
2026-03-23,112076,UTI Money Market Fund - Regular Plan - Daily IDCW (Reinvestment),1071.6915
2026-03-23,112077,UTI MMF - Regular Plan - Growth Option,3219.1906
2026-03-23,112083,UTI Ultra Short Duration Fund - Discontinued - INSTN GROWTH OPTION,3157.9541
2026-03-23,112087,Aditya Birla Sun Life Arbitrage Fund-Regular - IDCW,11.1338
2026-03-23,112088,Aditya BIRLA SUN LIFE ARBITRAGE FUND - REGULAR PLAN - GROWTH,27.6934
2026-03-23,112089,Kotak Flexicap Fund - Payout of Income Distribution cum capital withdrawal option,46.378
2026-03-23,112090,Kotak Flexicap Fund - Growth,76.804
2026-03-23,112092,Franklin Build India Fund Growth Plan,132.4485
2026-03-23,112093,Franklin Build India Fund - IDCW,37.7046
2026-03-23,112096,ICICI Prudential All Seasons Bond Fund - Growth,37.8769
2026-03-23,112097,ICICI Prudential All Seasons Bond Fund - IDCW,23.5539
2026-03-23,112098,Invesco India Largecap Fund - Regular Plan - Growth,61.17
2026-03-23,112099,Invesco India Largecap Fund - Regular Plan - IDCW (Payout / Reinvestment),22.66
2026-03-23,112108,Edelweiss Aggressive Hybrid Fund - Regular Plan - Growth Option,58.83
2026-03-23,112109,Edelweiss Aggressive Hybrid Fund - Regular Plan - IDCW Option,24.32
2026-03-23,112117,Edelweiss Balanced Advantage Fund - Regular Plan - Growth Option,48.7
2026-03-23,112118,Edelweiss Balanced Advantage Fund - Regular Plan - Quarterly - IDCW Option,19.9
2026-03-23,112120,Invesco India Money Market Fund - Regular - Growth,2790.7122
2026-03-23,112122,Invesco India Money Market Fund - Regular - Monthly IDCW (Payout / Reinvestment),1482.2276
2026-03-23,112123,Invesco India Money Market Fund - Growth,3174.4389
2026-03-23,112125,Invesco India Money Market Fund - Monthly IDCW (Payout / Reinvestment),1019.3466
2026-03-23,112126,DSP Global Clean Energy Overseas Equity Omni FoF - Regular Plan - Growth,26.4342
2026-03-23,112127,DSP Global Clean Energy Overseas Equity Omni FoF - Regular Plan - IDCW,18.38
2026-03-23,112152,CANARA ROBECO CONSUMPTION FUND - REGULAR PLAN - GROWTH OPTION,93.05
2026-03-23,112153,CANARA ROBECO CONSUMPTION FUND - REGULAR PLAN - IDCW (Payout/Reinvestment),39.98
2026-03-23,112171,Invesco India PSU Equity Fund - Regular Plan - Growth,60.98
2026-03-23,112173,Invesco India PSU Equity Fund - Regular Plan - IDCW (Payout / Reinvestment),40.34
2026-03-23,112210,Axis Liquid Fund - Regular Plan - Growth Option,3030.9676
2026-03-23,112211,Axis Liquid Fund - Regular Plan - Daily IDCW,1001.3998
2026-03-23,112212,Axis Liquid Fund - Regular Plan - Weekly IDCW,1002.0913
2026-03-23,112213,Axis Liquid Fund - Regular Plan - Monthly IDCW,1005.034
2026-03-23,112214,Axis Treasury Advantage Fund - Regular Plan - Growth Option,3224.81
2026-03-23,112215,Axis Treasury Advantage Fund - Regular Plan - Daily IDCW,1012.4419
2026-03-23,112216,Axis Treasury Advantage Fund - Regular Plan - Weekly IDCW,1011.6337
2026-03-23,112217,Axis Treasury Advantage Fund - Regular Plan - Monthly IDCW,1010.8195
2026-03-23,112218,Tata Value Fund - Regular Plan - Payout of IDCW-Option A(5%),118.4771
2026-03-23,112277,Axis Large Cap Fund - Regular Plan - Growth,54.19
2026-03-23,112278,Axis Large Cap Fund - Regular Plan - IDCW,15.87
2026-03-23,112293,DSP World Mining Overseas Equity Omni FoF - Regular Plan - Growth,28.9707
2026-03-23,112322,Axis ELSS Tax Saver Fund - Regular Plan - IDCW,20.864
2026-03-23,112323,Axis ELSS Tax Saver Fund - Regular Plan - Growth,85.2141
2026-03-23,112327,Bandhan Conservative Hybrid Passive FOF - Regular Plan - Growth,33.7655
2026-03-23,112328,Bandhan Conservative Hybrid Passive FOF - Regular Plan - IDCW,17.4348
2026-03-23,112329,Bandhan Multi-Asset Passive FOF - Regular Plan - Growth,39.7801
2026-03-23,112330,Bandhan Multi-Asset Passive FOF - Regular Plan - IDCW,20.7838
2026-03-23,112331,Bandhan Aggressive Hybrid Passive FOF - Regular Plan - IDCW,23.5839
2026-03-23,112332,Bandhan Aggressive Hybrid Passive FOF - Regular Plan - Growth,43.2143
2026-03-23,112340,NIPPON INDIA LIQUID FUND - QUARTERLY IDCW OPTION,1003.7357
2026-03-23,112341,NIPPON INDIA MONEY MARKET FUND - QUARTERLY IDCW Option,1011.5738
2026-03-23,112342,ICICI Prudential Banking and PSU Debt Fund - Growth,33.839
2026-03-23,112347,DSP World Mining Overseas Equity Omni FoF - Regular Plan - IDCW,26.2084
2026-03-23,112351,Kotak Nifty 50 ETF,248.0748
2026-03-23,112352,BANDHAN Conservative Hybrid Fund - Regular Plan - IDCW,10.9995
2026-03-23,112353,BANDHAN Conservative Hybrid Fund - Regular Plan - Growth,31.6554
2026-03-23,112354,Axis Short Duration Fund - Regular Plan - Growth Option,32.0559
2026-03-23,112355,Axis Short Duration Fund - Regular Plan - Monthly IDCW,10.0241
2026-03-23,112356,Aditya Birla Sun Life Short Term Fund - REGULAR - Quarterly IDCW,10.2901
2026-03-23,112359,BANK OF INDIA Manufacturing & Infrastructure Fund-Growth,54.68
2026-03-23,112360,BANK OF INDIA Manufacturing & Infrastructure Fund-Quarterly IDCW,35.49
2026-03-23,112361,BANK OF INDIA Manufacturing & Infrastructure Fund-Regular IDCW,34.85
2026-03-23,112368,Invesco India Gold Exchange Traded Fund,11765.5089
2026-03-23,112369,Axis Short Duration Fund - Regular Plan - Weekly IDCW,10.3635
2026-03-23,112378,CANARA ROBECO CONSERVATIVE HYBRID FUND - REGULAR PLAN - QUARTERLY IDCW (Payout/Reinvestment),13.2433
2026-03-23,112635,UTI Money Market Fund - Regular Plan - Weekly IDCW,1115.3678
2026-03-23,112636,Navi Liquid Fund-Regular Plan-Growth Option,29.5195
2026-03-23,112645,Navi Liquid Fund - Regular Plan Daily IDCW,10.0129
2026-03-23,112646,Navi Liquid Fund - Regular Plan Weekly IDCW,10.0154
2026-03-23,112647,Navi Liquid Fund - Regular Plan Monthly IDCW,10.0449
2026-03-23,112712,Axis Liquid Fund - Retail Plan - Daily IDCW,1000.9531
2026-03-23,112713,Axis Liquid Fund - Retail Plan - Growth Option,2765.5372
2026-03-23,112714,Axis Liquid Fund - Retail Plan - Monthly IDCW,1004.0554
2026-03-23,112715,Axis Liquid Fund - Retail Plan - Weekly IDCW,1000.5882
2026-03-23,112717,Axis Treasury Advantage Fund - Retail Plan - Growth Option,3023.4391
2026-03-23,112718,Axis Treasury Advantage Fund - Retail Plan - Monthly IDCW,1010.8216
2026-03-23,112719,Axis Treasury Advantage Fund - Retail Plan - Weekly IDCW,1011.6337
2026-03-23,112720,Axis Treasury Advantage Fund - Retail Plan - Daily IDCW,1011.6679
2026-03-23,112721,Axis Short Duration Fund - Retail Plan - Growth Option,31.6852
2026-03-23,112722,Axis Short Duration Fund - Retail Plan - Weekly IDCW,10.1944
2026-03-23,112723,Axis Short Duration Fund - Retail Plan - Monthly IDCW,10.0008
2026-03-23,112868,Sundaram Conservative Hybrid Fund (Formerly Known as Sundaram Debt Oriented Hybrid Fund) Regular Plan - Growth,28.8908
2026-03-23,112870,Sundaram Conservative Hybrid Fund (Formerly Known as Sundaram Debt Oriented Hybrid Fund) Regular Plan -Income Distribution cum Capital Withdrawal (IDCW),18.0417
2026-03-23,112877,BANDHAN Nifty 50 Index Fund - Regular Plan - Growth,48.4761
2026-03-23,112878,BANDHAN Nifty 50 Index Fund - Regular Plan - IDCW,43.9979
2026-03-23,112901,DSP Focused Fund - Regular Plan - Growth,48.101
2026-03-23,112923,SBI PSU Fund - Regular Plan - Income Distribution cum Capital Withdrawal Option (IDCW),32.9139
2026-03-23,112924,Axis Conservative Hybrid Fund - Regular Plan - Growth Option,29.7685
2026-03-23,112925,Axis Conservative Hybrid Fund - Regular Plan - Quarterly IDCW,10.4455
2026-03-23,112926,Axis Conservative Hybrid Fund - Regular Plan - Half Yearly IDCW,12.6974
2026-03-23,112927,Axis Conservative Hybrid Fund - Regular Plan - Annual IDCW,13.8832
2026-03-23,112931,Mirae Asset Large & Midcap Fund - Regular Plan - IDCW,42.105
2026-03-23,112932,Mirae Asset Large & Midcap Fund - Regular Plan - Growth,136.893
2026-03-23,112936,Nippon India Aggressive Hybrid Fund - Growth Plan,97.69
2026-03-23,112937,NIPPON INDIA AGGRESSIVE HYBRID FUND - IDCW Option,24.4097
2026-03-23,112938,Nippon India Credit Risk Fund  - Growth Plan,36.7481
2026-03-23,112939,Nippon India Credit Risk Fund  - Institutional Growth Plan,38.3639
2026-03-23,112941,NIPPON INDIA CREDIT RISK FUND - QUARTERLY IDCW Option,12.9722
2026-03-23,112942,NIPPON INDIA FLOATER FUND - QUARTERLY IDCW Option,10.9388
2026-03-23,112948,Taurus Nifty 50 Index Fund - Regular Plan - Growth,42.7491
2026-03-23,112949,Taurus Nifty 50 Index Fund - Regular Plan - Payout of Income Distribution cum Capital Withdrawal option,27.256
2026-03-23,112957,ICICI Prudential Nifty Next 50 Index Fund - Growth,53.96
2026-03-23,112958,ICICI Prudential Nifty Next 50 Index Fund -IDCW,53.9593
2026-03-23,113032,DSP Focused Fund - Regular Plan - IDCW,17.753
2026-03-23,113036,Baroda BNP Paribas Short Duration Fund - Regular Plan - Growth Option,30.1563
2026-03-23,113037,Baroda BNP Paribas Short Duration Fund - Regular Plan - Monthly IDCW Option,10.1599
2026-03-23,113047,HDFC Short Term  Debt Fund - Growth Option,33.1999
2026-03-23,113048,HDFC Short Term  Debt Fund - Fortnightly IDCW Option,10.1721
2026-03-23,113049,HDFC Gold ETF - Growth Option,115.9685
2026-03-23,113064,Axis Multi Asset Allocation Fund - Regular Plan - Growth Option,41.0052
2026-03-23,113065,Axis Multi Asset Allocation Fund - Regular Plan - Monthly IDCW,18.5431
2026-03-23,113069,Motilal Oswal Nifty 50 ETF,234.12
2026-03-23,113070,HDFC Corporate Bond Fund - Growth Option,33.4083
2026-03-23,113071,HDFC Corporate Bond Fund - Quarterly IDCW Option,10.5164
2026-03-23,113076,ICICI Prudential Gold ETF,116.2376
2026-03-23,113077,UTI Dynamic Bond Fund - Regular Plan - Growth Option,31.6345
2026-03-23,113078,UTI Dynamic Bond Fund - Regular Plan - Quarterly IDCW,17.2247
2026-03-23,113097,ICICI Prudential Regular Savings Fund - Plan - Quarterly IDCW,11.7358
2026-03-23,113098,ICICI Prudential Regular Savings Fund - Plan - Half Yearly IDCW,12.5969
2026-03-23,113099,SBI PSU Fund - REGULAR PLAN -Growth,32.9177
2026-03-23,113134,Tata Aggressive Hybrid Fund- Regular Plan - Monthly Payout of IDCW Option,77.7746
2026-03-23,113137,ICICI Prudential Medium Term Bond Fund - Quarterly IDCW,10.7665
2026-03-23,113144,CANARA ROBECO SAVINGS FUND - REGULAR PLAN - MONTHLY IDCW (Payout/Reinvestment),10.2758
2026-03-23,113153,DSP Small Cap Fund - Regular - IDCW,47.684
2026-03-23,113169,Bandhan Medium Duration Fund - Regular Plan - Quarterly IDCW,11.1614
2026-03-23,113177,Nippon India Small Cap Fund - Growth Plan - Growth Option,146.7652
2026-03-23,113178,Nippon India Small Cap Fund - Growth Plan - Bonus Option,146.7652
2026-03-23,113179,NIPPON INDIA SMALL CAP FUND - IDCW Option,75.4426
2026-03-23,113218,ICICI Prudential All Seasons Bond Fund - Annual IDCW,11.1533
2026-03-23,113221,CANARA ROBECO LARGE CAP FUND - REGULAR PLAN - GROWTH OPTION,56.05
2026-03-23,113222,CANARA ROBECO LARGE CAP FUND - REGULAR PLAN - IDCW (Payout/Reinvestment),25.89
2026-03-23,113269,Nippon India Index Fund - BSE Sensex Plan - Growth Plan - Growth Option,37.0101
2026-03-23,113270,Nippon India Index Fund - BSE Sensex Plan - Growth Plan - Bonus Option,37.0101
2026-03-23,113271,NIPPON INDIA INDEX FUND - BSE SENSEX PLAN - QUARTERLY - IDCW Option,29.1757
2026-03-23,113294,NIPPON INDIA INDEX FUND - BSE SENSEX PLAN - HALF YEARLY - IDCW Option,29.1821
2026-03-23,113295,NIPPON INDIA INDEX FUND - BSE SENSEX PLAN - ANNUAL - IDCW Option,29.1721
2026-03-23,113296,Nippon India Index Fund - Nifty 50 Plan - Growth Plan - Growth Option,38.2414
2026-03-23,113297,Nippon India Index Fund - Nifty 50 Plan - Growth Plan - Bonus Option,38.2414
2026-03-23,113298,NIPPON INDIA INDEX FUND - NIFTY 50 PLAN - QUARTERLY - IDCW Option,30.1576
2026-03-23,113299,NIPPON INDIA INDEX FUND - NIFTY 50 PLAN - HALF YEARLY - IDCW Option,30.1589
2026-03-23,113300,NIPPON INDIA INDEX FUND - NIFTY 50 PLAN - ANNUAL - IDCW Option,30.0589
2026-03-23,113307,Aditya Birla Sun Life Low Duration Fund -Regular - DAILY IDCW,100.2555
2026-03-23,113345,Nippon India Arbitrage Fund - Growth Plan - Growth Option,27.666
2026-03-23,113346,NIPPON INDIA ARBITRAGE FUND - IDCW Option,16.5802
2026-03-23,113361,BANDHAN Conservative Hybrid Fund - Regular Plan - Quarterly IDCW,13.4145
2026-03-23,113403,ICICI Prudential All Seasons Bond Fund - Quarterly IDCW,11.6654
2026-03-23,113434,Axis Gold ETF,113.2427
2026-03-23,114239,ICICI Prudential Credit Risk Fund - Growth,33.4121
2026-03-23,114240,ICICI Prudential Credit Risk Fund - Quarterly IDCW,11.1068
2026-03-23,114297,SBI Overnight Fund - Regular Plan - Daily Income Distribution cum Capital Withdrawal Option (IDCW),1351.6468
2026-03-23,114348,SBI Savings Fund - Regular Plan Daily Income Distribution cum Capital Withdrawal Option (IDCW),14.0655
2026-03-23,114359,Invesco India Ultra Short Duration Fund - Regular Plan - Growth,2805.8798
2026-03-23,114360,Invesco India Ultra Short Duration Fund - Regular Plan - Quarterly IDCW (Payout / Reinvestment),1089.2012
2026-03-23,114361,Invesco India Ultra Short Duration Fund - Regular Plan - Annual IDCW (Payout / Reinvestment),1121.4666
2026-03-23,114362,Invesco India Ultra Short Duration Fund - Regular Plan - Monthly IDCW (Payout / Reinvestment),1013.3961
2026-03-23,114456,Motilal Oswal Nifty Midcap 100 ETF,56.7836
2026-03-23,114457,Kotak Large Cap Fund - Payout of Income Distribution cumcapital withdrawal option,66.96
2026-03-23,114458,Kotak Large Cap Fund - Growth,518.733
2026-03-23,114476,BANDHAN Infrastructure Fund - Regular Plan - Growth,42.056
2026-03-23,114477,BANDHAN Infrastructure Fund - Regular Plan - IDCW,33.454
2026-03-23,114564,Axis Midcap Fund - Regular Plan - Growth,102.47
2026-03-23,114565,Axis Midcap Fund - Regular Plan - IDCW,34.94
2026-03-23,114616,Nippon India Gold Savings Fund-Growth plan- Growth Option,50.9754
2026-03-23,114617,NIPPON INDIA GOLD SAVINGS FUND - IDCW Option,50.9754
2026-03-23,114757,Kotak Gold Fund Payout of Income Distribution cum capital withdrawal option,50.9796
2026-03-23,114758,Kotak Gold Fund Growth,50.9806
2026-03-23,114858,Kotak Debt Hybrid - Monthly Payout of Income Distribution cum capital withdrawal option,12.0816
2026-03-23,114859,Kotak Debt Hybrid - Growth,57.5403
2026-03-23,114930,Mirae Asset Great Consumer Fund Regular IDCW,22.101
2026-03-23,114931,Mirae Asset Great Consumer Fund - Regular Plan - Growth option,78.884
2026-03-23,114984,Motilal Oswal Nasdaq 100 ETF (MOFN100),220.7912
2026-03-23,115068,Axis Dynamic Bond Fund - Regular Plan - Growth Option,30.4052
2026-03-23,115069,Axis Dynamic Bond Fund - Regular Plan - Quarterly IDCW,11.3402
2026-03-23,115077,CANARA ROBECO SHORT DURATION FUND - REGULAR PLAN - GROWTH OPTION,26.1875
2026-03-23,115078,CANARA ROBECO SHORT DURATION FUND - REGULAR PLAN - MONTHLY IDCW (Payout/Reinvestment),15.7107
2026-03-23,115079,CANARA ROBECO SHORT DURATION FUND - REGULAR PLAN - QUARTERLY IDCW (Payout/Reinvestment),15.4655
2026-03-23,115091,ICICI Prudential Ultra Short Term Fund - Quarterly IDCW,11.0611
2026-03-23,115092,ICICI Prudential Ultra Short Term Fund - Growth,28.8827
2026-03-23,115094,ICICI Prudential Ultra Short Term Fund - Monthly IDCW,10.6738
2026-03-23,115116,HSBC Brazil Fund-Growth,10.451
2026-03-23,115117,HSBC Brazil Fund - IDCW,10.451
2026-03-23,115127,Aditya Birla Sun Life Gold ETF,119.3293
2026-03-23,115131,Axis Dynamic Bond Fund - Regular Plan - Half Yearly IDCW,11.761
2026-03-23,115132,Quantum Gold Savings Fund - Direct Plan Growth Option,51.0466
2026-03-23,115270,Union Flexi Cap Fund - Growth Option,45.35
2026-03-23,115284,Invesco India Nifty 50 Exchange Traded Fund,2564.8169
2026-03-23,115290,Union Flexi Cap Fund - IDCW Option,28.64
2026-03-23,115294,ICICI Prudential Technology Fund - IDCW,50.66
2026-03-23,115398,Union Liquid Fund - Growth Option,2619.2168
2026-03-23,115399,Union Liquid Fund - Fortnightly IDCW Option,1002.7734
2026-03-23,115400,Union Liquid Fund - Monthly IDCW Option,1004.4019
2026-03-23,115401,Union Liquid Fund - Daily IDCW Option,1001.1995
2026-03-23,115402,Union Liquid Fund - Weekly IDCW Option,1002.3324
2026-03-23,115458,Invesco India Low Duration Fund - Discretionary IDCW (Payout / Reinvestment),4027.8128
2026-03-23,115464,Tata Treasury Advantage Fund Regular Plan - Periodic Payout of IDCW Option,2592.3765
2026-03-23,115483,UTI Low Duration Fund - Regular Plan - Quarterly IDCW,1414.7846
2026-03-23,115489,BANDHAN LIQUID Fund - Regular Plan - Periodic IDCW,1418.4515
2026-03-23,115505,ICICI Prudential Liquid Fund - IDCW Others,187.1897
2026-03-23,115510,ICICI Prudential Floating Interest Fund - IDCW Others,195.574
2026-03-23,115511,ICICI Prudential Savings Fund - IDCW Others,190.3858
2026-03-23,115512,Aditya Birla Sun Life Nifty 50 ETF,26.211
2026-03-23,115515,Invesco India Money Market Fund - Daily IDCW (Reinvestment),999.7722
2026-03-23,115676,SBI GOLD FUND REGULAR PLAN - GROWTH,38.8881
2026-03-23,115677,SBI Gold Fund - Regular Plan - Income Distribution cum Capital Withdrawal Option (IDCW),38.894
2026-03-23,115833,ICICI Prudential Gold ETF FOF - Growth,40.8422
2026-03-23,115834,ICICI Prudential Gold ETF FOF - IDCW,40.843
2026-03-23,115874,Bandhan Income Plus Arbitrage Active FOF - Regular Plan - Fortnightly IDCW,12.1478
2026-03-23,115897,Axis Gold Fund - Regular Plan - Growth Option,38.2958
2026-03-23,115898,Axis Gold Fund - Regular Plan - IDCW,38.3437
2026-03-23,115934,HDFC Gold ETF Fund of Fund - Growth Option,39.6486
2026-03-23,115942,Tata Retirement Savings Fund - Progressive Plan -Regular Plan-Growth Option,57.0088
2026-03-23,115943,Tata Retirement Savings Fund- Moderate Plan-Regular Plan-Growth Option,57.5369
2026-03-23,115944,Tata Retirement Savings Fund- Conservative Plan-Regular Plan-Growth Option,30.7087
2026-03-23,115991,Groww Liquid Fund (formerly known as Indiabulls Liquid Fund) - Regular Plan - Growth Option,2632.0485
2026-03-23,115992,Groww Liquid Fund (formerly known as Indiabulls Liquid Fund)- Regular Plan- - Income Distribution cum capital withdrawal Option (Reinvestment),1001.8931
2026-03-23,115993,Groww Liquid Fund (formerly known as Indiabulls Liquid Fund)- Regular Plan- Weekly - Income Distribution cum capital withdrawal Option (Payout & Reinvestment),1001.7855
2026-03-23,115994,Groww Liquid Fund (formerly known as Indiabulls Liquid) Fund- Regular Plan- Fortnightly - Income Distribution cum capital withdrawal Option (Payout & Reinvestment),1003.5514
2026-03-23,115995,Groww Liquid Fund (formerly known as Indiabulls Liquid Fund)- Regular Plan- Monthly - Income Distribution cum capital withdrawal Option (Payout & Reinvestment),1004.67
2026-03-23,116020,BANDHAN Low Duration Fund - Regular Plan - Periodic IDCW,13.3177
2026-03-23,116051,Union ELSS Tax Saver Fund - Growth Option,57.66
2026-03-23,116052,Union ELSS Tax Saver Fund - IDCW Option,32.24
2026-03-23,116075,Invesco India Gold ETF Fund of Fund - Regular Plan - IDCW (Payout / Reinvestment),37.1222
2026-03-23,116077,Invesco India Gold ETF Fund of Fund - Regular Plan - Growth,37.1181
2026-03-23,116109,Invesco India Corporate Bond Fund - Regular Plan - Discretionary IDCW (Payout / Reinvestment),3436.9972
2026-03-23,116110,Invesco India Short Duration Fund- Regular Plan - Discretionary IDCW (Payout / Reinvestment),2745.2234
2026-03-23,116174,ICICI Prudential Banking and PSU Debt Fund - Quarterly IDCW,10.91
2026-03-23,116413,BANDHAN Low Duration Fund - Regular Plan - Quarterly IDCW,11.2154
2026-03-23,116470,Axis Gilt Fund - Regular Plan - Regular IDCW,9.9286
2026-03-23,116471,Axis Gilt Fund - Regular Plan - Growth Option,25.7878
2026-03-23,116472,Axis Gilt Fund - Regular Plan - Half Yearly IDCW,11.7724
2026-03-23,116484,PGIM India Dynamic Bond Fund - Dividend Option - Quarterly,1065.3059
2026-03-23,116485,PGIM India Dynamic Bond Fund - Growth Option,2648.8847
2026-03-23,116488,Invesco India Money Market Fund - Regular Plan - Daily IDCW (Reinvestment),1007.97
2026-03-23,116547,Groww Largecap Fund (formerly known as Indiabulls Blue Chip Fund) - Regular Plan- Growth Option,38.89
2026-03-23,116548,Groww Largecap Fund (formerly known as Indiabulls Bluechip Fund)- Regular Plan- - Income Distribution cum capital withdrawal Option (Payout & Reinvestment),21.91
2026-03-23,116555,Union Dynamic Bond Fund - Growth Option,22.9006
2026-03-23,116556,Union Dynamic Bond Fund - IDCW Option,15.2678
2026-03-23,116632,Franklin U.S. Opportunities Equity Active Fund of Funds - IDCW,78.3092
2026-03-23,116633,Franklin U.S. Opportunities Equity Active Fund of Funds - Growth,78.3092
2026-03-23,116653,Invesco India Money Market Fund - Discretionary IDCW (Payout / Reinvestment),3177.6685
2026-03-23,116795,Aditya Birla Sun Life Gold Fund-REGULAR - IDCW,38.788
2026-03-23,116796,Aditya Birla Sun Life Gold Fund-Growth,38.79
2026-03-23,116894,Axis Strategic Bond Fund - Regular Plan - Growth Option,29.1075
2026-03-23,116895,Axis Strategic Bond Fund - Regular Plan - Quarterly IDCW,10.2093
2026-03-23,116896,Axis Strategic Bond Fund - Regular Plan - Half Yearly IDCW,10.6439
2026-03-23,117061,DSP Credit Risk Fund - Regular Plan - IDCW - Monthly,11.206
2026-03-23,117062,DSP Credit Risk Fund - Regular Plan - IDCW - Quarterly,11.3298
2026-03-23,117063,DSP Ultra Short Fund - Regular Plan - IDCW - Monthly,1078.5778
2026-03-23,117312,Taurus Banking & Financial Services Fund - Regular Plan - Growth,48.43
2026-03-23,117313,Taurus Banking & Financial Services Fund - Regular Plan - Payout of Income Distribution cum Capital Withdrawal option,43.35
2026-03-23,117446,Axis Banking & PSU Debt Fund - Regular Plan - Growth option,2721.1576
2026-03-23,117447,Axis Banking & PSU Debt Fund - Regular Plan - Daily IDCW,1035.4427
2026-03-23,117448,Axis Banking & PSU Debt Fund - Regular Plan - Weekly IDCW,1034.5434
2026-03-23,117449,Axis Banking & PSU Debt Fund - Regular Plan - Monthly IDCW,1030.0974
2026-03-23,117547,Baroda BNP Paribas Banking and Financial Services Fund - Regular - IDCW Option,19.5381
2026-03-23,117549,Baroda BNP Paribas Banking and Financial Services Fund - Regular - Growth Option,43.4893
2026-03-23,117559,Axis Focused Fund - Regular Plan - IDCW,15.64
2026-03-23,117560,Axis Focused Fund - Regular Plan - Growth Option,47.43
2026-03-23,117608,Quantum Multi Asset Active FOF - Direct Plan Growth Option,35.0015
2026-03-23,117619,ICICI Prudential US Bluechip Equity Fund - IDCW,71.16
2026-03-23,117620,ICICI Prudential US Bluechip Equity Fund - Growth,71.16
2026-03-23,117691,DSP US Specific Equity Omni FoF - Regular Plan - Growth Option,79.223
2026-03-23,117692,DSP US Specific Equity Omni FoF - Regular Plan - IDCW,35.8236
2026-03-23,117715,Kotak Credit Risk Fund - Regular Plan - Standard Income Distribution cum capital withdrawal option,13.389
2026-03-23,117716,Kotak Credit Risk Fund - Growth,30.7874
2026-03-23,117867,Bandhan Income Plus Arbitrage Active FOF - Regular Plan - Weekly IDCW,12.3725
2026-03-23,117868,Bandhan Income Plus Arbitrage Active FOF - Regular Plan - Daily IDCW,12.3681
2026-03-23,117973,Invesco India Short Duration Fund - Regular Plan - Daily IDCW (Reinvestment),1033.7186
2026-03-23,117974,NIPPON INDIA DYNAMIC BOND FUND - QUARTERLY IDCW Option,10.2496
2026-03-23,117981,UTI Credit Risk Fund  - Regular Plan - Growth Option,17.747
2026-03-23,117982,UTI Credit Risk Fund - Regular Plan - Quarterly IDCW,12.606
2026-03-23,117995,DSP Ultra Short Fund - Regular Plan - IDCW - Payout,1128.3096
2026-03-23,117998,Kotak Dynamic Bond Fund Regular Plan - Standard Income Distribution cum capital withdrawal option,14.3304
2026-03-23,118211,SBI Credit Risk Fund - Regular Plan - Daily Income Distribution cum Capital Withdrawal Option (IDCW),15.7505
2026-03-23,118232,Invesco India Banking and PSU Fund - Regular Plan - Growth Option,2331.9848
2026-03-23,118233,Invesco India Banking and PSU Fund - Regular Plan - Monthly IDCW (Payout / Reinvestment),1056.3733
2026-03-23,118234,Invesco India Banking and PSU Fund - Regular Plan - Daily IDCW (Reinvestment),1045.7977
2026-03-23,118267,CANARA ROBECO INFRASTRUCTURE FUND - DIRECT PLAN - GROWTH OPTION,172.26
2026-03-23,118268,CANARA ROBECO INFRASTRUCTURE FUND - DIRECT PLAN - IDCW (Payout/Reinvestment),82.25
2026-03-23,118269,CANARA ROBECO LARGE CAP FUND - DIRECT PLAN - GROWTH OPTION,65.27
2026-03-23,118270,CANARA ROBECO LARGE CAP FUND - DIRECT PLAN - IDCW (Payout/Reinvestment),47.57
2026-03-23,118271,CANARA ROBECO EQUITY HYBRID FUND - DIRECT PLAN - MONTHLY IDCW (Payout/Reinvestment),121.38
2026-03-23,118272,CANARA ROBECO EQUITY HYBRID FUND - DIRECT PLAN - GROWTH OPTION,381.89
2026-03-23,118273,CANARA ROBECO CONSUMPTION FUND - DIRECT PLAN - GROWTH OPTION,107.9
2026-03-23,118274,CANARA ROBECO CONSUMPTION FUND - DIRECT PLAN - IDCW (Payout/Reinvestment),73.63
2026-03-23,118275,CANARA ROBECO FLEXICAP FUND - DIRECT PLAN - GROWTH OPTION,342.57
2026-03-23,118276,CANARA ROBECO FLEXICAP FUND - DIRECT PLAN - IDCW (Payout/Reinvestment),80.86
2026-03-23,118277,CANARA ROBECO LARGE AND MID CAP FUND - DIRECT PLAN - IDCW (Payout/Reinvestment),109.8
2026-03-23,118278,CANARA ROBECO LARGE AND MID CAP FUND - DIRECT PLAN - GROWTH OPTION,254.43
2026-03-23,118281,CANARA ROBECO INCOME FUND - DIRECT PLAN - QUARTERLY IDCW (Payout/Reinvestment),16.9314
2026-03-23,118282,CANARA ROBECO INCOME FUND - DIRECT PLAN - GROWTH OPTION,63.1807
2026-03-23,118283,CANARA ROBECO DYNAMIC BOND FUND - DIRECT PLAN - IDCW (Payout/Reinvestment),15.0867
2026-03-23,118284,CANARA ROBECO DYNAMIC BOND FUND - DIRECT PLAN - GROWTH OPTION,32.5969
2026-03-23,118285,CANARA ROBECO ELSS TAX SAVER - DIRECT PLAN - GROWTH OPTION,178.88
2026-03-23,118286,CANARA ROBECO ELSS TAX SAVER - DIRECT PLAN - IDCW (Payout),69.35
2026-03-23,118291,CANARA ROBECO SAVINGS FUND - DIRECT PLAN - GROWTH OPTION,45.1752
2026-03-23,118292,CANARA ROBECO SAVINGS FUND - DIRECT PLAN - IDCW (Payout/Reinvestment),40.3583
2026-03-23,118293,CANARA ROBECO SAVINGS FUND - DIRECT PLAN - DAILY IDCW (Reinvestment),10.2532
2026-03-23,118294,CANARA ROBECO SAVINGS FUND - DIRECT PLAN - WEEKLY IDCW (Payout/Reinvestment),10.2545
2026-03-23,118295,CANARA ROBECO SAVINGS FUND - DIRECT PLAN - MONTHLY IDCW (Payout/Reinvestment),10.2774
2026-03-23,118298,CANARA ROBECO GILT FUND - DIRECT PLAN - IDCW (Payout/Reinvestment),16.2748
2026-03-23,118299,CANARA ROBECO GILT FUND - DIRECT PLAN - GROWTH OPTION,81.6002
2026-03-23,118304,CANARA ROBECO LIQUID FUND - DIRECT PLAN - IDCW (Payout/Reinvestment),2359.4381
2026-03-23,118305,CANARA ROBECO LIQUID FUND - DIRECT PLAN - GROWTH OPTION,3297.0138
2026-03-23,118306,CANARA ROBECO LIQUID FUND - DIRECT PLAN - MONTHLY IDCW (Payout/Reinvestment),1004.1346
2026-03-23,118307,CANARA ROBECO LIQUID FUND - DIRECT PLAN - DAILY IDCW (Reinvestment),1005.4885
2026-03-23,118308,CANARA ROBECO LIQUID FUND - DIRECT PLAN - WEEKLY IDCW (Payout/Reinvestment),1000.719
2026-03-23,118309,CANARA ROBECO CONSERVATIVE HYBRID FUND - DIRECT PLAN - GROWTH OPTION,109.1947
2026-03-23,118310,CANARA ROBECO CONSERVATIVE HYBRID FUND - DIRECT PLAN - QUARTERLY IDCW (Payout/Reinvestment),15.8409
2026-03-23,118311,CANARA ROBECO CONSERVATIVE HYBRID FUND - DIRECT PLAN - MONTHLY IDCW (Payout/Reinvestment),15.6341
2026-03-23,118315,CANARA ROBECO ULTRA SHORT TERM FUND - DIRECT PLAN - DAILY IDCW (Reinvestment),1240.5097
2026-03-23,118316,CANARA ROBECO ULTRA SHORT TERM FUND - DIRECT PLAN - WEEKLY IDCW (Payout/Reinvestment),1240.7174
2026-03-23,118317,CANARA ROBECO ULTRA SHORT TERM FUND - DIRECT PLAN - GROWTH OPTION,4213.3927
2026-03-23,118318,CANARA ROBECO ULTRA SHORT TERM FUND - DIRECT PLAN - MONTHLY IDCW (Payout/Reinvestment),1003.0923
2026-03-23,118319,CANARA ROBECO ULTRA SHORT TERM FUND - DIRECT PLAN - IDCW (Payout/Reinvestment),2411.3885
2026-03-23,118320,CANARA ROBECO SHORT DURATION FUND - DIRECT PLAN - GROWTH OPTION,28.7003
2026-03-23,118321,CANARA ROBECO SHORT DURATION FUND - DIRECT PLAN - MONTHLY IDCW (Payout/Reinvestment),18.2835
2026-03-23,118322,CANARA ROBECO SHORT DURATION FUND - DIRECT PLAN - QUARTERLY IDCW (Payout/Reinvestment),17.2736
2026-03-23,118363,BANDHAN LIQUID Fund -Direct Plan-Periodic IDCW,1337.8106
2026-03-23,118364,BANDHAN LIQUID Fund -Direct Plan-Growth,3320.7372
2026-03-23,118365,BANDHAN LIQUID Fund -Direct Plan -Monthly IDCW,1010.6953
2026-03-23,118366,BANDHAN LIQUID Fund -Direct Plan-Daily IDCW,1001.6115
2026-03-23,118367,BANDHAN LIQUID Fund -Direct Plan -Weekly IDCW,1007.4394
2026-03-23,118368,BANDHAN Low Duration Fund-Direct Plan-Daily IDCW,10.1059
2026-03-23,118369,BANDHAN Low Duration Fund-Direct Plan-Quarterly IDCW,11.1612
2026-03-23,118370,BANDHAN Low Duration Fund-Direct Plan-Periodic IDCW,13.4882
2026-03-23,118371,BANDHAN Low Duration Fund-Direct Plan-Growth,41.1762
2026-03-23,118372,BANDHAN Low Duration Fund-Direct Plan-Monthly IDCW,10.1298
2026-03-23,118373,BANDHAN Low Duration Fund-Direct Plan-Weekly IDCW,10.0915
2026-03-23,118383,Bandhan Money Market Fund -Direct Plan-Daily IDCW,10.0953
2026-03-23,118384,Bandhan Money Market Fund -Direct Plan-Growth,45.6353
2026-03-23,118385,Bandhan Money Market Fund -Direct Plan-Monthly IDCW,10.2089
2026-03-23,118386,Bandhan Money Market Fund -Direct Plan-Weekly IDCW,10.094
2026-03-23,118387,Bandhan Gilt Fund with 10 year constant duration Fund - Direct Plan - Growth,47.7484
2026-03-23,118388,Bandhan Gilt Fund with 10 year constant duration Fund - Direct Plan - Quarterly IDCW,11.8686
2026-03-23,118389,Bandhan Gilt Fund with 10 year constant duration Fund - Direct Plan - Weekly IDCW,17.7881
2026-03-23,118390,Bandhan Gilt Fund with 10 year constant duration Fund - Direct Plan - Monthly IDCW,10.3772
2026-03-23,118393,Bandhan Medium to Long Duration Fund - Direct Plan - Annual IDCW,16.3451
2026-03-23,118394,Bandhan Medium to Long Duration Fund - Direct Plan - Growth,72.0553
2026-03-23,118395,Bandhan Medium to Long Duration Fund - Direct Plan - Half Yearly IDCW,12.8802
2026-03-23,118396,Bandhan Medium to Long Duration Fund - Direct Plan - Quarterly IDCW,12.6825
2026-03-23,118399,Bandhan Medium Duration Fund - Direct Plan - Bi Monthly IDCW,10.6431
2026-03-23,118400,Bandhan Medium Duration Fund - Direct Plan - Daily IDCW,10.4133
2026-03-23,118401,Bandhan Medium Duration Fund - Direct Plan - Growth,51.4137
2026-03-23,118402,Bandhan Medium Duration Fund - Direct Plan - Monthly IDCW,10.4549
2026-03-23,118403,Bandhan Medium Duration Fund - Direct Plan - Quarterly IDCW,11.371
2026-03-23,118405,Bandhan Short Duration Fund - Direct Plan - Fortnightly IDCW,10.367
2026-03-23,118406,Bandhan Short Duration Fund - Direct Plan - Monthly IDCW,10.3703
2026-03-23,118407,Bandhan Short Duration Fund - Direct Plan - Growth,63.5323
2026-03-23,118408,Bandhan Income Plus Arbitrage Active FOF - Direct Plan - Annual IDCW,15.625
2026-03-23,118409,Bandhan Income Plus Arbitrage Active FOF - Direct Plan - Daily IDCW,12.436
2026-03-23,118410,Bandhan Income Plus Arbitrage Active FOF - Direct Plan - Growth,47.7878
2026-03-23,118411,Bandhan Income Plus Arbitrage Active FOF - Direct Plan - Half Yearly IDCW,15.9534
2026-03-23,118412,Bandhan Income Plus Arbitrage Active FOF - Direct Plan - Weekly IDCW,12.4377
2026-03-23,118413,Bandhan Income Plus Arbitrage Active FOF - Direct Plan - Quarterly IDCW,12.9793
2026-03-23,118414,Bandhan Income Plus Arbitrage Active FOF - Direct Plan - Fortnightly IDCW,12.3867
2026-03-23,118415,BANDHAN Dynamic Bond Fund-Direct Plan-Annual IDCW,11.9315
2026-03-23,118416,BANDHAN Dynamic Bond Fund-Direct Plan-Growth,38.3532
2026-03-23,118417,BANDHAN Dynamic Bond Fund-Direct Plan-IDCW,16.4661
2026-03-23,118418,BANDHAN Dynamic Bond Fund-Direct Plan-Quarterly IDCW,13.5119
2026-03-23,118419,Bandhan Large & Mid Cap Fund - Direct Plan - Growth,144.542
2026-03-23,118420,Bandhan Large & Mid Cap Fund - Direct Plan - IDCW,32.155
2026-03-23,118421,Bandhan Focused Fund - Direct Plan - Growth,92.456
2026-03-23,118422,Bandhan Focused Fund - Direct Plan - IDCW,31.573
2026-03-23,118423,BANDHAN Flexi Cap Fund-Direct Plan-IDCW,49.096
2026-03-23,118424,BANDHAN Flexi Cap Fund-Direct Plan-Growth,206.346
2026-03-23,118462,Franklin India Large Cap Fund - Direct - IDCW,45.616
2026-03-23,118463,Bandhan Gilt Fund - Direct Plan - IDCW,14.9886
2026-03-23,118464,Bandhan Gilt Fund - Direct Plan - Growth,38.8742
2026-03-23,118465,Bandhan Gilt Fund - Direct Plan - Half Yearly IDCW,12.3685
2026-03-23,118466,Bandhan Gilt Fund - Direct Plan - Quarterly IDCW,11.5715
2026-03-23,118467,Bandhan Gilt Fund - Direct Plan - Annual IDCW,12.4899
2026-03-23,118468,BANDHAN Infrastructure Fund-Direct Plan-IDCW,41.144
2026-03-23,118469,BANDHAN Infrastructure Fund-Direct Plan-Growth,49.559
2026-03-23,118472,BANDHAN ELSS Tax Saver Fund - Direct Plan - IDCW,39.668
2026-03-23,118473,BANDHAN ELSS Tax Saver Fund - Direct Plan - Growth,160.629
2026-03-23,118474,BANDHAN Arbitrage Fund-Direct Plan- Growth,36.746
2026-03-23,118475,BANDHAN Arbitrage Fund-Direct Plan-Monthly IDCW,10.6395
2026-03-23,118476,BANDHAN Equity Savings Fund-Direct Plan-Monthly IDCW,11.36
2026-03-23,118477,BANDHAN Equity Savings Fund-Direct Plan-Growth,34.953
2026-03-23,118478,BANDHAN Large Cap Fund-Direct Plan-IDCW,27.212
2026-03-23,118479,BANDHAN Large Cap Fund-Direct Plan-Growth,81.031
2026-03-23,118480,Bandhan Value Fund - Direct Plan - IDCW,46.979
2026-03-23,118481,Bandhan Value Fund - Direct Plan - Growth,152.396
2026-03-23,118482,BANDHAN Nifty 50 Index Fund-Direct Plan-Growth,50.0818
2026-03-23,118483,BANDHAN Nifty 50 Index Fund-Direct Plan-IDCW,45.5188
2026-03-23,118484,Bandhan Aggressive Hybrid Passive FOF - Direct Plan - IDCW,32.2891
2026-03-23,118485,Bandhan Aggressive Hybrid Passive FOF - Direct Plan - Growth,46.8994
2026-03-23,118486,Bandhan Conservative Hybrid Passive FOF - Direct Plan - Growth,36.2953
2026-03-23,118487,Bandhan Conservative Hybrid Passive FOF - Direct Plan - IDCW,18.2636
2026-03-23,118488,Bandhan Multi-Asset Passive FOF - Direct Plan - IDCW,21.8815
2026-03-23,118489,Bandhan Multi-Asset Passive FOF - Direct Plan - Growth,42.7227
2026-03-23,118490,BANDHAN Conservative Hybrid Fund-Direct Plan-IDCW,12.9497
2026-03-23,118491,BANDHAN Conservative Hybrid Fund-Direct Plan-Growth,35.6689
2026-03-23,118492,BANDHAN Conservative Hybrid Fund-Direct Plan-Quarterly IDCW,16.0632
2026-03-23,118493,Templeton India Value Fund - Direct - IDCW,99.5651
2026-03-23,118494,Templeton India Value Fund - Direct - Growth,734.0397
2026-03-23,118497,Franklin India Government Securities Fund - Direct - IDCW,11.7034
2026-03-23,118498,Franklin India Government Securities Fund - Direct - Growth,65.5835
2026-03-23,118505,Franklin India Money Market Fund Retail Option - Direct - Quarterly - IDCW,11.5791
2026-03-23,118506,Franklin India Money Market Fund - Direct - Growth,54.1554
2026-03-23,118507,Franklin India Floating Rate Fund - Direct - IDCW,10.1124
2026-03-23,118508,Franklin India Floating Rate Fund - Direct - Growth,46.7171
2026-03-23,118509,Franklin India Large & Mid cap Fund - Direct - IDCW,20.1781
2026-03-23,118510,Franklin India Large & Mid Cap Fund - Direct - Growth,186.4458
2026-03-23,118524,Franklin India Small Cap Fund - Direct - IDCW,43.0088
2026-03-23,118525,Franklin India Small Cap Fund - Direct - Growth,165.4829
2026-03-23,118526,Franklin India Dividend Yield Fund - Direct - IDCW,25.0828
2026-03-23,118527,Franklin India Dividend Yield Fund - Direct - Growth,140.0937
2026-03-23,118531,Franklin India Large Cap Fund- Direct - Growth,1037.4059
2026-03-23,118532,Franklin India Mid Cap Fund - Direct - IDCW,98.5707
2026-03-23,118533,Franklin India Mid Cap Fund - Direct - Growth,2713.7403
2026-03-23,118534,Franklin India Flexi Cap Fund - Direct - IDCW,62.9065
2026-03-23,118535,Franklin India Flexi Cap Fund - Direct - Growth,1626.886
2026-03-23,118536,Franklin India Technology Fund - Direct - IDCW,41.607
2026-03-23,118537,Franklin India Technology Fund - Direct - Growth,477.4392
2026-03-23,118538,Franklin INDIA OPPORTUNITIES FUND - Direct - IDCW,36.3445
2026-03-23,118539,Franklin India Opportunities Fund - Direct - Growth,249.2161
2026-03-23,118540,Franklin India ELSS Tax Saver Fund - Direct - Growth,1455.5779
2026-03-23,118541,Franklin India ELSS Tax Saver Fund - Direct - IDCW,63.7392
2026-03-23,118542,Franklin India Dynamic Asset Allocation Active Fund of funds - Direct - IDCW,46.5254
2026-03-23,118543,Franklin India Dynamic Asset Allocation Active Fund Of Funds - Direct - Growth,177.2923
2026-03-23,118546,Franklin India Aggressive Hybrid Fund - Direct - Growth,285.7289
2026-03-23,118547,Franklin India Aggressive Hybrid Fund - Direct - IDCW,31.8423
2026-03-23,118548,Franklin India Retirement Fund - Direct - Growth,231.1584
2026-03-23,118549,Franklin India Retirement Fund - Direct - IDCW,17.585
2026-03-23,118550,Franklin U.S. Opportunities Equity Active Fund of Funds - Direct - IDCW,89.0503
2026-03-23,118551,Franklin U.S. Opportunities Equity Active Fund of Funds - Direct - Growth,89.0503
2026-03-23,118556,Franklin Build India Fund - Direct - IDCW,45.8431
2026-03-23,118557,Franklin Build India Fund - Direct - Growth,153.3559
2026-03-23,118558,Franklin Asian Equity Fund - Direct - IDCW,18.1089
2026-03-23,118559,Franklin Asian Equity Fund - Direct - Growth,39.5487
2026-03-23,118563,Franklin India Focused Equity Fund - Direct - IDCW,37.4186
2026-03-23,118564,Franklin India Focused Equity Fund - Direct - Growth,107.3339
2026-03-23,118569,Franklin India Corporate Debt Fund - Direct - GROWTH,112.5793
2026-03-23,118570,Franklin India Corporate Debt Fund - Plan A - Direct - Annual - IDCW,18.5272
2026-03-23,118571,Franklin India Corporate Debt Fund - Plan A - Direct - Monthly - IDCW,16.934
2026-03-23,118572,Franklin India Corporate Debt Fund - Plan A - Direct - Quarterly - IDCW,13.522
2026-03-23,118573,Franklin India Corporate Debt Fund - Plan A - Direct - Half yearly - IDCW,14.5257
2026-03-23,118574,Franklin India Conservative Hybrid Fund - Direct - GROWTH,98.4209
2026-03-23,118575,Franklin India Conservative Hybrid Fund - Plan A - Direct - Monthly - IDCW,14.1067
2026-03-23,118576,Franklin India Conservative Hybrid Fund - Plan A - Direct - Quarterly - IDCW,13.2122
2026-03-23,118577,Franklin India Liquid Fund - Super Institutional - Direct - Growth,4133.4438
2026-03-23,118578,Franklin India Liquid Fund - Super Institutional Plan - Direct - Daily - IDCW,1002.1637
2026-03-23,118579,Franklin India Liquid Fund - Super Institutional Plan - Direct - Weekly - IDCW,1021.3547
2026-03-23,118580,Franklin India INDEX FUND- NSE Nifty 50 Index Fund - Direct - IDCW,174.2043
2026-03-23,118581,Franklin India INDEX FUND- NSE NIFTY 50 INDEX FUND- Direct - Growth,191.3808
2026-03-23,118585,Nippon India Arbitrage Fund - Direct Plan Growth Plan - Growth Option,30.0444
2026-03-23,118587,NIPPON INDIA ARBITRAGE FUND - DIRECT Plan - IDCW Option,18.499
2026-03-23,118588,Nippon India Banking & Financial Services Fund - Direct Plan Growth Plan - Bonus Option,630.4941
2026-03-23,118589,Nippon India Banking & Financial Services Fund - Direct Plan Growth Plan - Growth Option,630.4941
2026-03-23,118591,Nippon India Banking & Financial Services Fund- DIRECT Plan - IDCW Option,91.5762
2026-03-23,118614,Edelweiss Balanced Advantage Fund - Direct Plan - Quarterly - IDCW Option,27.18
2026-03-23,118615,Edelweiss Balanced Advantage Fund -Direct Plan-Growth Option,55.82
2026-03-23,118616,Edelweiss Large Cap Fund - Direct Plan - IDCW Option,35.9
2026-03-23,118617,Edelweiss Large Cap Fund - Direct Plan-Growth option,88.16
2026-03-23,118619,Edelweiss ELSS Tax Saver Fund - Direct Plan - IDCW Option,40.94
2026-03-23,118620,Edelweiss ELSS Tax Saver Fund - Direct Plan-Growth Option,121.06
2026-03-23,118624,Edelweiss Aggressive Hybrid Fund-Direct Plan-Growth Option,68.44
2026-03-23,118625,Edelweiss Aggressive Hybrid Fund  - Direct Plan - IDCW Option,30.48
2026-03-23,118632,Nippon India Large Cap Fund - Direct Plan Growth Plan - Growth Option,92.1523
2026-03-23,118633,Nippon India Large Cap Fund - Direct Plan Growth Plan - Bonus Option,92.1523
2026-03-23,118634,NIPPON INDIA LARGE CAP FUND - DIRECT Plan - IDCW Option,36.6524
2026-03-23,118650,Nippon India Multi Cap Fund - Direct Plan Growth Plan - Growth Option,294.7243
2026-03-23,118651,Nippon India Multi Cap Fund - Direct Plan Growth Plan - Bonus Option,294.7243
2026-03-23,118652,NIPPON INDIA MULTI CAP FUND - DIRECT Plan - IDCW Option,76.2598
2026-03-23,118654,NIPPON INDIA FLOATER FUND - DIRECT Plan - DAILY IDCW Option,10.2587
2026-03-23,118655,NIPPON INDIA FLOATER FUND - DIRECT Plan - MONTHLY IDCW Option,11.3113
2026-03-23,118656,Nippon India Floater Fund  - Direct Plan Growth Plan - Growth Option,49.4512
2026-03-23,118660,NIPPON INDIA FLOATER  FUND - DIRECT Plan - WEEKLY IDCW Option,10.2492
2026-03-23,118661,NIPPON INDIA FLOATER FUND - DIRECT Plan - QUARTERLY IDCW Option,10.8361
2026-03-23,118662,NIPPON INDIA GOLD SAVINGS FUND - Direct Plan - IDCW Option,53.3757
2026-03-23,118663,Nippon India Gold Savings Fund - Direct Plan Growth Plan - Growth Option,53.3757
2026-03-23,118665,Nippon India Growth Mid Cap Fund - Direct Plan Growth Plan - Bonus Option,700.4063
2026-03-23,118666,NIPPON INDIA GROWTH MID CAP FUND - DIRECT Plan - IDCW Option,163.5254
2026-03-23,118668,Nippon India Growth Mid Cap Fund - Direct Plan Growth Plan - Growth Option,4215.8756
2026-03-23,118669,Nippon India Gilt  Fund - Direct Plan - P F Option - Automatic Capital Appreciation Payout Option,42.6551
2026-03-23,118670,NIPPON INDIA GILT  FUND - Direct Plan - MONTHLY IDCW Option,11.4677
2026-03-23,118672,Nippon India Gilt  Fund - Direct Plan Growth Plan - Growth Option,42.7659
2026-03-23,118673,Nippon India Gilt  Fund - Direct Plan - P F Option - Defined Maturity Date Option,42.8815
2026-03-23,118674,Nippon India Gilt Fund - Direct Plan - P F Option - Automatic Annual Reinvest Option,23.1478
2026-03-23,118675,Nippon India Vision Large & Mid Cap Fund - Direct Plan Growth Plan - Bonus Option,241.552
2026-03-23,118676,NIPPON INDIA VISION LARGE & MID CAP  FUND - DIRECT Plan - IDCW Option,62.4217
2026-03-23,118678,Nippon India Vision Large & Mid Cap Fund - Direct Plan Growth Plan - Growth Option,1424.7391
2026-03-23,118679,Nippon India Medium to Long Duration  Fund - Direct Plan Growth Plan-Bonus Option,29.0654
2026-03-23,118680,NIPPON INDIA MEDIUM TO LONG DURATION  FUND - Direct Plan - ANNUAL IDCW Option,13.9256
2026-03-23,118681,NIPPON INDIA MEDIUM TO LONG DURATION  FUND - Direct Plan - HALF YEARLY IDCW Option,13.3544
2026-03-23,118683,NIPPON INDIA MEDIUM TO LONG DURATION  FUND - Direct Plan - MONTHLY IDCW Option,11.413
2026-03-23,118684,NIPPON INDIA MEDIUM TO LONG DURATION FUND - Direct Plan - QUARTERLY IDCW Option,13.7938
2026-03-23,118687,Nippon India Medium to Long Duration Fund - Direct Plan Growth Plan - Growth Option,101.713
2026-03-23,118689,NIPPON INDIA QUARTERLY INTERVAL FUND - SERIES II - Direct Plan - IDCW Option,13.1841
2026-03-23,118691,Nippon India Quarterly Interval Fund - Series II - Direct Plan Growth Plan - Growth,38.0464
2026-03-23,118692,Nippon India Focused Fund - Direct Plan Growth Plan - Growth Option,120.309
2026-03-23,118693,NIPPON INDIA FOCUSED  FUND - DIRECT Plan - IDCW Option,40.115
2026-03-23,118695,NIPPON INDIA LIQUID FUND - DIRECT Plan - DAILY IDCW OPTION,1528.702
2026-03-23,118696,NIPPON INDIA LIQUID FUND - DIRECT Plan - MONTHLY IDCW OPTION,1593.1278
2026-03-23,118698,NIPPON INDIA LIQUID FUND - DIRECT Plan - QUARTERLY IDCW OPTION,1003.81
2026-03-23,118700,NIPPON INDIA LIQUID FUND - DIRECT Plan - WEEKLY IDCW OPTION,1531.3299
2026-03-23,118701,Nippon India Liquid Fund - Direct Plan Growth Plan - Growth Option,6731.7866
2026-03-23,118702,Nippon India Low Duration Fund - Direct Plan Growth Plan - Bonus Option,2409.1017
2026-03-23,118703,NIPPON INDIA LOW DURATION FUND - DIRECT Plan - DAILY IDCW Option,1011.5231
2026-03-23,118704,NIPPON INDIA LOW DURATION FUND - DIRECT Plan - MONTHLY IDCW Option,1038.179
2026-03-23,118705,NIPPON INDIA LOW DURATION FUND - DIRECT Plan - QUARTERLY IDCW Option,1016.4073
2026-03-23,118706,NIPPON INDIA LOW DURATION FUND - DIRECT Plan - WEEKLY IDCW Option,1012.0505
2026-03-23,118709,Nippon India Low Duration Fund - Direct Plan Growth Plan - Growth Option,4147.2161
2026-03-23,118715,Nippon India Money Market Fund - Direct Plan Growth Plan - Bonus Option,2582.3502
2026-03-23,118716,NIPPON INDIA MONEY MARKET FUND - DIRECT Plan - QUARTERLY IDCW Option,1011.508
2026-03-23,118717,NIPPON INDIA MONEY MARKET FUND - DIRECT Plan - WEEKLY IDCW Option,1006.1742
2026-03-23,118718,NIPPON INDIA MONEY MARKET FUND - DIRECT Plan - DAILY IDCW Option,1005.6079
2026-03-23,118719,Nippon India Money Market Fund - Direct Plan Growth Plan - Growth Option,4391.6033
2026-03-23,118720,NIPPON INDIA MONEY MARKET FUND - DIRECT Plan - MONTHLY IDCW Option,1024.0873
2026-03-23,118722,Nippon India Consumption Fund - Direct Plan Growth Plan - Bonus,188.1927
2026-03-23,118724,Nippon India Consumption Fund - Direct Plan Growth Plan - Growth Option,188.1927
2026-03-23,118725,NIPPON INDIA CONSUMPTION FUND - DIRECT Plan - IDCW Option,46.0948
2026-03-23,118726,Nippon India Conservative Hybrid  Fund - Direct Plan Growth Plan - Growth Option,66.1425
2026-03-23,118727,NIPPON INDIA CONSERVATIVE HYBRID  FUND - DIRECT Plan - MONTHLY IDCW Option,11.4763
2026-03-23,118729,NIPPON INDIA CONSERVATIVE HYBRID  FUND - DIRECT Plan - QUARTERLY IDCW Option,12.7292
2026-03-23,118736,Nippon India Balanced Advantage Fund - Direct Plan Growth Plan - Growth Option,193.0973
2026-03-23,118738,NIPPON INDIA BALANCED ADVANTAGE FUND - DIRECT Plan - IDCW Option,43.1104
2026-03-23,118740,NIPPON INDIA INDEX FUND - NIFTY 50 PLAN - DIRECT Plan - QUARTERLY - IDCW Option,32.8817
2026-03-23,118741,Nippon India Index Fund - Nifty 50 Plan - Direct Plan Growth Plan - Growth Option,41.2801
2026-03-23,118742,Nippon India Index Fund - Nifty 50 Plan - Direct Plan Growth Plan - Bonus Option,41.2801
2026-03-23,118743,NIPPON INDIA INDEX FUND - NIFTY 50 PLAN - DIRECT Plan - ANNUAL - IDCW Option,32.9365
2026-03-23,118745,NIPPON INDIA INDEX FUND - NIFTY 50 PLAN - DIRECT Plan - HALF YEARLY - IDCW Option,32.8891
2026-03-23,118747,Nippon India Dynamic Bond Fund - Direct Plan Growth Plan - Growth Option,41.3944
2026-03-23,118749,NIPPON INDIA DYNAMIC BOND FUND - Direct Plan - QUARTERLY IDCW Option,10.3469
2026-03-23,118750,NIPPON INDIA DYNAMIC BOND FUND - Direct Plan - IDCW Option,29.9065
2026-03-23,118756,NIPPON INDIA PHARMA FUND - DIRECT Plan - IDCW Option,149.3454
2026-03-23,118758,Nippon India Pharma Fund - Direct Plan Growth Plan - Bonus Option,545.6965
2026-03-23,118759,Nippon India Pharma Fund - Direct Plan Growth Plan - Growth Option,545.6965
2026-03-23,118760,NIPPON INDIA POWER & INFRA FUND - DIRECT Plan - IDCW Option,64.9374
2026-03-23,118762,Nippon India Power & Infra Fund - Direct Plan Growth Plan - Bonus Option,354.264
2026-03-23,118763,Nippon India Power & Infra Fund - Direct Plan Growth Plan - Growth Option,354.264
2026-03-23,118767,NIPPON INDIA QUANT FUND - DIRECT Plan - IDCW Option,41.5596
2026-03-23,118769,Nippon India Quant Fund - Direct Plan Growth Plan - Growth Option,72.4473
2026-03-23,118770,Nippon India Quant Fund - Direct Plan Growth Plan - Bonus Option,72.4473
2026-03-23,118775,NIPPON INDIA SMALL CAP FUND - Direct Plan - IDCW Option,87.9135
2026-03-23,118777,Nippon India Small Cap Fund - Direct Plan Growth Plan - Bonus Option,165.3031
2026-03-23,118778,Nippon India Small Cap Fund - Direct Plan Growth Plan - Growth Option,165.3031
2026-03-23,118780,Nippon India Credit Risk Fund - Direct Plan - Growth Plan,40.6609
2026-03-23,118781,NIPPON INDIA CREDIT RISK FUND - DIRECT Plan - QUARTERLY IDCW Option,13.5625
2026-03-23,118782,NIPPON INDIA VALUE FUND - DIRECT Plan - IDCW Option,58.9623
2026-03-23,118784,Nippon India Value Fund - Direct Plan Growth Plan,223.2707
2026-03-23,118785,Nippon India Index Fund - BSE Sensex Plan - Direct Plan Growth Plan - Bonus Option,39.2986
2026-03-23,118786,NIPPON INDIA INDEX FUND - BSE SENSEX PLAN - DIRECT Plan - ANNUAL - IDCW Option,31.2604
2026-03-23,118788,NIPPON INDIA INDEX FUND - BSE SENSEX PLAN - DIRECT Plan - HALF YEARLY - IDCW Option,31.2199
2026-03-23,118790,NIPPON INDIA INDEX FUND - BSE SENSEX PLAN - DIRECT Plan - QUARTERLY - IDCW Option,31.2627
2026-03-23,118791,Nippon India Index Fund - BSE Sensex Plan - Direct Plan Growth Plan - Growth Option,39.2986
2026-03-23,118793,NIPPON INDIA AGGRESSIVE HYBRID FUND - DIRECT Plan - IDCW Option,34.6047
2026-03-23,118794,Nippon India Aggressive Hybrid Fund  - Direct Plan Growth Plan,110.7554
2026-03-23,118796,Nippon India Short Duration Fund - Direct Plan Growth Plan - Growth Option,59.6848
2026-03-23,118797,NIPPON INDIA SHORT DURATION FUND - Direct Plan - MONTHLY IDCW Option,11.6932
2026-03-23,118800,NIPPON INDIA SHORT DURATION FUND - Direct Plan - QUARTERLY IDCW OPTION,15.1784
2026-03-23,118801,NIPPON INDIA ELSS TAX SAVER FUND - DIRECT Plan - IDCW Option,41.0577
2026-03-23,118803,Nippon India ELSS Tax Saver Fund - Direct Plan Growth Plan - Growth Option,129.7258
2026-03-23,118804,Nippon India Annual Interval Fund - Series I - Direct Plan Growth Plan - Growth,28.5311
2026-03-23,118807,Nippon India Corporate Bond Fund - Direct Plan Growth Plan - Bonus,46.5179
2026-03-23,118808,NIPPON INDIA CORPORATE BOND FUND - DIRECT Plan - DAILY IDCW Option,17.0227
2026-03-23,118809,NIPPON INDIA CORPORATE BOND FUND - DIRECT Plan - MONTHLY IDCW Option,11.7437
2026-03-23,118811,NIPPON INDIA CORPORATE BOND FUND - DIRECT Plan - QUARTERLY IDCW Option,12.0718
2026-03-23,118812,NIPPON INDIA CORPORATE BOND FUND - DIRECT Plan - WEEKLY IDCW Option,17.0403
2026-03-23,118814,Nippon India Corporate Bond Fund - Direct Plan Growth Plan - Growth Option,65.1555
2026-03-23,118825,Mirae Asset Large Cap Fund - Direct Plan - Growth,114.187
2026-03-23,118826,Mirae Asset Large Cap Fund Direct IDCW,59.606
2026-03-23,118834,Mirae Asset Large & Midcap Fund - Direct Plan - Growth,155.029
2026-03-23,118835,Mirae Asset Large & Midcap Fund - Direct Plan - IDCW,72.696
2026-03-23,118837,Mirae Asset Great Consumer Fund - Direct Plan - Growth,94.918
2026-03-23,118838,Mirae Asset Great Consumer Fund Direct IDCW,56.991
2026-03-23,118840,Mirae Asset Low Duration Fund - Direct Plan - Growth,2566.7289
2026-03-23,118841,Mirae Asset Low Duration Fund - Direct Plan - Monthly IDCW,1161.5675
2026-03-23,118842,Mirae Asset Low Duration Fund - Direct Plan - Quarterly IDCW,1009.0219
2026-03-23,118843,Mirae Asset Low Duration Fund - Direct Plan - Daily IDCW,1208.0533
2026-03-23,118844,Mirae Asset Low Duration Fund - Direct Plan - Weekly IDCW,1453.4939
2026-03-23,118859,Mirae Asset Liquid Fund - Direct Plan - Growth,2904.7835
2026-03-23,118860,Mirae Asset Liquid Fund - Direct Plan -Monthly IDCW,1139.1326
2026-03-23,118861,Mirae Asset Liquid Fund - Direct Plan -Daily IDCW,1075.7765
2026-03-23,118862,Mirae Asset Liquid Fund - Direct Plan - Weekly IDCW,1216.9767
2026-03-23,118866,Taurus ELSS Tax Saver Fund - Direct Plan - Growth,176.88
2026-03-23,118867,Taurus ELSS Tax Saver Fund - Direct Plan - Payout of Income Distribution cum Capital Withdrawal option,81.52
2026-03-23,118868,Taurus Banking & Financial Services Fund - Direct Plan - Growth,54.41
2026-03-23,118869,Taurus Banking & Financial Services Fund - Direct Plan - Payout of Income Distribution cum Capital Withdrawal option,53.78
2026-03-23,118870,Taurus Large Cap Fund - Direct Plan - Growth,154.45
2026-03-23,118871,Taurus Large Cap Fund - Direct Plan - Payout of Income Distribution cum Capital Withdrawal option,68.03
2026-03-23,118872,Taurus Mid Cap Fund - Direct Plan - Growth,109.48
2026-03-23,118873,Taurus Mid Cap Fund - Direct Plan - Payout of Income Distribution cum Capital Withdrawal option,97.26
2026-03-23,118876,Taurus Ethical Fund - Direct Plan - Growth,130.01
2026-03-23,118877,Taurus Ethical Fund - Direct Plan - Payout of Income Distribution cum Capital Withdrawal option,87.27
2026-03-23,118878,Taurus Ethical Fund-Direct Plan-Bonus Option #,42.61
2026-03-23,118879,Taurus Infrastructure Fund - Direct Plan - Growth,62.41
2026-03-23,118880,Taurus Infrastructure Fund - Direct Plan - Payout of Income Distribution cum Capital Withdrawal option,58.12
2026-03-23,118881,Taurus Nifty 50 Index Fund - Direct Plan - Growth,45.6206
2026-03-23,118882,Taurus Nifty 50 Index Fund - Direct Plan - Payout of Income Distribution cum Capital Withdrawal option,42.6957
2026-03-23,118883,Taurus Flexi Cap Fund - Direct Plan - Growth,206.54
2026-03-23,118884,Taurus Flexi Cap Fund - Direct Plan -  Payout of Income Distribution cum Capital Withdrawal option,104.2
2026-03-23,118901,HSBC Liquid Fund - Regular Daily IDCW,1001.272
2026-03-23,118902,HSBC Liquid Fund - Regular Growth,2712.7444
2026-03-23,118903,HSBC Liquid Fund - Regular Monthly IDCW,1005.9456
2026-03-23,118904,HSBC Liquid Fund - Regular Weekly IDCW,1108.3491
2026-03-23,118906,HSBC Liquid Fund - IDCW,1019.1912
2026-03-23,118907,HSBC Liquid Fund - Growth,3913.9589
2026-03-23,118908,HSBC Liquid Fund - Weekly IDCW,1002.1033
2026-03-23,118909,HSBC Liquid Fund - Institutional Daily IDCW,1562.6603
2026-03-23,118921,DSP Bond Fund - Direct Plan - IDCW - Monthly,11.2173
2026-03-23,118922,DSP Bond Fund - Direct Plan - IDCW,12.067
2026-03-23,118924,DSP Bond Fund - Direct Plan - Growth,89.5477
2026-03-23,118930,HDFC ARBITRAGE FUND - Quarterly IDCW Option - Direct Plan,25.365
2026-03-23,118931,HDFC ARBITRAGE FUND - Growth Option - Direct Plan,33.472
2026-03-23,118934,HDFC Value Fund - IDCW Option - Direct Plan,39.226
2026-03-23,118935,HDFC Value Fund - Growth Option - Direct Plan,758.279
2026-03-23,118942,HDFC Low Duration  Fund - Direct Plan - Growth,65.4157
2026-03-23,118943,HDFC Low Duration  Fund - Direct Plan - Monthly IDCW,10.1662
2026-03-23,118944,HDFC Low Duration  Fund - Direct Plan - Weekly IDCW,10.0619
2026-03-23,118945,HDFC Low Duration  Fund - Direct Plan - Daily IDCW,10.0572
2026-03-23,118949,HDFC Focused Fund - IDCW Option - Direct Plan,28.608
2026-03-23,118950,HDFC Focused Fund - Growth Option - Direct Plan,240.546
2026-03-23,118954,HDFC Flexi Cap Fund - IDCW Option - Direct Plan,81.436
2026-03-23,118955,HDFC Flexi Cap Fund - Growth Option - Direct Plan,2014.034
2026-03-23,118959,HDFC Floating Rate Debt Fund - Direct Plan - Daily IDCW,10.0556
2026-03-23,118960,HDFC Floating Rate Debt Fund - Direct Plan - Monthly IDCW,10.15
2026-03-23,118961,HDFC Floating Rate Debt Fund - Direct Plan - Growth Option,53.1698
2026-03-23,118962,HDFC Floating Rate Debt Fund - Direct Plan - Weekly IDCW,10.0256
2026-03-23,118968,HDFC Balanced Advantage Fund - Growth Plan - Direct Plan,529.208
2026-03-23,118969,HDFC Balanced Advantage Fund - IDCW Plan - Direct Plan,41.348
2026-03-23,118978,HDFC Infrastructure Fund - IDCW Option - Direct Plan,28.564
2026-03-23,118979,HDFC Infrastructure Fund - Growth Option - Direct Plan,46.678
2026-03-23,118986,HDFC Corporate Bond Fund - Quarterly IDCW Option - Direct Plan,10.425
2026-03-23,118987,HDFC Corporate Bond Fund - Growth Option - Direct Plan,34.2009
2026-03-23,118988,HDFC Mid Cap Fund - IDCW Option - Direct Plan,70.525
2026-03-23,118989,HDFC Mid Cap Fund - Growth Option - Direct Plan,198.616
2026-03-23,118992,DSP Regular Savings Fund - Direct Plan - IDCW - Monthly,13.8869
2026-03-23,118993,DSP Regular Savings Fund - Direct Plan - IDCW - Quarterly,13.814
2026-03-23,118994,DSP Regular Savings Fund - Direct Plan - Growth,66.171
2026-03-23,119015,HDFC Short Term  Debt Fund - Fortnightly IDCW - Direct Plan,10.2792
2026-03-23,119016,HDFC Short Term  Debt Fund - Growth Option - Direct Plan,34.3441
2026-03-23,119017,HDFC Large Cap Fund - IDCW Option - Direct Plan,56.531
2026-03-23,119018,HDFC Large Cap Fund - Growth Option - Direct Plan,1116.223
2026-03-23,119019,DSP Aggressive Hybrid Fund - Direct Plan - Growth,368.558
2026-03-23,119020,DSP Aggressive Hybrid Fund - Direct Plan - IDCW,66.328
2026-03-23,119028,DSP Natural Resources and New Energy Fund - Direct Plan - Growth,114.134
2026-03-23,119029,DSP Natural Resources and New Energy Fund - Direct Plan - IDCW,36.097
2026-03-23,119053,Tata Aggressive Hybrid Fund -Direct Plan- Growth Option,452.725
2026-03-23,119057,Tata Aggressive Hybrid Fund- Direct Plan - Monthly Payout of IDCW Option,93.0891
2026-03-23,119058,Tata Aggressive Hybrid Fund- Direct Plan - Periodic Payout of IDCW Option,88.8796
2026-03-23,119059,HDFC ELSS Tax saver - IDCW Option - Direct Plan,85.686
2026-03-23,119060,HDFC ELSS Tax saver - Growth Option - Direct Plan,1370.84
2026-03-23,119061,HDFC Hybrid Equity Fund - IDCW Option - Direct Plan,17.054
2026-03-23,119062,HDFC Hybrid Equity Fund - Growth Option - Direct Plan,116.623
2026-03-23,119063,HDFC Nifty 50 Index Fund - Direct Plan,218.8868
2026-03-23,119065,HDFC BSE Sensex Index Fund - Direct Plan,691.2425
2026-03-23,119066,HDFC Childrens Fund - Direct Plan,297.504
2026-03-23,119068,HDFC Income Fund - Quarterly IDCW- Direct Plan,12.7799
2026-03-23,119069,HDFC Income Fund - Growth Option - Direct Plan,65.2438
2026-03-23,119070,DSP Midcap Fund - Direct Plan - IDCW,59.317
2026-03-23,119071,DSP Midcap Fund - Direct Plan - Growth,148.539
2026-03-23,119072,HDFC Dynamic Debt Fund - Half Yearly IDCW - Direct Plan,13.7079
2026-03-23,119073,HDFC Dynamic Debt Fund - Quarterly IDCW - Direct Plan,14.0588
2026-03-23,119074,HDFC Dynamic Debt Fund - Yearly IDCW - Direct Plan,15.3756
2026-03-23,119075,HDFC Dynamic Debt Fund - Growth Option - Direct Plan,99.9015
2026-03-23,119076,DSP Flexi Cap Fund - Direct Plan - Growth,101.492
2026-03-23,119077,DSP Flexi Cap Fund - Direct Plan - IDCW,74.611
2026-03-23,119080,HDFC Medium Term Debt Fund - Fortnightly IDCW Opt - Direct Plan,10.0591
2026-03-23,119081,HDFC Medium Term Debt Fund - Growth Option - Direct Plan,63.5283
2026-03-23,119082,DSP Credit Risk Fund - Direct Plan - Growth,55.6404
2026-03-23,119083,DSP Credit Risk Fund - Direct Plan - IDCW,12.3249
2026-03-23,119084,DSP Credit Risk Fund - Direct Plan -  IDCW - Monthly,11.1552
2026-03-23,119085,DSP Credit Risk Fund - Direct Plan - IDCW - Quarterly,11.4745
2026-03-23,119086,DSP Credit Risk Fund - Direct Plan - IDCW - Weekly,11.0991
2026-03-23,119087,DSP Credit Risk Fund - Direct Plan - IDCW - Daily,11.0969
2026-03-23,119088,HDFC Liquid Fund - IDCW Weekly - Direct Plan,1032.2181
2026-03-23,119089,HDFC Liquid Fund - IDCW Daily - Direct Plan,1019.82
2026-03-23,119090,HDFC Liquid Fund - IDCW Monthly - Direct Plan,1030.4625
2026-03-23,119091,HDFC Liquid Fund - Growth Option - Direct Plan,5400.5094
2026-03-23,119092,HDFC Money Market Fund - Growth Option - Direct Plan,6090.1601
2026-03-23,119093,HDFC Money Market Fund - Daily IDCW Option - Direct Plan,1062.9949
2026-03-23,119094,HDFC Money Market Fund - Weekly IDCW Option -Direct Plan,1063.1368
2026-03-23,119095,DSP Focused Fund - Direct Plan - IDCW,34.984
2026-03-23,119096,DSP Focused Fund - Direct Plan - Growth,54.105
2026-03-23,119099,DSP Gilt Fund - Direct Plan - Growth,101.6122
2026-03-23,119100,DSP Gilt Fund - Direct Plan - IDCW - Monthly,10.6241
2026-03-23,119101,DSP Gilt Fund - Direct Plan - IDCW,12.4656
2026-03-23,119106,DSP Savings Fund - Direct Plan - Growth,56.6207
2026-03-23,119107,DSP Savings Fund - Direct Plan - IDCW - Monthly,11.0241
2026-03-23,119108,DSP Savings Fund - Direct Plan - IDCW,12.5719
2026-03-23,119109,HDFC Overnight Fund - Daily IDCW Option - Direct Plan,1042.66
2026-03-23,119110,HDFC Overnight Fund - Growth Option - Direct Plan,3987.6855
2026-03-23,119115,HDFC Gilt Fund - IDCW Option - Direct Plan,12.9009
2026-03-23,119116,HDFC Gilt Fund - Growth Option - Direct Plan,58.6522
2026-03-23,119118,HDFC Hybrid Debt Fund - Growth Option - Direct Plan,86.8887
2026-03-23,119119,HDFC Hybrid Debt Fund - IDCW Monthly - Direct Plan,15.127
2026-03-23,119120,HDFC Hybrid Debt Fund - IDCW Quarterly - Direct Plan,16.0918
2026-03-23,119123,DSP Liquidity Fund - Direct Plan - IDCW - Weekly,1001.6042
2026-03-23,119124,DSP Liquidity Fund - Direct Plan - IDCW - Daily,1001.0867
2026-03-23,119125,DSP Liquidity Fund - Direct Plan - Growth,3933.3079
2026-03-23,119128,HDFC Equity Savings Fund - Growth Option - Direct Plan,73.432
2026-03-23,119129,HDFC Equity Savings Fund - IDCW Option - Direct Plan,14.888
2026-03-23,119130,HDFC Multi-Asset Fund - IDCW Option - Direct Plan,20.2
2026-03-23,119131,HDFC Multi-Asset Fund - Growth Option - Direct Plan,79.27
2026-03-23,119132,HDFC Gold ETF Fund of Fund - Direct Plan,41.6018
2026-03-23,119133,Groww Largecap Fund (formerly known as Indiabulls Blue Chip Fund) - Direct Plan - Growth Option,47.05
2026-03-23,119134,Groww Largecap Fund (formerly known as Indiabulls Bluechip Fund)- Direct Plan- - Income Distribution cum capital withdrawal Option (Payout & Reinvestment),27.25
2026-03-23,119135,Groww Liquid Fund ( formerly known as Indiabulls Liquid )Fund - Direct Plan - Growth Option,2666.1825
2026-03-23,119136,Groww Liquid Fund (formerly known as Indiabulls Liquid Fund) - Direct Plan- - Income Distribution cum capital withdrawal Option ( Reinvestment),1001.9008
2026-03-23,119137,Groww Liquid Fund (formerly known as Indiabulls Liquid Fund)- Direct Plan- Weekly - Income Distribution cum capital withdrawal Option (Payout & Reinvestment),1001.7855
2026-03-23,119138,Groww Liquid Fund (formerly known as Indiabulls Liquid Fund)- Direct Plan- Fortnightly - Income Distribution cum capital withdrawal Option (Payout & Reinvestment),1003.6006
2026-03-23,119139,Groww Liquid Fund (formerly known as Indiabulls Liquid Fund)- Direct Plan- Monthly - Income Distribution cum capital withdrawal Option (Payout & Reinvestment),1032.4576
2026-03-23,119159,Tata Large Cap Fund- Direct Plan - Payout of IDCW Option,119.6182
2026-03-23,119160,Tata Large Cap Fund -Direct Plan Growth Option,526.5373
2026-03-23,119161,Navi Liquid Fund - Direct Plan Monthly IDCW - Payout,10.0452
2026-03-23,119162,Navi Liquid Fund - Direct Plan Weekly IDCW - Payout,10.0151
2026-03-23,119163,Navi Liquid Fund - Direct Plan Daily IDCW - ReInvestment,10.0129
2026-03-23,119164,Navi Liquid Fund-Direct Plan-Growth Option,29.7931
2026-03-23,119171,Tata Ethical Fund- Direct Plan - Payout of IDCW Option,211.8172
2026-03-23,119172,Tata Ethical Fund -Direct Plan- Growth Option,385.8547
2026-03-23,119177,Tata Mid Cap Fund - Direct Plan- IDCW Option,150.556
2026-03-23,119178,Tata Mid Cap Fund - Direct Plan- Growth Option,456.0997
2026-03-23,119201,Tata Large & Mid Cap Fund Direct Plan - Payout of IDCW Option,98.262
2026-03-23,119202,Tata Large & MId Cap Fund -Direct Plan- Growth Option,501.5157
2026-03-23,119203,DSP Ultra Short Fund - Direct Plan - IDCW - Daily,1005.184
2026-03-23,119204,DSP Ultra Short Fund - Direct Plan - IDCW - Monthly,1086.9598
2026-03-23,119205,DSP Ultra Short Fund - Direct Plan - Growth,3866.0012
2026-03-23,119206,DSP Ultra Short Fund - Direct Plan - IDCW,1141.8135
2026-03-23,119207,DSP Ultra Short Fund - Direct Plan - IDCW - Weekly,1004.8354
2026-03-23,119212,DSP Small Cap Fund - Direct Plan - Growth,192.398
2026-03-23,119213,DSP Small Cap Fund - Direct Plan - IDCW,52.809
2026-03-23,119218,DSP Large & Mid Cap Fund - Direct Plan - Growth,630.05
2026-03-23,119219,DSP Large & Mid Cap Fund - Direct Plan - IDCW,93.971
2026-03-23,119222,DSP Short Term Fund - Direct Plan - IDCW,12.6755
2026-03-23,119223,DSP Short Term Fund - Direct Plan - IDCW - Weekly,10.1544
2026-03-23,119224,DSP Short Term Fund - Direct Plan - IDCW - Monthly,11.6599
2026-03-23,119226,DSP Short Term Fund - Direct Plan - Growth,52.411
2026-03-23,119231,Tata Value Fund -Direct Plan Growth Option,361.0651
2026-03-23,119232,Tata Value Fund- Direct Plan -Payout of IDCW-Option A(5%),132.6716
2026-03-23,119233,Tata Value Fund- Direct Plan - Payout of IDCW -Option B(10%),122.7042
2026-03-23,119236,DSP Strategic Bond Fund - Direct Plan - IDCW - Monthly,1059.3713
2026-03-23,119238,DSP Strategic Bond Fund - Direct Plan - IDCW,2442.4758
2026-03-23,119239,DSP Strategic Bond Fund - Direct Plan - Growth,3584.8905
2026-03-23,119241,DSP ELSS Tax Saver Fund - Direct Plan - IDCW,83.634
2026-03-23,119242,DSP ELSS Tax Saver Fund - Direct Plan - Growth,140.2
2026-03-23,119243,Tata Infrastructure Fund -Direct Plan -Growth Option,164.8425
2026-03-23,119244,Tata Infrastructure Fund- Direct Plan - Payout of IDCW Option,86.3718
2026-03-23,119247,DSP India T.I.G.E.R. Fund - Direct Plan - Growth,324.35
2026-03-23,119248,DSP India T.I.G.E.R. Fund - Direct Plan - IDCW,47.724
2026-03-23,119249,DSP Large Cap Fund - Direct Plan - IDCW,25.005
2026-03-23,119250,DSP Large Cap Fund - Direct Plan - Growth,467.938
2026-03-23,119251,Tata Retirement Savings Fund- Progressive Plan -Direct Plan-Growth Option,69.9143
2026-03-23,119252,DSP US Specific Equity Omni FoF - Direct Plan - Growth,87.3459
2026-03-23,119253,DSP US Specific Equity Omni FoF - Direct Plan - IDCW,69.5018
2026-03-23,119255,Tata Retirement Savings Fund- Moderate Plan -Direct Plan-Growth Option,69.1675
2026-03-23,119256,Tata Retirement Savings Fund- Conservative Plan-Direct Plan-Growth Option,36.2459
2026-03-23,119275,DSP Global Clean Energy Overseas Equity Omni FoF Direct Plan - Growth,27.9456
2026-03-23,119276,DSP Global Clean Energy Overseas Equity Omni FoF - Direct Plan - IDCW,19.495
2026-03-23,119277,DSP World Gold Mining Overseas Equity Omni FoF - Direct Plan - Growth,57.2936
2026-03-23,119278,DSP World Gold Mining Overseas Equity Omni FoF - Direct Plan - IDCW,34.2947
2026-03-23,119279,DSP World Mining Overseas Equity Omni FoF - Direct Plan - Growth,31.3168
2026-03-23,119280,DSP World Mining Overseas Equity Omni FoF - Direct Plan - IDCW,28.2852
2026-03-23,119281,Tata ELSS Fund- Direct Plan - Payout of IDCW Option,203.2369
2026-03-23,119287,Tata S&P BSE Sensex Index Fund - Direct Plan,193.543
2026-03-23,119288,Tata Nifty 50 Index Fund -Direct Plan,152.1686
2026-03-23,119292,Union Flexi Cap Fund - Direct Plan - Growth Option,50.87
2026-03-23,119293,Union Flexi Cap Fund - Direct Plan - IDCW Option,44.44
2026-03-23,119300,BANK OF INDIA Large & Mid Cap Fund Direct Plan- Bonus,49.06
2026-03-23,119301,Union Liquid Fund - Direct Plan - Daily IDCW Option,1001.1995
2026-03-23,119302,Union Liquid Fund - Direct Plan - Monthly IDCW Option,1004.8644
2026-03-23,119303,Union Liquid Fund - Direct Plan - Growth Option,2653.268
2026-03-23,119304,Union Liquid Fund - Direct Plan - Weekly IDCW Option,1002.1109
2026-03-23,119305,Union Liquid Fund - Direct Plan - Fortnightly IDCW Option,1002.8069
2026-03-23,119306,Union ELSS Tax Saver Fund - Direct Plan - IDCW Option,63.01
2026-03-23,119307,Union ELSS Tax Saver Fund - Direct Plan - Growth Option,63.01
2026-03-23,119310,Union Dynamic Bond Fund - Direct Plan - IDCW Option,16.2363
2026-03-23,119311,Union Dynamic Bond Fund - Direct Plan - Growth Option,24.2394
2026-03-23,119312,Tata Childrens Fund-Direct Plan-Growth Option,57.298
2026-03-23,119333,Baroda BNP Paribas Banking and Financial Services Fund - Direct - Growth Option,49.216
2026-03-23,119334,Baroda BNP Paribas Banking and Financial Services Fund - Direct - IDCW Option,22.5932
2026-03-23,119340,Baroda BNP Paribas GILT FUND - Direct Plan - IDCW Option,34.4623
2026-03-23,119341,Baroda BNP Paribas GILT FUND - Direct Plan - Growth Option,46.9448
2026-03-23,119346,BANK OF INDIA Large & Mid Cap Fund Direct Plan-Regular IDCW,25.99
2026-03-23,119349,BANK OF INDIA Large & Mid Cap Fund Direct  Plan- Quarterly IDCW,26.39
2026-03-23,119350,BANK OF INDIA Large & Mid Cap Fund Direct Plan-Growth,95.02
2026-03-23,119351,BANK OF INDIA ELSS Tax Saver -Direct Plan- Growth,171.88
2026-03-23,119352,BANK OF INDIA ELSS Tax Saver -Direct Plan-IDCW,68.64
2026-03-23,119353,Baroda BNP Paribas MULTI CAP FUND - Direct Plan - IDCW Option,48.7368
2026-03-23,119354,Baroda BNP Paribas MULTI CAP FUND - Direct Plan - Growth Option,284.5142
2026-03-23,119363,BANK OF INDIA Manufacturing & Infrastructure Fund-Direct Plan-Regular IDCW,61.03
2026-03-23,119364,BANK OF INDIA Manufacturing & Infrastructure Fund-Direct Plan-Growth,64.68
2026-03-23,119365,BANK OF INDIA Manufacturing & Infrastructure Fund-Direct Plan-Quarterly IDCW,63.58
2026-03-23,119368,BANK OF INDIA Liquid Fund- Direct Plan- Daily IDCW,1004.9767
2026-03-23,119369,BANK OF INDIA Liquid Fund- Direct Plan- Growth,3167.9199
2026-03-23,119370,BANK OF INDIA Liquid Fund- Direct Plan- Weekly IDCW,1005.0
2026-03-23,119379,BANK OF INDIA Ultra Short Duration Fund- Direct Plan- Growth,3409.4357
2026-03-23,119380,BANK OF INDIA Ultra Short Duration Fund- Direct Plan- Daily IDCW,1004.911
2026-03-23,119381,BANK OF INDIA Ultra Short Duration Fund- Direct Plan- Weekly IDCW,1005.9198
2026-03-23,119382,BANK OF INDIA Short Term Income Fund-Direct Plan- Growth,30.1295
2026-03-23,119383,BANK OF INDIA Short Term Income Fund-Direct Plan- Monthly IDCW,14.6489
2026-03-23,119384,BANK OF INDIA Short Term Income Fund-Direct Plan- Quarterly IDCW,13.8901
2026-03-23,119393,BANK OF INDIA Conservative Hybrid Fund Fund-Direct Plan-Growth,36.7561
2026-03-23,119394,BANK OF INDIA Conservative Hybrid Fund-Direct Plan-Monthly IDCW,16.3733
2026-03-23,119395,BANK OF INDIA Conservative Hybrid  Fund-Direct Plan-Quarterly IDCW,18.0596
2026-03-23,119396,BANK OF INDIA Conservative Hybrid Fund-Direct Plan-Annual IDCW,16.749
2026-03-23,119399,Baroda BNP Paribas Short Duration Fund - Direct Plan - Monthly IDCW Option,10.423
2026-03-23,119400,Baroda BNP Paribas Short Duration Fund - Direct Plan - Growth Option,32.8825
2026-03-23,119414,Baroda BNP Paribas LIQUID FUND - DIRECT PLAN - DAILY IDCW OPTION,1002.0849
2026-03-23,119415,Baroda BNP Paribas LIQUID FUND - DIRECT PLAN - GROWTH OPTION,3170.3106
2026-03-23,119416,Baroda BNP Paribas LIQUID FUND - DIRECT PLAN - WEEKLY IDCW OPTION,1220.4451
2026-03-23,119421,Tata Money Market Fund- Direct Plan - Daily Reinvestment of IDCW Option,1113.9893
2026-03-23,119424,Tata Money Market Fund- Direct Plan- Growth Option,5029.0699
2026-03-23,119433,Aditya Birla Sun Life Large & Mid Cap Fund -Direct - IDCW,182.86
2026-03-23,119436,Aditya Birla Sun Life Large & Mid Cap Fund - Growth - Direct Plan,908.64
2026-03-23,119496,Aditya Birla Sun Life Short Term Fund - DIRECT - IDCW,10.7666
2026-03-23,119497,Aditya Birla Sun Life Short Term Fund-Quarterly-IDCW-Direct,10.7781
2026-03-23,119498,Aditya Birla Sun Life Short Term Fund - Growth - Direct Plan,53.5293
2026-03-23,119499,Aditya Birla Sun Life Savings Fund-DIRECT - WEEKLY IDCW,100.5735
2026-03-23,119500,Aditya Birla Sun Life Savings Fund-DIRECT - DAILY IDCW,100.2905
2026-03-23,119501,Aditya Birla Sun Life Savings Fund - Growth - Direct Plan,583.814
2026-03-23,119502,Aditya Birla Sun Life Dynamic Bond Fund -Direct - Quarterly IDCW,11.0161
2026-03-23,119503,Aditya Birla Sun Life Dynamic Bond Fund -DIRECT - MONTHLY IDCW,11.0704
2026-03-23,119505,Aditya Birla Sun Life Dynamic Bond Fund - Growth - Direct Plan,51.1539
2026-03-23,119506,Aditya Birla Sun Life Dividend Yield Fund -DIRECT - IDCW,43.76
2026-03-23,119507,Aditya Birla Sun Life Dividend Yield Fund - Growth - Direct Plan,458.45
2026-03-23,119511,Aditya Birla Sun Life Money Manager Fund - Growth - Direct Plan,391.4584
2026-03-23,119512,Aditya Birla Sun Life Money Manager Fund - Direct - weekly IDCW,100.0308
2026-03-23,119513,Aditya Birla Sun Life Money Manager Fund - Direct - daily IDCW,99.9734
2026-03-23,119514,Aditya Birla Sun Life Infrastructure Fund - Growth - Direct Plan,95.86
2026-03-23,119515,Aditya Birla Sun Life Infrastructure Fund -  Direct - IDCW,40.17
2026-03-23,119516,Aditya Birla Sun Life International Equity Fund - Direct - IDCW,50.2818
2026-03-23,119517,Aditya Birla Sun Life International Equity Fund - Growth - Direct Plan,50.2521
2026-03-23,119522,Aditya Birla Sun Life Low Duration Fund -Direct - weekly IDCW,100.9062
2026-03-23,119523,Aditya Birla Sun Life Low duration Fund - Growth - Direct Plan,759.4712
2026-03-23,119524,Aditya Birla Sun Life Low Duration Fund -Direct - daily IDCW,100.3239
2026-03-23,119525,Aditya Birla Sun Life Arbitrage Fund-DIRECT - IDCW,11.5496
2026-03-23,119526,Aditya Birla Sun Life Arbitrage Fund - Growth - Direct Plan,30.0062
2026-03-23,119527,Aditya Birla Sun Life Large Cap Fund-DIRECT - IDCW,83.77
2026-03-23,119528,Aditya Birla Sun Life Large Cap Fund - Growth - Direct Plan,520.87
2026-03-23,119532,Aditya Birla Sun Life Corporate Bond Fund -DIRECT - MONTHLY IDCW,12.6849
2026-03-23,119533,Aditya Birla Sun Life Corporate Bond Fund - Growth - Direct Plan,118.1347
2026-03-23,119538,Aditya Birla Sun Life Medium Term Plan - Direct - IDCW,17.5519
2026-03-23,119539,Aditya Birla Sun Life Medium Term Plan - Growth - Direct Plan,46.0733
2026-03-23,119540,Aditya Birla Sun Life Medium Term Plan - DIRECT - HALF YEARLY IDCW,14.518
2026-03-23,119541,Aditya Birla Sun Life Medium Term Plan - DIRECT - Quarterly IDCW,14.1015
2026-03-23,119543,Aditya Birla Sun Life ELSS Tax Saver Fund-DIRECT - IDCW,385.15
2026-03-23,119544,Aditya Birla Sun Life ELSS Tax Saver Fund - Growth - Direct Plan,61.28
2026-03-23,119548,Sundaram Value Fund Direct Plan - Income Distribution cum Capital Withdrawal (IDCW),17.0907
2026-03-23,119549,Sundaram Value Fund Direct Plan - Growth,208.8916
2026-03-23,119550,Aditya Birla Sun Life Banking & PSU Debt Fund- Direct Plan-Growth,392.7875
2026-03-23,119551,Aditya Birla Sun Life Banking & PSU Debt Fund  - DIRECT - IDCW,110.6625
2026-03-23,119552,Aditya Birla Sun Life Banking & PSU Debt Fund  - DIRECT - MONTHLY IDCW,116.3954
2026-03-23,119553,Aditya Birla Sun Life Banking & PSU Debt Fund  - Direct - Quarterly IDCW,103.2962
2026-03-23,119556,Aditya Birla Sun Life Small Cap Fund - Growth - Direct Plan,86.743
2026-03-23,119557,Aditya Birla Sun Life Small Cap Fund -Direct - IDCW,60.8867
2026-03-23,119563,Aditya Birla Sun Life Focused Fund -Direct - IDCW,52.9062
2026-03-23,119564,Aditya Birla Sun Life Focused Fund - Growth - Direct Plan,148.1924
2026-03-23,119565,Sundaram Large and Midcap Direct Plan - Income Distribution cum Capital Withdrawal (IDCW),29.9251
2026-03-23,119566,Sundaram Large and Midcap Fund Direct Plan - Growth,86.7475
2026-03-23,119567,SBI Arbitrage Opportunities Fund - Direct Plan - Income Distribution cum Capital Withdrawal Option (IDCW),20.3472
2026-03-23,119568,Aditya Birla Sun Life Liquid Fund - Growth - Direct Plan,444.2532
2026-03-23,119569,Aditya Birla Sun Life Liquid Fund -Direct - daily IDCW,100.1905
2026-03-23,119570,Aditya Birla Sun Life Liquid Fund -Direct - weekly IDCW,100.2598
2026-03-23,119571,Aditya Birla Sun Life Liquid Fund -DIRECT - IDCW,142.1567
2026-03-23,119574,SBI Arbitrage Opportunities Fund - Direct Plan - Gr,37.6581
2026-03-23,119581,Sundaram Mid Cap Fund Direct Plan - Growth,1387.7577
2026-03-23,119582,Sundaram Mid Cap Fund Direct Plan - Income Distribution cum Capital Withdrawal (IDCW),65.1653
2026-03-23,119585,SBI Large Cap Fund - Direct Plan - Income Distribution cum Capital Withdrawal Option (IDCW),60.6435
2026-03-23,119588,Sundaram Small Cap Fund Direct Plan - Income Distribution cum Capital Withdrawal (IDCW),32.8546
2026-03-23,119589,Sundaram Small Cap Fund Direct Plan - Growth,250.0144
2026-03-23,119590,Aditya Birla Sun Life Consumption Fund -DIRECT - IDCW,43.98
2026-03-23,119591,Aditya Birla Sun Life Consumption Fund - Growth - Direct Plan,212.71
2026-03-23,119594,Sundaram Consumption Fund (Formerly Known asSundaram Rural and Consumption Fund Direct Plan - Income Distribution cum Capital Withdrawal (IDCW),25.5308
2026-03-23,119595,Sundaram Consumption Fund (Formerly Known as Sundaram Rural and Consumption Fund Direct Plan - Growth),89.1734
2026-03-23,119596,Sundaram Financial Services Opportunities Fund Direct Plan - Income Distribution cum Capital Withdrawal (IDCW),31.9224
2026-03-23,119597,Sundaram Financial Services Opportunities Fund Direct Plan - Growth,108.4959
2026-03-23,119598,SBI Large Cap FUND-DIRECT PLAN -GROWTH,93.4422
2026-03-23,119601,Sundaram Global Brand Theme-Equity Active FOF - Direct IDCW,35.6378
2026-03-23,119602,Sundaram Global Brand Theme-Equity Active FOF - Direct Growth,42.4645
2026-03-23,119604,SBI Equity Hybrid Fund - Direct Plan - Income Distribution cum Capital Withdrawal Option (IDCW),91.3979
2026-03-23,119605,Aditya Birla Sun Life Government Securities Fund - Growth - Direct Plan,85.3984
2026-03-23,119606,Aditya Birla Sun Life Govenment Securities Fund -DIRECT - Quarterly IDCW,11.3157
2026-03-23,119609,SBI EQUITY HYBRID FUND - DIRECT PLAN - Growth,312.3441
2026-03-23,119613,SBI Comma Fund - Direct Plan - Income Distribution cum Capital Withdrawal Option (IDCW),64.6503
2026-03-23,119619,Aditya Birla Sun Life Midcap Fund -DIRECT - IDCW,83.49
2026-03-23,119620,Aditya Birla Sun Life Midcap Fund - Growth - Direct Plan,781.67
2026-03-23,119621,Sundaram Corporate Bond Fund Direct Plan - Growth,42.8504
2026-03-23,119625,Sundaram Banking & PSU Fund (Formerly Known as Sundaram Banking and PSU Debt Fund) Direct Plan - Growth,45.1193
2026-03-23,119626,Sundaram Banking & PSU Fund (Formerly Known as Sundaram Banking and PSU Debt Fund) Direct Plan - Income Distribution cum Capital Withdrawal (IDCW),11.2325
2026-03-23,119630,Sundaram Corporate Bond Fund Direct Plan-Income Distribution cum Capital Withdrawal(IDCW),19.1283
2026-03-23,119635,Sundaram Conservative Hybrid Fund (Formerly Known as Sundaram Debt Oriented Hybrid Fund) Direct Plan - Growth,32.0187
2026-03-23,119637,Sundaram Conservative Hybrid Fund (Formerly Known as Sundaram Debt Oriented Hybrid Fund) Direct Plan -Income Distribution cum Capital Withdrawal (IDCW),20.1171
2026-03-23,119646,Aditya Birla Sun Life MNC Fund - Growth - Direct Plan,1287.18
2026-03-23,119647,Aditya Birla Sun Life MNC Fund - DIRECT - IDCW,411.61
2026-03-23,119648,Aditya Birla Sun Life Nifty 50 Index Fund - Growth - Direct Plan,233.6307
2026-03-23,119649,Aditya Birla Sun Life Nifty 50 Index Fund -DIRECT - IDCW,24.1536
2026-03-23,119655,Aditya Birla Sun Life Income Fund - Direct - Quarterly IDCW,13.8272
2026-03-23,119657,Aditya Birla Sun Life Income Fund - Growth - Direct Plan,136.3052
2026-03-23,119658,Aditya Birla Sun Life Value Fund - Direct - IDCW,68.8739
2026-03-23,119659,Aditya Birla Sun Life Value Fund - Growth - Direct Plan,129.0557
2026-03-23,119670,SBI Dynamic Bond Fund - Direct Plan - Income Distribution cum Capital Withdrawal Option (IDCW),22.4353
2026-03-23,119671,SBI Dynamic Bond Fund - DIRECT PLAN - Growth,40.1663
2026-03-23,119672,Sundaram Medium Duration Fund (Formerly Known as Sundaram Medium Term Bond Fund) Direct Plan-Income Distribution cum Capital Withdrawal (IDCW),26.9788
2026-03-23,119675,Sundaram Medium Duration Fund (Formerly Known as Sundaram Medium Term Bond Fund) Direct Plan - Growth,79.0231
2026-03-23,119695,SBI Infrastructure Fund - Direct Plan - Income Distribution cum Capital Withdrawal Option (IDCW),42.2845
2026-03-23,119700,SBI INFRASTRUCTURE FUND -  DIRECT PLAN - GROWTH,47.7783
2026-03-23,119705,SBI COMMA Fund - DIRECT PLAN - Growth,113.6116
2026-03-23,119706,SBI Gilt Fund - Direct Plan - Income Distribution cum Capital Withdrawal Option (IDCW),22.566
2026-03-23,119707,SBI GILT FUND - DIRECT PLAN - GROWTH,70.7053
2026-03-23,119708,SBI ESG Exclusionary Strategy Fund - Direct Plan - Income Distribution cum Capital Withdrawal Option (IDCW),83.4918
2026-03-23,119709,SBI ESG Exclusionary Strategy Fund - Direct Plan -Growth,232.5705
2026-03-23,119710,SBI MNC Fund - Direct Plan - Income Distribution cum Capital Withdrawal Option (IDCW),129.8471
2026-03-23,119711,SBI MNC FUND - DIRECT PLAN -GROWTH,363.7531
2026-03-23,119712,SBI Medium to Long Duration Fund-DIRECT PLAN - Bonus,47.1477
2026-03-23,119713,SBI Medium to Long Duration Fund - Direct Plan - Half Yearly - Income Distribution cum Capital Withdrawal Option (IDCW),22.0569
2026-03-23,119714,SBI Medium to Long Duration Fund-DIRECT PLAN -Growth,77.7407
2026-03-23,119715,SBI Midcap Fund - Direct Plan - Income Distribution cum Capital Withdrawal Option (IDCW),133.3096
2026-03-23,119716,SBI MIDCAP FUND - DIRECT PLAN - GROWTH,235.1345
2026-03-23,119717,SBI Flexicap Fund - Direct Plan - Income Distribution cum Capital Withdrawal Option (IDCW),55.0142
2026-03-23,119718,SBI Flexicap Fund - DIRECT PLAN - Growth Option,110.0658
2026-03-23,119719,SBI Children's Fund - Savings Plan - DIRECT PLAN - GROWTH,119.1353
2026-03-23,119720,SBI Large & Midcap Fund - Direct Plan - Income Distribution cum Capital Withdrawal Option (IDCW),330.0697
2026-03-23,119721,SBI LARGE & MIDCAP FUND -DIRECT PLAN -Growth,633.2639
2026-03-23,119722,SBI ELSS Tax Saver Fund - Direct Plan - Income Distribution cum Capital Withdrawal Option (IDCW),106.0848
2026-03-23,119723,SBI ELSS Tax Saver FUND - DIRECT PLAN -GROWTH,428.299
2026-03-23,119724,SBI Contra Fund - Direct Plan - Income Distribution cum Capital Withdrawal Option (IDCW),80.9177
2026-03-23,119727,SBI FOCUSED FUND - DIRECT PLAN -GROWTH,383.8334
2026-03-23,119730,SBI Consumption Opportunities Fund - Direct Plan - Income Distribution cum Capital Withdrawal Option (IDCW),209.9089
2026-03-23,119731,SBI Technology Opportunities Fund - Direct Plan - Income Distribution cum Capital Withdrawal Option (IDCW),146.2122
2026-03-23,119732,SBI PSU Fund - DIRECT PLAN - GROWTH,36.4954
2026-03-23,119733,SBI PSU Fund - Direct Plan - Income Distribution cum Capital Withdrawal Option (IDCW),36.442
2026-03-23,119734,Kotak Bond Fund - Direct Plan - Standard IDCW option,29.0784
2026-03-23,119735,Kotak Bond Fund - Growth - Direct,87.3665
2026-03-23,119739,Kotak Bond Short Term Plan-(Growth) - Direct,59.5428
2026-03-23,119740,Kotak Credit Risk Fund - Direct Plan - Standard Income Distribution cum capital withdrawal option,26.1857
2026-03-23,119741,Kotak Credit Risk Fund - Growth - Direct,34.8634
2026-03-23,119746,Kotak Money Market Fund - (Growth) - Direct,4735.4268
2026-03-23,119747,Kotak Money Market Fund - (Monthly Payout of Income Distribution cum capital withdrawal option) - Direct,1259.3912
2026-03-23,119750,Kotak Savings Fund-Growth - Direct,46.9567
2026-03-23,119751,Kotak Savings Fund-Monthly Payout of Income Distribution cum capital withdrawal option - Direct,20.2407
2026-03-23,119753,Kotak Dynamic Bond Fund - Direct Plan - Standard Income Distribution cum capital withdrawal option,14.6413
2026-03-23,119755,Kotak Dynamic Bond Fund - Growth - Direct,41.7183
2026-03-23,119757,Kotak Gilt-Investment  Provident Fund and Trust-Growth - Direct,110.3055
2026-03-23,119758,Kotak Gilt-Investment Regular-Payout of Income Distribution cum capital withdrawal option - Direct,23.6986
2026-03-23,119759,Kotak Gilt-Investment Regular-Growth - Direct,107.6956
2026-03-23,119764,Kotak Liquid Fund - Direct Plan - Daily Reinvestment of Income Distribution cum capital withdrawal option,1222.7811
2026-03-23,119766,Kotak Liquid Fund - Direct Plan - Growth,5555.5767
2026-03-23,119767,Kotak Aggressive Hybrid Fund - Direct Plan - IDCW - Payout & Reinvestment of Income Distribution cum  capital withdrawal option,41.932
2026-03-23,119768,Kotak Contra Fund - Direct Plan - IDCW -Payout & Re-investment of Income Distribution cum capital withdrawal option- Direct,57.977
2026-03-23,119769,Kotak Contra Fund - Direct Plan - Growth,162.925
2026-03-23,119770,Kotak  Arbitrage Fund - Direct Plan - IDCW -Payout &  Reinvestment of Income Distribution cum capital withdrawal option,11.2571
2026-03-23,119771,Kotak Arbitrage Fund - Direct Plan - Growth,41.9584
2026-03-23,119772,Kotak ELSS Tax Saver Fund-Payout of Income Distribution cum capital withdrawal option - Direct,50.891
2026-03-23,119773,Kotak ELSS Tax Saver Fund-Growth - Direct,121.49
2026-03-23,119774,Kotak Midcap Fund  - Direct Plan - IDCW - Payout & Re-investment of Income Distribution cum capital withdrawal option,84.353
2026-03-23,119775,Kotak Midcap Fund - Direct Plan - Growth,141.582
2026-03-23,119776,Kotak Multi Asset Omni FOF - Direct Payout of Income Distribution cum capital withdrawal option,248.056
2026-03-23,119777,Kotak Multi Asset Omni FOF - Direct Growth - Direct,252.601
2026-03-23,119778,Kotak Global Emerging Market Overseas Equity Omni FOF - Payout of Income Distribution cum capital withdrawal option - Direct,35.418
2026-03-23,119779,Kotak Global Emerging Market overseas Equity Omni FOF - Growth - Direct,35.269
2026-03-23,119780,Kotak Gold Fund Payout of Income Distribution cum capital withdrawal option- Direct,53.8306
2026-03-23,119781,Kotak Gold Fund Growth - Direct,53.8311
2026-03-23,119782,SBI Healthcare Opportunities Fund - Direct Plan - Income Distribution cum Capital Withdrawal Option (IDCW),327.0134
2026-03-23,119783,SBI HEALTHCARE OPPORTUNITIES FUND - DIRECT PLAN -GROWTH,470.6782
2026-03-23,119784,SBI Ultra Short Duration Fund - Direct Plan - Daily Income Distribution cum Capital Withdrawal Option (IDCW),2373.3345
2026-03-23,119788,SBI GOLD FUND- DIRECT PLAN - GROWTH,40.7502
2026-03-23,119789,SBI Gold Fund - Direct Plan - Income Distribution cum Capital Withdrawal Option (IDCW),40.6916
2026-03-23,119792,SBI Credit Risk Fund - Direct Plan - Daily Income Distribution cum Capital Withdrawal Option (IDCW),16.3832
2026-03-23,119793,SBI Credit Risk Fund - Direct Plan - Income Distribution cum Capital Withdrawal Option (IDCW),24.0268
2026-03-23,119798,SBI CREDIT RISK FUND - DIRECT PLAN -GROWTH,51.6308
2026-03-23,119799,SBI Liquid Fund - Direct Plan - Weekly Income Distribution cum Capital Withdrawal Option (IDCW),1385.9148
2026-03-23,119800,SBI Liquid Fund - DIRECT PLAN -Growth,4298.452
2026-03-23,119804,SBI Liquid Fund - Direct Paln - Fortnightly Income Distribution cum Capital Withdrawal Option (IDCW),1403.6604
2026-03-23,119805,SBI Liquid Fund - Direct Plan - Daily Income Distribution cum Capital Withdrawal Option (IDCW),1143.9611
2026-03-23,119810,SBI Low Duration Fund - Direct Plan - Daily Income Distribution cum Capital Withdrawal Option (IDCW),1459.6417
2026-03-23,119811,SBI Low Duration Fund - Direct Plan - Fortnightly Income Distribution cum Capital Withdrawal Option (IDCW),1485.1587
2026-03-23,119812,SBI LOW DURATION FUND - DIRECT PLAN - GROWTH,3786.4733
2026-03-23,119813,SBI Short Term Debt Fund - Direct Plan - Monthly Income Distribution cum Capital Withdrawal Option (IDCW),19.7486
2026-03-23,119815,SBI Short Term Debt Fund - Direct Plan Fortnightly Income Distribution cum Capital Withdrawal Option (IDCW),23.8542
2026-03-23,119816,SBI SHORT TERM DEBT FUND - DIRECT PLAN -GROWTH,35.4161
2026-03-23,119817,SBI Short Term Debt Fund - Direct Plan Weekly Income Distribution cum Capital Withdrawal Option (IDCW),15.5133
2026-03-23,119818,SBI Low Duration Fund - Direct Plan - Monthly Income Distribution cum Capital Withdrawal Option (IDCW),1682.6269
2026-03-23,119819,SBI Low Duration Fund - Direct Plan - Weekly Income Distribution cum Capital Withdrawal Option (IDCW),1461.7779
2026-03-23,119820,SBI Savings Fund - Direct Plan - Income Distribution cum Capital Withdrawal Option (IDCW),18.4039
2026-03-23,119821,SBI  SAVINGS FUND - DIRECT PLAN - GROWTH,46.4311
2026-03-23,119822,SBI Savings Fund - Direct Plan Daily Income Distribution cum Capital Withdrawal Option (IDCW),14.4984
2026-03-23,119823,SBI Savings Fund - Direct Plan Weekly Income Distribution cum Capital Withdrawal Option (IDCW),16.7577
2026-03-23,119824,SBI MEDIUM DURATION FUND - DIRECT PLAN - GROWTH,57.3753
2026-03-23,119825,SBI Medium Duration Fund - Direct Plan - Income Distribution cum Capital Withdrawal Option (IDCW),22.3028
2026-03-23,119826,SBI Nifty Index Fund - Direct Plan - Income Distribution cum Capital Withdrawal Option (IDCW),107.4583
2026-03-23,119827,SBI NIFTY INDEX FUND - DIRECT PLAN - GROWTH,209.211
2026-03-23,119828,SBI ULTRA SHORT DURATION FUND - DIRECT PLAN - GROWTH,6347.0502
2026-03-23,119829,SBI Ultra Short Duration Fund - Direct Plan - Weekly Income Distribution cum Capital Withdrawal Option (IDCW),1272.2756
2026-03-23,119831,SBI Overnight Fund - Direct Plan - Daily Income Distribution cum Capital Withdrawal Option (IDCW),1357.6753
2026-03-23,119832,SBI Overnight Fund - Direct Plan - Weekly Income Distribution cum Capital Withdrawal Option (IDCW),1386.3795
2026-03-23,119833,SBI OVERNIGHT FUND - DIRECT PLAN - GROWTH,4374.1221
2026-03-23,119834,SBI Focused Fund - Direct Plan - Income Distribution cum Capital Withdrawal Option (IDCW),93.5365
2026-03-23,119835,SBI CONTRA FUND - DIRECT PLAN - GROWTH,383.4174
2026-03-23,119836,SBI Conservative Hybrid Fund  - Direct Plan - Quarterly Income Distribution cum Capital Withdrawal Option (IDCW),24.3309
2026-03-23,119837,SBI Conservative Hybrid Fund - Direct Plan - Annual Income Distribution cum Capital Withdrawal Option (IDCW),31.7565
2026-03-23,119838,SBI Conservative Hybrid Fund - Direct Plan - Monthly Income Distribution cum Capital Withdrawal Option (IDCW),27.4591
2026-03-23,119839,SBI Conservative Hybrid Fund - Direct Plan - Growth,79.6334
2026-03-23,119840,SBI Multi Asset Allocation Fund - Direct Plan - Annual Income Distribution cum Capital Withdrawal Option (IDCW),39.4829
2026-03-23,119841,SBI Multi Asset Allocation Fund - Direct Plan - Monthly Income Distribution cum Capital Withdrawal Option (IDCW),31.118
2026-03-23,119842,SBI Multi Asset Allocation Fund - Direct Plan - Quarterly Income Distribution cum Capital Withdrawal Option (IDCW),32.9168
2026-03-23,119843,SBI MULTI ASSET ALLOCATION FUND - DIRECT PLAN - GROWTH,69.2997
2026-03-23,119861,Tata Liquid Fund- Direct Plan-Growth Option,4341.9793
2026-03-23,119862,Tata Liquid Fund- Direct Plan - Daily Reinvestment of IDCW Option,1001.5187
2026-03-23,119863,Tata Treasury Advantage Fund - Direct Plan - Growth Option,4216.3914
2026-03-23,119864,Tata Treasury Advantage Fund Direct Plan - Daily Reinvestment of IDCW Option,1002.7106
2026-03-23,119865,Tata Treasury Advantage Fund Direct Plan - Weekly Payout of IDCW Option,1007.7475
2026-03-23,119949,Tata Short Term Bond Fund - Direct Plan - Growth Option,54.7827
2026-03-23,119950,Tata Short Term Bond Fund Direct Plan - Monthly Payout of IDCW Option,24.8827
2026-03-23,119953,Tata Gilt Securities Fund- Direct Plan - Growth Option,86.8466
2026-03-23,119954,Tata Gilt Securities Fund - Direct Plan - Payout of IDCW Option,24.4539
2026-03-23,119957,Tata Treasury Advantage Fund Direct Plan - Periodic Payout of IDCW Option,2674.3717
2026-03-23,120029,HSBC Large Cap Fund - Direct IDCW,36.2913
2026-03-23,120030,HSBC Large Cap Fund - Direct Growth,485.0361
2026-03-23,120035,HSBC Brazil Fund - Growth Direct,11.472
2026-03-23,120036,HSBC Brazil Fund - IDCW Direct Plan,11.4621
2026-03-23,120037,HSBC Liquid Fund - Direct Daily IDCW,1001.4709
2026-03-23,120038,HSBC Liquid Fund -  Growth Direct,2739.8751
2026-03-23,120039,HSBC Liquid Fund - Direct Monthly IDCW,1041.7163
2026-03-23,120040,HSBC Liquid Fund - Direct Weekly IDCW,1196.123
2026-03-23,120043,HSBC Global Emerging Market Fund - Growth Direct,31.1335
2026-03-23,120044,HSBC Global Emerging Markets Fund - IDCW Direct Plan,26.3615
2026-03-23,120045,HSBC Flexi Cap Fund - Direct IDCW,39.3624
2026-03-23,120046,HSBC Flexi Cap Fund - Direct Growth,216.1018
2026-03-23,120059,HSBC Medium to Long Duration Fund - Direct Growth,47.577
2026-03-23,120073,HSBC Conservative Hybrid Fund - Direct Growth,67.9642
2026-03-23,120074,HSBC Conservative Hybrid Fund - Direct Monthly IDCW,16.8868
2026-03-23,120075,HSBC Conservative Hybrid Fund - Direct Quarterly IDCW,14.7415
2026-03-23,120084,PGIM India Dynamic Bond Fund - Direct Plan-Growth Option,3035.6455
2026-03-23,120086,PGIM India Dynamic Bond Fund - Direct Plan-Quarterly Dividend Option,1186.2499
2026-03-23,120101,HSBC Medium to Long Duration Fund - Direct Quarterly IDCW,10.4901
2026-03-23,120136,SBI Constant Maturity 10 Year Gilt Fund - Direct Plan - Income Distribution cum Capital Withdrawal Option (IDCW),21.9896
2026-03-23,120137,SBI CONSTANT MATURITY 10 YEAR GILT FUND - DIRECT PLAN - GROWTH,67.601
2026-03-23,120152,Kotak Large Cap  Fund - Growth - Direct,601.193
2026-03-23,120153,Kotak Large Cap Fund - Payout of Income Distribution cum capital withdrawal option - Direct,79.51
2026-03-23,120154,Kotak Debt Hybrid - Growth - Direct,66.978
2026-03-23,120155,Kotak Debt Hybrid - Monthly Payout of Income Distribution cum capital withdrawal option - Direct,13.2586
2026-03-23,120157,Kotak Large & Midcap Fund - IDCW-Direct,64.014
2026-03-23,120158,Kotak Large & Midcap Fund - Direct- Growth,362.769
2026-03-23,120163,Kotak-Small Cap Fund - Payout of Income Distribution cum capital withdrawal option - Direct,113.126
2026-03-23,120164,Kotak-Small Cap Fund - Growth - Direct,257.556
2026-03-23,120165,Kotak Flexicap Fund - Payout of Income Distribution cum capital withdrawal option- Direct,53.143
2026-03-23,120166,Kotak Flexicap Fund - Growth - Direct,87.019
2026-03-23,120185,ICICI Prudential US Bluechip Equity Fund - Direct Plan -  IDCW,79.91
2026-03-23,120186,ICICI Prudential US Bluechip Equity Fund - Direct Plan -  Growth,79.91
2026-03-23,120188,ICICI Prudential Liquid Fund - Direct Plan - Daily IDCW,100.1082
2026-03-23,120190,ICICI Prudential Liquid Fund - Direct Plan - Weekly IDCW,100.302
2026-03-23,120191,ICICI Prudential Liquid Fund - Direct Plan -  IDCW Others,188.7587
2026-03-23,120197,ICICI Prudential Liquid Fund - Direct Plan - Growth,406.9845
2026-03-23,120209,ICICI Prudential Money Market Fund Option - Direct Plan -  Daily IDCW,100.0632
2026-03-23,120211,ICICI Prudential Money Market Fund Option - Direct Plan -  Growth,401.1996
2026-03-23,120212,ICICI Prudential Money Market Fund Option - Direct Plan -  Weekly IDCW,100.8069
2026-03-23,120216,ICICI Prudential Money Market Fund Option - Direct Plan -  IDCW Others,183.8277
2026-03-23,120242,ICICI Prudential Multi Sector Passive FOF - Direct Plan - Growth,158.3661
2026-03-23,120243,ICICI Prudential Multi Sector Passive FOF - Direct Plan -  IDCW,124.7051
2026-03-23,120244,ICICI Prudential Banking and Financial Services Fund - Direct Plan -  Growth,134.1
2026-03-23,120245,ICICI Prudential Banking and Financial Services Fund - Direct Plan -  IDCW,61.62
2026-03-23,120248,LIC MF Liquid Fund-Direct Plan-Daily IDCW,1034.5466
2026-03-23,120249,LIC MF Liquid Fund-Direct Plan-Growth,4992.2703
2026-03-23,120251,ICICI Prudential Equity & Debt Fund - Direct Plan - Growth,419.65
2026-03-23,120252,ICICI Prudential Equity & Debt Fund - Direct Plan - Monthly IDCW,66.19
2026-03-23,120256,ICICI Prudential Banking and PSU Debt Fund - Direct Plan -  Growth,35.3609
2026-03-23,120258,ICICI Prudential Banking and PSU Debt Fund - Direct Plan -  Quarterly IDCW,12.8883
2026-03-23,120259,LIC MF ULIS (5 Yrs. Single Premium)-Direct Plan-IDCW Reinvestment,36.5224
2026-03-23,120260,LIC MF Aggressive Hybrid Fund-Direct Plan-IDCW,19.7762
2026-03-23,120261,LIC MF Aggressive Hybrid Fund-Direct Plan-Growth,203.0719
2026-03-23,120263,LIC MF Flexi Cap Fund-Direct Plan-IDCW,32.3676
2026-03-23,120264,LIC MF Flexi Cap Fund-Direct Plan-Growth,96.1969
2026-03-23,120267,LIC MF Large Cap Fund-Direct Plan-Growth,55.9168
2026-03-23,120268,LIC MF Large Cap Fund-Direct Plan-IDCW,35.2116
2026-03-23,120269,LIC MF ELSS Tax Saver-Direct Plan-IDCW,33.2824
2026-03-23,120270,LIC MF ELSS Tax Saver-Direct Plan-Growth,150.7204
2026-03-23,120274,LIC MF Conservative Hybrid Fund-Direct Plan-Quarterly IDCW,18.1501
2026-03-23,120275,LIC MF Conservative Hybrid Fund-Direct Plan-Yearly IDCW,14.6127
2026-03-23,120276,LIC MF Conservative Hybrid Fund-Direct Plan-Growth,91.0391
2026-03-23,120277,LIC MF Conservative Hybrid Fund-Direct Plan-Monthly IDCW,13.0426
2026-03-23,120278,LIC MF Medium to Long Duration Fund-Direct Plan-IDCW,19.2495
2026-03-23,120279,LIC MF Medium to Long Duration Fund-Direct Plan-Growth,79.6732
2026-03-23,120282,LIC MF Gilt Fund-Direct Plan-Growth,64.4486
2026-03-23,120283,LIC MF Gilt Fund-Direct Plan-IDCW,18.5668
2026-03-23,120285,LIC MF Children's Fund-Direct Plan-Growth,32.1745
2026-03-23,120299,UTI MMF - Direct Plan - Growth Option,3260.1224
2026-03-23,120304,UTI-  Liquid Cash Plan - Direct Plan - Growth Option,4508.3992
2026-03-23,120307,LIC MF Nifty 50 Index Fund-Direct Plan-Growth,134.1964
2026-03-23,120308,LIC MF BSE Sensex Index Fund-Direct Plan-Growth,145.8272
2026-03-23,120309,LIC MF Nifty 50 Index Fund-Direct Plan-IDCW,49.4455
2026-03-23,120312,LIC MF BSE Sensex Index Fund-Direct Plan-IDCW,48.889
2026-03-23,120313,ICICI Prudential Income plus Arbitrage Omni FOF - Direct Plan - Growth,69.7889
2026-03-23,120314,ICICI Prudential Income plus Arbitrage Omni FOF - Direct Plan - IDCW,53.9668
2026-03-23,120315,LIC MF Low Duration Fund-Direct Plan-Growth,44.7441
2026-03-23,120316,LIC MF Low Duration Fund-Direct Plan-Daily IDCW,10.043
2026-03-23,120317,LIC MF Low Duration Fund-Direct Plan-Monthly IDCW,23.367
2026-03-23,120318,LIC MF Low Duration Fund-Direct Plan-Weekly IDCW,15.5853
2026-03-23,120322,ICICI Prudential Value Fund (erstwhile Value Discovery Fund) - Direct Plan - IDCW,109.53
2026-03-23,120323,ICICI Prudential Value Fund (erstwhile Value Discovery Fund) - Direct Plan - Growth,485.16
2026-03-23,120332,Invesco India Balanced Advantage Fund - Direct Plan - IDCW (Payout / Reinvestment),21.05
2026-03-23,120333,Invesco India Balanced Advantage Fund - Direct Plan - Growth,59.06
2026-03-23,120334,ICICI Prudential Multi-Asset Fund - Direct Plan - Growth,831.8052
2026-03-23,120335,ICICI Prudential Multi-Asset Fund - Direct Plan - IDCW,55.7655
2026-03-23,120336,LIC MF Banking & PSU Fund-Direct Plan-Weekly IDCW,10.021
2026-03-23,120337,LIC MF Banking & PSU Fund-Direct Plan-Daily IDCW,14.2666
2026-03-23,120338,LIC MF Banking & PSU Fund-Direct Plan-Growth,38.7959
2026-03-23,120339,LIC MF Banking & PSU Fund-Direct Plan-Monthly IDCW,14.611
2026-03-23,120348,Invesco India Contra Fund - Direct Plan - Growth,137.91
2026-03-23,120349,Invesco India Contra Fund - Direct Plan - IDCW (Payout / Reinvestment),64.27
2026-03-23,120350,LIC MF Infrastructure Fund-Direct Plan-IDCW,51.3641
2026-03-23,120351,LIC MF Infrastructure Fund-Direct Plan-Growth,52.312
2026-03-23,120356,Invesco India Large & Mid Cap Fund - Direct Plan - IDCW (Payout / Reinvestment),48.16
2026-03-23,120357,Invesco India Large & Mid Cap Fund - Direct Plan - Growth,103.87
2026-03-23,120364,ICICI Prudential Arbitrage Fund - Direct Plan - Growth,38.5206
2026-03-23,120365,ICICI Prudential Arbitrage Fund - Direct Plan - IDCW,17.6564
2026-03-23,120376,ICICI Prudential Balanced Advantage Fund - Direct Plan -  IDCW,27.38
2026-03-23,120377,ICICI Prudential Balanced Advantage Fund - Direct Plan -  Growth,80.64
2026-03-23,120380,ICICI Prudential MidCap Fund - Direct Plan -  IDCW,59.95
2026-03-23,120381,ICICI Prudential MidCap Fund - Direct Plan -  Growth,323.62
2026-03-23,120384,Invesco India Financial Services Fund - Direct Plan - IDCW (Payout / Reinvestment),79.05
2026-03-23,120385,Invesco India Financial Services Fund - Direct Plan - Growth,153.59
2026-03-23,120388,Axis Liquid Fund - Direct Plan - Daily IDCW,1000.956
2026-03-23,120389,Axis Liquid Fund - Direct Plan - Growth Option,3059.0662
2026-03-23,120390,Axis Liquid Fund - Direct Plan - Weekly IDCW,1002.0913
2026-03-23,120391,Axis Liquid Fund - Direct Plan - Monthly IDCW,1004.5131
2026-03-23,120392,Invesco India Largecap Fund - Direct Plan - Growth,74.05
2026-03-23,120393,Invesco India Largecap Fund - Direct Plan - IDCW (Payout / Reinvestment),30.05
2026-03-23,120394,Invesco India PSU Equity Fund - Direct Plan - IDCW (Payout / Reinvestment),49.21
2026-03-23,120395,Invesco India PSU Equity Fund - Direct Plan - Growth,72.94
2026-03-23,120396,ICICI Prudential Savings Fund - Direct Plan - Weekly IDCW,105.4806
2026-03-23,120397,ICICI Prudential Savings Fund - Direct Plan - Daily IDCW,105.6564
2026-03-23,120398,ICICI Prudential Savings Fund - Direct Plan - Growth,576.2937
2026-03-23,120399,ICICI Prudential Savings Fund - Direct Plan - IDCW Others,193.3669
2026-03-23,120400,Invesco India Arbitrage Fund - Direct Plan - IDCW (Payout / Reinvestment),19.6472
2026-03-23,120401,Invesco India Arbitrage Fund - Direct Plan - Growth Option,36.1817
2026-03-23,120402,Invesco India Midcap Fund - Direct Plan - IDCW (Payout / Reinvestment),71.47
2026-03-23,120403,Invesco India Midcap Fund - Direct Plan - Growth Option,190.69
2026-03-23,120404,Invesco India Infrastructure Fund - Direct Plan - IDCW (Payout / Reinvestment),43.93
2026-03-23,120405,Invesco India Infrastructure Fund - Direct Plan - Growth Option,65.66
2026-03-23,120406,JM Liquid Fund (Direct) - Growth Option,75.0607
2026-03-23,120407,JM Liquid Fund (Direct) - Weekly IDCW,11.0154
2026-03-23,120408,JM Liquid Fund (Direct) - Quarterly IDCW,42.615
2026-03-23,120411,JM Liquid Fund (Direct) - Daily IDCW,10.4299
2026-03-23,120412,Invesco India Multicap Fund - Direct Plan - IDCW (Payout / Reinvestment),117.17
2026-03-23,120413,Invesco India Multicap Fund - Direct Plan - Growth Option,129.49
2026-03-23,120416,Invesco India ELSS Tax Saver Fund - Direct Plan - Growth,124.83
2026-03-23,120417,Invesco India ELSS Tax Saver Fund - Direct Plan - IDCW Payout,27.14
2026-03-23,120423,ICICI Prudential Floating Interest Fund - Direct Plan - Daily IDCW,100.1773
2026-03-23,120424,ICICI Prudential Floating Interest Fund - Direct Plan - Weekly IDCW,102.155
2026-03-23,120425,ICICI Prudential Floating Interest Fund - Direct Plan - Growth,486.0417
2026-03-23,120426,ICICI Prudential Floating Interest Fund - Direct Plan - IDCW Others,207.7994
2026-03-23,120430,JM Medium to Long Duration Fund (Direct) - Growth Option,70.6139
2026-03-23,120431,JM Medium to Long Duration Fund (Direct) - Quarterly IDCW,24.9519
2026-03-23,120432,JM Dynamic Bond Fund (Direct) - Daily IDCW,10.0527
2026-03-23,120433,JM Dynamic Bond Fund (Direct) - Weekly IDCW,10.5033
2026-03-23,120434,JM Dynamic Bond Fund (Direct) - IDCW,45.6161
2026-03-23,120435,JM Dynamic Bond Fund - (Direct) - Growth Option,45.3722
2026-03-23,120436,Axis Banking & PSU Debt Fund - Direct Plan - Weekly IDCW,1034.7132
2026-03-23,120437,Axis Banking & PSU Debt Fund - Direct Plan - Daily IDCW,1035.5391
2026-03-23,120438,Axis Banking & PSU Debt Fund - Direct Plan - Growth Option,2811.7429
2026-03-23,120439,Axis Banking & PSU Debt Fund - Direct Plan - Monthly IDCW,1030.3115
2026-03-23,120443,Invesco India Banking and PSU Fund - Direct Plan - Daily IDCW (Reinvestment),1059.0708
2026-03-23,120444,Invesco India Banking and PSU Fund - Direct Plan -  Growth Option,2503.576
2026-03-23,120445,Invesco India Banking and PSU Fund - Direct Plan - Monthly IDCW (Payout / Reinvestment),1005.893
2026-03-23,120447,Axis Gilt Fund - Direct Plan - Growth Option,27.5526
2026-03-23,120448,Axis Gilt Fund - Direct Plan - Half Yearly IDCW,12.2894
2026-03-23,120449,Axis Gilt Fund - Direct Plan - Regular IDCW,9.9333
2026-03-23,120450,Axis Dynamic Bond Fund - Direct Plan - Half Yearly IDCW,12.904
2026-03-23,120451,Axis Dynamic Bond Fund - Direct Plan - Growth Option,33.4656
2026-03-23,120452,Axis Dynamic Bond Fund - Direct Plan - Quarterly IDCW,11.313
2026-03-23,120465,Axis Large Cap Fund - Direct Plan - Growth,62.7
2026-03-23,120466,Axis Large Cap Fund - Direct Plan - IDCW,22.71
2026-03-23,120467,Axis Focused Fund - Direct Plan - IDCW,28.03
2026-03-23,120468,Axis Focused Fund - Direct Plan - Growth Option,55.08
2026-03-23,120472,Axis Gold Fund - Direct Plan - IDCW,41.7708
2026-03-23,120473,Axis Gold Fund - Direct Plan - Growth option,41.7319
2026-03-23,120474,Axis Strategic Bond Fund - Direct Plan - Half Yearly IDCW,12.0723
2026-03-23,120475,Axis Strategic Bond Fund - Direct Plan - Growth Option,32.1263
2026-03-23,120476,Axis Strategic Bond Fund - Direct Plan - Quarterly IDCW,10.491
2026-03-23,120477,Axis Conservative Hybrid Fund - Direct Plan - Annual IDCW,16.4869
2026-03-23,120478,Axis Conservative Hybrid Fund - Direct Plan - Half Yearly,13.4144
2026-03-23,120479,Axis Conservative Hybrid Fund - Direct Plan - Quarterly,12.8445
2026-03-23,120480,Axis Conservative Hybrid Fund - Direct Plan - Growth Option,35.0961
2026-03-23,120481,JM Arbitrage Fund (Direct)- IDCW,17.1441
2026-03-23,120482,JM Arbitrage Fund (Direct) - Growth Option,36.3812
2026-03-23,120483,JM Aggressive Hybrid Fund (Direct) - IDCW,67.568
2026-03-23,120484,JM Aggressive Hybrid Fund (Direct) - Growth Option,122.5565
2026-03-23,120485,JM Value Fund (Direct) - IDCW,62.0439
2026-03-23,120486,JM Value Fund (Direct) - Growth Option,91.0617
2026-03-23,120487,JM Focused Fund (Direct) -  IDCW,19.5944
2026-03-23,120488,JM Focused Fund (Direct)  - Growth Option,19.9937
2026-03-23,120489,JM Large Cap Fund (Direct) - IDCW,64.0283
2026-03-23,120490,JM Large Cap Fund (Direct) - Growth Option,159.4773
2026-03-23,120491,JM Flexicap Fund (Direct) - IDCW,87.4973
2026-03-23,120492,JM Flexicap Fund (Direct) - Growth Option,96.2619
2026-03-23,120493,JM ELSS Tax Saver Fund (Direct) - IDCW,47.3864
2026-03-23,120494,JM ELSS Tax Saver Fund (Direct) - Growth Option,48.5842
2026-03-23,120496,Invesco India Corporate Bond Fund - Direct Plan - Monthly IDCW (Payout / Reinvestment),1249.5648
2026-03-23,120497,Invesco India Corporate Bond Fund - Direct Plan - Growth,3515.9275
2026-03-23,120499,Invesco India Corporate Bond Fund - Direct Plan - Discretionary IDCW (Payout / Reinvestment),3517.0503
2026-03-23,120500,Invesco India Corporate Bond Fund - Direct Plan - Annual IDCW (Payout / Reinvestment),1207.8441
2026-03-23,120501,Invesco India Corporate Bond Fund - Direct Plan - Quarterly IDCW (Payout / Reinvestment),1152.0715
2026-03-23,120502,Axis ELSS Tax Saver Fund - Direct Plan - IDCW,44.7495
2026-03-23,120503,Axis ELSS Tax Saver Fund - Direct Plan - Growth Option,96.713
2026-03-23,120504,Axis Midcap Fund - Direct Plan - IDCW,46.48
2026-03-23,120505,Axis Midcap Fund - Direct Plan - Growth,119.92
2026-03-23,120506,Invesco India Money Market Fund - Direct Plan - Daily IDCW (Reinvestment),1011.7057
2026-03-23,120507,Invesco India Money Market Fund - Direct Plan - Growth,3289.65
2026-03-23,120508,Invesco India Money Market Fund - Direct Plan - Discretionary IDCW (Payout / Reinvestment),2947.0416
2026-03-23,120509,Invesco India Money Market Fund - Direct Plan - Monthly IDCW (Payout / Reinvestment),1199.6839
2026-03-23,120510,Axis Short Duration Fund - Direct Plan - Growth Option,35.1055
2026-03-23,120511,Axis Short Duration Fund - Direct Plan - Monthly IDCW,10.0057
2026-03-23,120512,Axis Short Duration Fund - Direct Plan - Weekly IDCW,10.2153
2026-03-23,120513,Axis Treasury Advantage Fund - Direct Plan - Growth Option,3388.8796
2026-03-23,120514,Axis Treasury Advantage Fund - Direct Plan - Weekly IDCW,1011.6343
2026-03-23,120515,Axis Treasury Advantage Fund - Direct Plan - Daily IDCW,1011.7013
2026-03-23,120516,Axis Treasury Advantage Fund - Direct Plan - Monthly IDCW,1011.1102
2026-03-23,120517,Aditya Birla Sun Life Equity Hybrid'95 Fund - Direct Plan-Growth,1575.84
2026-03-23,120518,Aditya Birla Sun Life Equity Hybrid'95 Fund -DIRECT - IDCW,273.07
2026-03-23,120519,Invesco India Gilt Fund - Direct Plan - Annual IDCW (Payout / Reinvestment),1166.0192
2026-03-23,120520,Invesco India Gilt Fund - Direct  Plan - Growth,3113.61
2026-03-23,120521,Invesco India Gilt Fund - Direct Plan - Monthly IDCW (Reinvestment),2429.6938
2026-03-23,120522,Invesco India Gilt Fund - Direct Plan - Quarterly IDCW (Payout / Reinvestment),1078.9721
2026-03-23,120523,Axis Multi Asset Allocation Fund - Direct Plan - Monthly IDCW,25.6571
2026-03-23,120524,Axis Multi Asset Allocation Fund - Direct Plan - Growth Option,47.9008
2026-03-23,120530,Invesco India Gold ETF Fund of Fund - Direct Plan - IDCW (Payout / Reinvestment),38.5614
2026-03-23,120531,Invesco India Gold ETF Fund of Fund - Direct Plan - Growth,38.6206
2026-03-23,120534,Invesco India Liquid Fund - Direct Plan- Daily IDCW (Reinvestment),1005.7829
2026-03-23,120535,Invesco India Liquid Fund - Direct Plan - Weekly IDCW (Reinvestment),1072.3773
2026-03-23,120536,Invesco India Liquid Fund - Direct Plan - Monthly IDCW (Payout / Reinvestment),1085.9514
2026-03-23,120537,Invesco India Liquid Fund - Direct Plan - Growth,3773.8832
2026-03-23,120538,Aditya Birla Sun Life Digital India Fund -DIRECT - IDCW,46.31
2026-03-23,120539,Aditya Birla Sun Life Digital India Fund - Growth - Direct Plan,154.44
2026-03-23,120541,Invesco India Ultra Short Duration Fund - Direct Plan - Growth,3005.8409
2026-03-23,120542,Invesco India Ultra Short Duration Fund - Direct Plan - Monthly IDCW (Payout / Reinvestment),2036.8103
2026-03-23,120543,Invesco India Ultra Short Duration Fund - Direct Plan - Annual IDCW (Payout / Reinvestment),2140.3721
2026-03-23,120544,Invesco India Ultra Short Duration Fund - Direct Plan - Quarterly IDCW (Payout / Reinvestment),1026.1269
2026-03-23,120545,Aditya Birla Sun Life Gold Fund-DIRECT - IDCW,40.4047
2026-03-23,120546,Aditya Birla Sun Life Gold Fund - Growth - Direct Plan,40.4059
2026-03-23,120550,Aditya Birla Sun Life Regular Savings Fund - DIRECT - MONTHLY IDCW,26.3704
2026-03-23,120558,UTI Liquid Fund - Direct Plan - Daily IDCW (Reinvestment),1063.5551
2026-03-23,120559,Invesco India Short Duration Fund - Direct Plan - Daily IDCW (Reinvestment),1029.1242
2026-03-23,120560,Invesco India Short Duration Fund - Direct Plan - Growth,4082.9234
2026-03-23,120561,Invesco India Short Duration Fund - Direct Plan - Monthly IDCW (Payout / Reinvestment),2686.7128
2026-03-23,120562,Invesco India Short Duration Fund - Direct Plan -Weekly IDCW (Reinvestment),1019.6941
2026-03-23,120563,Invesco India Short Duration Fund - Direct Plan -Discretionary IDCW (Payout / Reinvestment),2880.5059
2026-03-23,120564,Aditya Birla Sun Life Flexi Cap Fund - Growth - Direct Plan,1869.05
2026-03-23,120565,Aditya Birla Sun Life Flexi Cap Fund -DIRECT - IDCW,203.5
2026-03-23,120566,Invesco India Low Duration Fund - Direct Plan -Daily IDCW (Reinvestment),1018.2608
2026-03-23,120567,Invesco India Low Duration Fund - Direct Plan - Discretionary IDCW (Payout / Reinvestment),4109.3469
2026-03-23,120568,Invesco India Low Duration Fund - Direct Plan - Weekly IDCW (Payout / Reinvestment),1206.2391
2026-03-23,120570,Invesco India Low Duration Fund - Direct Plan - Growth,4107.4979
2026-03-23,120571,Invesco India Low Duration Fund - Direct Plan - Monthly IDCW (Payout / Reinvestment),1086.1926
2026-03-23,120575,SBI CONSUMPTION OPPORTUNITIES FUND - DIRECT PLAN - GROWTH,298.1703
2026-03-23,120576,SBI CONSUMPTION OPPORTUNITIES FUND - REGULAR - GROWTH,259.4918
2026-03-23,120577,SBI TECHNOLOGY OPPORTUNITIES FUND - REGULAR PLAN - GROWTH,179.5166
2026-03-23,120578,SBI TECHNOLOGY OPPORTUNITIES FUND - DIRECT PLAN - GROWTH,205.8558
2026-03-23,120579,ICICI Prudential Children's Fund - Direct Plan,325.47
2026-03-23,120585,ICICI Prudential Large Cap Fund (erstwhile Bluechip Fund)  - Direct Plan - IDCW,55.97
2026-03-23,120586,ICICI Prudential Large Cap Fund (erstwhile Bluechip Fund) - Direct Plan - Growth,110.63
2026-03-23,120587,ICICI Prudential FMCG Fund - Direct Plan -  Growth,434.75
2026-03-23,120588,ICICI Prudential FMCG Fund - Direct Plan -  IDCW,142.73
2026-03-23,120589,ICICI Prudential Gilt Fund - Direct Plan - IDCW,17.9977
2026-03-23,120590,ICICI Prudential Gilt Fund - Direct Plan - Growth,112.7797
2026-03-23,120591,ICICI Prudential Smallcap Fund - Direct Plan - Growth,84.41
2026-03-23,120592,ICICI Prudential ELSS Tax Saver Fund - Direct Plan - Growth,938.59
2026-03-23,120593,ICICI Prudential ELSS Tax Saver Fund - Direct Plan - IDCW,40.97
2026-03-23,120594,ICICI Prudential Technology Fund - Direct Plan -  Growth,181.27
2026-03-23,120595,ICICI Prudential Technology Fund - Direct Plan -  IDCW,110.66
2026-03-23,120596,ICICI Prudential Large & Mid Cap Fund - Direct Plan - Growth,1037.41
2026-03-23,120597,ICICI Prudential Large & Mid Cap Fund - Direct Plan - IDCW,48.47
2026-03-23,120598,ICICI Prudential Multicap Fund - Direct Plan -  IDCW,53.58
2026-03-23,120599,ICICI Prudential Multicap Fund - Direct Plan -  Growth,801.45
2026-03-23,120600,ICICI Prudential All Seasons Bond Fund - Direct Plan - IDCW,26.6828
2026-03-23,120601,ICICI Prudential All Seasons Bond Fund - Direct Plan - Annual IDCW,11.161
2026-03-23,120602,ICICI Prudential All Seasons Bond Fund - Direct Plan - Quarterly IDCW,11.966
2026-03-23,120603,ICICI Prudential All Seasons Bond Fund - Direct Plan - Growth,41.1181
2026-03-23,120604,ICICI Prudential All Seasons Bond Fund - Direct Plan - Weekly IDCW,10.485
2026-03-23,120613,ICICI Prudential Regular Savings Fund - Direct Plan - Half Yearly IDCW,16.1382
2026-03-23,120614,ICICI Prudential Regular Savings Fund - Direct Plan - Quarterly IDCW,14.4965
2026-03-23,120615,ICICI Prudential Regular Savings Fund - Direct Plan - Monthly IDCW,15.8723
2026-03-23,120616,ICICI Prudential Regular Savings Fund - Direct Plan - Growth,83.893
2026-03-23,120617,ICICI Prudential Bond Fund - Direct Plan - IDCW Monthly,11.4119
2026-03-23,120618,ICICI Prudential Bond Fund - Direct Plan - IDCW Quarterly,11.6413
2026-03-23,120619,ICICI Prudential Bond Fund - Direct Plan - Growth,43.4447
2026-03-23,120620,ICICI Prudential Nifty 50 Index Fund - Direct Plan Cumulative Option,236.6465
2026-03-23,120621,ICICI Prudential Infrastructure Fund - Direct Plan -  Growth,190.79
2026-03-23,120622,ICICI Prudential Infrastructure Fund - Direct Plan -  IDCW,41.69
2026-03-23,120656,UTI Large Cap Fund - Direct Plan - Growth Option,266.7456
2026-03-23,120657,UTI Large Cap Fund - Direct Plan - IDCW,56.6948
2026-03-23,120662,UTI - Flexi Cap Fund-Growth Option - Direct,288.8744
2026-03-23,120663,UTI Flexi Cap Fund - Direct Plan - IDCW,192.2413
2026-03-23,120664,UTI Large & Mid Cap Fund - Direct Plan - IDCW,87.6871
2026-03-23,120665,UTI Large & Mid Cap Fund - Direct Plan - Growth Option,178.4401
2026-03-23,120670,ICICI Prudential Medium Term Bond Fund - Direct Plan - Growth,51.5189
2026-03-23,120671,ICICI Prudential Medium Term Bond Fund - Direct Plan - Quarterly IDCW,11.356
2026-03-23,120673,UTI Aggressive Hybrid Fund - Direct Plan - IDCW,42.9454
2026-03-23,120674,UTI Aggressive Hybrid Fund -Direct Plan - Growth,409.6001
2026-03-23,120675,ICICI Prudential Ultra Short Term Fund - Direct Plan -  Quarterly IDCW,11.2813
2026-03-23,120676,ICICI Prudential Ultra Short Term Fund - Direct Plan -  Growth,31.3245
2026-03-23,120677,ICICI Prudential Ultra Short Term Fund - Direct Plan -  Monthly IDCW,10.806
2026-03-23,120679,ICICI Prudential Dynamic Asset Allocation Active FOF - Direct Plan - Growth,128.402
2026-03-23,120680,ICICI Prudential Dynamic Asset Allocation Active FOF - Direct Plan - IDCW,100.6924
2026-03-23,120681,UTI MNC Fund - Direct Plan - IDCW,202.7235
2026-03-23,120682,UTI - MNC Fund - Growth Option - Direct,390.8053
2026-03-23,120683,ICICI Prudential Nifty Next 50 Index Fund - Direct Plan -  IDCW,56.9891
2026-03-23,120684,ICICI Prudential Nifty Next 50 Index Fund - Direct Plan -  Growth,57.0105
2026-03-23,120685,ICICI Prudential Gold ETF FOF - Direct Plan - Growth,42.3647
2026-03-23,120686,ICICI Prudential Gold ETF FOF - Direct Plan - IDCW,42.3687
2026-03-23,120687,ICICI Prudential Exports & Services Fund - Direct Plan - IDCW,69.25
2026-03-23,120688,ICICI Prudential Exports & Services Fund - Direct Plan - Growth,162.8
2026-03-23,120689,UTI Medium to Long Duration Fund-Growth - Direct,81.0369
2026-03-23,120690,UTI Medium to Long Duration Fund - Direct Plan - Quarterly IDCW,25.574
2026-03-23,120692,ICICI Prudential Corporate Bond Fund - Direct Plan - Growth,32.4765
2026-03-23,120694,ICICI Prudential Corporate Bond Fund - Direct Plan - Quarterly IDCW,15.3585
2026-03-23,120697,ICICI Prudential Corporate Bond Fund - Direct Plan - Monthly IDCW,10.1917
2026-03-23,120700,ICICI Prudential Aggressive Hybrid Active FOF - Direct Plan - Growth,219.9666
2026-03-23,120702,ICICI Prudential Diversified Debt Strategy Active FOF  - Direct Plan - Growth,48.2428
2026-03-23,120703,ICICI Prudential Diversified Debt Strategy Active FOF - Direct Plan -  IDCW,42.4727
2026-03-23,120705,Aditya Birla Sun Life Regular Savings Fund - Growth / Payment - Direct Plan,75.4461
2026-03-23,120709,ICICI Prudential Credit Risk Fund - Direct Plan - Quarterly IDCW,11.7874
2026-03-23,120711,ICICI Prudential Credit Risk Fund - Direct Plan - Growth,36.9902
2026-03-23,120714,UTI ELSS Tax Saver Fund - Direct Plan - IDCW,48.1543
2026-03-23,120715,UTI ELSS Tax Saver Fund - Direct Plan - Growth Option,204.3353
2026-03-23,120716,UTI Nifty 50 Index Fund - Growth Option- Direct,157.3908
2026-03-23,120717,UTI Nifty 50 Index Fund - Direct Plan - IDCW,79.2957
2026-03-23,120718,UTI Short Duration Fund - Direct Plan - Growth Option,34.97
2026-03-23,120719,UTI Short Duration Fund - Direct Plan - Quarterly IDCW,19.7731
2026-03-23,120722,ICICI Prudential Focused Equity Fund - Direct Plan - Growth,96.6
2026-03-23,120723,ICICI Prudential Focused Equity Fund - Direct Plan - IDCW,56.23
2026-03-23,120724,UTI Children's Equity Fund - Direct Plan - Growth Option,82.4755
2026-03-23,120725,UTI Children's Equity Fund - Direct Plan - IDCW,82.6179
2026-03-23,120726,UTI Mid Cap Fund-Growth Option- Direct,297.5381
2026-03-23,120727,UTI Mid Cap Fund - Direct Plan - IDCW,146.4194
2026-03-23,120728,UTI Infrastructure Fund-Growth Option- Direct,134.522
2026-03-23,120729,UTI Infrastructure Fund - Direct Plan - IDCW,70.3958
2026-03-23,120730,UTI Transportation and Logistics Fund - Direct Plan - IDCW,134.1649
2026-03-23,120731,UTI-Transportation and Logistics  Fund-Growth Option- Direct,290.0872
2026-03-23,120732,UTI Banking and Financial Services Fund - Direct Plan - IDCW,78.0291
2026-03-23,120733,UTI Banking and Financial Services Fund - Direct Plan - Growth Option,199.3678
2026-03-23,120734,UTI Low Duration Fund - Direct Plan - Quarterly IDCW,2016.673
2026-03-23,120735,UTI Low Duration Fund - Direct Plan - Growth Option,3761.2576
2026-03-23,120736,UTI Low Duration Fund - Direct Plan - Monthly IDCW,1468.5021
2026-03-23,120737,UTI Low Duration Fund - Direct Plan - Daily IDCW (Reinvestment),1436.0308
2026-03-23,120739,UTI Low Duration Fund - Direct Plan - Weekly IDCW,1021.2859
2026-03-23,120743,ICICI Prudential Long Term Bond Fund - Direct Plan - Growth,97.7314
2026-03-23,120744,UTI Ultra Short Duration Fund - Direct Plan - Daily IDCW (Reinvestment),1580.347
2026-03-23,120745,UTI Ultra Short Duration Fund - Direct Plan - Weekly IDCW (Reinvestment),1083.5806
2026-03-23,120746,UTI Ultra Short Duration Fund - Direct Plan - Growth Option,4750.3043
2026-03-23,120747,ICICI Prudential Long Term Bond Fund - Direct Plan - Quarterly IDCW,12.5805
2026-03-23,120749,UTI-Dividend Yield Fund.-Growth-Direct,177.0164
2026-03-23,120750,UTI Dividend Yield Fund - Direct Plan - IDCW,37.155
2026-03-23,120751,UTI Value Fund - Direct Plan - Growth Option,165.8273
2026-03-23,120752,UTI Value Fund - Direct Plan - IDCW,54.0823
2026-03-23,120754,ICICI Prudential Short Term Fund - Direct Plan - Growth Option,68.4314
2026-03-23,120755,ICICI Prudential Short Term Fund - Direct Plan - Monthly IDCW,12.6504
2026-03-23,120760,UTI Multi Asset Allocation Fund - Direct Plan - Growth Option,80.3374
2026-03-23,120761,UTI Multi Asset Allocation Fund - Direct Plan - IDCW,32.0063
2026-03-23,120762,UTI Dynamic Bond Fund - Direct Plan - Growth Option,34.5916
2026-03-23,120763,UTI Dynamic Bond Fund - Direct Plan - Quarterly IDCW,26.6196
2026-03-23,120764,UTI Credit Risk Fund - Direct Plan - Growth Option,20.1546
2026-03-23,120765,UTI Credit Risk Fund - Direct Plan - Quarterly IDCW,14.2221
2026-03-23,120766,UTI Retirement Fund- Direct Plan,52.2592
2026-03-23,120771,UTI Children's Hybrid Fund - Direct Plan,39.3164
2026-03-23,120772,UTI Money Market Fund - Direct Plan - Daily IDCW (Reinvestment),1030.2291
2026-03-23,120777,UTI Liquid Fund - Direct Plan - Weekly IDCW,1156.243
2026-03-23,120778,UTI Conservative Hybrid Fund - Direct Plan - Monthly IDCW,18.8231
2026-03-23,120779,UTI Conservative Hybrid Fund - Direct Plan - Growth Option,73.9095
2026-03-23,120780,UTI India Consumer Fund - Direct Plan - Growth Option,54.1257
2026-03-23,120781,UTI India Consumer Fund - Direct Plan - IDCW,47.5162
2026-03-23,120782,UTI Healthcare Fund - Direct Plan - Growth Option,304.8536
2026-03-23,120783,UTI Healthcare Fund - Direct Plan - IDCW,235.6295
2026-03-23,120784,UTI - Unit Linked Insurance Plan- Direct,42.6929
2026-03-23,120785,UTI - Overnight Fund - Direct Plan - Growth Option,3682.0541
2026-03-23,120786,UTI Overnight Fund - Direct Plan - Periodic IDCW,1932.3932
2026-03-23,120789,UTI Conservative Hybrid Fund - Direct Plan - Flexi IDCW,48.0125
2026-03-23,120790,UTI Conservative Hybrid Fund - Direct Plan - Monthly Payment Option,72.7049
2026-03-23,120791,UTI Gilt Fund - Direct Plan - IDCW,30.7435
2026-03-23,120792,UTI - GILT FUND - Direct Plan - Growth Option,66.4312
2026-03-23,120793,UTI Money Market Fund - Direct Plan - Weekly IDCW,1114.809
2026-03-23,120794,UTI Liquid Fund - Direct Plan - Monthly IDCW,1046.0985
2026-03-23,120795,UTI Arbitrage Fund - Direct Plan - Growth Option,39.0596
2026-03-23,120796,UTI Arbitrage Fund - Direct Plan - IDCW,22.8481
2026-03-23,120818,quant Aggressive Hybrid Fund-IDCW Option-Direct Plan,59.6632
2026-03-23,120819,quant Aggressive Hybrid Fund-Growth Option-Direct Plan,430.7671
2026-03-23,120820,quant Multi Asset Allocation Fund - IDCW Option - Direct Plan,150.7241
2026-03-23,120821,quant Multi Asset Allocation Fund-GROWTH OPTION-Direct Plan,163.5472
2026-03-23,120822,quant Multi Cap Fund-IDCW Option - Direct Plan,68.5401
2026-03-23,120823,quant Multi Cap Fund-GROWTH OPTION-Direct Plan,591.8333
2026-03-23,120825,quant Large & Mid Cap Fund - IDCW Option - Direct Plan,51.05
2026-03-23,120826,quant Large & Mid Cap Fund - Growth Option-Direct Plan,109.6376
2026-03-23,120827,quant Small Cap Fund - IDCW Option - Direct Plan,188.3871
2026-03-23,120828,quant Small Cap Fund - Growth Option - Direct Plan,240.9988
2026-03-23,120832,quant Infrastructure Fund - IDCW Option - Direct Plan,35.6796
2026-03-23,120833,quant Infrastructure Fund - Growth Option-Direct Plan,35.708
2026-03-23,120834,quant Focused Fund - Growth Option-Direct Plan,81.6427
2026-03-23,120835,quant Focused Fund - IDCW Option - Direct Plan,47.726
2026-03-23,120836,quant Liquid Fund-Daily IDCW Option - Direct Plan,13.1994
2026-03-23,120837,quant Liquid Fund - Growth Option - Direct Plan,44.1905
2026-03-23,120838,quant Liquid Fund - Monthly IDCW Option - Direct Plan,15.7835
2026-03-23,120839,quant Liquid Fund - Weekly IDCW Option - Direct Plan,14.6667
2026-03-23,120840,quant Mid Cap Fund - IDCW Option - Direct Plan,73.8012
2026-03-23,120841,quant Mid Cap Fund - Growth Option - Direct Plan,210.115
2026-03-23,120842,quant Flexi Cap Fund - IDCW Option - Direct Plan,66.9933
2026-03-23,120843,quant Flexi Cap Fund - Growth Option-Direct Plan,98.5564
2026-03-23,120846,quant ELSS Tax Saver Fund - IDCW Option - Direct Plan,50.492
2026-03-23,120847,quant ELSS Tax Saver Fund - Growth Option - Direct Plan,378.7707
2026-03-23,120870,ICICI Prudential Smallcap Fund - Direct Plan - IDCW,58.41
2026-03-23,121109,SBI BSE SENSEX ETF,804.7731
2026-03-23,121146,Nippon India ETF Nifty 100,244.0072
2026-03-23,121279,Bandhan Banking and PSU Fund - Direct Growth,26.222
2026-03-23,121280,Bandhan Banking and PSU Fund - Regular Growth,25.4233
2026-03-23,121281,Bandhan Banking and PSU Fund - Direct IDCW,13.7933
2026-03-23,121282,Bandhan Banking and PSU Fund - Regular IDCW,13.7285
2026-03-23,121366,ICICI Prudential Nifty 50 ETF,253.4112
2026-03-23,121891,UTI Ultra Short Duration Fund - Regular Plan - Flexi IDCW,1701.3494
2026-03-23,121892,UTI Ultra Short Duration Fund - Direct Plan - Flexi IDCW,2304.7305
2026-03-23,121931,Bandhan Banking and PSU Fund - Regular Fortnightly IDCW,10.596
2026-03-23,121932,Bandhan Banking and PSU Fund - Regular Monthly IDCW,10.6593
2026-03-23,121933,Bandhan Banking and PSU Fund - Regular Annual IDCW,11.7132
2026-03-23,121934,Bandhan Banking and PSU Fund - Direct Fortnightly IDCW,10.4419
2026-03-23,121935,Bandhan Banking and PSU Fund - Direct Monthly IDCW,10.4176
2026-03-23,121936,Bandhan Banking and PSU Fund - Direct Annual IDCW,12.7782
2026-03-23,121937,Bandhan Banking and PSU Fund - Regular Quarterly IDCW,10.9042
2026-03-23,121938,Bandhan Banking and PSU Fund - Direct Quarterly IDCW,11.0128
2026-03-23,121940,SBI Medium to Long Duration Fund - Direct Plan - Quarterly Income Distribution cum Capital Withdrawal Option (IDCW),22.581
2026-03-23,121944,SBI Medium to Long Duration Fund - Regular Plan - Quarterly Income Distribution cum Capital Withdrawal Option (IDCW),20.1875
2026-03-23,122168,ICICI Prudential Balanced Advantage Fund - Monthly IDCW,21.1
2026-03-23,122236,ICICI Prudential Balanced Advantage Fund - Direct Plan - Monthly IDCW,25.38
2026-03-23,122387,Motilal Oswal Focused Fund - Regular Plan Growth Option,39.3504
2026-03-23,122388,Motilal Oswal Focused Fund Regular - IDCW Payout/Reinvestment,17.4541
2026-03-23,122389,Motilal Oswal Focused Fund - Direct Plan Growth Option,46.3534
2026-03-23,122390,Motilal Oswal Focused Fund Direct - IDCW Payout/Reinvestment,20.4716
2026-03-23,122443,Franklin India Money Market Fund Retail Option - Daily - IDCW,10.0787
2026-03-23,122444,Franklin India Money Market Fund Retail Option - Direct - Daily - IDCW,10.0901
2026-03-23,122531,ICICI Prudential Savings Fund - Monthly IDCW,101.7429
2026-03-23,122612,360 ONE Dynamic Bond Fund - Regular Plan - Growth Option,23.3183
2026-03-23,122618,BANDHAN Dynamic Bond Fund-Direct Plan-Half Yearly IDCW,11.155
2026-03-23,122639,Parag Parikh Flexi Cap Fund - Direct Plan - Growth,86.5918
2026-03-23,122640,Parag Parikh Flexi Cap Fund - Regular Plan - Growth,79.1103
2026-03-23,122643,Aditya Birla Sun Life Floating Rate Fund-Regular - DAILY IDCW,100.4418
2026-03-23,122644,Aditya Birla Sun Life Floating Rate Fund-Regular Plan-Growth,362.6408
2026-03-23,122645,Aditya Birla Sun Life Floating Rate Fund-Direct - daily IDCW,100.0756
2026-03-23,122646,Aditya Birla Sun Life Floating Rate Fund-Direct Plan-Growth,373.264
2026-03-23,122647,Aditya Birla Sun Life Floating Rate Fund-REGULAR - WEEKLY IDCW,101.0102
2026-03-23,122648,Aditya Birla Sun Life Floating Rate Fund-Direct - weekly IDCW,101.0723
2026-03-23,122649,Aditya Birla Sun Life Floating Rate Fund-RETAIL - WEEKLY IDCW,101.1404
2026-03-23,122650,Aditya Birla Sun Life Floating Rate Fund-Retail Plan-Growth,524.5141
2026-03-23,122651,ICICI Prudential Savings Fund - Direct Plan - Monthly IDCW,101.7542
2026-03-23,122711,360 ONE Dynamic Bond Fund Regular Plan Bonus,23.3182
2026-03-23,122712,360 ONE Dynamic Bond Fund Regular Plan Quarterly Dividend,22.5022
2026-03-23,122715,360 ONE Dynamic Bond Fund Direct Plan Growth,24.6456
2026-03-23,122717,360 ONE Dynamic Bond Fund Direct Plan Quarterly Dividend,22.7389
2026-03-23,122719,360 ONE Dynamic Bond Fund Regular Plan Monthly Dividend,12.9
2026-03-23,122720,360 ONE Dynamic Bond Fund Regular Plan Half Yearly Dividend,22.502
2026-03-23,122721,360 ONE Dynamic Bond Fund Direct Plan Monthly Dividend,13.9691
2026-03-23,122748,ICICI Prudential Savings Fund - Fortnightly IDCW,101.6642
2026-03-23,122765,NIPPON INDIA AGGRESSIVE HYBRID FUND - QUARTERLY IDCW Option,20.6856
2026-03-23,122766,NIPPON INDIA AGGRESSIVE HYBRID FUND - DIRECT Plan - QUARTERLY IDCW Option,22.9305
2026-03-23,122868,BANDHAN Dynamic Bond Fund - Regular Plan B - Half Yearly IDCW,10.9096
2026-03-23,122904,ICICI Prudential Savings Fund - Direct Plan - Fortnightly IDCW,101.6691
2026-03-23,122982,ICICI Prudential Savings Fund - Direct Plan - Quarterly IDCW,110.8389
2026-03-23,122995,ICICI Prudential Savings Fund - Quarterly IDCW,110.5278
2026-03-23,123004,ICICI Prudential Nifty 100 ETF,25.669
2026-03-23,123287,DSP Savings Fund - Regular Plan - IDCW - Daily,10.0965
2026-03-23,123288,DSP Savings Fund - Direct Plan -  IDCW - Daily,10.1474
2026-03-23,123646,UTI Annual Interval Fund - I - Direct Plan - Growth Option,36.1083
2026-03-23,123651,ICICI Prudential Global Stable Equity Fund (FOF) - Growth,30.98
2026-03-23,123652,ICICI Prudential Global Stable Equity Fund (FOF) - Direct - IDCW,33.53
2026-03-23,123653,ICICI Prudential Global Stable Equity Fund (FOF) - IDCW,30.98
2026-03-23,123654,ICICI Prudential Global Stable Equity Fund (FOF) - Direct - Growth,33.53
2026-03-23,123663,UTI Annual Interval Fund - I - Direct Plan - Dividend Option,11.2198
2026-03-23,123690,Kotak Banking and PSU Debt - Growth,67.6886
2026-03-23,123691,Kotak Banking and PSU Debt - Monthly Payout of Income Distribution cum capital withdrawal option,12.7171
2026-03-23,123692,Kotak Banking and PSU Debt Direct - Monthly Payout of Income Distribution cum capital withdrawal option,10.2188
2026-03-23,123693,Kotak Banking and PSU Debt Direct - Growth,70.7063
2026-03-23,123704,Groww Short Term Fund (formerly known as Indiabulls Short Term Fund) - Direct Plan - Growth Option,2477.9031
2026-03-23,123705,Groww Short Term Fund (formerly known as Indiabulls Short Term Fund)- Direct Plan- Weekly - Income Distribution cum capital withdrawal Option (Payout & Reinvestment),1017.0895
2026-03-23,123706,Groww Short Term Fund (formerly known as Indiabulls Short Term Fund)- Direct Plan- Fortnightly - Income Distribution cum capital withdrawal Option (Payout & Reinvestment),1016.7572
2026-03-23,123707,Groww Short Term Fund (formerly known as Indiabulls Short Term Fund)- Direct Plan- Monthly - Income Distribution cum capital withdrawal Option (Payout & Reinvestment),1017.1498
2026-03-23,123708,Groww Short Term Fund (formerly known as Indiabulls Short Term Fund )- Regular Plan - Growth Option,2147.4379
2026-03-23,123709,Groww Short Term Fund (formerly known as Indiabulls Short Term Fund)- Regular Plan- Weekly - Income Distribution cum capital withdrawal Option (Payout & Reinvestment),1016.6994
2026-03-23,123710,Groww Short Term Fund (formerly known as Indiabulls Short Term Fund)- Regular Plan- Fortnightly - Income Distribution cum capital withdrawal Option (Payout & Reinvestment),1016.4409
2026-03-23,123711,Groww Short Term Fund (formerly known as Indiabulls Short Term Fund)- Regular Plan- Monthly - Income Distribution cum capital withdrawal Option (Payout & Reinvestment),1022.96
2026-03-23,124172,DSP Banking & PSU Debt Fund - Regular Plan - Growth,24.6446
2026-03-23,124173,DSP Banking & PSU Debt Fund - Regular Plan - IDCW - Daily Reinvest,10.1153
2026-03-23,124174,DSP Banking & PSU Debt Fund - Regular Plan - IDCW,10.7523
2026-03-23,124175,DSP Banking & PSU Debt Fund - Direct Plan - Growth,25.5679
2026-03-23,124176,DSP Banking & PSU Debt Fund - Direct Plan - IDCW - Monthly,10.3224
2026-03-23,124177,DSP Banking & PSU Debt Fund - Direct Plan - IDCW - Quarterly,10.4249
2026-03-23,124178,DSP Banking & PSU Debt Fund - Direct Plan - IDCW,10.7824
2026-03-23,124179,DSP Banking & PSU Debt Fund - Regular Plan - IDCW - Weekly,10.1193
2026-03-23,124180,DSP Banking & PSU Debt Fund - Regular Plan - IDCW - Monthly,10.3091
2026-03-23,124181,DSP Banking & PSU Debt Fund - Regular Plan - IDCW - Quarterly,10.4109
2026-03-23,124182,DSP Banking & PSU Debt Fund - Direct Plan - IDCW - Daily Reinvest,10.1169
2026-03-23,124183,DSP Banking & PSU Debt Fund - Direct Plan - IDCW - Weekly,10.1207
2026-03-23,124233,Motilal Oswal Ultra Short Term Fund (MOFUSTF)-Regular Plan- Growth,17.0522
2026-03-23,124234,Motilal Oswal Ultra Short Term Fund (MOFUSTF) -Direct Plan- Growth,18.1595
2026-03-23,124265,UTI Overnight Fund - Regular Plan - Daily IDCW,1370.8617
2026-03-23,124266,UTI Overnight Fund - Direct Plan - Daily IDCW,1371.6621
2026-03-23,124303,Motilal Oswal Ultra Short Term Fund Regular - IDCW Daily Reinvestment,11.4495
2026-03-23,124305,Motilal Oswal Ultra Short Term Fund Regular - IDCW Quarterly Payout/Reinvestment,11.7565
2026-03-23,124306,Motilal Oswal Ultra Short Term Fund Direct - IDCW Weekly Reinvestment,11.7263
2026-03-23,124308,Motilal Oswal Ultra Short Term Fund Direct Plan - IDCW Monthly Payout/Reinvestment,11.7744
2026-03-23,124310,Motilal Oswal Ultra Short Term Fund Regular - IDCW Weekly Reinvestment,11.4626
2026-03-23,124311,Motilal Oswal Ultra Short Term Fund Direct - IDCW Fortnightly Reinvestment,11.8085
2026-03-23,124312,Motilal Oswal Ultra Short Term Fund Direct - IDCW Quarterly Payout/Reinvestment,12.1024
2026-03-23,124313,Motilal Oswal Ultra Short Term Fund Regular - IDCW Fortnightly Reinvestment,11.5111
2026-03-23,124315,Motilal Oswal Ultra Short Term Fund Regular - IDCW Monthly Payout/Reinvestment,11.4966
2026-03-23,124316,Motilal Oswal Ultra Short Term Fund Direct - IDCW Daily Reinvestment,11.7326
2026-03-23,124589,NIPPON INDIA FLOATER FUND - IDCW Option,21.1754
2026-03-23,124590,NIPPON INDIA FLOATER FUND - DIRECT Plan - IDCW Option,22.0629
2026-03-23,124832,Aditya Birla Sun Life Corporate Bond Fund -DIRECT - IDCW,11.0018
2026-03-23,124833,Aditya Birla Sun Life Corporate Bond Fund -REGULAR - IDCW,12.3399
2026-03-23,124962,UTI Short Duration Fund - Direct Plan - Flexi IDCW,19.3153
2026-03-23,125045,UTI Short Duration Fund - Regular Plan - Flexi IDCW,18.7047
2026-03-23,125259,360 ONE LIQUID FUND REGULAR PLAN  GROWTH,2093.0896
2026-03-23,125264,NIPPON INDIA LOW DURATION FUND - DIRECT Plan - IDCW Option,2193.4178
2026-03-23,125265,NIPPON INDIA LOW DURATION FUND - IDCW Option,2070.1167
2026-03-23,125266,NIPPON INDIA CORPORATE BOND FUND - DIRECT Plan - IDCW Option,20.6461
2026-03-23,125267,NIPPON INDIA CORPORATE BOND FUND - IDCW Option,19.8345
2026-03-23,125268,NIPPON INDIA SHORT DURATION FUND - IDCW Option,22.2508
2026-03-23,125269,NIPPON INDIA SHORT DURATION FUND - Direct Plan - IDCW Option,24.2562
2026-03-23,125301,PGIM India Midcap Fund - Direct Plan - Dividend Option - Payout,53.97
2026-03-23,125305,PGIM India Midcap Fund - Regular Plan - Growth Option,55.76
2026-03-23,125306,PGIM India Midcap Fund - Regular Plan - Dividend Option - Payout,21.84
2026-03-23,125307,PGIM India Midcap Fund - Direct Plan - Growth Option,65.11
2026-03-23,125337,360 ONE LIQUID FUND REGULAR PLAN  WEEKLY DIVIDEND,1005.9213
2026-03-23,125342,360 ONE LIQUID FUND REGULAR PLAN  DAILY DIVIDEND REINVESTMENT,1000.0701
2026-03-23,125343,360 ONE LIQUID FUND DIRECT PLAN  WEEKLY DIVIDEND,1005.9358
2026-03-23,125345,360 ONE LIQUID FUND DIRECT PLAN  GROWTH,2107.6259
2026-03-23,125349,360 ONE LIQUID FUND DIRECT PLAN  DAILY DIVIDEND REINVESTMENT,1000.0427
2026-03-23,125350,Axis Small Cap Fund - Regular Plan - Growth,92.58
2026-03-23,125351,Axis Small Cap Fund - Direct Plan - IDCW,43.45
2026-03-23,125352,Axis Small Cap Fund - Regular Plan - IDCW,36.87
2026-03-23,125354,Axis Small Cap Fund - Direct Plan - Growth,107.72
2026-03-23,125494,SBI Small Cap Fund - Regular Plan - Growth,146.9539
2026-03-23,125495,SBI Small Cap Fund - Regular Plan - Income Distribution cum Capital Withdrawal Option (IDCW),86.818
2026-03-23,125496,SBI Small Cap Fund - Direct Plan - Income Distribution cum Capital Withdrawal Option (IDCW),115.4241
2026-03-23,125497,SBI Small Cap Fund - Direct Plan - Growth,169.1091
2026-03-23,125498,SBI BANKING & PSU FUND - Regular Paln - Growth,3210.223
2026-03-23,125499,SBI Banking & PSU Fund - Regular Plan - Daily Income Distribution cum Capital Withdrawal Option (IDCW),1464.5921
2026-03-23,125500,SBI Banking & PSU Fund - Regular Plan - Weekly Income Distribution cum Capital Withdrawal Option (IDCW),1464.2448
2026-03-23,125501,SBI Banking & PSU Fund - Regular Plan - Monthly Income Distribution cum Capital Withdrawal Option (IDCW),1217.9332
2026-03-23,125502,SBI Banking & PSU Fund - Direct Plan - Daily Income Distribution cum Capital Withdrawal Option (IDCW),1506.9779
2026-03-23,125503,SBI BANKING & PSU FUND - Direct Plan - Growth,3421.2772
2026-03-23,125504,SBI Banking & PSU Fund - Direct Plan - Weekly Income Distribution cum Capital Withdrawal Option (IDCW),1503.6315
2026-03-23,125505,SBI Banking & PSU Fund - Direct Plan - Monthly Income Distribution cum Capital Withdrawal Option (IDCW),1305.1419
2026-03-23,125595,Aditya Birla Sun Life Banking and Financial Services Fund - Regular Plan - Growth,55.46
2026-03-23,125596,Aditya Birla Sun Life Banking and Financial Services Fund - REGULAR - IDCW,20.28
2026-03-23,125597,Aditya Birla Sun Life Banking and Financial Services Fund - Direct Plan - Growth,62.61
2026-03-23,125598,Aditya Birla Sun Life Banking and Financial Services Fund - DIRECT - IDCW,27.6
2026-03-23,125711,Shriram Aggressive Hybrid Fund- Direct Growth,34.0492
2026-03-23,125712,Shriram Aggressive Hybrid Fund- Direct- IDCW,26.8356
2026-03-23,125713,Shriram Aggressive Hybrid Fund- Regular Growth,29.4174
2026-03-23,125714,Shriram Aggressive Hybrid Fund- Regular-IDCW,23.5212
2026-03-23,126350,Invesco India - Invesco Pan European Equity Fund of Fund - Regular Plan - IDCW (Payout / Reinvestment),22.4037
2026-03-23,126351,Invesco India - Invesco Pan European Equity Fund of Fund - Regular Plan - Growth Option,22.404
2026-03-23,126352,Invesco India - Invesco Pan European Equity Fund of Fund - Direct Plan - IDCW (Payout / Reinvestment),24.3808
2026-03-23,126353,Invesco India - Invesco Pan European Equity Fund of Fund - Direct Plan - Growth Option,24.4546
2026-03-23,126389,BANK OF INDIA Ultra Short Duration Fund- Direct Plan-Bonus,3393.0515
2026-03-23,126391,DSP Dynamic Asset Allocation Fund - Direct Plan - IDCW - Monthly,16.19
2026-03-23,126392,DSP Dynamic Asset Allocation Fund - Regular Plan - IDCW - Monthly,13.593
2026-03-23,126393,DSP Dynamic Asset Allocation Fund - Direct Plan - Growth,31.256
2026-03-23,126394,DSP Dynamic Asset Allocation Fund - Regular Plan - Growth,27.053
2026-03-23,126685,CANARA ROBECO CORPORATE BOND FUND - DIRECT PLAN - GROWTH OPTION,24.0064
2026-03-23,126686,CANARA ROBECO CORPORATE BOND FUND - DIRECT PLAN - IDCW (Payout/Reinvestment),12.4601
2026-03-23,126687,CANARA ROBECO CORPORATE BOND FUND - REGULAR PLAN - GROWTH OPTION,22.3005
2026-03-23,126688,CANARA ROBECO CORPORATE BOND FUND - REGULAR PLAN - IDCW (Payout/Reinvestment),11.5912
2026-03-23,126939,UTI Banking & PSU Fund- Regular Plan - Growth Option,22.7826
2026-03-23,126940,UTI Banking & PSU Fund - Direct Plan - Growth Option,23.2142
2026-03-23,126941,UTI Banking & PSU Fund - Regular Plan - Quarterly IDCW,15.6346
2026-03-23,126942,UTI Banking & PSU Fund - Direct Plan - Quarterly IDCW,17.278
2026-03-23,127039,Motilal Oswal Midcap Fund-Regular Plan-Growth Option,81.0166
2026-03-23,127040,Motilal Oswal Midcap Fund-Regular - IDCW Payout/Reinvestment,39.3347
2026-03-23,127042,Motilal Oswal Midcap Fund-Direct Plan-Growth Option,93.311
2026-03-23,127044,Motilal Oswal Midcap Fund-Direct - IDCW Payout/Reinvestment,40.8874
2026-03-23,127070,HSBC Asia Pacific IDCW Yield Fund IDCW,21.7019
2026-03-23,127071,HSBC Asia Pacific (Ex Japan) Dividend Yield Fund - Growth Direct,33.3701
2026-03-23,127072,HSBC Asia Pacific IDCW Yield Fund Direct Plan IDCW,21.6412
2026-03-23,127073,HSBC Asia Pacific (Ex Japan) Dividend Yield Fund - Growth,30.8389
2026-03-23,127470,Bandhan Banking and PSU Fund - Regular Daily IDCW,10.8606
2026-03-23,127471,Bandhan Banking and PSU Fund - Direct Daily IDCW,10.4603
2026-03-23,127849,BANK OF INDIA BALANCED ADVANTAGE FUND REGULAR PLAN  GROWTH,24.7073
2026-03-23,127850,BANK OF INDIA BALANCED ADVANTAGE FUND DIRECT PLAN  GROWTH,26.9071
2026-03-23,127851,BANK OF INDIA BALANCED ADVANTAGE FUND  REGULAR PLAN IDCW,17.2379
2026-03-23,127852,BANK OF INDIA BALANCED ADVANTAGE FUND  DIRECT PLAN IDCW,16.2377
2026-03-23,128006,Kotak Medium Term Fund - Direct Growth,26.476
2026-03-23,128009,Kotak Medium Term Fund - Growth,23.6536
2026-03-23,128050,HDFC Credit Risk Debt Fund - Quarterly IDCW - Direct Plan,10.8534
2026-03-23,128051,HDFC Credit Risk Debt Fund - Growth Option - Direct Plan,27.2001
2026-03-23,128052,HDFC Credit Risk Debt Fund - Quarterly IDCW Option,10.4897
2026-03-23,128053,HDFC Credit Risk Debt Fund - Growth Option,25.0694
2026-03-23,128078,Kotak Medium Term Fund - Standard Income Distribution cum capital withdrawal option,14.5183
2026-03-23,128079,Kotak Medium Term Fund - Direct - Standard Income Distribution cum capital withdrawal option,26.4784
2026-03-23,128331,Nippon India ETF Nifty India Consumption,114.7896
2026-03-23,128626,HDFC Banking and PSU Debt Fund - IDCW Option - Direct Plan,9.9793
2026-03-23,128627,HDFC Banking and PSU Debt Fund - IDCW Option,10.087
2026-03-23,128628,HDFC Banking and PSU Debt Fund - Growth Option,23.6953
2026-03-23,128629,HDFC Banking and PSU Debt Fund - Growth Option - Direct Plan,24.7398
2026-03-23,128639,Nippon India ETF Nifty Dividend Opportunities 50,74.7791
2026-03-23,128820,NIPPON INDIA ARBITRAGE FUND - MONTHLY IDCW Option,14.4208
2026-03-23,128821,NIPPON INDIA ARBITRAGE FUND - DIRECT Plan - MONTHLY IDCW Option,15.7253
2026-03-23,129006,Franklin India Banking & PSU Debt Fund - Growth,23.3642
2026-03-23,129007,Franklin India Banking and PSU Debt Fund - IDCW,10.7943
2026-03-23,129008,Franklin India Banking & PSU Debt Fund - Direct - Growth,24.4635
2026-03-23,129009,Franklin India Banking and PSU Debt Fund - Direct - IDCW,11.4121
2026-03-23,129046,Motilal Oswal Flexi cap Fund Direct Plan-Growth Option,56.8698
2026-03-23,129047,Motilal Oswal Flexi Cap Fund Direct - IDCW Payout/Reinvestment,30.238
2026-03-23,129048,Motilal Oswal Flexi Cap Fund Regular Plan-Growth Option,51.0192
2026-03-23,129049,Motilal Oswal Flexi cap Fund Regular - IDCW Payout/Reinvestment,28.8053
2026-03-23,129051,HDFC ARBITRAGE FUND - Regular Plan - Monthly IDCW Option,11.434
2026-03-23,129052,HDFC ARBITRAGE FUND -Direct Plan - Growth Option,21.116
2026-03-23,129053,HDFC ARBITRAGE FUND - Wholesale IDCW Option - Direct Plan,11.71
2026-03-23,129054,HDFC ARBITRAGE FUND - Monthly IDCW - Direct Plan,11.313
2026-03-23,129065,HSBC Aggressive Hybrid Active FOF - Growth,37.1023
2026-03-23,129187,Invesco India - Invesco Global Equity Income Fund of Fund - Regular Plan - Growth,31.9704
2026-03-23,129188,Invesco India - Invesco Global Equity Income Fund of Fund - Direct Plan - Growth,35.4559
2026-03-23,129189,Invesco India - Invesco Global Equity Income Fund of Fund - Regular Plan - IDCW (Payout / Reinvestment),31.9247
2026-03-23,129190,Invesco India - Invesco Global Equity Income Fund of Fund - Direct Plan - IDCW (Payout / Reinvestment),35.0263
2026-03-23,129191,HSBC Multi Asset Active FOF - Growth,36.3682
2026-03-23,129192,HSBC Multi Asset Active FOF IDCW,28.8914
2026-03-23,129193,HSBC Multi Asset Active FOF - Growth Direct,38.7653
2026-03-23,129194,HSBC Multi Asset Active FOF Direct Plan IDCW,20.1597
2026-03-23,129195,HSBC Income Plus Arbitrage Active FOF - Growth,22.1306
2026-03-23,129196,HSBC Income Plus Arbitrage Active FOF IDCW,17.342
2026-03-23,129197,HSBC Income Plus Arbitrage Active FOF - Growth Direct,23.5168
2026-03-23,129198,HSBC Income Plus Arbitrage Active FOF Direct Plan IDCW,19.0482
2026-03-23,129199,HSBC Aggressive Hybrid Active FOF - Dividend,28.5145
2026-03-23,129200,HSBC Aggressive Hybrid Active FOF - Growth Direct,39.3399
2026-03-23,129201,HSBC Aggressive Hybrid Active FOF - Dividend Direct,30.5676
2026-03-23,129210,Sundaram Infrastructure Advantage Fund Regular Plan - Income Distribution cum Capital Withdrawal (IDCW),51.4341
2026-03-23,129211,Sundaram Infrastructure Advantage Fund Direct Plan - Income Distribution cum Capital Withdrawal (IDCW),55.4849
2026-03-23,129212,Sundaram Infrastructure Advantage Fund Direct Plan - Growth,96.3662
2026-03-23,129213,Sundaram Infrastructure Advantage Fund Regular Plan - Growth,89.8112
2026-03-23,129309,ICICI Prudential Dividend Yield Equity Fund Direct Plan IDCW Option,23.23
2026-03-23,129310,ICICI Prudential Dividend Yield Equity Fund Growth Option,49.05
2026-03-23,129311,ICICI Prudential Dividend Yield Equity Fund IDCW Option,17.43
2026-03-23,129312,ICICI Prudential Dividend Yield Equity Fund Direct Plan Growth Option,55.17
2026-03-23,129436,Franklin India Money Market Fund Retail Option - Monthly - IDCW,10.4378
2026-03-23,129437,Franklin India Money Market Fund Retail Option - Direct - Monthly - IDCW,10.8356
2026-03-23,129646,Union Small Cap Fund - Direct Plan - IDCW Option,36.94
2026-03-23,129647,Union Small Cap Fund - Regular Plan - Growth Option,44.35
2026-03-23,129648,Union Small Cap Fund - Regular Plan - IDCW Option,38.52
2026-03-23,129649,Union Small Cap Fund - Direct Plan - Growth Option,49.35
2026-03-23,130013,ICICI Prudential Money Market Fund Option - IDCW Others,181.8858
2026-03-23,130037,Nippon India Medium Duration Fund - Growth Option,16.3531
2026-03-23,130050,Nippon India Medium Duration Fund - Direct Plan - Growth Option,17.777
2026-03-23,130052,Nippon India Medium Duration Fund - Direct Plan - Bonus Option,17.7806
2026-03-23,130053,NIPPON INDIA MEDIUM DURATION FUND - IDCW Option,13.9935
2026-03-23,130054,NIPPON INDIA MEDIUM DURATION FUND - DIRECT Plan - IDCW Option,14.9944
2026-03-23,130055,NIPPON INDIA MEDIUM DURATION FUND - DIRECT Plan - QUARTERLY IDCW Option,10.9294
2026-03-23,130056,NIPPON INDIA MEDIUM DURATION FUND - QUARTERLY IDCW Option,10.8405
2026-03-23,130205,Edelweiss Arbitrage Fund- Regular Plan- Growth Option,20.2072
2026-03-23,130206,Edelweiss Arbitrage Fund- Direct Plan- Growth Option,21.7929
2026-03-23,130207,Edelweiss Arbitrage Fund - Regular Plan - IDCW Option,14.8289
2026-03-23,130208,Edelweiss Arbitrage Fund- Regular Plan -Bonus Option,20.316
2026-03-23,130209,Edelweiss Arbitrage Fund - Direct Plan - IDCW Option,15.5799
2026-03-23,130309,Axis Credit Risk Fund - Regular Plan - Growth,22.4268
2026-03-23,130310,Axis Credit Risk Fund - Regular Plan - Weekly IDCW,10.1188
2026-03-23,130311,Axis Credit Risk Fund - Direct Plan - Weekly IDCW,10.2506
2026-03-23,130312,Axis Credit Risk Fund - Direct Plan - Monthly IDCW,10.1735
2026-03-23,130313,Axis Credit Risk Fund - Regular Plan - Monthly IDCW,10.0993
2026-03-23,130314,Axis Credit Risk Fund - Direct Plan - Growth,25.2211
2026-03-23,130490,DSP Income Plus Arbitrage Omni FoF - Regular Plan - IDCW,16.1708
2026-03-23,130491,DSP Income Plus Arbitrage Omni FoF - Direct Plan - IDCW,18.016
2026-03-23,130492,DSP Income Plus Arbitrage Omni FoF - Regular Plan - Growth,21.8887
2026-03-23,130493,DSP Income Plus Arbitrage Omni FoF - Direct Plan - Growth,23.2301
2026-03-23,130496,HDFC Large and Mid Cap Fund - Growth Option,300.71
2026-03-23,130497,HDFC Large and Mid Cap Fund - IDCW Option,30.907
2026-03-23,130498,HDFC Large and Mid Cap Fund - Growth Option - Direct Plan,317.889
2026-03-23,130499,HDFC Large and Mid Cap Fund - IDCW Option - Direct Plan,41.277
2026-03-23,130501,HDFC Small Cap Fund - IDCW Option,34.523
2026-03-23,130502,HDFC Small Cap Fund - Growth Option,118.966
2026-03-23,130503,HDFC Small Cap Fund - Growth Option - Direct Plan,136.046
2026-03-23,130504,HDFC Small Cap Fund - IDCW Option - Direct Plan,55.076
2026-03-23,130533,HDFC Income Plus Arbitrage Active FOF - Growth Option,40.1876
2026-03-23,130540,HDFC Income Plus Arbitrage Active FOF - IDCW Option,35.2157
2026-03-23,130543,HDFC Income Plus Arbitrage Active FOF - Growth Option - Direct Plan,44.4012
2026-03-23,130547,HDFC Income Plus Arbitrage Active FOF - IDCW Option - Direct Plan,39.0021
2026-03-23,130603,JM Arbitrage Fund (Regular) - Bonus Option - Principal Units,18.4553
2026-03-23,130604,JM Arbitrage Fund (Direct) - Bonus Option - Principal Units,19.4694
2026-03-23,130721,Invesco India Credit Risk Fund - Regular Plan - Growth,1998.86
2026-03-23,130722,Invesco India Credit Risk Fund - Direct Plan - Growth,2243.7563
2026-03-23,130723,Invesco India Credit Risk Fund - Regular Plan - Monthly IDCW (Payout / Reinvestment),1189.8484
2026-03-23,130724,Invesco India Credit Risk Fund - Direct Plan - Monthly IDCW (Payout / Reinvestment),1179.4837
2026-03-23,130725,Invesco India Credit Risk Fund - Direct Plan - Discretionary IDCW (Payout / Reinvestment),2260.5061
2026-03-23,130726,Invesco India Credit Risk Fund - Regular Plan - Discretionary IDCW (Payout / Reinvestment),1998.2386
2026-03-23,130771,Axis Arbitrage Fund - Regular Plan - Growth,19.4876
2026-03-23,130773,Axis Arbitrage Fund - Direct Plan - Growth,21.273
2026-03-23,130774,Axis Arbitrage Fund - Direct Plan - Monthly IDCW,12.3352
2026-03-23,130776,Axis Arbitrage Fund - Regular Plan - Monthly IDCW,11.1895
2026-03-23,130787,Invesco India Arbitrage Fund - Direct Plan - Annual Bonus,36.1706
2026-03-23,130858,Nippon India Japan Equity Fund- Growth Plan- Bonus Option,23.5094
2026-03-23,130859,NIPPON INDIA - JAPAN EQUITY FUND - IDCW Option,23.5094
2026-03-23,130860,Nippon India Japan Equity Fund- Direct Plan- Growth Plan- Growth Option,26.4595
2026-03-23,130861,Nippon India Japan Equity Fund- Direct Plan- Growth Plan- Bonus Option,26.4595
2026-03-23,130863,Nippon India Japan Equity Fund- Growth Plan- Growth Option,23.5094
2026-03-23,130864,NIPPON INDIA - JAPAN EQUITY FUND - DIRECT Plan - IDCW Option,26.4595
2026-03-23,130904,JM Aggressive Hybrid Fund (Direct) - Annual Bonus Option,122.7573
2026-03-23,131051,ICICI Prudential Constant Maturity Gilt Fund - Growth,25.2787
2026-03-23,131054,ICICI Prudential Constant Maturity Gilt Fund - Direct Plan - Quarterly IDCW,11.5168
2026-03-23,131057,ICICI Prudential Constant Maturity Gilt Fund - quarterly IDCW,11.2591
2026-03-23,131061,ICICI Prudential Constant Maturity Gilt Fund - Direct Plan - Growth,25.8702
2026-03-23,131297,DSP 10Y G-Sec Fund - Regular Plan - Growth,22.0329
2026-03-23,131298,DSP 10Y G-Sec Fund - Regular Plan - IDCW,10.7137
2026-03-23,131299,DSP 10Y G-Sec Fund - Regular Plan - IDCW - Monthly,10.6497
2026-03-23,131300,DSP 10Y G-Sec Fund - Regular Plan - IDCW - Quarterly,10.9143
2026-03-23,131301,DSP 10Y G-Sec Fund - Direct Plan - Growth,22.6064
2026-03-23,131302,DSP 10Y G-Sec Fund - Direct Plan - IDCW - Quarterly,10.8644
2026-03-23,131303,DSP 10Y G-Sec Fund - Direct Plan - IDCW - Monthly,10.4979
2026-03-23,131304,DSP 10Y G-Sec Fund - Direct Plan - IDCW,10.9379
2026-03-23,131331,Nippon India ETF BSE Sensex,830.1572
2026-03-23,131354,BANDHAN Balanced Advantage Fund Regular Plan IDCW,13.682
2026-03-23,131355,BANDHAN Balanced Advantage Fund Direct Plan Growth,26.857
2026-03-23,131356,BANDHAN Balanced Advantage Fund Direct Plan IDCW,15.854
2026-03-23,131357,BANDHAN Balanced Advantage Fund Regular Plan Growth,23.029
2026-03-23,131372,Kotak Equity Savings Fund - Regular - Growth,25.9841
2026-03-23,131373,Kotak Equity Savings Fund - Direct - Growth,28.7507
2026-03-23,131374,Kotak Equity Savings Fund - Regular - Monthly Payout of Income Distribution cum capital withdrawal option,19.0246
2026-03-23,131375,Kotak Equity Savings Fund - Direct - Monthly Payout of Income Distribution cum capital withdrawal option,20.6402
2026-03-23,131382,Bandhan Short Duration Fund - Direct Plan - Periodic IDCW,22.9332
2026-03-23,131383,Bandhan Short Duration Fund - Regular Plan - Periodic IDCW,21.9397
2026-03-23,131384,Bandhan Medium Duration Fund - Direct Plan - Periodic IDCW,13.4219
2026-03-23,131385,Bandhan Medium Duration Fund - Regular Plan - Periodic IDCW,14.7849
2026-03-23,131386,Bandhan Medium to Long Duration Fund - Direct Plan - Periodic IDCW,17.5166
2026-03-23,131387,Bandhan Medium to Long Duration Fund - Regular Plan - Periodic IDCW,14.0671
2026-03-23,131388,Bandhan Money Market Fund -Direct Plan-Periodic IDCW,16.7363
2026-03-23,131389,Bandhan Money Market Fund - Regular Plan - Periodic IDCW,13.7972
2026-03-23,131390,Bandhan Gilt Fund with 10 year constant duration Fund - Direct Plan - Periodic IDCW,14.2232
2026-03-23,131391,Bandhan Gilt Fund with 10 year constant duration Fund - Regular Plan - Periodic IDCW,16.785
2026-03-23,131394,Bandhan Gilt Fund - Direct Plan - Periodic IDCW,18.4001
2026-03-23,131395,Bandhan Gilt Fund - Regular Plan B - Periodic IDCW,16.8157
2026-03-23,131396,BANDHAN Dynamic Bond Fund-Direct Plan-Periodic IDCW,13.448
2026-03-23,131397,BANDHAN Dynamic Bond Fund - Regular Plan B - Periodic IDCW,13.627
2026-03-23,131398,Bandhan Income Plus Arbitrage Active FOF - Direct Plan - Periodic IDCW,16.4255
2026-03-23,131399,Bandhan Income Plus Arbitrage Active FOF - Regular Plan - Periodic IDCW,15.8648
2026-03-23,131418,UTI Credit Risk Fund - Regular Plan - Monthly IDCW,10.6573
2026-03-23,131419,UTI Credit Risk Fund - Direct Plan - Monthly IDCW,11.2276
2026-03-23,131424,UTI Short Duration Fund - Regular Plan - Half-Yearly IDCW,14.0318
2026-03-23,131425,UTI Short Duration Fund - Direct Plan - Half Yearly Dividend Option,14.3155
2026-03-23,131444,UTI Ultra Short Duration Fund - Direct Plan - Monthly IDCW,1164.4744
2026-03-23,131445,UTI Ultra Short Duration Fund - Regular Plan - Monthly IDCW,1112.3657
2026-03-23,131452,ICICI Prudential Equity & Debt Fund - Half Yearly IDCW,23.85
2026-03-23,131453,ICICI Prudential Equity & Debt Fund - Direct Plan - Half Yearly IDCW,27.19
2026-03-23,131476,JM Aggressive Hybrid Fund (Regular) - Annual IDCW,29.4721
2026-03-23,131477,JM Aggressive Hybrid Fund (Direct) - Annual IDCW,41.3524
2026-03-23,131480,ICICI Prudential Bond Fund - Direct Plan - Half Yearly IDCW,10.655
2026-03-23,131481,ICICI Prudential Bond Fund - Half Yearly IDCW,10.9792
2026-03-23,131511,UTI Ultra Short Duration Fund - Regular Plan - Fortnightly IDCW,1320.3523
2026-03-23,131512,UTI Ultra Short Duration Fund - Direct Plan - Fortnightly IDCW,1324.7591
2026-03-23,131547,UTI Short Duration Fund - Regular Plan - Monthly IDCW,11.9292
2026-03-23,131548,UTI Short Duration Fund - Direct Plan - Monthly IDCW,10.6233
2026-03-23,131578,360 ONE Focused Fund -Regular Plan - Growth,41.3224
2026-03-23,131579,360 ONE Focused Fund - Regular Plan - Dividend,36.562
2026-03-23,131580,360 ONE Focused Fund-Direct Plan-Growth,47.1624
2026-03-23,131581,360 ONE Focused Fund - Direct Plan - Dividend,46.6814
2026-03-23,131665,Aditya Birla Sun Life Balanced Advantage Fund -REGULAR - IDCW,24.64
2026-03-23,131666,Aditya Birla Sun Life Balanced Advantage Fund - Regular Plan - Growth Option,102.34
2026-03-23,131670,Aditya Birla Sun Life Balanced Advantage Fund - Direct Plan - Growth Option,117.04
2026-03-23,131671,Aditya Birla Sun Life Balanced Advantage Fund -DIRECT - IDCW,28.22
2026-03-23,131863,Aditya Birla Sun Life Multi Asset Omni FoF-REGULAR - IDCW,62.1565
2026-03-23,131864,Aditya Birla Sun Life Multi Asset Omni FoF- Regular Plan - Growth Option,67.4991
2026-03-23,131865,Aditya Birla Sun Life Multi Asset Omni FoF- Direct Plan - Growth Option,35.8554
2026-03-23,131866,Aditya Birla Sun Life Multi Asset Omni FOF-DIRECT - IDCW,34.1662
2026-03-23,131895,Aditya Birla Sun Life Income Plus Arbitrage Active FOF- REGULAR - IDCW,24.2826
2026-03-23,131896,Aditya Birla Sun Life Income Plus Arbitrage Active FOF- Regular Plan - Growth Option,38.72
2026-03-23,131897,Aditya Birla Sun Life Income Plus Arbitrage Active FOF- DIRECT - IDCW,25.6709
2026-03-23,131898,Aditya Birla Sun Life Income Plus Arbitrage Active FOF- Direct Plan - Growth Option,40.997
2026-03-23,132003,Aditya Birla Sun Life Global Excellence Equity Fund Of Fund-REGULAR - RETAIL - IDCW,38.0437
2026-03-23,132005,Aditya Birla Sun Life Global Excellence Equity Fund Of Fund- Retail Plan - Regular Plan - Growth Option,38.0201
2026-03-23,132009,Aditya Birla Sun Life Global Excellence Equity Fund Of Fund - Retail Plan - Direct Plan - Growth Option,40.6038
2026-03-23,132010,Aditya Birla Sun Life Global Excellence Equity Fund Of Fund-DIRECT - RETAIL - IDCW,40.6246
2026-03-23,132138,Aditya Birla SUn Life Global Emerging Opportunities Fund - Regular Plan - Growth Option,28.5071
2026-03-23,132139,Aditya Birla Sun Life Global Emerging Opportunities Fund - Regular - IDCW,28.5122
2026-03-23,132140,Aditya Birla Sun Life Global Emerging Opportunities Fund - Direct plan - Growth Option,29.9495
2026-03-23,132141,Aditya Birla Sun Life Global Emerging Opportunities Fund - Direct - IDCW,26.4887
2026-03-23,132174,Aditya Birla Sun Life Aggressive Hybrid Omni FOF- Regular Plan - Growth Option,39.391
2026-03-23,132175,Aditya Birla Sun Life Aggressive Hybrid Omni FOF-  Regular -  IDCW,35.331
2026-03-23,132178,Aditya Birla Sun Life Conservative Hybrid Active FOF- Regular Plan - Growth Option,33.8888
2026-03-23,132179,Aditya Birla Sun Life Conservative Hybrid Active FOF -Regular - IDCW,30.8318
2026-03-23,132180,Aditya Birla Sun Life Dynamic Asset Allocation Omni FOF- Regular Plan - Growth Option,50.8174
2026-03-23,132181,Aditya Birla Sun Life Dynamic Asset Allocation Omni FOF-Regular - IDCW,46.5159
2026-03-23,132183,Aditya Birla Sun Life Conservative Hybrid Active FOF- Direct Plan - Growth Option,36.13
2026-03-23,132184,Aditya Birla Sun Life Conservative Hybrid Active FOF-Direct - IDCW,24.5315
2026-03-23,132185,Aditya Birla Sun Life Aggressive Hybrid Omni FOF- Direct Plan - Growth Option,42.2846
2026-03-23,132186,Aditya Birla Sun Life Dynamic Asset Allocation Omni FOF- Direct Plan - Growth Option,56.1267
2026-03-23,132187,Aditya Birla Sun Life Dynamic Asset Allocation Omni FOF- Direct - IDCW,51.4018
2026-03-23,132189,Aditya Birla Sun Life Aggressive Hybrid Omni FOF- Direct - IDCW,38.4049
2026-03-23,132756,Tata ELSS Fund-Growth-Direct Plan,46.9775
2026-03-23,132757,Tata ELSS Fund-Growth-Regular Plan,40.7369
2026-03-23,132848,HDFC Corporate Bond Fund - IDCW Option,20.2243
2026-03-23,132849,HDFC Corporate Bond Fund - IDCW Option - Direct Plan,20.9559
2026-03-23,132852,HDFC Medium Term Debt Fund - IDCW Option,19.6611
2026-03-23,132853,HDFC Medium Term Debt Fund - IDCW Option - Direct Plan,21.2273
2026-03-23,132871,NIPPON INDIA CREDIT RISK FUND - IDCW Option,20.1573
2026-03-23,132873,NIPPON INDIA CREDIT RISK FUND - DIRECT Plan - IDCW Option,22.0148
2026-03-23,132917,Aditya Birla Sun Life Dynamic Bond Fund -Regular - IDCW,11.8094
2026-03-23,132918,Aditya Birla Sun Life Dynamic Bond Fund -Direct - IDCW,12.8383
2026-03-23,132987,Franklin India Income Plus Arbitrage Active Fund of Funds- Growth Plan,21.786
2026-03-23,132988,Franklin India Income Plus Arbitrage Active Fund of Funds- IDCW,21.786
2026-03-23,132989,Franklin India Income Plus Arbitrage Active Fund of Funds- Growth Plan - Direct,24.6256
2026-03-23,132990,Franklin India Income Plus Arbitrage Active Fund of Funds - Direct - IDCW,24.6256
2026-03-23,132995,Aditya Birla Sun Life Equity Savings Fund - Direct Plan - Growth,24.9
2026-03-23,132996,Aditya Birla Sun Life Equity Savings Fund - Direct - IDCW,15.41
2026-03-23,132997,Aditya Birla Sun Life Equity Savings Fund - Regular - IDCW,13.05
2026-03-23,132998,Aditya Birla Sun Life Equity Savings Fund - Regular Plan - Growth,22.4
2026-03-23,133035,Kotak Aggressive Hybrid Fund - Direct Plan -Growth,68.402
2026-03-23,133036,Kotak Aggressive Hybrid Fund - Regular Plan -Growth,57.742
2026-03-23,133051,ICICI Prudential Equity Savings Fund - Cumulative option,22.66
2026-03-23,133052,ICICI Prudential Equity Savings Fund - Direct Plan - Quarterly IDCW,15.43
2026-03-23,133053,ICICI Prudential Equity Savings Fund - Quarterly IDCW,12.99
2026-03-23,133054,ICICI Prudential Equity Savings Fund - Direct Plan - Cumulative option,24.4
2026-03-23,133059,UTI Ultra Short Duration Fund - Direct Plan - Quarterly IDCW,1972.3733
2026-03-23,133122,Kotak Nifty Bank ETF,53.1662
2026-03-23,133127,UTI Low Duration Fund - Direct Plan - Flexi IDCW,1596.6999
2026-03-23,133130,UTI Low Duration Fund - Regular Plan - Flexi IDCW,1407.2731
2026-03-23,133147,HDFC Credit Risk Debt Fund - IDCW Option - Direct Plan,23.8437
2026-03-23,133148,HDFC Credit Risk Debt Fund - IDCW Option,23.0847
2026-03-23,133180,UTI Dynamic Bond Fund - Direct Plan - Flexi IDCW,17.3597
2026-03-23,133265,Nippon India Gilt  Fund- Direct Plan- Growth Plan- Bonus Option,23.902
2026-03-23,133280,UTI Medium to Long Duration Fund - Direct Plan - Flexi IDCW,15.766
2026-03-23,133307,LIC MF Nifty 8-13 yr G-Sec ETF,28.7289
2026-03-23,133344,UTI Credit Risk Fund - Regular Plan - Annual IDCW,11.8422
2026-03-23,133365,HDFC Income Fund - Normal IDCW - Direct Plan,20.6329
2026-03-23,133366,HDFC Income Fund - Normal IDCW Option,18.5194
2026-03-23,133367,HDFC Short Term  Debt Fund - Normal IDCW - Direct Plan,20.3485
2026-03-23,133368,HDFC Short Term  Debt Fund - Normal IDCW Option,19.7287
2026-03-23,133369,HDFC Dynamic Debt Fund - Normal IDCW - Direct Plan,21.0349
2026-03-23,133370,HDFC Dynamic Debt Fund - Normal IDCW Option,19.294
2026-03-23,133383,Motilal Oswal ELSS Tax Saver Fund - IDCW Payout,27.3831
2026-03-23,133384,Motilal Oswal ELSS Tax Saver Fund Direct - IDCW Payout,35.4223
2026-03-23,133385,Motilal Oswal ELSS Tax Saver Fund - Regular Plan - Growth Option,46.1609
2026-03-23,133386,Motilal Oswal ELSS Tax Saver Fund - Direct Plan - Growth Option,53.3052
2026-03-23,133387,UTI Money Market Fund - Direct Plan - Monthly IDCW,1595.8337
2026-03-23,133390,JM Dynamic Bond Fund (Regular) - Monthly IDCW,42.7025
2026-03-23,133395,JM Arbitrage Fund (Direct) - Annual Bonus Option - Principal Units,18.6867
2026-03-23,133402,JM Aggressive Hybrid Fund (Direct) - Half Yearly IDCW,88.1875
2026-03-23,133404,JM Aggressive Hybrid Fund (Regular) - Monthly IDCW,76.8448
2026-03-23,133405,JM Aggressive Hybrid Fund (Regular) - Quarterly IDCW,27.4276
2026-03-23,133406,JM Aggressive Hybrid Fund (Direct) - Quarterly IDCW,31.0085
2026-03-23,133408,JM Aggressive Hybrid Fund (Regular) - Half Yearly IDCW,77.4608
2026-03-23,133412,JM Aggressive Hybrid Fund (Direct) - Monthly IDCW,88.1616
2026-03-23,133414,JM Dynamic Bond Fund (Direct) - Monthly IDCW,45.9664
2026-03-23,133445,Aditya Birla Sun Life Income Fund - Regular - IDCW,11.9058
2026-03-23,133446,Aditya Birla Sun Life Income Fund - Direct - IDCW,12.7285
2026-03-23,133469,UTI Low Duration Fund - Direct Plan - Half-Yearly IDCW,1455.2639
2026-03-23,133484,UTI Money Market Fund - Regular Plan - Monthly IDCW,1038.2275
2026-03-23,133486,Baroda BNP Paribas Credit Risk Fund -Regular-Growth Option,23.139
2026-03-23,133488,Baroda BNP Paribas Credit Risk Fund -Direct-Growth Option,25.6092
2026-03-23,133513,Aditya Birla Sun Life Manufacturing Equity Fund - Regular Plan - Growth,30.94
2026-03-23,133514,Aditya Birla Sun Life Manufacturing Equity Fund - Direct - IDCW,20.27
2026-03-23,133515,Aditya Birla Sun Life Manufacturing Equity Fund - Regular - IDCW,18.42
2026-03-23,133516,Aditya Birla Sun Life Manufacturing Equity Fund - Direct Plan - Growth,34.25
2026-03-23,133517,Baroda BNP Paribas Credit Risk Fund -Regular-Monthly IDCW,11.2005
2026-03-23,133518,Baroda BNP Paribas Credit Risk Fund -Regular-Quarterly IDCW,11.736
2026-03-23,133520,Baroda BNP Paribas Credit Risk Fund -Direct- Monthly IDCW,14.2838
2026-03-23,133524,Baroda BNP Paribas Credit Risk Fund -Direct- Quarterly IDCW,12.7999
2026-03-23,133565,Nippon India Retirement Fund- Wealth Creation Scheme- Growth Plan - Growth Option,25.7028
2026-03-23,133566,NIPPON INDIA RETIREMENT FUND - WEALTH CREATION SCHEME - Direct Plan - IDCW Option,20.185
2026-03-23,133567,NIPPON INDIA RETIREMENT FUND - WEALTH CREATION SCHEME - IDCW Option,17.2489
2026-03-23,133568,Nippon India Retirement Fund- Wealth Creation Scheme- Direct Plan- Growth Plan - Growth Option,29.1424
2026-03-23,133569,Nippon India Retirement Fund- Income Generation Scheme- Direct Plan- Growth Plan - Growth Option,22.4577
2026-03-23,133570,NIPPON INDIA RETIREMENT FUND - INCOME GENERATION SCHEME - Direct Plan - IDCW Option,22.4577
2026-03-23,133571,NIPPON INDIA RETIREMENT FUND - INCOME GENERATION SCHEME - IDCW Option,19.5813
2026-03-23,133572,Nippon India Retirement Fund- Income Generation Scheme-Growth Plan - Growth Option,19.5786
2026-03-23,133628,Nippon India Retirement Fund- Income Generation Scheme- Growth Plan- Bonus Option,19.5786
2026-03-23,133629,Nippon India Retirement Fund- Income Generation Scheme- Direct Plan-Growth Plan- Bonus Option,22.4577
2026-03-23,133630,Nippon India Retirement Fund- Wealth Creation Scheme- Direct Plan-Growth Plan- Bonus Option,29.1424
2026-03-23,133631,Nippon India Retirement Fund- Wealth Creation Scheme- Growth Plan- Bonus Option,25.7028
2026-03-23,133679,BANDHAN Arbitrage Fund-Direct Plan-Annual IDCW,13.133
2026-03-23,133680,BANDHAN Arbitrage Fund - Regular Plan - Annual IDCW,11.3485
2026-03-23,133681,BANDHAN Equity Savings Fund-Direct Plan-Annual IDCW,14.33
2026-03-23,133682,BANDHAN Equity Savings Fund - Regular Plan -Annual IDCW,12.911
2026-03-23,133709,LIC MF Large & Mid Cap Fund-Direct Plan-IDCW,31.4323
2026-03-23,133710,LIC MF Large & Mid Cap Fund-Direct Plan-Growth,39.6177
2026-03-23,133711,LIC MF Large & Mid Cap Fund-Regular Plan-Growth,34.1265
2026-03-23,133712,LIC MF Large & Mid Cap Fund-Regular Plan-IDCW,27.6305
2026-03-23,133733,UTI Low Duration Fund - Regular Plan - Fortnightly IDCW,1329.3401
2026-03-23,133782,Kotak Corporate Bond Fund- Regular Plan-Growth Option,3899.7509
2026-03-23,133787,Kotak Corporate Bond Fund- Regular Plan-Monthly Dividend Option,1270.3899
2026-03-23,133791,Kotak Corporate Bond Fund- Direct Plan- Growth Option,4081.7163
2026-03-23,133792,Kotak Corporate Bond Fund- Direct Plan- Monthly Payout of Income Distribution cum capital withdrawal option,1068.0137
2026-03-23,133796,Kotak Infrastructure & Economic Reform Fund - Standard Plan-Growth,58.224
2026-03-23,133799,Kotak Infrastructure & Economic Reform Fund - Standard Plan-Payout of Income Distribution cum capital withdrawal option,46.566
2026-03-23,133800,Kotak Infrastructure & Economic Reform Fund- Direct Plan- Payout of Income Distribution cum capital withdrawal option,68.538
2026-03-23,133801,Kotak Infrastructure & Economic Reform Fund- Direct Plan- Growth Option,69.331
2026-03-23,133805,Kotak Low Duration Fund- Regular Plan-Growth Option,3475.7027
2026-03-23,133809,Kotak Low Duration Fund- Regular Plan-Standard Income Distribution cum capital withdrawal option,1242.1798
2026-03-23,133810,Kotak Low Duration Fund- Direct Plan- Growth Option,3811.6474
2026-03-23,133812,Kotak Low Duration Fund - Direct Plan- Standard Income Distribution cum capital withdrawal option,1518.8058
2026-03-23,133836,PGIM India Flexi Cap Fund - Regular Plan - Growth Option,32.03
2026-03-23,133837,PGIM India Flexi Cap Fund - Direct Plan - Dividend Option,19.53
2026-03-23,133838,PGIM India Flexi Cap Fund - Regular Plan - Dividend Option,17.14
2026-03-23,133839,PGIM India Flexi Cap Fund - Direct Plan - Growth Option,37.77
2026-03-23,133852,UTI Dynamic Bond Fund - Regular Plan - Annual IDCW,13.5736
2026-03-23,133857,SBI Banking & Financial Services Fund - Direct Plan - Income Distribution cum Capital Withdrawal Option (IDCW),40.2837
2026-03-23,133858,SBI BANKING & FINANCIAL SERVICES FUND - REGULAR PLAN - GROWTH,40.0833
2026-03-23,133859,SBI BANKING & FINANCIAL SERVICES FUND - DIRECT PLAN - GROWTH,45.0677
2026-03-23,133860,SBI Banking & Financial Services Fund - Regular Plan - Income Distribution cum Capital Withdrawal Option (IDCW),35.9969
2026-03-23,133865,NIPPON INDIA ELSS TAX SAVER FUND - DIRECT Plan - ANNUAL IDCW Option,20.2659
2026-03-23,133866,NIPPON INDIA ELSS TAX SAVER FUND - ANNUAL IDCW Option,18.4564
2026-03-23,133867,BANK OF INDIA Credit Risk Fund - Regular Plan,13.3031
2026-03-23,133868,BANK OF INDIA Credit Risk  Fund - Direct Plan,13.6687
2026-03-23,133869,UTI Medium to Long Duration Fund - Regular Plan - Annual IDCW,12.7924
2026-03-23,133872,UTI Medium to Long Duration Fund - Regular Plan - Flexi IDCW,14.4232
2026-03-23,133873,UTI Ultra Short Duration Fund - Regular Plan - Quarterly IDCW,1278.4164
2026-03-23,133894,Axis Short Duration Fund - Direct Plan - Regular IDCW,21.4776
2026-03-23,133895,Axis Short Duration Fund - Regular Plan - Regular IDCW,21.4447
2026-03-23,133908,LIC MF Banking and Financial Services Fund-Direct Plan-IDCW,21.8886
2026-03-23,133919,DSP Low Duration Fund - Regular Plan - IDCW - Daily,10.1727
2026-03-23,133920,DSP Low Duration Fund - Regular Plan - IDCW - Monthly,10.6509
2026-03-23,133921,DSP Low Duration Fund - Regular Plan - IDCW - Quarterly,10.917
2026-03-23,133922,DSP Low Duration Fund - Direct Plan - IDCW - Daily,10.1184
2026-03-23,133923,DSP Low Duration Fund - Direct Plan - IDCW - Weekly,10.1186
2026-03-23,133924,DSP Low Duration Fund - Direct Plan - IDCW - Quarterly,10.9585
2026-03-23,133925,DSP Low Duration Fund - Direct Plan - Growth,21.3322
2026-03-23,133926,DSP Low Duration Fund - Regular Plan - Growth,20.6091
2026-03-23,133927,DSP Low Duration Fund - Regular Plan - IDCW - Weekly,10.1183
2026-03-23,133928,DSP Low Duration Fund - Direct Plan - IDCW - Monthly,11.8005
2026-03-23,133971,UTI Banking & PSU Fund - Regular Plan - Flexi IDCW,15.2783
2026-03-23,133972,UTI Banking & PSU Fund - Direct Plan - Flexi IDCW,20.0044
2026-03-23,133973,UTI Liquid Fund - Regular Plan - Annual IDCW,1968.8032
2026-03-23,133974,Tata Short Term Bond Fund- Direct Plan - Periodic Payout of IDCW Option,29.0699
2026-03-23,133975,Tata Short Term Bond Fund- Regular Plan - Periodic Payout of IDCW Option,26.0789
2026-03-23,134008,SBI Nifty Bank ETF,526.2954
2026-03-23,134013,SBI Nifty Next 50 ETF,655.152
2026-03-23,134014,SBI BSE 100 ETF,260.3986
2026-03-23,134015,LIC MF Banking and Financial Services Fund-Regular Plan-IDCW,19.3553
2026-03-23,134016,LIC MF Banking and Financial Services Fund-Regular Plan-Growth,19.3587
2026-03-23,134017,LIC MF Banking and Financial Services Fund-Direct Plan-Growth,22.0401
2026-03-23,134026,UTI Banking & PSU Fund - Direct Plan - Monthly IDCW,13.5528
2026-03-23,134383,Aditya Birla Sun Life Credit Risk Fund - Regular Plan - Growth,24.2768
2026-03-23,134385,Aditya Birla Sun Life Credit Risk Fund - Direct - IDCW,14.0037
2026-03-23,134386,Aditya Birla Sun Life Credit Risk Fund - Regular - IDCW,12.688
2026-03-23,134387,Aditya Birla Sun Life Credit Risk Fund - Direct Plan - Growth,26.7706
2026-03-23,134388,Aditya Birla Sun Life Credit Risk Fund - Direct Plan - Bonus,26.7695
2026-03-23,134427,UTI Liquid Fund - Direct Plan - Annual IDCW,1982.7364
2026-03-23,134484,UTI Ultra Short Duration Fund - Regular Plan - Annual IDCW,1442.2124
2026-03-23,134493,Quantum Dynamic Bond Fund - Direct Plan Monthly IDCW,10.2106
2026-03-23,134494,Quantum Dynamic Bond Fund - Direct Plan Growth Option,22.1229
2026-03-23,134495,UTI Medium Duration Fund - Regular Plan - Monthly IDCW,13.5131
2026-03-23,134498,UTI Medium Duration Fund - Regular Plan - Flexi IDCW,13.8427
2026-03-23,134499,UTI Medium Duration Fund - Regular Plan - Growth Option,18.7376
2026-03-23,134500,UTI Medium Duration Fund - Regular Plan - Annual IDCW,13.7432
2026-03-23,134501,UTI Medium Duration Fund - Direct Plan - Monthly IDCW,10.4691
2026-03-23,134502,UTI Medium Duration Fund - Direct Plan - Quarterly IDCW,15.107
2026-03-23,134503,UTI Medium Duration Fund - Direct Plan - Growth Option,20.1906
2026-03-23,134504,UTI Medium Duration Fund - Direct Plan - Half-Yearly IDCW,15.1232
2026-03-23,134505,UTI Medium Duration Fund - Direct Plan - Annual IDCW,14.9547
2026-03-23,134506,UTI Medium Duration Fund - Direct Plan - Flexi IDCW,15.6972
2026-03-23,134517,UTI Short Duration Fund - Regular Plan - Annual IDCW,14.4863
2026-03-23,134545,Nippon India Banking and PSU Fund- Growth Plan- Growth Option,21.3276
2026-03-23,134547,Nippon India Banking and PSU  Fund- Direct Plan-Growth Plan- Growth Option,22.1967
2026-03-23,134548,NIPPON INDIA BANKING and PSU FUND - IDCW Option,21.3276
2026-03-23,134549,NIPPON INDIA BANKING and PSU FUND - MONTHLY IDCW Option,10.6519
2026-03-23,134550,NIPPON INDIA BANKING and PSU FUND - Direct Plan - MONTHLY IDCW Option,10.7236
2026-03-23,134551,NIPPON INDIA BANKING and PSU FUND - QUARTERLY IDCW Option,10.7216
2026-03-23,134552,Nippon India Banking and PSU Fund- Direct Plan-Growth Plan- Bonus Option,22.1963
2026-03-23,134553,NIPPON INDIA BANKING and PSU  FUND - WEEKLY IDCW Option,10.2389
2026-03-23,134554,NIPPON INDIA BANKING and PSU FUND - Direct Plan - WEEKLY IDCW Option,10.2394
2026-03-23,134555,NIPPON INDIA BANKING and PSU  FUND - Direct Plan - IDCW Option,22.1967
2026-03-23,134556,NIPPON INDIA BANKING and PSU FUND - Direct Plan - QUARTERLY IDCW Option,10.7824
2026-03-23,134593,Nippon India Equity Savings Fund- Growth Plan- Growth Option,15.9797
2026-03-23,134594,Nippon India Equity Savings Fund- Direct Plan- Growth Plan-Growth Option,17.7311
2026-03-23,134595,Nippon India Equity Savings Fund- Direct Plan- Growth Plan- Bonus Option,17.7311
2026-03-23,134596,NIPPON INDIA EQUITY SAVINGS FUND - IDCW Option,13.6891
2026-03-23,134597,NIPPON INDIA EQUITY SAVINGS FUND - Direct Plan - IDCW Option,15.2844
2026-03-23,134598,NIPPON INDIA EQUITY SAVINGS FUND - MONTHLY IDCW Option,13.503
2026-03-23,134599,NIPPON INDIA EQUITY SAVINGS FUND - Direct Plan - MONTHLY IDCW Option,15.064
2026-03-23,134600,NIPPON INDIA EQUITY SAVINGS FUND - QUARTERLY IDCW Option,13.4937
2026-03-23,134601,NIPPON INDIA EQUITY SAVINGS FUND - Direct Plan - QUARTERLY IDCW Option,15.0494
2026-03-23,134602,Nippon India Equity Savings Fund- Growth Plan- Bonus Option,15.9797
2026-03-23,134639,SBI Equity Savings Fund - Regular Plan - Monthly Income Distribution cum Capital Withdrawal Option (IDCW),22.0842
2026-03-23,134640,SBI Equity Savings Fund - Direct Plan - Quarterly Income Distribution cum Capital Withdrawal Option (IDCW),24.9697
2026-03-23,134641,SBI Equity Savings Fund - Direct Plan - Monthly Income Distribution cum Capital Withdrawal Option (IDCW),24.1358
2026-03-23,134642,SBI Equity Savings Fund - Regular Plan - Quarterly Income Distribution cum Capital Withdrawal Option (IDCW),22.5252
2026-03-23,134643,SBI Equity Savings Fund - Direct Plan - Growth,26.3679
2026-03-23,134644,SBI Equity Savings Fund - Regular Plan - Growth,23.8205
2026-03-23,134763,UTI Money Market Fund - Regular Plan - Half-Yearly IDCW,1808.9642
2026-03-23,134782,Nippon India ETF Nifty 50 Value 20,137.25
2026-03-23,134788,UTI Dynamic Bond Fund - Direct Plan - Half-Yearly IDCW,17.0274
2026-03-23,134813,Mirae Asset Aggressive Hybrid Fund - Direct Plan - Growth,35.835
2026-03-23,134814,Mirae Asset Aggressive Hybrid Fund - Direct Plan - IDCW,19.64
2026-03-23,134815,Mirae Asset Aggressive Hybrid Fund - Regular Plan - Growth,30.442
2026-03-23,134816,Mirae Asset Aggressive Hybrid Fund - Regular Plan - IDCW,15.889
2026-03-23,134846,LIC MF ULIS (10 Yrs. Single Premium)-Regular Plan-IDCW Reinvestment,32.6283
2026-03-23,134847,LIC MF ULIS (10 Yrs. Regular Premium Reducing Cover Monthly)-Regular Plan-IDCW Reinvestment,32.6283
2026-03-23,134863,LIC MF ULIS (10 Yrs. Regular Premium Uniform Cover Monthly)-Regular Plan-IDCW Reinvestment,32.6283
2026-03-23,134864,LIC MF ULIS (10 Yrs. Regular Premium Reducing Cover Yearly)-Regular Plan-IDCW Reinvestment,32.6283
2026-03-23,134865,LIC MF ULIS (10 Yrs. Regular Premium Reducing Cover Half-Yearly)-Regular Plan-IDCW Reinvestment,32.6283
2026-03-23,134867,LIC MF ULIS (10 Yrs. Regular Premium Uniform Cover Half-Yearly)-Regular Plan-IDCW Reinvestment,32.6283
2026-03-23,134868,LIC MF ULIS (10 Yrs. Regular Premium Uniform Cover Yearly)-Regular Plan-IDCW Reinvestment,32.6283
2026-03-23,134869,LIC MF ULIS (15 Yrs. Regular Premium Reducing Cover Monthly)-Regular Plan-IDCW Reinvestment,32.6283
2026-03-23,134870,LIC MF ULIS (15 Yrs. Regular Premium Reducing Cover Half-Yearly)-Regular Plan-IDCW Reinvestment,32.6283
2026-03-23,134871,LIC MF ULIS (15 Yrs. Regular Premium Reducing Cover Yearly)-Regular Plan-IDCW Reinvestment,32.6283
2026-03-23,134872,LIC MF ULIS (15 Yrs. Regular Premium Uniform Cover Monthly)-Regular Plan-IDCW Reinvestment,32.6283
2026-03-23,134873,LIC MF ULIS (15 Yrs. Regular Premium Uniform Cover Half-Yearly)-Regular Plan-IDCW Reinvestment,32.6283
2026-03-23,134874,LIC MF ULIS (15Yrs. Regular Premium Uniform Cover Yearly)-Regular Plan-IDCW Reinvestment,32.6283
2026-03-23,134875,LIC MF ULIS (10 Yrs. Single Premium)-Direct Plan-IDCW Reinvestment,36.5224
2026-03-23,134876,LIC MF ULIS (10 Yrs. Regular Premium Reducing Cover Monthly)-Direct Plan-IDCW Reinvestment,36.5224
2026-03-23,134877,LIC MF ULIS (10 Yrs. Regular Premium Reducing Cover Yearly)-Direct Plan-IDCW Reinvestment,36.5224
2026-03-23,134878,LIC MF ULIS (10 Yrs. Regular Premium Reducing Cover Half-Yearly)-Direct Plan-IDCW Reinvestment,36.5224
2026-03-23,134879,LIC MF ULIS (10 Yrs. Regular Premium Uniform Cover Half-Yearly)-Direct Plan-IDCW Reinvestment,36.5224
2026-03-23,134880,LIC MF ULIS (10 Yrs. Regular Premium Uniform Cover Yearly)-Direct Plan-IDCW Reinvestment,36.5224
2026-03-23,134881,LIC MF ULIS (10 Yrs. Regular Premium Uniform Cover Monthly)-Direct Plan-IDCW Reinvestment,36.5224
2026-03-23,134882,LIC MF ULIS (15 Yrs. Regular Premium Reducing Cover Half-Yearly)-Direct Plan-IDCW Reinvestment,36.5224
2026-03-23,134883,LIC MF ULIS (15 Yrs. Regular Premium Reducing Cover Yearly)-Direct Plan-IDCW Reinvestment,36.5224
2026-03-23,134884,LIC MF ULIS (15 Yrs. Regular Premium Reducing Cover Monthly)-Direct Plan-IDCW Reinvestment,36.5224
2026-03-23,134885,LIC MF ULIS (15 Yrs. Regular Premium Uniform Cover Half-Yearly)-Direct Plan-IDCW Reinvestment,36.5224
2026-03-23,134886,LIC MF ULIS (15 Yrs. Regular Premium Uniform Cover Yearly)-Direct Plan-IDCW Reinvestment,36.5224
2026-03-23,134887,LIC MF ULIS (15 Yrs. Regular Premium Uniform Cover Monthly)-Direct Plan-IDCW Reinvestment,36.5224
2026-03-23,134922,Nippon India US Equity Opportunities Fund- Growth Plan- Growth Option,36.1352
2026-03-23,134923,Nippon India US Equity Opportunities Fund- Direct Plan- Growth Plan- Growth Option,40.6299
2026-03-23,134924,NIPPON INDIA - US EQUITY OPPORTUNITIES FUND - IDCW Option,36.1352
2026-03-23,134925,NIPPON INDIA - US EQUITY OPPORTUNITIES FUND - Direct Plan - IDCW Option,40.6299
2026-03-23,134954,JM Large Cap Fund (Regular) - Quarterly IDCW,31.1231
2026-03-23,134955,JM Large Cap Fund (Regular) - Half Yearly IDCW,22.6082
2026-03-23,134956,JM Large Cap Fund (Direct) - Monthly IDCW,65.0963
2026-03-23,134957,JM Large Cap Fund (Direct) - Half Yearly IDCW,65.2324
2026-03-23,134958,JM Large Cap Fund (Direct) - Annual IDCW,65.6916
2026-03-23,134959,JM Large Cap Fund (Regular) - Monthly IDCW,21.429
2026-03-23,134960,JM Large Cap Fund (Direct) - Quarterly IDCW,65.7033
2026-03-23,134961,JM Large Cap Fund (Regular) - Annual IDCW,27.5305
2026-03-23,134972,UTI Money Market Fund - Regular Plan - Annual IDCW,1917.4267
2026-03-23,134973,UTI Money Market Fund - Direct Plan - Annual IDCW,1935.0381
2026-03-23,134998,UTI Medium to Long Duration Fund - Direct Plan - Half-Yearly IDCW,15.1735
2026-03-23,135051,UTI Credit Risk Fund - Regular Plan - Flexi IDCW,11.5207
2026-03-23,135106,SBI Nifty 50 ETF,240.733
2026-03-23,135120,Axis Equity Savings Fund - Direct Plan - Growth,24.88
2026-03-23,135121,Axis Equity Savings Fund - Direct Plan - Monthly IDCW,13.07
2026-03-23,135122,Axis Equity Savings Fund - Regular Plan - Growth,21.8
2026-03-23,135123,Axis Equity Savings Fund - Regular Plan - Monthly IDCW,10.94
2026-03-23,135124,Axis Equity Savings Fund - Direct Plan - Quarterly IDCW,13.52
2026-03-23,135125,Axis Equity Savings Fund - Regular Plan - Quarterly IDCW,11.52
2026-03-23,135167,JM Arbitrage Fund (Regular) - Annual IDCW,14.9979
2026-03-23,135168,JM Arbitrage Fund (Regular) - Monthly IDCW,13.3467
2026-03-23,135169,JM Arbitrage Fund (Regular) - Quarterly IDCW,15.3306
2026-03-23,135170,JM Arbitrage Fund (Regular) - Half Yearly IDCW,15.1067
2026-03-23,135171,JM Arbitrage Fund (Direct) - Half Yearly IDCW,16.827
2026-03-23,135172,JM Arbitrage Fund (Direct) - Monthly IDCW,14.691
2026-03-23,135173,JM Arbitrage Fund (Direct) - Annual IDCW,16.5557
2026-03-23,135174,JM Arbitrage Fund (Direct) - Quarterly IDCW,17.2878
2026-03-23,135191,UTI Low Duration Fund - Direct Plan - Fortnightly IDCW,1338.0702
2026-03-23,135290,UTI Credit Risk Fund - Direct Plan - Annual IDCW,12.7868
2026-03-23,135320,UTI Nifty 50 ETF,247.8906
2026-03-23,135321,UTI BSE Sensex ETF,799.9644
2026-03-23,135336,UTI Dynamic Bond Fund - Regular Plan - Flexi IDCW,16.7676
2026-03-23,135341,Groww Value Fund (formerly known as Indiabulls Value Fund) - Direct Plan - Growth Option,28.8672
2026-03-23,135342,Groww Value Fund (formerly known as Indiabulls Value Fund)- Direct Plan- - Income Distribution cum capital withdrawal Option (Payout & Reinvestment),28.7603
2026-03-23,135343,Groww Value Fund (formerly known as Indiabulls Value Fund) - Regular Plan - Growth Option,23.9866
2026-03-23,135344,Groww Value Fund (formerly known as Indiabulls Value Fund)- Regular Plan - Income Distribution cum capital withdrawal Option (Payout & Reinvestment),23.9787
2026-03-23,135371,UTI Money Market Fund - Regular Plan - Fortnightly IDCW,1158.9729
2026-03-23,135390,ICICI Prudential Nifty 50 Index Fund - IDCW Option,30.2231
2026-03-23,135391,ICICI Prudential Nifty 50 Index Fund - Direct Plan IDCW Option,31.8237
2026-03-23,135418,UTI Credit Risk Fund - Direct Plan - Half-Yearly IDCW,12.839
2026-03-23,135419,UTI Credit Risk Fund - Regular Plan - Half-Yearly IDCW,11.9054
2026-03-23,135497,UTI Short Duration Fund - Direct Plan - Annual IDCW,13.2601
2026-03-23,135500,Kotak Bond Short Term Plan - Direct - Standard Income Distribution cum capital withdrawal option,15.7965
2026-03-23,135501,Kotak Bond Short Term Plan - Regular Plan - Normal Dividend,11.946
2026-03-23,135536,UTI Dynamic Bond Fund - Direct Plan - Annual IDCW,14.6753
2026-03-23,135581,UTI Medium to Long Duration Fund - Regular Plan - Half-Yearly IDCW,14.6547
2026-03-23,135598,PGIM India ELSS Tax Saver Fund - Regular Plan - Growth Option,29.83
2026-03-23,135599,PGIM India ELSS Tax Saver Fund - Regular Plan - Dividend Option,15.6
2026-03-23,135600,PGIM India ELSS Tax Saver Fund - Direct Plan - Dividend Option,16.75
2026-03-23,135601,PGIM India ELSS Tax Saver Fund - Direct Plan - Growth Option,34.49
2026-03-23,135606,UTI Money Market Fund - Direct Plan - Fortnightly IDCW,1250.8628
2026-03-23,135607,LIC MF Nifty 50 ETF,250.9445
2026-03-23,135652,Navi ELSS Tax Saver Fund - Regular Plan IDCW Payout,25.7346
2026-03-23,135653,Navi ELSS Tax Saver Fund - Direct Plan IDCW Payout,30.5156
2026-03-23,135654,Navi ELSS Tax Saver Fund- Direct Plan- Growth Option,30.8995
2026-03-23,135655,Navi ELSS Tax Saver Fund- Regular Plan- Growth Option,25.7371
2026-03-23,135672,LIC MF BSE Sensex ETF,815.7293
2026-03-23,135677,Navi Large & Midcap Fund- Direct Plan- Growth Option,37.6567
2026-03-23,135678,Navi Large & Midcap Fund- Regular Plan- Growth Option,31.1179
2026-03-23,135679,Navi Large & Midcap Fund - Direct Normal IDCW Payout,37.2031
2026-03-23,135680,Navi Large & Midcap Fund - Regular Normal IDCW Payout,31.1142
2026-03-23,135681,Sundaram Long Term Tax Advantage Fund Series II Direct Plan - Payout of Income Distribution cum Capital Withdrawal (IDCW),28.0616
2026-03-23,135682,Sundaram Long Term Tax Advantage Fund Series II Direct Plan - Growth,36.3216
2026-03-23,135683,Sundaram Long Term Tax Advantage Fund Series II Regular Plan - Payout of Income Distribution cum Capital Withdrawal (IDCW),27.032
2026-03-23,135684,Sundaram Long Term Tax Advantage Fund Series II Regular Plan - Growth,35.1776
2026-03-23,135721,UTI Liquid Fund - Regular Plan - Quarterly IDCW,1858.9877
2026-03-23,135744,Kotak Nifty 50 Value 20 ETF - Payout of Income Distribution cum capital withdrawal option,13.7016
2026-03-23,135759,Axis Children's Fund - Lock in - Regular Growth,24.1549
2026-03-23,135760,Axis Children's Fund - Lock in - Regular Plan - IDCW,24.1681
2026-03-23,135761,Axis Children's Fund - No Lock in - Regular Plan - IDCW,24.148
2026-03-23,135762,Axis Children's Fund - Lock in - Direct Growth,27.6157
2026-03-23,135763,Axis Children's Fund - No Lock in - Direct Plan - IDCW,27.6495
2026-03-23,135764,Axis Children's Fund - No Lock in - Direct Growth,28.1439
2026-03-23,135765,Axis Children's Fund - Lock in - Direct Plan - IDCW,27.5923
2026-03-23,135766,Axis Children's Fund - No Lock in - Regular Plan - Growth,24.152
2026-03-23,135781,Mirae Asset ELSS Tax Saver Fund - Direct Plan - Growth,50.092
2026-03-23,135782,Mirae Asset ELSS Tax Saver Fund - Direct Plan - IDCW,23.406
2026-03-23,135783,Mirae Asset ELSS Tax Saver Fund - Regular Plan - IDCW,19.743
2026-03-23,135784,Mirae Asset ELSS Tax Saver Fund - Regular Plan - Growth,43.988
2026-03-23,135789,TATA Banking & Financial Services Fund Direct Plan - Payout of Income Distribution cum capital withdrawal option,46.2376
2026-03-23,135790,TATA Banking & Financial Services Fund Regular Plan - Payout of Income Distribution cum capital withdrawal option,36.1627
2026-03-23,135791,TATA Banking & Financial Services Fund Regular Plan - Reinvestment of Income Distribution cum capital withdrawal option,36.1627
2026-03-23,135792,TATA Banking & Financial Services Fund Direct Plan - Reinvestment of Income Distribution cum capital withdrawal option,46.2376
2026-03-23,135793,Tata Banking And Financial Services Fund-Direct Plan-Growth,46.2376
2026-03-23,135794,Tata Banking And Financial Services Fund-Regular Plan-Growth,39.3179
2026-03-23,135795,TATA Digital India Fund Direct Plan - Payout of Income Distribution cum capital withdrawal option,44.1556
2026-03-23,135796,TATA Digital India Fund Regular Plan - Payout of Income Distribution cum capital withdrawal option,37.5826
2026-03-23,135797,Tata Digital India Fund-Regular Plan-Growth,37.5826
2026-03-23,135798,TATA Digital India Fund Direct Plan - Reinvestment of Income Distribution cum capital withdrawal option,44.1556
2026-03-23,135799,TATA Digital India Fund Regular Plan - Reinvestment of Income Distribution cum capital withdrawal option,37.5826
2026-03-23,135800,Tata Digital India Fund-Direct Plan-Growth,44.1556
2026-03-23,135801,TATA India Consumer Fund Direct Plan - Reinvestment of Income Distribution cum capital withdrawal option,44.6064
2026-03-23,135802,TATA India Consumer Fund Regular Plan - Payout of Income Distribution cum capital withdrawal option,35.4444
2026-03-23,135803,TATA India Consumer Fund Regular Plan - Reinvestment of Income Distribution cum capital withdrawal option,35.4444
2026-03-23,135804,Tata India Consumer Fund-Regular Plan-Growth,38.4361
2026-03-23,135805,Tata India Consumer Fund-Direct Plan-Growth,44.6064
2026-03-23,135806,TATA India Consumer Fund Direct Plan - Payout of Income Distribution cum capital withdrawal option,44.6064
2026-03-23,135807,TATA India Pharma & Health Care Fund Direct Plan - Payout of Income Distribution cum capital withdrawal option,32.8577
2026-03-23,135808,TATA India Pharma & Healthcare Fund Direct Plan - Reinvestment of Income Distribution cum capital withdrawal option,32.8577
2026-03-23,135809,TATA India Pharma & Health Care Fund Regular Plan - Payout of Income Distribution cum capital withdrawal option,27.9707
2026-03-23,135810,Tata India Pharma & Healthcare Fund-Direct Plan-Growth,32.8577
2026-03-23,135811,TATA India Pharma & Healthcare Fund Regular Plan - Reinvestment of Income Distribution cum capital withdrawal option,27.9707
2026-03-23,135812,Tata India Pharma & Healthcare Fund-Regular Plan-Growth,27.9707
2026-03-23,135813,Tata Resources & Energy Fund-Direct Plan-Growth,50.3339
2026-03-23,135814,TATA Resources & Energy Fund Regular Plan - Payout of Income Distribution cum capital withdrawal option,38.8252
2026-03-23,135815,Tata Resources & Energy Fund-Regular Plan-Growth,42.446
2026-03-23,135816,TATA Resources & Energy Fund Direct Plan - Reinvestment of Income Distribution cum capital withdrawal option,50.3339
2026-03-23,135817,TATA Resources & Energy Fund Direct Plan - Payout of Income Distribution cum capital withdrawal option,50.3339
2026-03-23,135818,TATA Resources & Energy Fund Regular Plan - Reinvestment of Income Distribution cum capital withdrawal option,38.8252
2026-03-23,135853,HDFC NIFTY 50 ETF - Growth Plan,251.9875
2026-03-23,135854,HDFC BSE Sensex ETF - Growth Plan,81.9126
2026-03-23,135914,BANDHAN Corporate Bond Fund - Regular Growth,19.8727
2026-03-23,135915,BANDHAN Corporate Bond Fund - Regular Periodic IDCW,13.3968
2026-03-23,135916,BANDHAN Corporate Bond Fund - Direct Growth,20.5112
2026-03-23,135917,BANDHAN Corporate Bond Fund - Direct Periodic IDCW,13.608
2026-03-23,135976,LIC MF ULIS (10 Yrs. Regular Premium Reducing Cover Quarterly)-Direct Plan-IDCW Reinvestment,36.5224
2026-03-23,135977,LIC MF ULIS (10 Yrs. Regular Premium Uniform Cover Quarterly)-Direct Plan-IDCW Reinvestment,36.5224
2026-03-23,135978,LIC MF ULIS (15 Yrs. Regular Premium Reducing Cover Quarterly)-Direct Plan-IDCW Reinvestment,36.5224
2026-03-23,135979,LIC MF ULIS (10 Yrs. Regular Premium Reducing Cover Quarterly)-Regular Plan-IDCW Reinvestment,32.6283
2026-03-23,135980,LIC MF ULIS (15 Yrs. Regular Premium Uniform Cover Quarterly)-Direct Plan-IDCW Reinvestment,36.5224
2026-03-23,135981,LIC MF ULIS (15 Yrs. Regular Premium Reducing Cover Quarterly)-Regular Plan-IDCW Reinvestment,32.6283
2026-03-23,135982,LIC MF ULIS (15 Yrs. Regular Premium Uniform Cover Quarterly)-Regular Plan-IDCW Reinvestment,32.6283
2026-03-23,135983,LIC MF ULIS (10 Yrs. Regular Premium Uniform Cover Quarterly)-Regular Plan-IDCW Reinvestment,32.6283
2026-03-23,136004,SBI Long Term Advantage Fund - Series III - Regular Plan - Growth,39.5389
2026-03-23,136005,SBI Long Term Advantage Fund - Series III - Regular Plan - Income Distribution cum Capital Withdrawal Option (IDCW),33.48
2026-03-23,136006,SBI Long Term Advantage Fund - Series III - Direct Plan - Income Distribution cum Capital Withdrawal Option (IDCW),35.6395
2026-03-23,136007,SBI Long Term Advantage Fund - Series III - Direct Plan - Growth,42.2879
2026-03-23,136090,HDFC Retirement Savings Fund - Equity Plan - Growth Option,45.088
2026-03-23,136094,HDFC Retirement Savings Fund - Equity Plan - Growth Option - Direct Plan,51.422
2026-03-23,136110,UTI Banking & PSU Fund - Regular Plan - Monthly IDCW,13.297
2026-03-23,136111,Invesco India Ultra Short Duration Fund - Regular Plan - Daily IDCW (Reinvestment),1425.7025
2026-03-23,136112,Invesco India Ultra Short Duration Fund - Direct Plan - Daily IDCW (Reinvestment),1523.6188
2026-03-23,136113,ICICI Prudential Equity & Debt Fund - Annual IDCW,23.97
2026-03-23,136114,ICICI Prudential Equity & Debt Fund - Direct Plan - Annual IDCW,26.82
2026-03-23,136302,UTI Credit Risk Fund - Direct Plan - Flexi IDCW,12.7914
2026-03-23,136345,UTI Low Duration Fund - Regular Plan - Half-Yearly IDCW,1460.5767
2026-03-23,136463,HDFC Retirement Savings Fund - Hybrid-Equity Plan - Growth Option,35.177
2026-03-23,136464,HDFC Retirement Savings Fund - Hybrid-Equity Plan - Growth Option - Direct Plan,40.233
2026-03-23,136465,HDFC Retirement Savings Fund - Hybrid-Debt Plan - Growth Option - Direct Plan,24.1064
2026-03-23,136466,HDFC Retirement Savings Fund - Hybrid-Debt Plan - Growth Option,21.2144
2026-03-23,136473,LIC MF Nifty 100 ETF,251.7747
2026-03-23,136563,DSP Equity Savings Fund - Regular Plan - Growth,21.712
2026-03-23,136564,DSP Equity Savings Fund - Regular Plan - IDCW,11.823
2026-03-23,136565,DSP Equity Savings Fund - Regular Plan - IDCW - Monthly,13.461
2026-03-23,136566,DSP Equity Savings Fund - Regular Plan - IDCW - Quarterly,13.528
2026-03-23,136567,DSP Equity Savings Fund - Direct Plan - Growth,24.485
2026-03-23,136568,DSP Equity Savings Fund - Direct Plan - IDCW,13.291
2026-03-23,136569,DSP Equity Savings Fund - Direct Plan - IDCW - Monthly,17.083
2026-03-23,136570,DSP Equity Savings Fund - Direct Plan - IDCW - Quarterly,17.066
2026-03-23,138285,PGIM India Liquid Fund - Daily Dividend,100.3003
2026-03-23,138287,PGIM India Liquid Fund - Monthly Dividend,117.2617
2026-03-23,138288,PGIM India Liquid Fund - Growth,354.2491
2026-03-23,138289,PGIM India Liquid Fund - Weekly Dividend,100.5369
2026-03-23,138297,PGIM India Liquid Fund - Direct Plan - Daily Dividend,127.8615
2026-03-23,138298,PGIM India Liquid Fund - Direct Plan - Monthly Dividend,116.809
2026-03-23,138299,PGIM India Liquid Fund - Direct Plan - Growth,358.7649
2026-03-23,138301,PGIM India Liquid Fund - Direct Plan - Weekly Dividend,100.5377
2026-03-23,138307,PGIM India Large Cap Fund - Dividend,17.19
2026-03-23,138308,PGIM India Large Cap Fund - Growth,300.58
2026-03-23,138312,PGIM India Large Cap Fund - Direct Plan - Growth,360.34
2026-03-23,138313,PGIM India Large Cap Fund - Direct Plan - Dividend,24.81
2026-03-23,138315,PGIM India Corporate Bond Fund - Quarterly Dividend,11.4487
2026-03-23,138316,PGIM India Corporate Bond Fund - Monthly Dividend,12.5604
2026-03-23,138317,PGIM India Corporate Bond Fund - Annual Dividend,10.7813
2026-03-23,138318,PGIM India Corporate Bond Fund - Growth,44.3475
2026-03-23,138329,PGIM India Corporate Bond Fund - Direct Plan - Annual Dividend,16.6427
2026-03-23,138330,PGIM India Corporate Bond Fund - Direct Plan - Growth,49.6706
2026-03-23,138331,PGIM India Corporate Bond Fund - Direct Plan - Monthly Dividend,14.6596
2026-03-23,138332,PGIM India Corporate Bond Fund - Direct Plan - Quarterly Dividend,13.0251
2026-03-23,138341,PGIM India Ultra Short Duration Fund - Weekly Dividend,10.075
2026-03-23,138342,PGIM India Ultra Short Duration Fund - Daily Dividend,10.0185
2026-03-23,138343,PGIM India Ultra Short Duration Fund - Growth,35.3279
2026-03-23,138344,PGIM India Ultra Short Duration Fund - Monthly Dividend,15.2572
2026-03-23,138358,PGIM India Ultra Short Duration Fund - Direct Plan - Growth,37.1079
2026-03-23,138359,PGIM India Ultra Short Duration Fund - Direct Plan - Monthly Dividend,12.4238
2026-03-23,138361,PGIM India Ultra Short Duration Fund - Direct Plan - Daily Dividend,10.0228
2026-03-23,138362,PGIM India Ultra Short Duration Fund - Direct Plan - Weekly Dividend,10.263
2026-03-23,138369,PGIM India Equity Savings Fund - Monthly Dividend option,12.1741
2026-03-23,138371,PGIM India Equity Savings Fund - Annual Dividend option,15.0767
2026-03-23,138372,PGIM India Equity Savings Fund - Growth Option,49.0619
2026-03-23,138375,PGIM India Equity Savings Fund - Direct Plan - Annual Dividend,16.0633
2026-03-23,138376,PGIM India Equity Savings Fund - Direct Plan - Growth,55.8529
2026-03-23,138377,PGIM India Equity Savings Fund - Direct Plan - Monthly Dividend,13.4167
2026-03-23,138381,PGIM India Aggressive Hybrid Equity Fund - Dividend Option,13.78
2026-03-23,138382,PGIM India Aggressive Hybrid Equity Fund - Growth Option,117.44
2026-03-23,138386,PGIM India Aggressive Hybrid Equity Fund - Direct Plan - Growth,141.72
2026-03-23,138387,PGIM India Aggressive Hybrid Equity Fund - Direct Plan - Dividend,24.62
2026-03-23,138453,PGIM India Emerging Markets Equity Fund of Fund- Growth,19.83
2026-03-23,138456,PGIM India Emerging Markets Equity Fund of Fund - Direct Plan - Growth,22.75
2026-03-23,138467,PGIM India Gilt Fund - Quarterly Dividend,13.3972
2026-03-23,138470,PGIM India Gilt Fund - Growth,29.9192
2026-03-23,138472,PGIM India Gilt Fund - Direct Plan - Growth,32.5708
2026-03-23,138474,PGIM India Gilt Fund - Direct Plan - Quarterly Dividend,14.2758
2026-03-23,138523,PGIM India Global Equity Opportunities Fund of Fund- Growth,43.8
2026-03-23,138528,PGIM India Global Equity Opportunities Fund of Fund- Direct Plan - Growth,49.89
2026-03-23,138875,PGIM India Arbitrage Fund - Direct Plan - Growth,20.5018
2026-03-23,138876,PGIM India Arbitrage Fund - Regular Plan - Growth,19.0884
2026-03-23,138877,PGIM India Arbitrage Fund - Direct Plan - Regular Dividend,12.8248
2026-03-23,138878,PGIM India Arbitrage Fund - Direct Plan - Monthly Dividend,11.4337
2026-03-23,138883,PGIM India Arbitrage Fund - Regular Plan - Monthly Dividend,11.2323
2026-03-23,138887,PGIM India Arbitrage Fund - Regular Plan - Regular Dividend,12.067
2026-03-23,139181,UTI Dynamic Bond Fund - Regular Plan - Half-Yearly IDCW,15.5887
2026-03-23,139198,BANDHAN Corporate Bond Fund - Direct Monthly IDCW,10.3389
2026-03-23,139199,BANDHAN Corporate Bond Fund - Direct Quarterly IDCW,10.6951
2026-03-23,139200,BANDHAN Corporate Bond Fund - Direct Half Yearly IDCW,11.7598
2026-03-23,139201,BANDHAN Corporate Bond Fund - Direct Annual IDCW,10.8852
2026-03-23,139202,BANDHAN Corporate Bond Fund - Regular Monthly IDCW,10.5901
2026-03-23,139203,BANDHAN Corporate Bond Fund - Regular Half Yearly IDCW,11.1185
2026-03-23,139204,BANDHAN Corporate Bond Fund - Regular Annual IDCW,10.8437
2026-03-23,139205,BANDHAN Corporate Bond Fund - Regular Quarterly IDCW,10.7227
2026-03-23,139235,Canara Robeco Liquid Fund -Unclaimed Redemption and Dividend Plan -Direct Growth Option,1799.1583
2026-03-23,139236,UTI MMF - Regular Plan - Flexi Dividend Option,1245.5996
2026-03-23,139339,UTI Medium to Long Duration Fund - Direct Plan - Annual IDCW,13.0085
2026-03-23,139386,Navi Liquid Fund-Unclaimed Redemption and Dividend Plan less than 3 years,29.6927
2026-03-23,139387,Invesco India Liquid Fund - Unclaimed Redemption Plan - Below 3 years,1788.3404
2026-03-23,139388,Invesco India Liquid Fund - Unclaimed Redemption Plan - Above 3 Years,1000.0
2026-03-23,139389,Invesco India Liquid Fund - Unclaimed Dividend Plan - Below 3 Years,1788.7427
2026-03-23,139390,Invesco India Liquid Fund - Unclaimed Dividend Plan - Above 3 Years,1000.0
2026-03-23,139407,UTI Banking & PSU Fund - Regular Plan - Half-Yearly IDCW,15.2142
2026-03-23,139430,SBI Nifty 10 yr Benchmark G-Sec ETF,258.9044
2026-03-23,139455,ICICI Prudential Nifty50 Value 20 ETF,13.3707
2026-03-23,139496,Nippon India ETF Nifty 8-13 yr G-Sec Long Term Gilt,29.1957
2026-03-23,139519,ICICI Prudential BSE Midcap Select ETF,15.5679
2026-03-23,139520,Axis Equity Savings Fund - Direct Plan - Regular IDCW,12.36
2026-03-23,139521,Axis Equity Savings Fund - Regular Plan - Regular IDCW,11.54
2026-03-23,139527,BANK OF INDIA MID & SMALL CAP EQUITY & DEBT FUND - DIRECT PLAN GROWTH,38.95
2026-03-23,139528,BANK OF INDIA MID & SMALL CAP EQUITY & DEBT FUND - REGULAR  PLAN IDCW,29.56
2026-03-23,139529,BANK OF INDIA MID & SMALL CAP EQUITY & DEBT FUND - REGULAR  PLAN  GROWTH,35.41
2026-03-23,139530,BANK OF INDIA MID & SMALL CAP EQUITY & DEBT FUND - DIRECT PLAN IDCW,31.31
2026-03-23,139534,Mahindra Manulife Liquid Fund - Regular Plan - Daily IDCW,1001.0995
2026-03-23,139535,Mahindra Manulife Liquid Fund - Direct Plan - Daily IDCW,1257.9837
2026-03-23,139536,Mahindra Manulife Liquid Fund - Direct Plan - Weekly IDCW,1003.6172
2026-03-23,139537,Mahindra Manulife Liquid Fund - Regular Plan - Growth,1771.3536
2026-03-23,139538,Mahindra Manulife Liquid Fund - Direct Plan -Growth,1791.8034
2026-03-23,139541,Mahindra Manulife Liquid Fund - Regular Plan - Weekly IDCW,1010.0278
2026-03-23,139568,UTI Ultra Short Duration Fund - Direct Plan - Annual IDCW,1494.1847
2026-03-23,139581,Aditya Birla Sun Life BSE Sensex ETF,72.8062
2026-03-23,139582,BANDHAN LIQUID Fund - Unclaimed IDCW Less than 3 years,1.7686
2026-03-23,139583,BANDHAN LIQUID Fund - Unclaimed IDCW More than 3 years,1.0
2026-03-23,139584,BANDHAN LIQUID Fund - Unclaimed Redemption Less than 3 years,1.7686
2026-03-23,139585,BANDHAN LIQUID Fund - Unclaimed Redemption More than 3 years,1.0
2026-03-23,139617,Taurus Unclaimed Redemption - Growth,17.472
2026-03-23,139618,Taurus Investor Education Pool - Unclaimed Redemption - Growth,10.0
2026-03-23,139619,Taurus Investor Education Pool - Unclaimed Dividend - Growth,10.0
2026-03-23,139679,NIPPON INDIA AGGRESSIVE HYBRID FUND - DIRECT Plan - MONTHLY IDCW Option,17.0921
2026-03-23,139680,NIPPON INDIA AGGRESSIVE HYBRID FUND - MONTHLY IDCW Option,15.2446
2026-03-23,139709,Sundaram Long Term Micro Cap Tax Advantage Fund Series III Regular Plan - Growth,28.4679
2026-03-23,139710,Sundaram Long Term Micro Cap Tax Advantage Fund Series III Direct Plan - Payout of Income Distribution cum Capital Withdrawal (IDCW),25.7472
2026-03-23,139711,Sundaram Long Term Micro Cap Tax Advantage Fund Series III Direct Plan - Growth,29.3596
2026-03-23,139712,Sundaram Long Term Micro Cap Tax Advantage Fund Series III Regular Plan - Payout of Income Distribution cum Capital Withdrawal (IDCW),24.9072
2026-03-23,139780,Mahindra Manulife ELSS Tax Saver Fund - Regular Plan - IDCW,14.9445
2026-03-23,139781,Mahindra Manulife ELSS Tax Saver Fund - Direct Plan -Growth,29.9112
2026-03-23,139782,Mahindra Manulife ELSS Tax Saver Fund- Direct Plan - IDCW,18.8329
2026-03-23,139783,Mahindra Manulife ELSS Tax Saver Fund- Regular Plan - Growth,25.2383
2026-03-23,139820,PGIM India Aggressive Hybrid Equity Fund-Direct Plan-Monthly Dividend Option,23.24
2026-03-23,139821,PGIM India Aggressive Hybrid Equity Fund-Monthly Dividend Option,20.64
2026-03-23,139838,UTI Liquid Fund - Regular Plan - Fortnightly IDCW,1156.0913
2026-03-23,139839,BANDHAN Nifty 50 ETF,247.1182
2026-03-23,139840,BANDHAN BSE Sensex ETF,786.3635
2026-03-23,139863,Motilal Oswal Balanced Advantage Fund (MOFDYNAMIC) - Regular Plan - Annual Dividend Payout Option,12.0427
2026-03-23,139865,Motilal Oswal Balanced Advantage Fund Direct - Quarterly IDCW Payout/Reinvestment,10.8336
2026-03-23,139866,Motilal Oswal Balanced Advantage Fund Direct - Annual IDCW Payout/Reinvestment,12.8198
2026-03-23,139870,Motilal Oswal Balanced Advantage Fund (MOFDYNAMIC) - Regular Plan - Growth Option,16.7954
2026-03-23,139871,Motilal Oswal Balanced Advantage Fund Regular - Quarterly IDCW Payout/Reinvestment,10.0479
2026-03-23,139872,Motilal Oswal Balanced Advantage Fund  (MOFDYNAMIC) - Direct Plan - Growth Option,18.8373
2026-03-23,139889,Franklin India Liquid Fund - Unclaimed Redemption Plan - Growth,17.4422
2026-03-23,139890,Franklin India Liquid Fund - Unclaimed IDCW Plan - Growth,17.4422
2026-03-23,139891,Franklin India Liquid Fund - Unclaimed Redemption Investor Education Plan - Growth,10.0
2026-03-23,139892,Franklin India Liquid Fund - Unclaimed IDCW Investor Education Plan - Growth,10.0
2026-03-23,139989,Sundaram Long Term Micro Cap Tax Advantage Fund Series IV Direct Plan - Payout of Income Distribution cum Capital Withdrawal (IDCW),24.2168
2026-03-23,139990,Sundaram Long Term Micro Cap Tax Advantage Fund Series IV Direct Plan - Growth,25.4432
2026-03-23,139991,Sundaram Long Term Micro Cap Tax Advantage Fund Series IV Regular Plan - Payout of Income Distribution cum Capital Withdrawal (IDCW),23.6406
2026-03-23,139992,Sundaram Long Term Micro Cap Tax Advantage Fund Series IV Regular Plan - Growth,24.8642
2026-03-23,140023,UTI Money Market Fund - Direct Plan - Half-Yearly IDCW,1821.6313
2026-03-23,140024,UTI Liquid Fund - Direct Plan - Quarterly IDCW,1872.559
2026-03-23,140084,Nippon India ETF Nifty 50 BeES,254.715
2026-03-23,140085,Nippon India ETF Nifty Next 50 Junior BeES,661.1474
2026-03-23,140086,Nippon India ETF Nifty 1D Rate Liquid BeES - DAILY IDCW Option,1000.0
2026-03-23,140087,Nippon India ETF Nifty Bank BeES,530.5033
2026-03-23,140088,Nippon India ETF Gold BeES,112.3565
2026-03-23,140089,Nippon India ETF Nifty PSU Bank BeES,91.5845
2026-03-23,140094,Nippon India ETF Nifty 50 Shariah BeES,439.4342
2026-03-23,140095,Nippon India ETF Hang Seng BeES,426.2121
2026-03-23,140102,Nippon India ETF Nifty Infrastructure BeES,884.4123
2026-03-23,140107,CPSE ETF,99.9404
2026-03-23,140116,UTI Banking & PSU Fund - Regular Plan - Annual IDCW,13.0176
2026-03-23,140135,UTI Banking & PSU Fund - Direct Plan - Annual IDCW,13.2938
2026-03-23,140172,Edelweiss Large & Mid Cap Fund - Regular Plan - Growth Option,79.106
2026-03-23,140173,Edelweiss Large and Mid Cap Fund - Regular Plan - IDCW Option,30.17
2026-03-23,140174,Edelweiss Large and Mid Cap Fund - Direct Plan - IDCW Option,36.445
2026-03-23,140175,Edelweiss Large & Mid Cap Fund - Direct Plan - Growth Option,93.958
2026-03-23,140176,Edelweiss Liquid Fund - Retail Plan - Growth Option,3165.7082
2026-03-23,140177,Edelweiss Liquid Fund - Retail Plan Daily - IDCW Option,1134.3749
2026-03-23,140178,Edelweiss Liquid Fund - Retail Plan - Weekly Dividend Option,1232.0436
2026-03-23,140180,Edelweiss Liquid Fund - Retail Plan Monthly - IDCW Option,1248.2489
2026-03-23,140181,Edelweiss Liquid Fund - Regular Plan Daily - IDCW Option,1288.9235
2026-03-23,140182,Edelweiss Liquid Fund - Regular Plan - Growth Option,3481.0259
2026-03-23,140183,Edelweiss Liquid Fund - Regular Plan Monthly - IDCW Option,1086.4869
2026-03-23,140184,Edelweiss Liquid Fund - Regular Plan Fortnightly - IDCW Option,2155.6541
2026-03-23,140185,Edelweiss Liquid Fund - Regular Plan Weekly - IDCW Option,1216.2694
2026-03-23,140188,Edelweiss Liquid Fund - Regular Plan Annual - IDCW Option,2408.5698
2026-03-23,140189,Edelweiss Liquid Fund - Regular Plan - Bonus Option,2027.8093
2026-03-23,140190,Edelweiss Liquid Fund - Regular Plan - IDCW Option,3481.0287
2026-03-23,140192,Edelweiss Liquid Fund - Direct Plan Annual - IDCW Option,3554.6981
2026-03-23,140193,Edelweiss Liquid Fund - Direct Plan daily - IDCW Option,1187.0269
2026-03-23,140194,Edelweiss Liquid Fund - Direct Plan - Bonus Option,2068.0721
2026-03-23,140195,Edelweiss Liquid Fund - Direct Plan weekly - IDCW Option,2174.9861
2026-03-23,140196,Edelweiss Liquid Fund - Direct Plan - Growth Option,3554.7232
2026-03-23,140197,Edelweiss Liquid Fund - Direct Plan Monthly - IDCW Option,1008.103
2026-03-23,140198,Edelweiss Liquid Fund - Direct Plan - IDCW Option,3554.7366
2026-03-23,140199,Edelweiss Liquid Fund - Direct Plan Fortnightly - IDCW Option,2476.4477
2026-03-23,140225,Edelweiss Mid Cap Fund - Regular Plan - Growth Option,91.765
2026-03-23,140226,Edelweiss Mid Cap Fund - Regular Plan - IDCW Option,52.905
2026-03-23,140227,Edelweiss Mid Cap Fund - Direct Plan - IDCW Option,78.794
2026-03-23,140228,Edelweiss Mid Cap Fund - Direct Plan - Growth Option,108.06
2026-03-23,140229,Edelweiss Money Market Fund - Regular Plan - Growth Option,29.5603
2026-03-23,140230,Edelweiss Money Market Fund - Institutional Plan - Growth Option,25.2956
2026-03-23,140232,Edelweiss Money Market Fund - Regular Plan - IDCW Option,27.8077
2026-03-23,140233,Edelweiss Money Market Fund - Regular Plan - Annual - IDCW Option,29.3165
2026-03-23,140235,Edelweiss Money Market Fund - Direct Plan - IDCW Option,30.5303
2026-03-23,140236,Edelweiss Money Market Fund - Direct Plan - Annual - IDCW Option,32.7286
2026-03-23,140237,Edelweiss Money Market Fund - Direct Plan - Growth Option,32.736
2026-03-23,140242,Edelweiss Greater China Equity Off-shore Fund - Regular Plan - Growth Option,56.803
2026-03-23,140243,Edelweiss Greater China Equity Off-shore Fund - Direct Plan - Growth Option,64.221
2026-03-23,140255,Edelweiss ASEAN Equity Off-shore Fund - Regular Plan - Growth Option,34.003
2026-03-23,140256,Edelweiss ASEAN Equity Off-shore Fund - Direct Plan - Growth Option,38.146
2026-03-23,140273,Edelweiss US Value Equity Offshore Fund - Regular Plan - Growth Option,38.0139
2026-03-23,140274,Edelweiss US Value Equity Offshore Fund - Direct Plan - Growth Option,42.2855
2026-03-23,140283,Edelweiss Banking and PSU Debt Fund - Regular Plan - Growth Option,25.3401
2026-03-23,140284,Edelweiss Banking and PSU Debt Fund - Regular Plan - IDCW Option,17.6223
2026-03-23,140286,Edelweiss Banking and PSU Debt Fund - Direct Plan - Growth Option,26.3147
2026-03-23,140288,Edelweiss Banking and PSU Debt Fund - Direct Plan - IDCW Option,18.5269
2026-03-23,140289,Edelweiss Banking and PSU Debt Fund - Regular Plan Weekly - IDCW Option,10.1015
2026-03-23,140290,Edelweiss Banking and PSU Debt Fund - Direct Plan weekly - IDCW Option,10.5064
2026-03-23,140291,Edelweiss Banking and PSU Debt Fund - Direct Plan Fortnightly - IDCW Option,14.404
2026-03-23,140292,Edelweiss Banking and PSU Debt Fund - Regular Plan Monthly - IDCW Option,11.1087
2026-03-23,140293,Edelweiss Banking and PSU Debt Fund - Direct Plan Monthly - IDCW Option,10.8657
2026-03-23,140294,Edelweiss Banking and PSU Debt Fund - Regular Plan Fortnightly - IDCW Option,13.9301
2026-03-23,140295,Edelweiss Europe Dynamic Equity Offshore Fund - Growth Option - Regular Plan,27.9706
2026-03-23,140296,Edelweiss Europe Dynamic Equity Offshore Fund - Growth Option - Direct Plan,31.0365
2026-03-23,140297,Edelweiss Government Securities Fund - Regular Plan - Growth Option,24.3122
2026-03-23,140298,Edelweiss Government Securities Fund - Direct Plan - Growth Option,25.989
2026-03-23,140301,Edelweiss Government Securities Fund - Regular Plan - IDCW Option,24.3282
2026-03-23,140302,Edelweiss Government Securities Fund - Direct Plan - IDCW Option,25.8855
2026-03-23,140303,Edelweiss Government Securities Fund - Regular Plan Weekly - IDCW Option,10.0394
2026-03-23,140304,Edelweiss Government Securities Fund - Direct Plan weekly - IDCW Option,13.9735
2026-03-23,140305,Edelweiss Government Securities Fund - Regular Plan Fortnightly - IDCW Option,24.1298
2026-03-23,140306,Edelweiss Government Securities Fund - Direct Plan Fortnightly - IDCW Option,22.7034
2026-03-23,140307,Edelweiss Government Securities Fund - Regular Plan Monthly - IDCW Option,10.1212
2026-03-23,140308,Edelweiss Government Securities Fund - Direct Plan Monthly - IDCW Option,16.2842
2026-03-23,140309,Edelweiss Government Securities Fund - Direct Plan - Annual Dividend Option,25.9987
2026-03-23,140310,Edelweiss Government Securities Fund - Regular Plan - Annual - IDCW Option,24.3229
2026-03-23,140327,Edelweiss Emerging Markets Opportunities Equity Offshore Fund - Direct Plan - Growth Option,26.193
2026-03-23,140328,Edelweiss Emerging Markets Opportunities Equity Offshore Fund - Regular Plan - Growth Option,23.9661
2026-03-23,140347,Edelweiss Equity Savings Fund - Direct Plan - Growth Option,28.1504
2026-03-23,140348,Edelweiss Equity Savings Fund - Direct Plan - IDCW Option,20.4631
2026-03-23,140349,Edelweiss Equity Savings Fund - Regular Plan - IDCW Option,17.5091
2026-03-23,140350,Edelweiss Equity Savings Fund - Direct Plan - Bonus Option,28.1616
2026-03-23,140351,Edelweiss Equity Savings Fund - Regular Plan - Growth Option,25.3336
2026-03-23,140353,Edelweiss Flexi Cap Fund - Direct Plan - Growth Option,40.543
2026-03-23,140354,Edelweiss Flexi Cap Fund - Direct Plan - IDCW Option,33.286
2026-03-23,140355,Edelweiss Flexi Cap Fund - Regular Plan - Growth Option,34.704
2026-03-23,140356,Edelweiss Flexi Cap Fund - Regular - IDCW Option,28.495
2026-03-23,140381,Bandhan Aggressive Hybrid Fund-Regular Plan Growth,24.565
2026-03-23,140382,Bandhan Aggressive Hybrid Fund-Direct Plan Growth,28.016
2026-03-23,140383,Bandhan Aggressive Hybrid Fund-Direct Plan IDCW,20.02
2026-03-23,140384,Bandhan Aggressive Hybrid Fund-Regular Plan IDCW,17.573
2026-03-23,140437,Navi Liquid Fund-Unclaimed Redemption and Dividend Plan greater than 3 years,10.0
2026-03-23,140442,Mahindra Manulife Equity Savings Fund -Direct Plan -Quarterly IDCW,16.7749
2026-03-23,140444,Mahindra Manulife Equity Savings Fund - Direct Plan -Growth,24.0678
2026-03-23,140446,Mahindra Manulife Equity Savings Fund -Regular Plan -Quarterly IDCW,13.5469
2026-03-23,140447,Mahindra Manulife Equity Savings Fund - Regular Plan - Growth,20.3954
2026-03-23,140463,Baroda BNP Paribas Short Duration Fund - Direct Plan - Quarterly IDCW,11.2484
2026-03-23,140465,Baroda BNP Paribas Short Duration Fund - Regular Plan - Quarterly IDCW,10.6526
2026-03-23,140486,SBI Long Term Advantage Fund - Series IV - Direct Plan - Income Distribution cum Capital Withdrawal Option (IDCW),38.3238
2026-03-23,140487,SBI Long Term Advantage Fund - Series IV - Direct Plan - Growth,45.1652
2026-03-23,140488,SBI Long Term Advantage Fund - Series IV - Regular Plan - Growth,42.9004
2026-03-23,140489,SBI Long Term Advantage Fund - Series IV - Regular Plan - Income Distribution cum Capital Withdrawal Option (IDCW),36.3452
2026-03-23,140504,UTI Liquid Fund - Direct Plan - Half-Yearly IDCW,1548.7758
2026-03-23,140517,UTI Liquid Fund - Regular Plan - Flexi IDCW,1622.6443
2026-03-23,140530,CANARA ROBECO ULTRA SHORT TERM FUND- REGULAR PLAN - IDCW (Payout),1620.3073
2026-03-23,140603,BANDHAN Credit Risk Fund-Direct Plan-Growth,18.4316
2026-03-23,140604,BANDHAN Credit Risk Fund-Direct Plan-Quarterly IDCW,10.7966
2026-03-23,140606,BANDHAN Credit Risk Fund-Direct Plan-Periodic IDCW,13.6281
2026-03-23,140607,BANDHAN Credit Risk Fund - Regular Plan Quarterly IDCW,10.5782
2026-03-23,140608,BANDHAN Credit Risk Fund - Regular Plan Annual IDCW,10.7069
2026-03-23,140609,BANDHAN Credit Risk Fund - Regular Plan Growth,16.8575
2026-03-23,140610,BANDHAN Credit Risk Fund-Direct Plan-Annual IDCW,10.8796
2026-03-23,140611,BANDHAN Credit Risk Fund - Regular Plan Half Yearly IDCW,10.332
2026-03-23,140612,BANDHAN Credit Risk Fund - Regular Plan Periodic IDCW,13.0906
2026-03-23,140613,Mahindra Manulife Low Duration Fund - Direct Plan -Growth,1831.2209
2026-03-23,140614,Mahindra Manulife Low Duration Fund - Regular Plan - Daily IDCW,1003.8231
2026-03-23,140615,Mahindra Manulife Low Duration Fund - Regular Plan - Weekly IDCW,1051.6128
2026-03-23,140616,Mahindra Manulife Low Duration Fund - Regular Plan - Monthly IDCW,1114.248
2026-03-23,140617,Mahindra Manulife Low Duration Fund - Direct Plan - Daily IDCW,1232.3548
2026-03-23,140618,Mahindra Manulife Low Duration Fund - Direct Plan - Weekly IDCW,1029.2672
2026-03-23,140619,Mahindra Manulife Low Duration Fund - Direct Plan - Monthly IDCW,1134.321
2026-03-23,140620,Mahindra Manulife Low Duration Fund - Regular Plan - Growth,1697.4913
2026-03-23,140769,Mirae Asset Dynamic Bond Fund -Direct Plan -Growth,18.4276
2026-03-23,140770,Mirae Asset Dynamic Bond Fund Direct IDCW,18.407
2026-03-23,140771,Mirae Asset Dynamic Bond Fund-Regular Plan Growth,16.7523
2026-03-23,140772,Mirae Asset Dynamic Bond Fund Regular IDCW,16.7526
2026-03-23,140809,Groww Largecap Fund (formerly known as Indiabulls Bluechip Fund)- Direct Plan- Monthly - Income Distribution cum capital withdrawal Option (Payout & Reinvestment),21.01
2026-03-23,140810,Groww Largecap Fund (formerly known as Indiabulls Bluechip Fund)- Regular Plan- Monthly - Income Distribution cum capital withdrawal Option (Payout & Reinvestment),22.39
2026-03-23,140811,Groww Largecap Fund (formerly known as Indiabulls Bluechip Fund)- Direct Plan- Quarterly - Income Distribution cum capital withdrawal Option (Payout & Reinvestment),26.25
2026-03-23,140812,Groww Largecap Fund (formerly known as Indiabulls Bluechip Fund)- Regular Plan- Quarterly - Income Distribution cum capital withdrawal Option (Payout & Reinvestment),23.22
2026-03-23,140813,Groww Largecap Fund (formerly known as Indiabulls Bluechip Fund)- Regular Plan- Half Yearly - Income Distribution cum capital withdrawal Option (Payout & Reinvestment),23.35
2026-03-23,140814,Groww Largecap Fund (formerly known as Indiabulls Bluechip Fund)- Direct Plan- Half Yearly -Income Distribution cum capital withdrawal Option (Payout & Reinvestment),26.45
2026-03-23,140815,Groww Value Fund (formerly known as Indiabulls Value Fund)- Direct Plan- Monthly - Income Distribution cum capital withdrawal Option (Payout & Reinvestment),21.171
2026-03-23,140816,Groww Value Fund (formerly known as Indiabulls Value Fund)- Regular Plan- Monthly - Income Distribution cum capital withdrawal Option (Payout & Reinvestment.,18.6147
2026-03-23,140817,Groww Value Fund (formerly known as Indiabulls Value Fund)- Direct Plan- Quarterly - Income Distribution cum capital withdrawal Option (Payout & Reinvestment),23.0952
2026-03-23,140818,Groww Value Fund (formerly known as Indiabulls Value Fund)- Regular Plan- Quarterly - Income Distribution cum capital withdrawal Option (Payout & Reinvestment),18.1408
2026-03-23,140819,Groww Value Fund (formerly known as Indiabulls Value Fund)- Direct Plan- Half Yearly - Income Distribution cum capital withdrawal Option (Payout & Reinvestment),23.1135
2026-03-23,140820,Groww Value Fund (formerly known as Indiabulls Value Fund)- Regular Plan- Half Yearly -Income Distribution cum capital withdrawal Option (Payout & Reinvestment),19.648
2026-03-23,140913,UTI Liquid Fund - Direct Plan - Fortnightly IDCW,1156.9506
2026-03-23,141060,Quantum Dynamic Bond Fund - Regular Plan Monthly IDCW,10.2655
2026-03-23,141061,Quantum Dynamic Bond Fund - Regular Plan Growth Option,21.6938
2026-03-23,141062,Quantum Diversified Equity All Cap Active FOF - Regular Plan IDCW,74.881
2026-03-23,141063,Quantum Diversified Equity All Cap Active FOF - Regular Plan Growth Option,75.071
2026-03-23,141064,Quantum Gold Savings Fund - Regular Plan Growth Option,50.3211
2026-03-23,141065,Quantum Liquid Fund - Regular Plan Daily IDCW,10.0002
2026-03-23,141066,Quantum Liquid Fund - Regular Plan Growth Option,36.3837
2026-03-23,141067,Quantum Liquid Fund - Regular Plan Monthly IDCW,10.0472
2026-03-23,141068,Quantum Value Fund - Regular Plan Growth Option,109.49
2026-03-23,141069,Quantum Value Fund - Regular Plan IDCW,109.38
2026-03-23,141070,Quantum ELSS Tax Saver Fund - Regular Plan Growth Option,108.83
2026-03-23,141071,Quantum ELSS Tax Saver Fund - Regular Plan IDCW,108.09
2026-03-23,141072,Quantum Multi Asset Active FOF - Regular Plan Growth Option,34.1179
2026-03-23,141139,Sundaram Long Term Micro Cap Tax Advantage Fund Series V Regular Plan - Growth,24.2138
2026-03-23,141140,Sundaram Long Term Micro Cap Tax Advantage Fund Series V Regular Plan - Payout of Income Distribution cum Capital Withdrawal (IDCW),23.024
2026-03-23,141141,Sundaram Long Term Micro Cap Tax Advantage Fund Series V Direct Plan - Growth,24.9409
2026-03-23,141142,Sundaram Long Term Micro Cap Tax Advantage Fund Series V Direct Plan - Payout of Income Distribution cum Capital Withdrawal (IDCW),23.745
2026-03-23,141223,Mahindra Manulife Multi Cap Fund - Direct Plan - IDCW,26.9273
2026-03-23,141224,Mahindra Manulife Multi Cap Fund - Regular Plan - Growth,32.1271
2026-03-23,141225,Mahindra Manulife Multi Cap Fund - Regular Plan - IDCW,21.9139
2026-03-23,141226,Mahindra Manulife Multi Cap Fund - Direct Plan -Growth,37.6251
2026-03-23,141247,Union Largecap Fund - Regular Plan - Growth Option,21.07
2026-03-23,141248,Union Largecap Fund - Direct Plan - Growth Option,22.52
2026-03-23,141249,Union Largecap Fund - Direct Plan - IDCW Option,22.52
2026-03-23,141250,Union Largecap Fund - Regular Plan - IDCW Option,21.07
2026-03-23,141375,UTI Banking & PSU Fund - Direct Plan - Half-Yearly IDCW,15.4044
2026-03-23,141410,NAVI Large & Midcap Fund - Regular Half Yearly IDCW Payout,31.1256
2026-03-23,141411,Navi Large & Midcap Fund - Regular Annual IDCW payout,32.0047
2026-03-23,141414,Navi Large & Midcap Fund - Direct Annual IDCW Payout,37.0755
2026-03-23,141415,Navi Large & Midcap Fund - Direct Half Yearly IDCW Payout,37.1083
2026-03-23,141545,Axis Nifty 50 ETF,247.5051
2026-03-23,141564,Sundaram Long Term Micro Cap Tax Advantage Fund Series VI Direct Plan - Growth,24.0688
2026-03-23,141565,Sundaram Long Term Micro Cap Tax Advantage Fund Series VI Regular Plan - Growth,22.9184
2026-03-23,141566,Sundaram Long Term Micro Cap Tax Advantage Fund Series VI Regular Plan - Payout of Income Distribution cum Capital Withdrawal (IDCW),22.1492
2026-03-23,141567,Sundaram Long Term Micro Cap Tax Advantage Fund Series VI Direct Plan - Payout of Income Distribution cum Capital Withdrawal (IDCW),23.2952
2026-03-23,141586,Axis Corporate Bond Fund - Direct Plan - Daily IDCW,10.1978
2026-03-23,141587,Axis Corporate Bond Fund - Direct Plan - Weekly IDCW,10.3266
2026-03-23,141588,Axis Corporate Bond Fund - Direct Plan Growth,18.7547
2026-03-23,141589,Axis Corporate Bond Fund - Regular Plan - Daily IDCW,10.1942
2026-03-23,141590,Axis Corporate Bond Fund - Direct Plan - Monthly IDCW,10.1633
2026-03-23,141591,Axis Corporate Bond Fund - Direct Plan - Regular IDCW,14.6316
2026-03-23,141592,Axis Corporate Bond Fund - Regular Plan - Weekly IDCW,10.2056
2026-03-23,141593,Axis Corporate Bond Fund - Regular Plan Growth,17.6449
2026-03-23,141594,Axis Corporate Bond Fund - Regular Plan - Monthly IDCW,10.1563
2026-03-23,141595,Axis Corporate Bond Fund - Regular Plan - Regular IDCW,13.6328
2026-03-23,141596,ICICI Prudential Nifty 100 Low Volatility 30 ETF,20.1793
2026-03-23,141605,Edelweiss Arbitrage Fund - Monthly  Regular Plan - IDCW Option,16.5095
2026-03-23,141606,Edelweiss Arbitrage Fund - Monthly  Direct Plan - IDCW Option,17.9034
2026-03-23,141642,Axis Balanced Advantage Fund - Direct Plan - Growth,22.64
2026-03-23,141643,Axis Balanced Advantage Fund - Direct Plan - IDCW,13.2
2026-03-23,141644,Axis Balanced Advantage Fund - Regular Plan - Growth,20.16
2026-03-23,141645,Axis Balanced Advantage Fund - Regular Plan - IDCW,12.14
2026-03-23,141665,UTI Nifty Next 50 Exchange Traded Fund,66.0041
2026-03-23,141766,Edelweiss Balanced Advantage Fund - Regular Plan - Monthly - IDCW Option,19.77
2026-03-23,141767,Edelweiss Balanced Advantage Fund - Direct Plan - Monthly - IDCW Option,24.83
2026-03-23,141768,UTI Liquid Fund - Direct Plan - Flexi IDCW,1633.0708
2026-03-23,141807,Groww ELSS Tax Saver Fund (formerly known as Indiabulls Tax Savings Fund)- Direct Plan- Dividend Option,19.71
2026-03-23,141808,Groww ELSS Tax Saver Fund (formerly known as Indiabulls Tax Savings Fund)- Direct Plan- Growth Option,19.74
2026-03-23,141810,Groww ELSS Tax Saver Fund (formerly known as Indiabulls Tax Savings Fund)- Regular Plan- - Income Distribution cum capital withdrawal Option (Payout),17.23
2026-03-23,141839,ICICI Prudential BSE Sensex Index Fund - Cumulative Option,23.8085
2026-03-23,141840,ICICI Prudential BSE Sensex Index Fund - IDCW Option,23.8092
2026-03-23,141841,ICICI Prudential BSE Sensex Index Fund - Direct Plan - Cumulative Option,24.1271
2026-03-23,141842,ICICI Prudential BSE Sensex Index Fund - Direct Plan - IDCW Option,24.1269
2026-03-23,141862,Groww ELSS Tax Saver Fund (formerly known as Indiabulls Tax Savings Fund)-Regular Plan-Growth Option,17.23
2026-03-23,141875,DSP Nifty 50 Equal Weight Index Fund - Regular Plan - Growth,23.6599
2026-03-23,141876,DSP Nifty 50 Equal Weight Index Fund - Regular Plan - IDCW,19.4094
2026-03-23,141877,DSP Nifty 50 Equal Weight Index Fund - Direct Plan - Growth,24.6621
2026-03-23,141878,DSP Nifty 50 Equal Weight Index Fund - Direct Plan - IDCW,20.181
2026-03-23,141921,HDFC Housing Opportunities Fund  - IDCW Option - Direct Plan,15.511
2026-03-23,141922,HDFC Housing Opportunities Fund  - IDCW Option,13.938
2026-03-23,141923,HDFC Housing Opportunities Fund  - Growth Option,19.443
2026-03-23,141924,HDFC Housing Opportunities Fund  - Growth Option - Direct Plan,21.155
2026-03-23,141925,Axis Flexi Cap Fund - Direct Plan - Growth,26.17
2026-03-23,141926,Axis Flexi Cap fund - Direct Plan - IDCW,16.2
2026-03-23,141927,Axis Flexi Cap Fund - Regular Plan - Growth,23.55
2026-03-23,141928,Axis Flexi Cap Fund - Regular Plan - IDCW,14.71
2026-03-23,141933,Edelweiss Equity Savings Fund - Direct Plan - Monthly - IDCW Option,15.927
2026-03-23,141934,Edelweiss Equity Savings Fund - Regular Plan - Monthly - IDCW Option,13.8894
2026-03-23,141949,BANK OF INDIA Mid Cap Tax Fund Series 1 Direct Plan IDCW,24.98
2026-03-23,141950,BANK OF INDIA Mid Cap Tax Fund Series 1 Direct Plan Growth,24.98
2026-03-23,141951,BANK OF INDIA Mid Cap Tax Fund Series 1 Regular Plan IDCW,24.1
2026-03-23,141952,BANK OF INDIA Mid Cap Tax Fund Series 1 Regular Plan Growth,24.1
2026-03-23,141957,BHARAT 22 ETF,113.2732
2026-03-23,141958,UTI Low Duration Fund - Direct Plan - Annual IDCW,1392.2912
2026-03-23,142035,Union Balanced Advantage Fund - Regular Plan - Growth Option,19.04
2026-03-23,142036,Union Balanced Advantage Fund - Regular Plan - IDCW Option,18.09
2026-03-23,142037,Union Balanced Advantage Fund - Direct Plan - IDCW Option,19.73
2026-03-23,142038,Union Balanced Advantage Fund - Direct Plan - Growth Option,20.68
2026-03-23,142107,Mahindra Manulife Mid Cap Fund- Regular Plan - IDCW,22.5327
2026-03-23,142108,Mahindra Manulife Mid Cap Fund - Direct Plan - IDCW,26.6011
2026-03-23,142109,Mahindra Manulife Mid Cap Fund - Regular Plan - Growth,30.6921
2026-03-23,142110,Mahindra Manulife Mid Cap Fund - Direct Plan -Growth,35.0604
2026-03-23,142133,ICICI Prudential Long Term Wealth Enhancement Fund - Direct Plan IDCW Option,27.14
2026-03-23,142134,ICICI Prudential Long Term Wealth Enhancement Fund - Direct Plan Cumulative Option,27.14
2026-03-23,142135,ICICI Prudential Long Term Wealth Enhancement Fund - IDCW Option,25.96
2026-03-23,142136,ICICI Prudential Long Term Wealth Enhancement Fund - Cumulative Option,25.96
2026-03-23,142137,SBI Long Term Advantage Fund - Series V - Regular Plan - Income Distribution cum Capital Withdrawal Option (IDCW),26.9514
2026-03-23,142138,SBI Long Term Advantage Fund - Series V - Direct Plan - Growth,28.0904
2026-03-23,142139,SBI Long Term Advantage Fund Series V - Regular Plan - Growth,26.9627
2026-03-23,142140,SBI Long Term Advantage Fund - Series V - Direct Plan - Income Distribution cum Capital Withdrawal Option (IDCW),28.0915
2026-03-23,142151,Sundaram Long Term Tax Advantage Fund Series III Regular Plan - Growth,25.0289
2026-03-23,142152,Sundaram Long Term Tax Advantage Fund Series III Regular Plan - Payout of Income Distribution cum Capital Withdrawal (IDCW),23.7934
2026-03-23,142153,Sundaram Long Term Tax Advantage Fund Series III Direct Plan - Growth,25.8745
2026-03-23,142154,Sundaram Long Term Tax Advantage Fund Series III Direct Plan - Payout of Income Distribution cum Capital Withdrawal (IDCW),24.6325
2026-03-23,142249,UTI Money Market Fund - Direct Plan - Quarterly IDCW,1729.8691
2026-03-23,142278,DSP Arbitrage Fund - Regular - IDCW - Monthly,11.858
2026-03-23,142279,DSP Arbitrage Fund - Direct - IDCW,12.358
2026-03-23,142280,DSP Arbitrage Fund - Regular - IDCW,11.768
2026-03-23,142281,DSP Arbitrage Fund - Direct - IDCW - Monthly,13.194
2026-03-23,142282,DSP Arbitrage Fund - Regular - Growth,15.565
2026-03-23,142283,DSP Arbitrage Fund - Direct - Growth,16.372
2026-03-23,142383,Edelweiss Recently Listed IPO Fund Regular Plan Growth,23.8281
2026-03-23,142384,Edelweiss Recently Listed IPO Fund REGULAR PLAN - IDCW Option,23.8268
2026-03-23,142386,Edelweiss Recently Listed IPO Fund - DIRECT PLAN - IDCW Option,25.7336
2026-03-23,142388,Edelweiss Recently Listed IPO Fund Direct Plan Growth,25.7335
2026-03-23,142589,DSP NIFTY 1D Rate Liquid ETF,1000.0
2026-03-23,142640,Mirae Asset Short Duration Fund - Direct Plan - IDCW,17.2725
2026-03-23,142641,Mirae Asset Short Duration Fund - Direct Plan - Growth,17.3177
2026-03-23,142642,Mirae Asset Short Duration Fund - Regular Plan - Growth,16.2266
2026-03-23,142643,Mirae Asset Short Duration Fund - Regular Plan - IDCW,16.2301
2026-03-23,143077,Sundaram Long Term Tax Advantage Fund Series IV Regular Plan - Growth,29.1462
2026-03-23,143078,Sundaram Long Term Tax Advantage Fund Series IV Regular Plan - Payout of Income Distribution cum Capital Withdrawal (IDCW),26.7463
2026-03-23,143079,Sundaram Long Term Tax Advantage Fund Series IV Direct Plan - Growth,29.7626
2026-03-23,143080,Sundaram Long Term Tax Advantage Fund Series IV Direct Plan - Payout of Income Distribution cum Capital Withdrawal (IDCW),27.3452
2026-03-23,143125,UTI Money Market Fund - Direct Plan - Flexi IDCW,1671.1186
2026-03-23,143162,Navi Aggressive Hybrid Fund - Regular Plan - Growth,18.869
2026-03-23,143163,Navi Aggressive Hybrid Fund - Direct Plan - Growth,21.7444
2026-03-23,143166,Navi Aggressive Hybrid Fund - Regular Plan Normal IDCW,18.87
2026-03-23,143167,Navi Aggressive Hybrid Fund - Direct Plan Normal IDCW,21.6472
2026-03-23,143176,SBI Long Term Advantage Fund - Series VI - Regular Plan - Growth,26.0427
2026-03-23,143177,SBI Long Term Advantage Fund - Series VI - Regular Plan - Income Distribution cum Capital Withdrawal Option (IDCW),26.0482
2026-03-23,143178,SBI Long Term Advantage Fund - Series VI - Direct Plan - Growth,27.1168
2026-03-23,143179,SBI Long Term Advantage Fund - Series VI - Direct Plan - Income Distribution cum Capital Withdrawal Option (IDCW),27.0938
2026-03-23,143185,Navi Aggressive Hybrid Fund - Direct Plan Quarterly IDCW,21.6321
2026-03-23,143186,Navi Aggressive Hybrid Fund - Direct Plan Half Yearly IDCW,21.6262
2026-03-23,143189,Navi Aggressive Hybrid Fund - Regular Plan Half Yearly IDCW,18.8807
2026-03-23,143192,Navi Aggressive Hybrid Fund - Direct Plan Monthly IDCW,21.6461
2026-03-23,143195,Navi Aggressive Hybrid Fund - Direct Plan Annual IDCW,21.6503
2026-03-23,143197,Navi Aggressive Hybrid Fund - Regular Plan Monthly IDCW,18.8685
2026-03-23,143198,Navi Aggressive Hybrid Fund - Regular Plan Annual IDCW,18.8667
2026-03-23,143199,Navi Aggressive Hybrid Fund - Regular Plan Quarterly IDCW,18.8691
2026-03-23,143239,Union Corporate Bond Fund - Regular Plan - Growth Option,15.6959
2026-03-23,143240,Union Corporate Bond Fund - Regular Plan - IDCW Option,15.6959
2026-03-23,143241,Union Corporate Bond Fund - Direct Plan - Growth Option,16.0864
2026-03-23,143242,Union Corporate Bond Fund - Direct Plan - IDCW Option,16.0864
2026-03-23,143247,ICICI Prudential BSE 500 ETF,34.862
2026-03-23,143258,BANDHAN Equity Savings Fund-Direct Plan -Quarterly IDCW,13.215
2026-03-23,143259,BANDHAN Equity Savings Fund- Regular Plan -Quarterly IDCW,12.646
2026-03-23,143260,Parag Parikh Liquid Fund- Regular Plan- Growth,1508.806
2026-03-23,143261,Parag Parikh Liquid Fund- Regular Plan- Monthly IDCW,1006.939
2026-03-23,143262,Parag Parikh Liquid Fund- Direct Plan- Monthly IDCW,1007.0165
2026-03-23,143263,Parag Parikh Liquid Fund- Direct Plan- Daily Reinvestment of IDCW,1000.4077
2026-03-23,143264,Parag Parikh Liquid Fund- Regular Plan- Daily Reinvestment of IDCW,1000.4047
2026-03-23,143265,Parag Parikh Liquid Fund- Direct Plan- Weekly Reinvestment of IDCW,1001.0
2026-03-23,143266,Parag Parikh Liquid Fund- Regular Plan- Weekly Reinvestment of IDCW,1001.0
2026-03-23,143269,Parag Parikh Liquid Fund- Direct Plan- Growth,1520.8441
2026-03-23,143340,UTI Nifty Next 50 Index Fund - Regular Plan - Growth Option,21.8642
2026-03-23,143341,UTI Nifty Next 50 Index Fund - Direct Plan - Growth Option,22.731
2026-03-23,143366,Bandhan Short Duration Fund - Regular Plan - Quarterly IDCW,10.8276
2026-03-23,143367,Bandhan Short Duration Fund - Direct Plan - Quarterly IDCW,10.7637
2026-03-23,143368,Bandhan Short Duration Fund - Regular Plan - Annual IDCW,11.2244
2026-03-23,143369,Bandhan Short Duration Fund - Direct Plan - Annual IDCW,11.4948
2026-03-23,143464,Baroda BNP Paribas Ultra Short Duration Fund - Regular Plan - Growth,1606.6229
2026-03-23,143493,Nippon India Ultra Short Duration Fund- Growth Option,4195.8564
2026-03-23,143494,Nippon India Ultra Short Duration Fund- Direct Plan- Growth Option,4651.2795
2026-03-23,143495,NIPPON INDIA ULTRA SHORT DURATION FUND - WEEKLY IDCW OPTION,1091.5378
2026-03-23,143496,NIPPON INDIA ULTRA SHORT DURATION FUND - QUARTERLY IDCW Option,1008.0899
2026-03-23,143497,NIPPON INDIA ULTRA SHORT DURATION FUND - DIRECT Plan - MONTHLY IDCW Option,1033.6082
2026-03-23,143498,NIPPON INDIA ULTRA SHORT DURATION FUND - DAILY IDCW OPTION,1113.9943
2026-03-23,143499,NIPPON INDIA ULTRA SHORT DURATION FUND - MONTHLY IDCW Option,1023.0465
2026-03-23,143500,NIPPON INDIA ULTRA SHORT DURATION FUND - DIRECT Plan - DAILY IDCW OPTION,1114.0626
2026-03-23,143501,NIPPON INDIA ULTRA SHORT DURATION FUND - DIRECT Plan - WEEKLY IDCW OPTION,1091.6037
2026-03-23,143502,NIPPON INDIA ULTRA SHORT DURATION FUND - DIRECT Plan - QUARTERLY IDCW Option,1014.396
2026-03-23,143507,Baroda BNP Paribas Ultra Short Duration Fund - Regular Plan - Daily IDCW,1006.2176
2026-03-23,143508,Baroda BNP Paribas Ultra Short Duration Fund- Direct Plan- Growth,1629.6391
2026-03-23,143509,Baroda BNP Paribas Ultra Short Duration Fund- Direct Plan- Weekly IDCW,1001.2075
2026-03-23,143510,Baroda BNP Paribas Ultra Short Duratio Fund- Regular Plan- Weekly IDCW,1000.5496
2026-03-23,143511,Baroda BNP Paribas Ultra Short Duration Fund- Direct Plan- Daily IDCW,1007.0496
2026-03-23,143532,Invesco India Aggressive Hybrid Fund - Direct Plan - IDCW (Payout / Reinvestment),22.0784
2026-03-23,143534,Invesco India Aggressive Hybrid Fund - Regular Plan - IDCW (Payout / Reinvestment),19.6332
2026-03-23,143536,Invesco India Aggressive Hybrid Fund - Regular Plan - Growth,19.6322
2026-03-23,143537,Invesco India Aggressive Hybrid Fund - Direct Plan - Growth,22.1745
2026-03-23,143603,JM Low Duration Fund (Regular) - Daily IDCW,10.8114
2026-03-23,143604,JM Low Duration Fund (Direct) - Daily IDCW,10.8418
2026-03-23,143605,JM Low Duration Fund (Regular) - Fortnightly IDCW,11.0794
2026-03-23,143606,JM Low Duration Fund (Direct) - Fortnightly IDCW,11.1214
2026-03-23,143607,JM Low Duration Fund (Regular) - Growth Option,38.5201
2026-03-23,143608,JM Low Duration Fund (Regular) - Weekly IDCW,11.4091
2026-03-23,143609,JM Low Duration Fund - Bonus Option - Principal Units,23.2075
2026-03-23,143610,JM Low Duration Fund (Direct) - Bonus Option - Principal Units,23.9108
2026-03-23,143611,JM Low Duration Fund (Direct) - Weekly IDCW,11.4501
2026-03-23,143612,JM Low Duration Fund (Direct) - Growth,39.7126
2026-03-23,143613,BANK OF INDIA Arbitrage Fund Direct Plan Annual IDCW,13.593
2026-03-23,143614,BANK OF INDIA Arbitrage Fund Direct Plan Growth,15.0382
2026-03-23,143615,BANK OF INDIA Arbitrage Fund Direct Plan Monthly IDCW,13.5511
2026-03-23,143616,BANK OF INDIA Arbitrage Fund Direct Plan Quarterly IDCW,14.2869
2026-03-23,143617,BANK OF INDIA Arbitrage Fund Regular Plan IDCW Annual IDCW,13.2671
2026-03-23,143618,BANK OF INDIA Arbitrage Fund Regular Plan IDCW Monthly IDCW,13.0119
2026-03-23,143619,BANK OF INDIA Arbitrage Fund Regular Plan IDCW Quarterly IDCW,13.7365
2026-03-23,143620,BANK OF INDIA Arbitrage Fund Regular Growth,14.3576
2026-03-23,143701,NIPPON INDIA NIVESH LAKSHYA LONG DURATION FUND - DIRECT Plan - HALF YEARLY IDCW Option,12.0508
2026-03-23,143702,Nippon India Nivesh Lakshya Long Duration Fund- Growth Option,17.5929
2026-03-23,143703,NIPPON INDIA NIVESH LAKSHYA LONG DURATION FUND - ANNUAL IDCW Option,11.5821
2026-03-23,143704,Nippon India Nivesh Lakshya Long Duration Fund- Direct Plan- Growth Option,18.0271
2026-03-23,143705,NIPPON INDIA NIVESH LAKSHYA LONG DURATION FUND - DIRECT Plan - MONTHLY IDCW Option,11.4453
2026-03-23,143706,NIPPON INDIA NIVESH LAKSHYA LONG DURATION FUND - IDCW Option,17.5918
2026-03-23,143707,NIPPON INDIA NIVESH LAKSHYA LONG DURATION FUND - DIRECT Plan - IDCW Option,18.0272
2026-03-23,143708,NIPPON INDIA NIVESH LAKSHYA LONG DURATION FUND - QUARTERLY IDCW Option,11.389
2026-03-23,143709,NIPPON INDIA NIVESH LAKSHYA LONG DURATION  FUND - DIRECT Plan - QUARTERLY IDCW Option,11.3978
2026-03-23,143710,NIPPON INDIA NIVESH LAKSHYA LONG DURATION FUND LONG DURATION - HALF YEARLY IDCW Option,12.0182
2026-03-23,143711,NIPPON INDIA NIVESH LAKSHYA LONG DURATION FUND - DIRECT Plan - ANNUAL IDCW Option,11.5904
2026-03-23,143712,NIPPON INDIA NIVESH LAKSHYA LONG DURATION FUND - MONTHLY IDCW Option,11.4022
2026-03-23,143783,Mirae Asset Healthcare Fund Direct Growth,42.067
2026-03-23,143784,Mirae Asset Healthcare Fund Direct IDCW,25.338
2026-03-23,143785,Mirae Asset Healthcare Fund -Regular Growth,37.365
2026-03-23,143786,Mirae Asset Healthcare Fund Regular IDCW,21.996
2026-03-23,143787,Navi Flexi Cap Fund - Regular Plan - Growth,20.9089
2026-03-23,143788,NAVI FLEXI CAP FUND - REGULAR PLAN QUARTERLY IDCW PAYOUT,20.9066
2026-03-23,143789,NAVI FLEXI CAP FUND - REGULAR PLAN NORMAL IDCW PAYOUT,20.912
2026-03-23,143790,NAVI FLEXI CAP FUND - REGULAR PLAN MONTHLY IDCW PAYOUT,20.9172
2026-03-23,143791,NAVI FLEXI CAP FUND - DIRECT PLAN QUARTERLY IDCW PAYOUT,24.1328
2026-03-23,143792,NAVI FLEXI CAP FUND - DIRECT PLAN NORMAL IDCW PAYOUT,24.0823
2026-03-23,143793,Navi Flexi Cap Fund - Direct Plan - Growth,24.2989
2026-03-23,143794,NAVI FLEXI CAP FUND - REGULAR PLAN HALF YEARLY IDCW PAYOUT,20.9122
2026-03-23,143795,NAVI FLEXI CAP FUND - REGULAR PLAN ANNUAL IDCW PAYOUT,20.9095
2026-03-23,143796,NAVI FLEXI CAP FUND - DIRECT PLAN MONTHLY IDCW PAYOUT,24.1086
2026-03-23,143797,NAVI FLEXI CAP FUND - DIRECT PLAN HALF YEARLY IDCW PAYOUT,24.1137
2026-03-23,143798,NAVI FLEXI CAP FUND - DIRECT PLAN ANNUAL IDCW PAYOUT,24.1131
2026-03-23,143873,ICICI Prudential Pharma Healthcare and Diagnostics (P.H.D) Fund - Cumulative Option,36.38
2026-03-23,143874,ICICI Prudential Pharma Healthcare and Diagnostics (P.H.D) Fund - Direct Plan - Cumulative Option,39.41
2026-03-23,143875,ICICI Prudential Pharma Healthcare and Diagnostics (P.H.D) Fund - IDCW Option,21.22
2026-03-23,143876,ICICI Prudential Pharma Healthcare and Diagnostics (P.H.D) Fund - Direct Plan - IDCW Option,23.8
2026-03-23,143903,ICICI Prudential BHARAT 22 FOF - Direct Plan Cumulative Option,33.1321
2026-03-23,143904,ICICI Prudential BHARAT 22 FOF - Cumulative Option,33.1216
2026-03-23,144171,BANDHAN ULTRA SHORT DURATION FUND - REGULAR PLAN GROWTH,15.8561
2026-03-23,144172,BANDHAN ULTRA SHORT DURATION FUND - REGULAR PLAN DAILY IDCW,10.0515
2026-03-23,144173,BANDHAN ULTRA SHORT DURATION FUND - DIRECT PLAN GROWTH,16.0725
2026-03-23,144174,BANDHAN ULTRA SHORT DURATION FUND - DIRECT PLAN-DAILY IDCW,10.0364
2026-03-23,144189,BANDHAN ULTRA SHORT DURATION FUND - REGULAR PLAN WEEKLY IDCW,10.0704
2026-03-23,144190,BANDHAN ULTRA SHORT DURATION FUND - REGULAR PLAN QUARTERLY IDCW,10.557
2026-03-23,144191,BANDHAN ULTRA SHORT DURATION FUND - DIRECT PLAN- WEEKLY IDCW,10.0688
2026-03-23,144192,BANDHAN ULTRA SHORT DURATION FUND - DIRECT PLAN QUARTERLY IDCW,10.5771
2026-03-23,144193,BANDHAN ULTRA SHORT DURATION FUND - REGULAR PLAN PERIODIC IDCW,13.345
2026-03-23,144194,BANDHAN ULTRA SHORT DURATION FUND - REGULAR PLAN MONTHLY IDCW,10.0669
2026-03-23,144195,BANDHAN ULTRA SHORT DURATION FUND - DIRECT PLAN -MONTHLY IDCW,10.0623
2026-03-23,144196,BANDHAN ULTRA SHORT DURATION FUND - DIRECT PLAN PERIODIC IDCW,13.6607
2026-03-23,144309,BANK OF INDIA Midcap Tax Fund Series 2 Direct Plan IDCW,29.47
2026-03-23,144310,Union Equity Savings Fund - Regular Plan - Growth Option,16.5
2026-03-23,144311,Union Equity Savings Fund - Regular Plan - IDCW Option,16.5
2026-03-23,144312,Union Equity Savings Fund - Direct Plan - Growth Option,17.21
2026-03-23,144313,Union Equity Savings Fund - Direct Plan - IDCW Option,17.21
2026-03-23,144314,BANK OF INDIA Midcap Tax Fund Series 2 Regular Plan Growth,28.32
2026-03-23,144315,BANK OF INDIA Midcap Tax Fund Series 2 Direct Plan Growth,29.47
2026-03-23,144316,BANK OF INDIA Midcap Tax Fund Series 2 Regular Plan IDCW,28.33
2026-03-23,144333,Kotak Balanced Advantage Fund -Regular Plan - Growth Option,19.444
2026-03-23,144334,Kotak Balanced Advantage Fund -Direct Plan  -Payout of Income Distribution cum capital withdrawal option,21.252
2026-03-23,144335,Kotak Balanced Advantage Fund  - Direct Plan -Growth Option,21.252
2026-03-23,144336,Kotak Balanced Advantage Fund - Regular Plan - Payout of Income Distribution cum capital withdrawal option Option,19.444
2026-03-23,144337,UTI Corporate Bond Fund - Regular Plan - Annual IDCW,13.1204
2026-03-23,144338,UTI Corporate Bond Fund - Regular Plan - Flexi IDCW,14.9005
2026-03-23,144339,UTI Corporate Bond Fund - Direct Plan - Growth Option,17.3293
2026-03-23,144340,UTI Corporate Bond Fund - Direct Plan - Half-Yearly IDCW,14.8074
2026-03-23,144341,UTI Corporate Bond Fund - Direct Plan - Flexi IDCW,15.2737
2026-03-23,144342,UTI Corporate Bond Fund - Regular Plan - Quarterly IDCW,14.7145
2026-03-23,144343,UTI Corporate Bond Fund - Regular Plan - Half-Yearly IDCW,14.2976
2026-03-23,144344,UTI Corporate Bond Fund - Direct Plan - Annual IDCW,13.486
2026-03-23,144345,UTI Corporate Bond Fund - Regular Plan - Growth Option,16.9217
2026-03-23,144346,UTI Corporate Bond Fund - Direct Plan - Quarterly IDCW,15.1562
2026-03-23,144393,Axis Aggressive Hybrid Fund - Regular Plan - Growth Option,19.07
2026-03-23,144394,Axis Aggressive Hybrid Fund - Direct Plan - Growth Option,21.06
2026-03-23,144395,Axis Aggressive Hybrid Fund - Direct Plan - Regular IDCW,14.2
2026-03-23,144396,Axis Aggressive Hybrid Fund - Regular Plan - Regular IDCW,12.82
2026-03-23,144397,Axis Aggressive Hybrid Fund - Direct Plan - Monthly IDCW,14.66
2026-03-23,144398,Axis Aggressive Hybrid Fund - Direct Plan - Quarterly IDCW,14.1
2026-03-23,144399,Axis Aggressive Hybrid Fund - Regular Plan - Monthly IDCW,11.96
2026-03-23,144400,Axis Aggressive Hybrid Fund - Regular Plan - Quarterly IDCW,12.33
2026-03-23,144401,Mahindra Manulife Dynamic Bond Fund - Regular Plan - Growth,14.5088
2026-03-23,144402,Mahindra Manulife Dynamic Bond Fund - Regular Plan - Quarterly IDCW,10.1336
2026-03-23,144403,Mahindra Manulife Dynamic Bond Fund - Direct Plan - Growth,15.8021
2026-03-23,144404,Mahindra Manulife Dynamic Bond Fund - Direct Plan - Quarterly IDCW,11.2491
2026-03-23,144405,Mahindra Manulife Dynamic Bond Fund - Regular Plan - IDCW,11.2447
2026-03-23,144406,Mahindra Manulife Dynamic Bond Fund - Direct Plan - IDCW,12.4436
2026-03-23,144461,Franklin India Equity Savings Fund- Growth,16.5082
2026-03-23,144462,Franklin India Equity Savings Fund - Direct - IDCW,14.8078
2026-03-23,144463,Franklin India Equity Savings Fund - Quarterly - IDCW,12.1206
2026-03-23,144464,Franklin India Equity Savings Fund - Monthly - IDCW,13.0659
2026-03-23,144465,Franklin India Equity Savings Fund - Direct - Monthly - IDCW,13.5964
2026-03-23,144466,Franklin India Equity Savings Fund- Growth Direct,18.1405
2026-03-23,144467,Franklin India Equity Savings Fund - Direct - Quarterly - IDCW,13.692
2026-03-23,144468,Franklin India Equity Savings Fund - IDCW,13.53
2026-03-23,144475,UTI Liquid Fund - Regular Plan - Half-Yearly IDCW,1370.7617
2026-03-23,144484,UTI Equity Savings Fund - Regular Plan - Growth Option,18.2333
2026-03-23,144485,UTI Equity Savings Fund - Regular Plan - IDCW,18.2333
2026-03-23,144486,UTI Equity Savings Fund - Regular Plan - Monthly IDCW,18.2334
2026-03-23,144487,UTI Equity Savings Fund - Regular Plan - Quarterly IDCW,18.2333
2026-03-23,144488,UTI Equity Savings Fund - Direct Plan - Quarterly IDCW,19.5289
2026-03-23,144489,UTI Equity Savings Fund - Direct Plan - Monthly IDCW,19.53
2026-03-23,144490,UTI Equity Savings Fund - Direct Plan - Growth Option,19.5289
2026-03-23,144491,UTI Equity Savings Fund - Direct Plan - IDCW,19.5289
2026-03-23,144543,TATA Flexi Cap Fund Direct Plan - Reinvestment of Income Distribution cum capital withdrawal option,24.2957
2026-03-23,144544,TATA Flexi Cap Fund Regular Plan - Payout of Income Distribution cum capital withdrawal option,21.6962
2026-03-23,144545,TATA Flexi Cap Fund Regular Plan - Reinvestment of Income Distribution cum capital withdrawal option,21.6962
2026-03-23,144546,Tata Flexi Cap Fund-Direct Plan-Growth,24.2957
2026-03-23,144547,TATA Flexi Cap Fund - Direct Plan - Payout of Income Distribution cum capital withdrawal option,24.2957
2026-03-23,144548,Tata Flexi Cap Fund -Regular Plan-Growth,21.6962
2026-03-23,144587,ICICI Prudential Nifty Next 50 ETF,64.5971
2026-03-23,144644,DSP Corporate Bond Fund - Regular - Growth,16.5969
2026-03-23,144645,DSP Corporate Bond Fund - Regular - IDCW - Monthly,10.563
2026-03-23,144646,DSP Corporate Bond Fund - Direct - Growth,16.917
2026-03-23,144647,DSP Corporate Bond Fund - Direct - IDCW,11.9629
2026-03-23,144648,DSP Corporate Bond Fund - Direct - IDCW - Quarterly,11.4542
2026-03-23,144649,DSP Corporate Bond Fund - Regular - IDCW - Quarterly,10.7956
2026-03-23,144650,DSP Corporate Bond Fund - Regular - IDCW,11.9106
2026-03-23,144651,DSP Corporate Bond Fund - Direct - IDCW - Monthly,10.588
2026-03-23,144753,Axis Ultra Short Duration Fund - Direct Plan - Daily IDCW,10.0312
2026-03-23,144754,Axis Ultra Short Duration Fund - Direct Plan Growth,16.3337
2026-03-23,144755,Axis Ultra Short Duration Fund - Direct Plan - Monthly IDCW,10.0404
2026-03-23,144756,Axis Ultra Short Duration Fund - Direct Plan - Regular IDCW,16.3352
2026-03-23,144757,Axis Ultra Short Duration Fund - Direct Plan - Weekly IDCW,10.05
2026-03-23,144758,Axis Ultra Short Duration Fund - Regular Plan - Daily IDCW,10.0657
2026-03-23,144759,Axis Ultra Short Duration Fund - Regular Plan Growth,15.3046
2026-03-23,144760,Axis Ultra Short Duration Fund - Regular Plan - Monthly IDCW,10.0472
2026-03-23,144761,Axis Ultra Short Duration Fund - Regular Plan - Regular IDCW,15.3044
2026-03-23,144762,Axis Ultra Short Duration Fund - Regular Plan - Weekly IDCW,10.0671
2026-03-23,144834,Sundaram Services Fund Regular Plan - Reinvestment of Income Distribution cum Capital Withdrawal (IDCW),19.4336
2026-03-23,144835,Sundaram Services Fund Direct Plan - Growth,33.1376
2026-03-23,144836,Sundaram Services Fund Direct Plan - Payout of Income Distribution cum Capital Withdrawal (IDCW),21.2386
2026-03-23,144837,Sundaram Services Fund Direct Plan - Reinvestment of Income Distribution cum Capital Withdrawal (IDCW),21.2386
2026-03-23,144838,Sundaram Services Fund Regular Plan - Growth,30.3745
2026-03-23,144839,Sundaram Services Fund Regular Plan - Payout of Income Distribution cum Capital Withdrawal (IDCW),19.4336
2026-03-23,144902,Shriram Flexi Cap Fund - Regular Growth,17.8219
2026-03-23,144903,Shriram Flexi Cap Fund - Regular-IDCW,17.8156
2026-03-23,144905,Shriram Flexi Cap Fund - Direct Growth,20.3371
2026-03-23,144906,Shriram Flexi Cap Fund - Direct-IDCW,20.1351
2026-03-23,144916,SBI BSE Sensex Next 50 ETF,811.9058
2026-03-23,144947,ICICI Prudential BSE Liquid Rate ETF - IDCW,1000.0
2026-03-23,145034,HDFC Ultra Short Term Fund - Direct Plan-Growth Option,16.1587
2026-03-23,145035,HDFC Ultra Short Term Fund - Direct Plan-Weekly IDCW Option,10.0581
2026-03-23,145036,HDFC Ultra Short Term Fund - Direct Plan-Monthly IDCW Option,10.0859
2026-03-23,145037,HDFC Ultra Short Term Fund - Monthly IDCW Option,10.1836
2026-03-23,145038,HDFC Ultra Short Term Fund - Weekly IDCW Option,10.0576
2026-03-23,145039,HDFC Ultra Short Term Fund - Direct Plan-Daily IDCW Option,10.0898
2026-03-23,145040,HDFC Ultra Short Term Fund - Growth Option,15.7779
2026-03-23,145041,HDFC Ultra Short Term Fund - Daily IDCW Option,10.1007
2026-03-23,145042,Sundaram Money Market Fund Regular Plan - Growth,15.6402
2026-03-23,145044,Sundaram Money Market Fund Regular Plan- Income Distribution cum Capital Withdrawal (IDCW),11.0431
2026-03-23,145049,Sundaram Money Market Fund Regular Plan -Income Distribution cum Capital Withdrawal(IDCW),11.0431
2026-03-23,145050,Sundaram Money Market Fund Direct Plan - Growth,15.7595
2026-03-23,145051,Sundaram Money Market Fund Direct Plan - Income Distribution cum Capital Withdrawal (IDCW),11.0806
2026-03-23,145056,Sundaram Money Market Fund Direct Plan - Income Distribution cum Capital Withdrawal(IDCW),11.0806
2026-03-23,145075,ICICI Prudential Manufacturing Fund - Direct Plan - Cumulative Option,35.72
2026-03-23,145076,ICICI Prudential Manufacturing Fund - Direct Plan - IDCW Option,21.26
2026-03-23,145077,ICICI Prudential Manufacturing Fund - Cumulative Option,32.94
2026-03-23,145078,ICICI Prudential Manufacturing Fund - IDCW Option,18.86
2026-03-23,145109,Axis Large & Mid Cap Fund - Direct Plan - IDCW,22.09
2026-03-23,145110,Axis Large & Mid Cap Fund - Direct Plan - Growth,32.92
2026-03-23,145111,Axis Large & Mid Cap Fund - Regular Plan - IDCW,17.3
2026-03-23,145112,Axis Large & Mid Cap Fund - Regular Plan - Growth,29.66
2026-03-23,145137,Invesco India Smallcap Fund - Direct Plan - Growth,40.9
2026-03-23,145138,Invesco India Smallcap Fund - Direct Plan - IDCW (Payout / Reinvestment),33.31
2026-03-23,145139,Invesco India Smallcap Fund - Regular Plan - Growth,36.58
2026-03-23,145140,Invesco India Smallcap Fund - Regular Plan - IDCW (Payout / Reinvestment),29.12
2026-03-23,145205,TATA SmallCap Fund Regular Plan - Payout of Income Distribution cum capital withdrawal option,30.3408
2026-03-23,145206,Tata Small Cap Fund-Direct Plan-Growth,34.3782
2026-03-23,145207,TATA SmallCap Fund - Direct Plan - Payout of Income Distribution cum capital withdrawal option,34.3782
2026-03-23,145208,Tata Small Cap Fund-Regular Plan-Growth,30.3408
2026-03-23,145209,TATA Small Cap Fund Direct Plan - Reinvestment of Income Distribution cum capital withdrawal option,34.3782
2026-03-23,145210,TATA Small Cap Fund Regular Plan - Reinvestment of Income Distribution cum capital withdrawal option,30.3408
2026-03-23,145287,UTI - Floater Fund - Regular Plan  - Growth Option,1554.5613
2026-03-23,145288,UTI Floater Fund - Regular Plan - Half-Yearly IDCW,1372.9154
2026-03-23,145289,UTI Floater Fund - Regular Plan - Annual IDCW,1476.353
2026-03-23,145290,UTI Floater Fund - Direct Plan - Quarterly IDCW,1394.5874
2026-03-23,145291,UTI Floater Fund - Direct Plan - Flexi IDCW,1537.293
2026-03-23,145292,UTI Floater Fund - Regular Plan - Flexi IDCW,1421.1439
2026-03-23,145293,UTI Floater Fund - Direct Plan - Annual IDCW,1493.7936
2026-03-23,145294,UTI Floater Fund - Regular Plan - Quarterly IDCW,1264.2084
2026-03-23,145295,UTI - Floater Fund - Direct Plan - Growth Option,1631.8141
2026-03-23,145296,UTI Floater Fund - Direct Plan - Half-Yearly IDCW,1487.4003
2026-03-23,145355,Mahindra Manulife Consumption Fund- Regular Plan - Growth,19.3222
2026-03-23,145356,Mahindra Manulife Consumption Fund - Direct Plan -Growth,21.91
2026-03-23,145357,Mahindra Manulife Consumption Fund - Direct Plan - IDCW,15.5156
2026-03-23,145358,Mahindra Manulife Consumption Fund - Regular Plan - IDCW,13.1506
2026-03-23,145387,Baroda BNP Paribas Balanced Advantage Fund-Regular Plan -Growth Option,22.9948
2026-03-23,145389,Baroda BNP Paribas Balanced Advantage Fund-Regular Plan-IDCW Option,14.9655
2026-03-23,145396,Baroda BNP Paribas Balanced Advantage Fund-Direct Plan-Growth Option,25.3191
2026-03-23,145397,Baroda BNP Paribas Balanced Advantage Fund-Direct Plan-IDCW Option,16.5258
2026-03-23,145399,ICICI Prudential Ultra Short Term Fund - Daily IDCW,10.0655
2026-03-23,145400,ICICI Prudential Ultra Short Term Fund - Direct Plan - Weekly IDCW,10.0916
2026-03-23,145402,ICICI Prudential Ultra Short Term Fund - Weekly IDCW,10.0749
2026-03-23,145404,ICICI Prudential Ultra Short Term Fund - Direct Plan - Daily IDCW,9.9987
2026-03-23,145453,DSP Healthcare Fund - Regular Plan - IDCW,20.764
2026-03-23,145454,DSP Healthcare Fund - Direct Plan - Growth,39.918
2026-03-23,145455,DSP Healthcare Fund - Direct Plan - IDCW,23.084
2026-03-23,145456,DSP Healthcare Fund - Regular Plan - Growth,35.844
2026-03-23,145471,Union Value Fund - Regular Plan - Growth Option,25.7
2026-03-23,145472,Union Value Fund - Regular Plan - IDCW Option,25.7
2026-03-23,145473,Union Value Fund - Direct Plan - Growth Option,27.5
2026-03-23,145474,Union Value Fund - Direct Plan - IDCW Option,27.5
2026-03-23,145481,ADITYA BIRLA SUNLIFE OVERNIGHT FUND-REGULAR PLAN-GROWTH,1442.649
2026-03-23,145482,ADITYA BIRLA SUN LIFE OVERNIGHT FUND-  Regular - Weekly Reinvestment of IDCW option,1000.4445
2026-03-23,145483,ADITYA BIRLA SUN LIFE OVERNIGHT FUND- Regular - Daily Reinvestment of IDCW,1000.02
2026-03-23,145485,ADITYA BIRLA SUN LIFE OVERNIGHT FUND- Regular- Monthly Payout of IDCW option,1003.2177
2026-03-23,145486,ADITYA BIRLA SUN LIFE OVERNIGHT FUND-DIRECT PLAN-GROWTH,1454.9195
2026-03-23,145487,ADITYA BIRLA SUN LIFE OVERNIGHT FUND- Direct - Daily Reinvestment of IDCW,1000.02
2026-03-23,145488,ADITYA BIRLA SUN LIFE OVERNIGHT FUND-  Direct - Monthly Payout of IDCW,1003.2914
2026-03-23,145489,ADITYA BIRLA SUN LIFE OVERNIGHT FUND-  Direct - Weekly Reinvestment of IDCW,1000.4616
2026-03-23,145535,ICICI Prudential Overnight Fund - Growth,1440.73
2026-03-23,145536,ICICI Prudential Overnight Fund - Direct Plan - Growth,1449.5508
2026-03-23,145537,ICICI Prudential Overnight Fund - Direct Plan - Daily IDCW,1000.005
2026-03-23,145538,ICICI Prudential Overnight Fund - Weekly IDCW,1000.9928
2026-03-23,145539,ICICI Prudential Overnight Fund - Direct Plan - Weekly IDCW,1001.0057
2026-03-23,145547,ICICI Prudential Overnight Fund - Daily IDCW,1000.005
2026-03-23,145551,Motilal Oswal Nasdaq 100 Fund of Fund- Regular Plan Growth,44.9649
2026-03-23,145552,Motilal Oswal Nasdaq 100 Fund of Fund- Direct Plan Growth,46.2659
2026-03-23,145589,Groww Dynamic Term Fund (formerly known as Indiabulls Dynamic Bond Fund) - Direct Plan - Growth option,1540.8167
2026-03-23,145590,Groww Dynamic Term Fund (formerly known as Indiabulls Dynamic Bond Fund) - Regular Plan - Growth option,1467.7133
2026-03-23,145591,Groww Dynamic Term Fund (formerly known as Indiabulls Dynamic Bond Fund)- Direct Plan- Monthly - Income Distribution cum capital withdrawal Option (Payout & Reinvestment),1008.6751
2026-03-23,145592,Groww Dynamic Term Fund (formerly known as Indiabulls Dynamic Bond Fund)- Regular Plan- Monthly - Income Distribution cum capital withdrawal Option (Payout & Reinvestment),1002.604
2026-03-23,145593,Groww Dynamic Term Fund (formerly known as Indiabulls Dynamic Bond Fund)- Regular Plan- - Income Distribution cum capital withdrawal Option ( Reinvestment),1010.8971
2026-03-23,145594,Groww Dynamic Term Fund (formerly known as Indiabulls Dynamic Bond Fund)- Regular Plan- Weekly - Income Distribution cum capital withdrawal Option (Payout & Reinvestment),1008.0981
2026-03-23,145595,Groww Dynamic Term Fund (formerly known as Indiabulls Dynamic Bond Fund)- Direct Plan- Fortnightly - Income Distribution cum capital withdrawal Option (Payout & Reinvestment),1017.315
2026-03-23,145596,Groww Dynamic Term Fund (formerly known as Indiabulls Dynamic Bond Fund)- Direct Plan- - Income Distribution cum capital withdrawal Option ( Reinvestment),1014.8536
2026-03-23,145597,Groww Dynamic Term Fund (formerly known as Indiabulls Dynamic Bond Fund)- Direct Plan- Weekly - Income Distribution cum capital withdrawal Option (Payout & Reinvestment),1013.513
2026-03-23,145598,Groww Dynamic Term Fund (formerly known as Indiabulls Dynamic Bond Fund)- Regular Plan- Fortnightly - Income Distribution cum capital withdrawal Option (Payout & Reinvestment),1008.3328
2026-03-23,145599,Groww Aggressive Hybrid Fund (formerly known as Indiabulls Equity Hybrid Fund) - Direct Plan - Growth option,21.4805
2026-03-23,145600,Groww Aggressive Hybrid Fund (formerly known as Indiabulls Equity Hybrid Fund)- Direct Plan- - Income Distribution cum capital withdrawal Option (Payout & Reinvestment),21.2976
2026-03-23,145601,Groww Aggressive Hybrid Fund (formerly known as Indiabulls Equity Hybrid Fund)- Direct Plan- Quarterly - Income Distribution cum capital withdrawal Option (Payout & Reinvestment),21.045
2026-03-23,145602,Groww Aggressive Hybrid Fund (formerly known as Indiabulls Equity Hybrid Fund)- Direct Plan- Half Yearly - Income Distribution cum capital withdrawal Option (Payout & Reinvestment),20.6545
2026-03-23,145603,Groww Aggressive Hybrid Fund (formerly known as Indiabulls Equity Hybrid Fund)- Regular Plan- - Income Distribution cum capital withdrawal Option (Payout & Reinvestment),19.0799
2026-03-23,145604,Groww Aggressive Hybrid Fund (formerly known as Indiabulls Equity Hybrid Fund)- Regular Plan- Monthly - Income Distribution cum capital withdrawal Option (Payout & Reinvestment.,19.081
2026-03-23,145605,Groww Aggressive Hybrid Fund (formerly known as Indiabulls Equity Hybrid Fund) - Regular Plan - Growth option,19.0827
2026-03-23,145606,Groww Aggressive Hybrid Fund (formerly known as Indiabulls Equity Hybrid Fund)- Direct Plan- Monthly - Income Distribution cum capital withdrawal Option (Payout & Reinvestment),21.2638
2026-03-23,145607,Groww Aggressive Hybrid Fund (formerly known as Indiabulls Equity Hybrid Fund)- Regular Plan- Quarterly - Income Distribution cum capital withdrawal Option (Payout & Reinvestment),20.2265
2026-03-23,145608,Groww Aggressive Hybrid Fund (formerly known as Indiabulls Equity Hybrid Fund)- Regular Plan- Half Yearly - Income Distribution cum capital withdrawal Option (Payout & Reinvestment),19.0378
2026-03-23,145633,Mirae Asset Nifty 50 ETF,243.2075
2026-03-23,145648,SBI Nifty 200 Quality 30 ETF,199.0808
2026-03-23,145675,BANK OF INDIA Small Cap Fund Direct Plan IDCW,33.74
2026-03-23,145676,BANK OF INDIA Small Cap Fund Regular Plan IDCW,29.17
2026-03-23,145677,BANK OF INDIA Small Cap Fund Regular Plan Growth,40.0
2026-03-23,145678,BANK OF INDIA Small Cap Fund Direct Plan Growth,45.05
2026-03-23,145693,Mirae Asset Equity Savings Fund- Direct Plan- Growth,21.588
2026-03-23,145694,Mirae Asset Equity Savings Fund Direct IDCW,12.91
2026-03-23,145695,Mirae Asset Equity Savings Fund- Regular Plan- Growth,20.028
2026-03-23,145696,Mirae Asset Equity Savings Fund Regular IDCW,11.855
2026-03-23,145723,Tata Arbitrage Fund-Regular Plan-Growth,14.9827
2026-03-23,145724,Tata Arbitrage Fund-Direct Plan-Growth,15.85
2026-03-23,145725,TATA Arbitrage Fund Direct Plan - Monthly Reinvestment of Income Distribution cum capital withdrawal option,15.2266
2026-03-23,145726,TATA Arbitrage Fund Regular Plan - Monthly Reinvestment of Income Distribution cum capital withdrawal option,14.3219
2026-03-23,145727,TATA Arbitrage Fund Direct Plan - Monthly Payout of Income Distribution cum capital withdrawal option,15.2266
2026-03-23,145728,TATA Arbitrage Fund Regular Plan - Monthly Payout of Income Distribution cum capital withdrawal option,14.3219
2026-03-23,145801,Tata Nifty 50 Exchange Traded Fund,243.4471
2026-03-23,145810,Nippon India Overnight Fund - Direct Plan - Growth Option,144.5045
2026-03-23,145811,Nippon India Overnight Fund - Regular Plan - Growth Option,143.5411
2026-03-23,145812,NIPPON INDIA OVERNIGHT FUND - DIRECT Plan - DAILY IDCW Option,100.005
2026-03-23,145819,Shriram ELSS Tax Saver Fund - Direct Growth,21.1817
2026-03-23,145820,Shriram ELSS Tax Saver Fund - Regular Growth,18.6581
2026-03-23,145821,Shriram ELSS Tax Saver Fund - Regular-IDCW,18.6608
2026-03-23,145822,Shriram ELSS Tax Saver Fund - Direct- IDCW,21.0159
2026-03-23,145823,NIPPON INDIA OVERNIGHT FUND - DIRECT Plan - WEEKLY IDCW Option,100.048
2026-03-23,145824,NIPPON INDIA OVERNIGHT FUND - DIRECT Plan - MONTHLY IDCW Option,100.4783
2026-03-23,145825,NIPPON INDIA OVERNIGHT FUND - DIRECT Plan - QUARTERLY IDCW Option,100.3135
2026-03-23,145826,NIPPON INDIA OVERNIGHT FUND - WEEKLY IDCW Option,100.0474
2026-03-23,145827,NIPPON INDIA OVERNIGHT FUND - MONTHLY IDCW Option,100.4637
2026-03-23,145830,NIPPON INDIA OVERNIGHT FUND - DAILY IDCW Option,100.005
2026-03-23,145833,NIPPON INDIA OVERNIGHT FUND - QUARTERLY IDCW Option,100.3111
2026-03-23,145834,Motilal Oswal Liquid Fund - Direct Growth,14.5123
2026-03-23,145881,Aditya Birla Sunlife Nifty Next 50 ETF,64.3744
2026-03-23,145890,LIC MF Arbitrage Fund-Regular Plan-Growth,14.3904
2026-03-23,145891,LIC MF Arbitrage Fund-Direct Plan-Weekly IDCW,14.2073
2026-03-23,145892,LIC MF Arbitrage Fund-Regular Plan-Monthly IDCW,14.0595
2026-03-23,145893,LIC MF Arbitrage Fund-Regular Plan-Weekly IDCW,13.9699
2026-03-23,145894,LIC MF Arbitrage Fund-Direct Plan-Monthly IDCW,13.7455
2026-03-23,145895,LIC MF Arbitrage Fund-Direct Plan-Growth,15.119
2026-03-23,145896,ICICI Prudential India Opportunities Fund - Cumulative Option,33.46
2026-03-23,145897,ICICI Prudential India Opportunities Fund - Direct Plan - Cumulative Option,36.68
2026-03-23,145898,ICICI Prudential India Opportunities Fund - Direct Plan - IDCW Option,22.38
2026-03-23,145899,ICICI Prudential India Opportunities Fund - IDCW Option,19.53
2026-03-23,145946,Motilal Oswal Liquid Fund - Regular Growth,14.3508
2026-03-23,145951,LIC MF Short Duration Fund-Regular Plan-IDCW,15.0015
2026-03-23,145952,LIC MF Short Duration Fund-Regular Plan-Growth,15.0015
2026-03-23,145953,LIC MF Short Duration Fund-Direct Plan-IDCW,16.1322
2026-03-23,145954,LIC MF Short Duration Fund-Direct Plan-Growth,16.1322
2026-03-23,145963,WhiteOak Capital Liquid Fund- Regular plan-Daily Reinvestment of Income Distribution cum capital withdrawal option (IDCW),1001.595
2026-03-23,145964,WhiteOak Capital Liquid Fund- Regular plan-Weekly Payout/ Reinvestment of Income Distribution cum capital withdrawal option (IDCW),1002.5053
2026-03-23,145965,WhiteOak Capital Liquid Fund- Regular plan-Fortnightly Payout/ Reinvestment of Income Distribution cum capital withdrawal option (IDCW),1004.6139
2026-03-23,145966,WhiteOak Capital Liquid Fund- Direct plan-Fortnightly Payout/ Reinvestment of Income Distribution cum capital withdrawal option (IDCW),1003.396
2026-03-23,145967,WhiteOak Capital Liquid Fund- Direct plan-Monthly  Payout/ Reinvestment of Income Distribution cum capital withdrawal option (IDCW),1002.5904
2026-03-23,145968,WhiteOak Capital Liquid Fund- Regular plan-Growth Option,1462.7358
2026-03-23,145969,WhiteOak Capital Liquid Fund- Direct plan-Daily Reinvestment of Income Distribution cum capital withdrawal option (IDCW),1001.5967
2026-03-23,145970,WhiteOak Capital Liquid Fund- Direct plan-Weekly Payout/ Reinvestment of Income Distribution cum capital withdrawal option (IDCW),1002.542
2026-03-23,145971,WhiteOak Capital Liquid Fund- Direct plan-Growth Option,1472.5804
2026-03-23,145972,WhiteOak Capital Liquid Fund- Regular plan-Monthly Payout/ Reinvestment of Income Distribution cum capital withdrawal option (IDCW),1002.3119
2026-03-23,146005,TATA Balanced Advantage Fund Regular Plan - Payout of Income Distribution cum capital withdrawal option,19.4556
2026-03-23,146006,TATA Balanced Advantage Fund Direct Plan - Payout of Income Distribution cum capital withdrawal option,21.7329
2026-03-23,146007,Tata Balanced Advantage Fund-Regular Plan-Growth,19.4556
2026-03-23,146008,TATA Balanced Advantage Fund Direct Plan - Reinvestment of Income Distribution cum capital withdrawal option,21.7329
2026-03-23,146009,TATA Balanced Advantage Fund Regular Plan - Reinvestment of Income Distribution cum capital withdrawal option,19.4556
2026-03-23,146010,Tata Balanced Advantage Fund-Direct Plan-Growth,21.7329
2026-03-23,146061,DSP Overnight Fund - Regular Plan - Growth,1432.6878
2026-03-23,146062,DSP Overnight Fund - Direct Plan - Growth,1440.9801
2026-03-23,146063,DSP Overnight Fund - Regular Plan - IDCW - Weekly,1001.2708
2026-03-23,146065,DSP Overnight Fund - Direct Plan - IDCW - Daily,1000.0099
2026-03-23,146066,DSP Overnight Fund - Regular Plan - IDCW - Daily,1000.0099
2026-03-23,146067,TATA Ultra Short Term Fund-Direct Plan - Weekly Payout of Income Distribution cum capital withdrawal option,10.4075
2026-03-23,146068,TATA Ultra Short Term Fund Direct Plan - Weekly Reinvestment of Income Distribution cum capital withdrawal option,10.4075
2026-03-23,146069,TATA Ultra Short Term Fund-Direct Plan - Monthly Payout of Income Distribution cum capital withdrawal option,15.5981
2026-03-23,146070,Tata Ultra Short Term Fund-Regular Plan-Growth,14.7324
2026-03-23,146071,TATA Ultra Short Term Fund-Regular Plan - Weekly Payout of Income Distribution cum capital withdrawal option,10.3796
2026-03-23,146072,TATA Ultra Short Term Fund-Regular Plan - Monthly Payout of Income Distribution cum capital withdrawal option,14.7371
2026-03-23,146073,TATA Ultra Short Term Fund Regular Plan - Monthly Reinvestment of Income Distribution cum capital withdrawal option,14.7371
2026-03-23,146074,TATA Ultra Short Term Fund Regular Plan -Weekly Reinvestment of Income Distribution cum capital withdrawal option,10.3796
2026-03-23,146075,Tata Ultra Short Term Fund-Direct Plan-Growth,15.5791
2026-03-23,146076,TATA Ultra Short Term Fund Direct Plan - Monthly Reinvestment of Income Distribution cum capital withdrawal option,15.5981
2026-03-23,146127,CANARA ROBECO SMALL CAP FUND - REGULAR PLAN - GROWTH OPTION,33.09
2026-03-23,146128,CANARA ROBECO SMALL CAP FUND - REGULAR PLAN - IDCW (Payout/Reinvestment),28.33
2026-03-23,146130,CANARA ROBECO SMALL CAP FUND - DIRECT PLAN - GROWTH OPTION,36.85
2026-03-23,146131,CANARA ROBECO SMALL CAP FUND - DIRECT PLAN - IDCW (Payout/Reinvestment),31.92
2026-03-23,146138,Kotak Overnight Fund-Regular Plan- Daily Reinvestment of Income Distribution cum capital withdrawal option,1004.7568
2026-03-23,146140,Kotak Overnight Fund-Direct Plan- Daily Reinvestment of Income Distribution cum capital withdrawal option,1003.6055
2026-03-23,146141,Kotak Overnight Fund -Direct Plan-Growth Option,1435.2004
2026-03-23,146142,Kotak Overnight Fund -Regular plan-Growth Option,1425.8572
2026-03-23,146183,BANDHAN Overnight Fund - Direct Plan - Monthly IDCW,1003.4598
2026-03-23,146184,BANDHAN Overnight Fund - Direct Plan - Periodic IDCW,1307.3728
2026-03-23,146185,BANDHAN Overnight Fund - Regular Plan - Monthly IDCW,1003.3296
2026-03-23,146186,BANDHAN Overnight Fund - REGULAR PLAN PERIODIC IDCW,1302.6609
2026-03-23,146187,BANDHAN Overnight Fund - Regular Plan - Growth,1423.6239
2026-03-23,146188,BANDHAN Overnight Fund - Regular Plan - Daily IDCW,1000.0098
2026-03-23,146189,BANDHAN Overnight Fund - Regular Plan - Weekly IDCW,1001.3558
2026-03-23,146190,BANDHAN Overnight Fund - Direct Plan - Daily IDCW,1000.0098
2026-03-23,146191,BANDHAN Overnight Fund - Direct Plan - Growth,1434.6858
2026-03-23,146192,BANDHAN Overnight Fund - Direct Plan - Weekly IDCW,1000.4451
2026-03-23,146193,Edelweiss Small Cap Fund - Regular Plan - Growth,38.037
2026-03-23,146194,Edelweiss Small Cap Fund - Regular Plan - IDCW Option,33.053
2026-03-23,146196,Edelweiss Small Cap Fund - Direct Plan - Growth,42.447
2026-03-23,146197,Edelweiss Small Cap Fund - Direct Plan - IDCW Option,37.134
2026-03-23,146207,SBI Corporate Bond Fund - Regular Plan - Growth,15.9845
2026-03-23,146208,SBI Corporate Bond Fund - Regular Plan - Monthly Income Distribution cum Capital Withdrawal Option (IDCW),15.0853
2026-03-23,146210,SBI Corporate Bond Fund - Regular Plan - Quarterly Income Distribution cum Capital Withdrawal Option (IDCW),15.5307
2026-03-23,146212,SBI Corporate Bond Fund - Direct Plan - Monthly Income Distribution cum Capital Withdrawal Option (IDCW),15.59
2026-03-23,146215,SBI Corporate Bond Fund - Direct Plan - Growth,16.5166
2026-03-23,146216,SBI Corporate Bond Fund - Direct Plan - Quarterly Income Distribution cum Capital Withdrawal Option (IDCW),16.0564
2026-03-23,146218,Motilal Oswal Liquid Fund Direct - IDCW  Quarterly Payout/Reinvestment,10.108
2026-03-23,146220,Motilal Oswal Liquid Fund Regular - IDCW Monthly Payout/Reinvestment,10.0641
2026-03-23,146222,Motilal Oswal Liquid Fund Regular - IDCW Quarterly Payout/Reinvestment,10.1039
2026-03-23,146223,Motilal Oswal Liquid Fund Direct - IDCW Monthly Payout/Reinvestment,10.0653
2026-03-23,146224,Motilal Oswal Liquid Fund Regular - IDCW Weekly Reinvestment,10.0181
2026-03-23,146226,Motilal Oswal Liquid Fund Direct - IDCW Fortnightly Reinvestment,10.0206
2026-03-23,146227,Motilal Oswal Liquid Fund Regular - IDCW Daily Reinvestment,10.0055
2026-03-23,146228,Motilal Oswal Liquid Fund Direct - IDCW Reinvestment,10.0077
2026-03-23,146229,Motilal Oswal Liquid Fund Direct - IDCW Weekly Reinvestment,10.0111
2026-03-23,146230,Motilal Oswal Liquid Fund Regular - IDCW Fortnightly Reinvestment,10.02
2026-03-23,146271,Nippon India ETF Nifty Midcap 150,200.7315
2026-03-23,146294,Union Arbitrage Fund - Regular Plan - Growth Option,14.6113
2026-03-23,146295,Union Arbitrage Fund - Regular Plan - IDCW Option,14.2669
2026-03-23,146296,Union Arbitrage Fund - Direct Plan - IDCW Option,14.826
2026-03-23,146297,Union Arbitrage Fund - Direct Plan - Growth Option,15.1865
2026-03-23,146346,ICICI Prudential Retirement Fund - Pure Equity - Growth Option,30.74
2026-03-23,146347,ICICI Prudential Retirement Fund - Pure Equity - IDCW Option,30.75
2026-03-23,146348,ICICI Prudential Retirement Fund - Pure Equity - Direct Plan - IDCW Option,34.19
2026-03-23,146349,ICICI Prudential Retirement Fund - Pure Equity - Direct Plan - Growth Option,34.2
2026-03-23,146376,DSP Nifty 50 Index Fund - Direct Plan - Growth,22.0819
2026-03-23,146377,DSP Nifty 50 Index Fund - Direct Plan - IDCW,18.8946
2026-03-23,146378,DSP Nifty 50 Index Fund - Regular Plan - IDCW,17.7562
2026-03-23,146379,DSP Nifty 50 Index Fund - Regular Plan - Growth,21.7744
2026-03-23,146380,DSP Nifty Next 50 Index Fund - Regular Plan - Growth,23.7383
2026-03-23,146381,DSP Nifty Next 50 Index Fund - Direct Plan - Growth,24.2839
2026-03-23,146382,DSP Nifty Next 50 Index Fund - Direct Plan - IDCW,19.8916
2026-03-23,146383,DSP Nifty Next 50 Index Fund - Regular Plan - IDCW,19.4622
2026-03-23,146388,UTI - BSE Sensex Next 50 Exchange Traded Fund,80.9473
2026-03-23,146405,ADITYA BIRLA SUN LIFE BAL BHAVISHYA YOJNA- Regular - IDCW,15.6
2026-03-23,146407,ADITYA BIRLA SUN LIFE BAL BHAVISHYA YOJNA DIRECT GROWTH,20.0
2026-03-23,146408,ADITYA BIRLA SUN LIFE BAL BHAVISHYA YOJNA- Direct - IDCW,17.51
2026-03-23,146409,ADITYA BIRLA SUN LIFE BAL BHAVISHYA YOJNA REGULAR GROWTH,17.81
2026-03-23,146455,Invesco India Equity Savings Fund - Regular Plan - IDCW (Payout / Reinvestment),15.8733
2026-03-23,146456,Invesco India Equity Savings Fund - Regular Plan - Growth,15.8743
2026-03-23,146457,Invesco India Equity Savings Fund - Direct Plan - Growth,17.8499
2026-03-23,146458,Invesco India Equity Savings Fund - Direct Plan - IDCW (Payout / Reinvestment),17.7727
2026-03-23,146512,NIPPON INDIA NIFTY NEXT 50 JUNIOR BEES FOF - IDCW Option,22.7674
2026-03-23,146513,Nippon India Nifty Next 50 Junior BeES FoF - Direct Plan - Growth Plan - Growth Option,23.139
2026-03-23,146514,Nippon India Nifty Next 50 Junior BeES FoF - Growth Plan - Growth Option,22.7674
2026-03-23,146515,NIPPON INDIA NIFTY NEXT 50 JUNIOR BEES FOF - DIRECT Plan - IDCW Option,23.139
2026-03-23,146548,Mahindra Manulife Large Cap Fund - Regular Plan - IDCW,13.8175
2026-03-23,146549,Mahindra Manulife Large Cap Fund - Direct Plan -Growth,23.501
2026-03-23,146550,Mahindra Manulife Large Cap Fund - Direct Plan - IDCW,16.3729
2026-03-23,146551,Mahindra Manulife Large Cap Fund - Regular Plan - Growth,20.7144
2026-03-23,146574,Aditya Birla Sun Life Retirement Fund-The 30s Plan-Regular - Payout of IDCW,14.783
2026-03-23,146575,Aditya Birla Sun Life Retirement Fund-The 30s Plan-Direct Growth,20.207
2026-03-23,146576,Aditya Birla Sun Life Retirement Fund-The 30s Plan-Direct - Payout of IDCW,16.449
2026-03-23,146577,Aditya Birla Sun Life Retirement Fund-The 30s Plan-Regular Growth,18.158
2026-03-23,146641,SBI Equity Minimum Variance Fund - Regular Plan - Income Distribution cum Capital Withdrawal Option (IDCW),21.7273
2026-03-23,146642,SBI Equity Minimum Variance Fund - Direct Plan - Income Distribution cum Capital Withdrawal Option (IDCW),22.2784
2026-03-23,146643,SBI Equity Minimum Variance Fund - Direct Plan - Growth,22.2798
2026-03-23,146644,SBI Equity Minimum Variance Fund - Regular Plan - Growth,21.7239
2026-03-23,146675,Axis Overnight Fund - Direct Plan - Growth Option,1423.9086
2026-03-23,146676,Axis Overnight Fund - Direct Plan - Weekly IDCW,1000.7022
2026-03-23,146677,Axis Overnight Fund - Direct Plan - Monthly IDCW,1004.4493
2026-03-23,146678,Axis Overnight Fund - Regular Plan - Growth Option,1418.6519
2026-03-23,146679,Axis Overnight Fund - Direct Plan - Daily IDCW,1000.5073
2026-03-23,146680,Axis Overnight Fund - Regular Plan - Weekly IDCW,1000.6715
2026-03-23,146681,Axis Overnight Fund - Regular Plan - Monthly IDCW,1004.4121
2026-03-23,146682,Axis Overnight Fund - Regular Plan - Daily IDCW,1000.5032
2026-03-23,146695,BANDHAN Fixed Term Plan Series 179 REGULAR PLAN-GROWTH (3652 days),17.426
2026-03-23,146699,BANDHAN Fixed Term Plan Series 179 DIRECT PLAN HALF YEARLY-IDCW (3652 days),11.6606
2026-03-23,146701,BANDHAN Fixed Term Plan Series 179 DIRECT PLAN-GROWTH (3652 days),17.735
2026-03-23,146702,BANDHAN Fixed Term Plan Series 179 REGULAR PLAN PERIODIC-IDCW (3652 days),15.0124
2026-03-23,146716,ICICI Prudential Retirement Fund - Hybrid Conservative - Direct Plan - Growth Option,19.1914
2026-03-23,146717,ICICI Prudential Retirement Fund - Hybrid Conservative - Growth Option,17.4762
2026-03-23,146718,ICICI Prudential Retirement Fund - Hybrid Conservative - Direct Plan - IDCW Option,19.191
2026-03-23,146719,ICICI Prudential Retirement Fund - Hybrid Conservative - IDCW Option,17.4761
2026-03-23,146720,ICICI Prudential Retirement Fund - Hybrid Aggressive - Direct Plan - IDCW Option,27.5
2026-03-23,146721,ICICI Prudential Retirement Fund - Hybrid Aggressive - Direct Plan - Growth Option,27.5
2026-03-23,146722,ICICI Prudential Retirement Fund - Hybrid Aggressive - Growth Option,24.66
2026-03-23,146723,ICICI Prudential Retirement Fund - Hybrid Aggressive - IDCW Option,24.66
2026-03-23,146724,ICICI Prudential Retirement Fund - Pure Debt - IDCW Option,15.3028
2026-03-23,146725,ICICI Prudential Retirement Fund - Pure Debt - Direct Plan - IDCW Option,16.714
2026-03-23,146726,ICICI Prudential Retirement Fund - Pure Debt - Growth Option,15.3026
2026-03-23,146727,ICICI Prudential Retirement Fund - Pure Debt - Direct Plan - Growth Option,16.714
2026-03-23,146769,HSBC Large & Mid Cap Fund - Regular IDCW,18.6716
2026-03-23,146770,HSBC Large & Mid Cap Fund - Direct IDCW,20.6285
2026-03-23,146771,HSBC Large & Mid Cap Fund - Regular Growth,24.4934
2026-03-23,146772,HSBC Large & Mid Cap Fund - Direct Growth,26.9633
2026-03-23,146795,ICICI Prudential Fixed Maturity Plan - Series 85 - 10 Years Plan I - Direct Plan Cumulative Option,17.6714
2026-03-23,146797,ICICI Prudential Fixed Maturity Plan - Series 85 - 10 Years Plan I - Cumulative Option,17.4347
2026-03-23,146800,ICICI Prudential Fixed Maturity Plan - Series 85 - 10 Years Plan I - Quarterly IDCW Option,17.1766
2026-03-23,146927,Aditya Birla Sun Life Retirement Fund-The 40s Plan- Direct - Payout of IDCW,15.87
2026-03-23,146928,Aditya Birla Sun Life Retirement Fund-The 40s Plan-Regular - Payout of IDCW,14.294
2026-03-23,146929,Aditya Birla Sun Life Retirement Fund-The 40s Plan-Regular Plan-Growth,17.562
2026-03-23,146930,Aditya Birla Sun Life Retirement Fund-The 40s Plan-Direct Plan-Growth,19.499
2026-03-23,146937,Aditya Birla Sun Life Retirement Fund-The 50s Plan- Direct - Payout of IDCW,12.9726
2026-03-23,146938,Aditya Birla Sun Life Retirement Fund-The 50s Plan-Regular Plan-Growth,14.4787
2026-03-23,146939,Aditya Birla Sun Life Retirement Fund-The 50s Plan- Regular - Payout of IDCW,11.7787
2026-03-23,146940,Aditya Birla Sun Life Retirement Fund-The 50s Plan-Direct Plan-Growth,15.9466
2026-03-23,146941,Aditya Birla Sun Life Retirement Fund-The 50s Plus-Debt Plan-Regular Plan-Growth,13.3764
2026-03-23,146942,Aditya Birla Sun Life Retirement Fund-The 50s Plus-Debt Plan - Regular - Payout of IDCW,10.8803
2026-03-23,146943,Aditya Birla Sun Life Retirement Fund-The 50s Plus-Debt Plan-Direct Plan-Growth,14.6254
2026-03-23,146944,Aditya Birla Sun Life Retirement Fund-The 50s Plus-Debt Plan - Direct - Payout of IDCW,11.8947
2026-03-23,146949,ICICI Prudential Bharat Consumption Fund - Direct Plan - IDCW Option,15.02
2026-03-23,146950,ICICI Prudential Bharat Consumption Fund - Growth Option,21.64
2026-03-23,146951,ICICI Prudential Bharat Consumption Fund - Direct Plan - Growth Option,23.4
2026-03-23,146952,ICICI Prudential Bharat Consumption Fund - IDCW Option,13.45
2026-03-23,146957,Sundaram Overnight Fund Direct Plan - Monthly Reinvestment of Income Distribution cum Capital Withdrawal (IDCW),1032.6595
2026-03-23,146959,Sundaram Overnight Fund Regular Plan - Growth,1418.9908
2026-03-23,146960,Sundaram Overnight Fund Regular Plan - Monthly Payout of Income Distribution cum Capital Withdrawal (IDCW),1027.8134
2026-03-23,146961,Sundaram Overnight Fund Regular Plan - Monthly Reinvestment of Income Distribution cum Capital Withdrawal (IDCW),1027.8134
2026-03-23,146962,Sundaram Overnight Fund Direct Plan - Monthly Payout of Income Distribution cum Capital Withdrawal (IDCW),1032.6595
2026-03-23,146963,Sundaram Overnight Fund Direct Plan - Growth,1428.8016
2026-03-23,146973,SBI Fixed Maturity Plan (FMP) - Series 1 (3668 Days) - Regular Plan - Income Distribution cum Capital Withdrawal Option (IDCW),17.1083
2026-03-23,146974,SBI Fixed Maturity Plan (FMP) - Series 1 (3668 Days) - Direct Plan - Growth,17.3255
2026-03-23,146975,SBI Fixed Maturity Plan (FMP) - Series 1 (3668 Days) - Direct Plan - Income Distribution cum Capital Withdrawal Option (IDCW),17.3413
2026-03-23,146976,SBI Fixed Maturity Plan (FMP) - Series 1 (3668 Days) - Regular Plan - Growth,17.1083
2026-03-23,146977,Tata Overnight Fund-Regular Plan-Growth,1408.8423
2026-03-23,146978,TATA Overnight Fund Direct Plan - Daily Reinvestment of Income Distribution cum capital withdrawal option,1000.0
2026-03-23,146979,TATA Overnight Fund Regular Plan - Daily Reinvestment of Income Distribution cum capital withdrawal option,1000.0
2026-03-23,146980,Tata Overnight Fund-Direct Plan-Growth,1420.0047
2026-03-23,146997,Union Overnight Fund - Regular Plan - Growth Option,1406.1711
2026-03-23,146998,Union Overnight Fund - Regular Plan - Daily IDCW Option,1001.2621
2026-03-23,147000,Union Overnight Fund - Regular Plan - Monthly IDCW Option,1004.1477
2026-03-23,147002,Union Overnight Fund - Direct Plan - Daily IDCW Option,1000.8022
2026-03-23,147003,Union Overnight Fund - Direct Plan - Growth Option,1415.9206
2026-03-23,147006,Union Overnight Fund - Direct Plan - Monthly IDCW Option,1004.2363
2026-03-23,147095,NIPPON INDIA FIXED MATURITY  PLAN - XLI - SERIES 8 - DIRECT Plan - IDCW Option,17.3863
2026-03-23,147096,NIPPON INDIA FIXED MATURITY PLAN  - XLI - SERIES 8 - IDCW Option,17.0316
2026-03-23,147097,Nippon India Fixed Maturity Plan XLI - Series 8 - Growth Option,17.0316
2026-03-23,147098,Nippon India Fixed Maturity Plan XLI - Series 8 - Direct Plan - Growth Option,17.3862
2026-03-23,147128,UTI Ultra Short Duration Fund - Direct Plan - Half-Yearly IDCW,1506.1619
2026-03-23,147153,ITI Liquid Fund - Regular Plan - Growth Option,1416.1497
2026-03-23,147154,ITI Liquid Fund - Regular Plan - Daily IDCW Option,1000.9712
2026-03-23,147155,ITI Liquid Fund - Regular Plan - Fortnightly Income Distribution cum capital withdrawal option Option,1002.5415
2026-03-23,147156,ITI Liquid Fund - Regular Plan - Monthly IDCW Option,1000.7692
2026-03-23,147157,ITI Liquid Fund - Direct Plan - Growth Option,1429.878
2026-03-23,147158,ITI Liquid Fund - Direct Plan - Daily IDCW Option,1000.9598
2026-03-23,147159,ITI Liquid Fund - Direct Plan - Weekly IDCW Option,1001.777
2026-03-23,147160,ITI Liquid Fund - Direct Plan - Fortnightly IDCW Option,1002.5844
2026-03-23,147161,ITI Liquid Fund - Direct Plan - Annually IDCW Option,1431.7699
2026-03-23,147162,ITI Liquid Fund - Regular Plan - Annually IDCW Option,1424.5238
2026-03-23,147163,ITI Liquid Fund - Direct Plan - Monthly IDCW Option,1004.408
2026-03-23,147164,ITI Liquid Fund - Regular Plan - Weekly IDCW Option,1001.7494
2026-03-23,147183,ITI Multi Cap Fund - Direct Plan - Growth Option,24.3459
2026-03-23,147184,ITI Multi Cap Fund - Regular Plan - Growth Option,21.3268
2026-03-23,147185,ITI Multi Cap Fund - Regular Plan - IDCW Option,18.6551
2026-03-23,147186,ITI Multi Cap Fund - Direct Plan - IDCW Option,21.5383
2026-03-23,147193,Baroda BNP Paribas Overnight Fund - Regular Plan - Growth,1406.4788
2026-03-23,147194,Baroda BNP Paribas Overnight Fund - Regular Plan - Daily IDCW,1000.0018
2026-03-23,147195,Baroda BNP Paribas Overnight Fund - Direct Plan - Weekly IDCW,1000.9788
2026-03-23,147196,Baroda BNP Paribas Overnight Fund - Direct Plan - Growth,1412.9537
2026-03-23,147197,Baroda BNP Paribas Overnight Fund - Direct Plan - Daily IDCW,1000.0028
2026-03-23,147198,Baroda BNP Paribas Overnight Fund - Regular Plan - Weekly IDCW,1001.4469
2026-03-23,147203,Mirae Asset Focused Fund Regular Plan Growth,21.018
2026-03-23,147204,Mirae Asset Focused Fund Regular IDCW,19.322
2026-03-23,147205,Mirae Asset Focused Fund Direct IDCW,21.202
2026-03-23,147206,Mirae Asset Focused Fund Direct Plan Growth,23.051
2026-03-23,147211,Franklin India Overnight Fund - Direct Weekly Dividend Plan - Weekly - IDCW,1000.1471
2026-03-23,147212,Franklin India Overnight Fund - Direct Daily Dividend Plan - Daily - IDCW,1000.0007
2026-03-23,147213,Franklin India Overnight fund- Growth,1398.334
2026-03-23,147214,Franklin India Overnight Fund- Growth - Direct,1403.1065
2026-03-23,147215,Franklin India Overnight Fund - Daily Dividend Plan - Daily - IDCW,1000.0001
2026-03-23,147216,Franklin India Overnight Fund - Weekly Dividend Plan - Weekly - IDCW,1000.1508
2026-03-23,147247,SBI Fixed Maturity Plan (FMP) - Series 6 (3668 Days) - Regular Plan - Growth,16.5811
2026-03-23,147248,SBI Fixed Maturity Plan (FMP) - Series 6 (3668 Days) - Direct Plan - Growth,16.8553
2026-03-23,147249,SBI Fixed Maturity Plan (FMP) - Series 6 (3668 Days) - Direct Plan - Income Distribution cum Capital Withdrawal Option (IDCW),16.8555
2026-03-23,147250,SBI Fixed Maturity Plan (FMP) - Series 6 (3668 Days) - Regular Plan - Income Distribution cum Capital Withdrawal Option (IDCW),16.5838
2026-03-23,147265,KOTAK FLOATING RATE FUND-REGULAR PLAN-STANDARD Reinvestment of Income Distribution cum capital withdrawal option,1404.7021
2026-03-23,147266,KOTAK FLOATING RATE FUND-REGULAR PLAN-GROWTH OPTION,1576.1657
2026-03-23,147267,KOTAK FLOATING RATE FUND-DIRECT PLAN-Standard Reinvestment of Income Distribution cum capital withdrawal option,1409.5577
2026-03-23,147269,KOTAK FLOATING RATE FUND-DIRECT PLAN-GROWTH OPTION,1618.0341
2026-03-23,147287,HSBC Overnight Fund - Direct Growth,1407.7184
2026-03-23,147288,HSBC Overnight Fund - Regular Weekly IDCW,1000.9065
2026-03-23,147289,HSBC Overnight Fund - Regular Daily IDCW,1000.0149
2026-03-23,147290,HSBC Overnight Fund - Regular Growth,1395.934
2026-03-23,147291,HSBC Overnight Fund - Direct Daily IDCW,1000.0149
2026-03-23,147296,HSBC Overnight Fund - Direct Weekly IDCW,1000.8659
2026-03-23,147300,HSBC Overnight Fund - Direct Monthly IDCW,1003.5323
2026-03-23,147301,HSBC Overnight Fund - Regular Monthly IDCW,1003.5957
2026-03-23,147303,DSP Quant Fund - Regular Plan - Growth,19.415
2026-03-23,147304,DSP Quant Fund - Direct Plan - IDCW,15.585
2026-03-23,147305,DSP Quant Fund - Regular Plan - IDCW,14.743
2026-03-23,147306,DSP Quant Fund - Direct Plan - Growth,20.407
2026-03-23,147307,WhiteOak Capital Ultra Short Duration Fund- Regular plan-Growth Option,1412.3095
2026-03-23,147308,WhiteOak Capital Ultra Short Duration Fund- Regular plan-Daily Reinvestment of Income Distribution cum capital withdrawal option (IDCW),1004.8532
2026-03-23,147309,WhiteOak Capital Ultra Short Duration Fund- Regular plan-Fortnightly Payout/ Reinvestment of Income Distribution cum capital withdrawal option (IDCW),1005.6499
2026-03-23,147310,WhiteOak Capital Ultra Short Duration Fund- Regular plan-Weekly Payout/ Reinvestment of Income Distribution cum capital withdrawal option (IDCW),1006.6197
2026-03-23,147311,WhiteOak Capital Ultra Short Duration Fund- Direct plan-Growth Option,1467.6252
2026-03-23,147312,WhiteOak Capital Ultra Short Duration Fund- Direct plan-Monthly Payout/ Reinvestment of Income Distribution cum capital withdrawal option (IDCW),1006.1641
2026-03-23,147313,WhiteOak Capital Ultra Short Duration Fund- Direct plan-Weekly Payout/ Reinvestment of Income Distribution cum capital withdrawal option (IDCW),1005.2969
2026-03-23,147314,WhiteOak Capital Ultra Short Duration Fund- Regular plan-Monthly Payout/ Reinvestment of Income Distribution cum capital withdrawal option (IDCW),1004.9745
2026-03-23,147315,WhiteOak Capital Ultra Short Duration Fund- Direct plan-Fortnightly Payout/ Reinvestment of Income Distribution cum capital withdrawal option (IDCW),1005.9315
2026-03-23,147316,WhiteOak Capital Ultra Short Duration Fund- Direct plan-Daily Reinvestment of Income Distribution cum capital withdrawal option (IDCW),1004.9019
2026-03-23,147345,ICICI Prudential MNC Fund - Growth Option,26.22
2026-03-23,147346,ICICI Prudential MNC Fund - Direct Plan - Growth Option,28.58
2026-03-23,147347,ICICI Prudential MNC Fund - Direct Plan - IDCW Option,17.14
2026-03-23,147348,ICICI Prudential MNC Fund - IDCW Option,15.13
2026-03-23,147371,QUANTUM ESG BEST IN CLASS STRATEGY FUND - REGULAR PLAN - GROWTH OPTION,20.53
2026-03-23,147372,QUANTUM ESG BEST IN CLASS STRATEGY FUND - DIRECT PLAN - GROWTH OPTION,21.86
2026-03-23,147373,Baroda BNP Paribas Money Market Fund - Direct Plan - Monthly IDCW,1033.1037
2026-03-23,147376,Baroda BNP Paribas Money Market Fund - Regular Plan - Monthly IDCW,1013.9932
2026-03-23,147377,Baroda BNP Paribas Money Market Fund- Direct Plan - Growth,1460.7686
2026-03-23,147378,Baroda BNP Paribas Money Market Fund - Direct Plan-Daily IDCW,999.5637
2026-03-23,147379,Baroda BNP Paribas Money Market Fund -Direct Plan - Weekly IDCW,1000.2797
2026-03-23,147380,Baroda BNP Paribas Money Market Fund-Regular Plan- Daily IDCW,1005.5218
2026-03-23,147381,Baroda BNP Paribas Money Market Fund-Regular Plan-Weekly IDCW,1000.4018
2026-03-23,147382,Baroda BNP Paribas Money Market Fund-Regular Plan - Growth,1437.6042
2026-03-23,147403,Shriram Balanced Advantage Fund - Direct- IDCW,17.6108
2026-03-23,147404,Shriram Balanced Advantage Fund - Regular-IDCW,15.6939
2026-03-23,147405,Shriram Balanced Advantage Fund - Regular Growth,15.6723
2026-03-23,147406,Shriram Balanced Advantage Fund - Direct Growth,17.7564
2026-03-23,147407,Aditya Birla Sun Life Pharma and Healthcare Fund-Regular-Growth,29.86
2026-03-23,147408,Aditya Birla Sun Life Pharma and Healthcare Fund-Regular - Payout of IDCW,19.72
2026-03-23,147409,Aditya Birla Sun Life Pharma and Healthcare Fund-Direct-Growth,33.08
2026-03-23,147410,Aditya Birla Sun Life Pharma and Healthcare Fund-Direct - Payout of IDCW,21.51
2026-03-23,147441,Motilal Oswal Liquid Fund - Unclaimed Dividend- Upto 3 years,14.1339
2026-03-23,147442,Motilal Oswal Liquid Fund - Unclaimed Dividend - Greater than 3 years,10.0
2026-03-23,147443,Motilal Oswal Liquid Fund - Unclaimed Redemption - Greater than 3 years,10.0
2026-03-23,147444,Motilal Oswal Liquid Fund - Unclaimed Redemption - Upto 3 years,13.8526
2026-03-23,147445,Mirae Asset Midcap Fund- Direct Growth Option,35.99
2026-03-23,147446,Mahindra Manulife Aggressive Hybrid Fund - Direct Plan -Growth,28.1278
2026-03-23,147447,Mahindra Manulife Aggressive Hybrid Fund - Regular Plan - Growth,24.981
2026-03-23,147448,Mahindra Manulife Aggressive Hybrid Fund - Direct Plan - Monthly IDCW,20.1341
2026-03-23,147449,Mahindra Manulife Aggressive Hybrid Fund - Regular Plan - Monthly IDCW,17.3686
2026-03-23,147450,Groww Overnight Fund (formerly known as Indiabulls Overnight Fund)- Direct Plan- Growth Option,1385.999
2026-03-23,147451,Groww Overnight Fund (formerly known as Indiabulls Overnight Fund)- Direct Plan- Weekly - Income Distribution cum capital withdrawal Option (Payout & Reinvestment),1002.179
2026-03-23,147452,Groww Overnight Fund (formerly known as Indiabulls Overnight Fund)- Direct Plan- Fortnightly - Income Distribution cum capital withdrawal Option (Payout & Reinvestment),1216.9667
2026-03-23,147453,Groww Overnight Fund (formerly known as Indiabulls Overnight Fund)- Direct Plan- Monthly - Income Distribution cum capital withdrawal Option (Payout & Reinvestment),1004.0855
2026-03-23,147454,Groww Overnight Fund (formerly known as Indiabulls Overnight Fund)- Regular Plan- Growth Option,1377.3258
2026-03-23,147455,Groww Overnight Fund (formerly known as Indiabulls Overnight Fund)- Regular Plan- - Income Distribution cum capital withdrawal Option ( Reinvestment),1001.0454
2026-03-23,147456,Groww Overnight Fund (formerly known as Indiabulls Overnight Fund)- Regular Plan- Weekly - Income Distribution cum capital withdrawal Option (Payout & Reinvestment),1001.0013
2026-03-23,147457,Groww Overnight Fund (formerly known as Indiabulls Overnight Fund)- Regular Plan- Fortnightly - Income Distribution cum capital withdrawal Option (Payout & Reinvestment),1002.7211
2026-03-23,147458,Groww Overnight Fund (formerly known as Indiabulls Overnight Fund)- Direct Plan- - Income Distribution cum capital withdrawal Option ( Reinvestment),1001.4161
2026-03-23,147459,Groww Overnight Fund (formerly known as Indiabulls Overnight Fund)- Regular Plan- Monthly - Income Distribution cum capital withdrawal Option (Payout & Reinvestment),1004.0532
2026-03-23,147472,Kotak Focused Fund- Regular Plan-Income Distribution cum capital withdrawal option,23.86
2026-03-23,147473,Kotak Focused Fund- Direct Plan- Growth option,26.462
2026-03-23,147475,Kotak Focused Fund-Direct Plan- Income Distribution cum capital withdrawal option,26.463
2026-03-23,147477,Kotak Focused Fund- Regular plan _ Growth Option,23.86
2026-03-23,147478,Mirae Asset Midcap Fund Direct IDCW,23.652
2026-03-23,147479,Mirae Asset Midcap Fund - Regular Plan-Growth Option,33.031
2026-03-23,147480,Mirae Asset Midcap Fund Regular IDCW,21.571
2026-03-23,147481,Parag Parikh ELSS Tax Saver Fund- Direct Growth,30.4485
2026-03-23,147482,Parag Parikh ELSS Tax Saver Fund- Regular Growth,28.1228
2026-03-23,147483,ICICI Prudential Nifty Bank ETF,52.6048
2026-03-23,147490,Union Focused Fund - Regular Plan - Growth Option,23.12
2026-03-23,147491,Union Focused Fund - Direct Plan - IDCW Option,24.63
2026-03-23,147492,Union Focused Fund - Direct Plan - Growth Option,24.63
2026-03-23,147493,Union Focused Fund - Regular Plan - IDCW Option,23.12
2026-03-23,147494,Baroda BNP Paribas Equity Savings Fund - Regular Plan - Growth,16.3358
2026-03-23,147495,Baroda BNP Paribas Equity Savings Fund - Regular Plan - IDCW,13.138
2026-03-23,147496,Baroda BNP Paribas Equity Savings Fund - Direct Plan - Growth,17.5639
2026-03-23,147498,Baroda BNP Paribas Equity Savings Fund - Direct Plan - IDCW,14.1225
2026-03-23,147512,LIC MF Overnight Fund-Regular Plan-IDCW,1223.233
2026-03-23,147513,LIC MF Overnight Fund-Direct Plan-IDCW,1394.5769
2026-03-23,147514,LIC MF Overnight Fund-Direct Plan-Weekly IDCW,1087.7814
2026-03-23,147515,LIC MF Overnight Fund-Direct Plan-Growth,1394.4102
2026-03-23,147516,LIC MF Overnight Fund-Direct Plan-Daily IDCW,1104.0916
2026-03-23,147517,LIC MF Overnight Fund-Regular Plan-Daily IDCW,1102.093
2026-03-23,147518,LIC MF Overnight Fund-Regular Plan-Weekly IDCW,1180.2706
2026-03-23,147519,LIC MF Overnight Fund-Regular Plan-Growth,1382.9476
2026-03-23,147530,ICICI Prudential Nifty Private Bank ETF,24.5983
2026-03-23,147531,CANARA ROBECO OVERNIGHT FUND - DIRECT PLAN - GROWTH OPTION,1388.6808
2026-03-23,147532,CANARA ROBECO OVERNIGHT FUND - DIRECT PLAN - DAILY IDCW (Reinvestment),1001.0012
2026-03-23,147533,CANARA ROBECO OVERNIGHT FUND - REGULAR PLAN - DAILY IDCW (Reinvestment),1001.0
2026-03-23,147534,CANARA ROBECO OVERNIGHT FUND - REGULAR PLAN - GROWTH OPTION,1387.2022
2026-03-23,147541,ITI ELSS Tax Saver Fund - Direct Plan - Growth Option,23.3255
2026-03-23,147542,ITI ELSS Tax Saver Fund - Direct Plan - IDCW Option,20.6365
2026-03-23,147543,ITI ELSS Tax Saver Fund - Regular Plan - IDCW Option,17.9717
2026-03-23,147544,ITI ELSS Tax Saver Fund - Regular Plan - Growth Option,20.5335
2026-03-23,147549,Edelweiss Overnight Fund - Regular Plan - Fortnightly - IDCW Option,1096.5898
2026-03-23,147550,Edelweiss Overnight Fund - Direct Plan - Fortnightly - IDCW Option,1374.3836
2026-03-23,147551,Edelweiss Overnight Fund - Direct Plan - Annual - IDCW Option,1391.9946
2026-03-23,147552,Edelweiss Overnight Fund - Regular Plan - Daily - IDCW Option,1008.3657
2026-03-23,147553,Edelweiss Overnight Fund - Regular Plan - Weekly - IDCW Option,1017.4211
2026-03-23,147554,Edelweiss Overnight Fund - Direct Plan - Monthly - IDCW Option,1061.267
2026-03-23,147555,Edelweiss Overnight Fund - Regular Plan - Monthly - IDCW Option,1007.9594
2026-03-23,147556,Edelweiss Overnight Fund - Regular Plan - Annual - IDCW Option,1386.4565
2026-03-23,147557,Edelweiss Overnight Fund - Direct Plan - Daily - IDCW Option,1000.2077
2026-03-23,147558,Edelweiss Overnight Fund - Direct Plan - Weekly - IDCW Option,1386.069
2026-03-23,147563,Mahindra Manulife Overnight Fund - Direct Plan - Daily IDCW,1396.0334
2026-03-23,147564,Mahindra Manulife Overnight Fund - Direct Plan -Growth,1392.6083
2026-03-23,147565,Mahindra Manulife Overnight Fund - Regular Plan - Growth,1383.2456
2026-03-23,147566,Mahindra Manulife Overnight Fund - Regular Plan - Daily IDCW,1226.7327
2026-03-23,147567,Axis Money Market Fund - Direct Plan - Growth Option,1509.2235
2026-03-23,147568,Axis Money Market Fund - Regular Plan - Growth Option,1493.699
2026-03-23,147569,Edelweiss Overnight Fund - Regular Plan - Growth,1386.4454
2026-03-23,147570,Edelweiss Overnight Fund - Direct Plan - Growth,1391.5319
2026-03-23,147571,Axis Money Market Fund - Direct Plan - Daily IDCW,1005.0438
2026-03-23,147572,Axis Money Market Fund - Direct Plan - Monthly IDCW,1010.4966
2026-03-23,147573,Axis Money Market Fund - Direct Plan - Quarterly IDCW,1189.7334
2026-03-23,147574,Axis Money Market Fund - Regular Plan - Quarterly IDCW,1174.9358
2026-03-23,147575,Axis Money Market Fund - Regular Plan - Annual IDCW,1303.5347
2026-03-23,147576,Axis Money Market Fund - Direct Plan - Annual IDCW,1318.2699
2026-03-23,147577,Axis Money Market Fund - Regular Plan - Daily IDCW,1005.021
2026-03-23,147578,Axis Money Market Fund - Regular Plan - Monthly IDCW,1007.5148
2026-03-23,147579,Nippon India ETF BSE Sensex Next 50,79.2914
2026-03-23,147600,PGIM India Overnight Fund - Regular Plan- Growth Option,1381.0873
2026-03-23,147605,PGIM India Overnight Fund - Direct Plan - Daily Dividend Option,1000.0087
2026-03-23,147606,PGIM India Overnight Fund - Direct Plan - Growth Option,1387.2147
2026-03-23,147607,PGIM India Overnight Fund - Regular Plan - Weekly Dividend Option,1007.4555
2026-03-23,147608,PGIM India Overnight Fund - Direct Plan - Weekly Dividend Option,1000.8867
2026-03-23,147609,PGIM India Overnight Fund - Regular Plan - Daily Dividend Option,1000.0
2026-03-23,147614,Tata Nifty Private Bank Exchange Traded Fund,252.3796
2026-03-23,147615,ITI Arbitrage Fund - Direct Plan - IDCW Option,14.2127
2026-03-23,147616,ITI Arbitrage Fund - Regular Plan - IDCW Option,13.5382
2026-03-23,147617,ITI Arbitrage Fund - Direct Plan - Growth Option,14.2127
2026-03-23,147618,ITI Arbitrage Fund - Regular Plan - Growth Option,13.5382
2026-03-23,147619,Motilal Oswal Nifty Bank Index - Regular Plan,18.1874
2026-03-23,147620,Motilal Oswal Nifty Bank Index Fund - Direct Plan,19.0526
2026-03-23,147621,Motilal Oswal Nifty Midcap 150 Index Fund - Regular Plan,33.5849
2026-03-23,147622,Motilal Oswal Nifty Midcap 150 Index Fund - Direct Plan,35.2239
2026-03-23,147623,Motilal Oswal Nifty Smallcap 250 Index Fund- Direct Plan,31.8661
2026-03-23,147624,Motilal Oswal Nifty Smallcap 250 Index - Regular Plan,30.4536
2026-03-23,147625,Motilal Oswal Nifty 500 Index Fund - Direct Plan,24.024
2026-03-23,147626,Motilal Oswal Nifty 500 Index Fund - Regular Plan,22.9895
2026-03-23,147645,ICICI Prudential Global Advantage Fund (FOF) - Direct Plan - IDCW,20.2891
2026-03-23,147646,ICICI Prudential Global Advantage Fund (FOF) - IDCW,19.4147
2026-03-23,147647,ICICI Prudential Global Advantage Fund (FOF) - Growth Option,19.4153
2026-03-23,147648,ICICI Prudential Global Advantage Fund (FOF) - Direct Plan - Growth Option,20.2891
2026-03-23,147661,ICICI Prudential Commodities Fund - Growth Option,41.37
2026-03-23,147662,ICICI Prudential Commodities Fund - Direct Plan - Growth Option,44.96
2026-03-23,147663,ICICI Prudential Commodities Fund - IDCW Option,26.6
2026-03-23,147664,ICICI Prudential Commodities Fund - Direct Plan - IDCW Option,29.81
2026-03-23,147665,Axis Nifty 100 Index Fund - Regular Plan - Growth Option,19.6034
2026-03-23,147666,Axis Nifty 100 Index Fund - Direct Plan - Growth Option,20.5945
2026-03-23,147667,Axis Nifty 100 Index Fund - Regular Plan - IDCW,18.5935
2026-03-23,147668,Axis Nifty 100 Index Fund - Direct Plan - IDCW,19.5654
2026-03-23,147701,Motilal Oswal Large and Midcap Fund - Regular Plan Growth,29.8358
2026-03-23,147703,Motilal Oswal Large and Midcap Fund Regular - IDCW Payout/Reinvestment,22.777
2026-03-23,147704,Motilal Oswal Large and Midcap Fund - Direct Plan Growth,32.7647
2026-03-23,147706,Motilal Oswal Large and Midcap Fund Direct - IDCW Payout/Reinvestment,24.8964
2026-03-23,147707,ITI Overnight Fund - Direct Plan - Annual IDCW Option,1008.242
2026-03-23,147708,ITI Overnight Fund - Direct Plan - Daily IDCW Option,1000.999
2026-03-23,147709,ITI Overnight Fund - Regular Plan - Daily IDCW Option,1001.0001
2026-03-23,147710,ITI Overnight Fund - Direct Plan - Fortnightly IDCW Option,1002.6333
2026-03-23,147711,ITI Overnight Fund - Direct Plan - Weekly IDCW option,1001.8382
2026-03-23,147712,ITI Overnight Fund - Regular Plan - Weekly IDCW Option,1001.8422
2026-03-23,147713,ITI Overnight Fund - Direct Plan - Growth Option,1361.758
2026-03-23,147714,ITI Overnight Fund - Regular Plan - Growth Option,1352.9327
2026-03-23,147715,ITI Overnight Fund - Regular Plan - Annual IDCW Option,1007.986
2026-03-23,147716,ITI Overnight Fund - Regular Plan - Fortnightly IDCW Option,1002.6772
2026-03-23,147717,ITI Overnight Fund - Direct Plan - Monthly IDCW Option,1004.301
2026-03-23,147718,ITI Overnight Fund - Regular Plan - Monthly IDCW Option,1001.0714
2026-03-23,147724,Kotak Pioneer Fund- Regular Plan- Growth Option,28.577
2026-03-23,147725,Kotak Pioneer Fund-Direct Plan-Reinvestment of Income Distribution cum capital withdrawal option,31.57
2026-03-23,147727,Kotak Pioneer Fund- Direct Plan- Growth Option,31.575
2026-03-23,147728,Kotak Pioneer Fund- Regular Plan- Reinvestment of Income Distribution cum capital withdrawal option,28.589
2026-03-23,147729,Mahindra Manulife Ultra Short Duration Fund - Regular Plan - Daily IDCW,1099.5011
2026-03-23,147730,Mahindra Manulife Ultra Short Duration Fund - Regular Plan - Weekly IDCW,1000.1929
2026-03-23,147731,Mahindra Manulife Ultra Short Duration Fund - Direct Plan -Growth,1471.2664
2026-03-23,147732,Mahindra Manulife Ultra Short Duration Fund - Direct Plan - Weekly IDCW,1000.2427
2026-03-23,147733,Mahindra Manulife Ultra Short Duration Fund - Direct Plan - Daily IDCW,1223.0444
2026-03-23,147734,Mahindra Manulife Ultra Short Duration Fund - Regular Plan - Growth,1431.9992
2026-03-23,147735,Aditya Birla Sun Life Nifty Bank ETF,52.5156
2026-03-23,147736,Mirae Asset Overnight Fund Direct Plan Growth,1379.6391
2026-03-23,147737,Mirae Asset Overnight Fund Direct Daily IDCW,1000.0212
2026-03-23,147738,Mirae Asset Overnight Fund Direct Monthly IDCW,1003.6876
2026-03-23,147739,Mirae Asset Overnight Fund Regular Plan Growth,1371.5562
2026-03-23,147740,Mirae Asset Overnight Fund Direct Weekly IDCW,1000.7309
2026-03-23,147741,Mirae Asset Overnight Fund Regular Weekly IDCW,1000.7179
2026-03-23,147742,Mirae Asset Overnight Fund Regular Monthly IDCW,1003.6332
2026-03-23,147743,Mirae Asset Overnight Fund Regular Daily  IDCW,1000.0075
2026-03-23,147748,Union Large & Midcap Fund - Regular Plan - Growth Option,23.03
2026-03-23,147749,Union Large & Midcap Fund - Regular Plan - IDCW Option,23.03
2026-03-23,147750,Union Large & Midcap Fund - Direct Plan - Growth Option,24.89
2026-03-23,147751,Union Large & Midcap Fund - Direct Plan - IDCW Option,24.89
2026-03-23,147756,TATA Focused Fund Regular Plan - Reinvestment of Income Distribution cum capital withdrawal option,20.783
2026-03-23,147757,Tata Focused Fund-Direct Plan-Growth,23.0515
2026-03-23,147758,TATA Focused Fund Direct Plan - Reinvestment of Income Distribution cum capital withdrawal option,23.0515
2026-03-23,147759,TATA Focused Fund Direct Plan - Payout of Income Distribution cum capital withdrawal option,23.0515
2026-03-23,147760,Tata Focused Fund-Regular Plan-Growth,20.783
2026-03-23,147761,TATA Focused Fund Regular Plan - Payout of Income Distribution cum capital withdrawal option,20.783
2026-03-23,147766,LIC MF Ultra Short Duration Fund-Regular Plan-Daily IDCW,1093.4116
2026-03-23,147767,LIC MF Ultra Short Duration Fund-Regular Plan-Weekly IDCW,1030.4884
2026-03-23,147768,LIC MF Ultra Short Duration Fund-Regular Plan-Monthly IDCW,1372.4408
2026-03-23,147769,LIC MF Ultra Short Duration Fund-Direct Plan-Weekly IDCW,1102.2675
2026-03-23,147770,LIC MF Ultra Short Duration Fund-Regular Plan-Growth,1372.2327
2026-03-23,147771,LIC MF Ultra Short Duration Fund-Direct Plan-Daily IDCW,1102.1317
2026-03-23,147772,LIC MF Ultra Short Duration Fund-Direct Plan-Growth,1409.0748
2026-03-23,147773,LIC MF Ultra Short Duration Fund-Direct Plan-Monthly IDCW,1408.8613
2026-03-23,147786,ITI Balanced Advantage Fund - Regular Plan - IDCW Option,11.5054
2026-03-23,147787,ITI Balanced Advantage Fund - Regular Plan - Growth Option,13.6238
2026-03-23,147788,ITI Balanced Advantage Fund - Direct Plan - IDCW Option,13.2141
2026-03-23,147789,ITI Balanced Advantage Fund - Direct Plan - Growth Option,15.3821
2026-03-23,147794,Motilal Oswal Nifty 50 Index Fund - Direct plan - Growth,19.5142
2026-03-23,147795,Motilal Oswal Nifty 50 Index Fund - Regular plan - Growth,19.0232
2026-03-23,147796,Motilal Oswal Nifty Next 50 Index Fund - Direct plan - Growth,22.0079
2026-03-23,147797,Motilal Oswal Nifty Next 50 Index Fund - Regular plan - Growth,21.0872
2026-03-23,147822,Axis Retirement Fund - Aggressive Plan - Direct Plan - IDCW,18.38
2026-03-23,147823,Axis Retirement Fund - Aggressive Plan - Regular Growth,16.76
2026-03-23,147824,Axis Retirement Fund - Aggressive Plan - Regular Plan - IDCW,16.76
2026-03-23,147825,Axis Retirement Fund - Aggressive Plan - Direct Growth,18.42
2026-03-23,147826,Axis Retirement Fund - Dynamic Plan - Direct Growth,19.36
2026-03-23,147827,Axis Retirement Fund - Dynamic Plan - Direct Plan - IDCW,19.15
2026-03-23,147828,Axis Retirement Fund - Dynamic Plan - Regular Growth,17.54
2026-03-23,147829,Axis Retirement Fund - Dynamic Plan - Regular Plan - IDCW,17.54
2026-03-23,147830,Axis Retirement Fund - Conservative Plan - Direct Growth,16.9906
2026-03-23,147831,Axis Retirement Fund - Conservative Plan - Direct Plan - IDCW,16.805
2026-03-23,147832,Axis Retirement Fund - Conservative Plan - Regular Growth,15.443
2026-03-23,147833,Axis Retirement Fund - Conservative Plan - Regular Plan - IDCW,15.442
2026-03-23,147834,JM Overnight Fund (Regular) - Weekly IDCW,1000.8099
2026-03-23,147835,JM Overnight Fund (Direct) - Weekly IDCW,1000.8101
2026-03-23,147836,JM Overnight Fund (Regular) - Growth,1357.6109
2026-03-23,147837,JM Overnight Fund - (Direct) - Growth,1363.5976
2026-03-23,147838,JM Overnight Fund (Direct) - Daily IDCW,1000.0
2026-03-23,147839,JM Overnight Fund (Regular) - Daily IDCW,1000.0
2026-03-23,147840,Mahindra Manulife Large & Mid Cap Fund - Direct Plan -Growth,26.7912
2026-03-23,147841,Mahindra Manulife Large & Mid Cap Fund - Direct Plan - IDCW,19.406
2026-03-23,147842,Mahindra Manulife Large & Mid Cap Fund - Regular Plan - IDCW,16.9486
2026-03-23,147843,Mahindra Manulife Large & Mid Cap Fund - Regular Plan - Growth,24.0748
2026-03-23,147844,Aditya Birla Sun Life PSU Equity Fund-Direct Plan-Growth,36.87
2026-03-23,147845,Aditya Birla Sun Life PSU Equity Fund-Direct - Payout of IDCW,28.0
2026-03-23,147846,Aditya Birla Sun Life PSU Equity Fund-Regular Plan-Growth,33.47
2026-03-23,147847,Aditya Birla Sun Life PSU Equity Fund-Regular - Payout of IDCW,24.0
2026-03-23,147849,Bharat Bond ETF - April 2030,1562.1411
2026-03-23,147854,Bharat Bond FOF - April 2030 - Regular Plan - Growth Option,15.4819
2026-03-23,147855,BHARAT Bond FOF - April 2030 - Direct Plan - IDCW Option,15.4819
2026-03-23,147856,BHARAT Bond FOF - April 2030 - Regular Plan - IDCW Option,15.4819
2026-03-23,147857,Bharat Bond FOF - April 2030 - Direct Plan - Growth Option,15.4819
2026-03-23,147878,Invesco India Overnight Fund - Regular Plan - Growth,1354.3309
2026-03-23,147879,Invesco India Overnight Fund - Regular Plan - Monthly IDCW (Payout / Reinvestment),1003.7643
2026-03-23,147880,Invesco India Overnight Fund - Regular Plan - Daily IDCW (Reinvestment),1000.1395
2026-03-23,147881,Invesco India Overnight Fund - Regular Plan - Weekly IDCW (Reinvestment),1000.2275
2026-03-23,147883,Invesco India Overnight Fund - Direct Plan - Growth,1359.1052
2026-03-23,147884,Invesco India Overnight Fund - Direct Plan - Daily IDCW (Reinvestment),1000.5303
2026-03-23,147886,Invesco India Overnight Fund - Direct Plan - Monthly IDCW (Payout / Reinvestment),1003.4823
2026-03-23,147888,Axis Income Plus Arbitrage Active FOF - Regular Plan - IDCW,14.9486
2026-03-23,147889,Axis Income Plus Arbitrage Active FOF - Direct Plan - Growth Option,15.246
2026-03-23,147890,Axis Income Plus Arbitrage Active FOF - Regular Plan - Growth Option,14.9481
2026-03-23,147891,Axis Income Plus Arbitrage Active FOF - Direct Plan - IDCW,15.2587
2026-03-23,147892,Axis Income Plus Arbitrage Active FOF - Direct Plan - Monthly IDCW,15.2587
2026-03-23,147893,Axis Income Plus Arbitrage Active FOF - Direct Plan - Quarterly IDCW,12.1615
2026-03-23,147894,Axis Income Plus Arbitrage Active FOF - Direct Plan - Half Yearly Dividend Option,11.769
2026-03-23,147895,Axis Income Plus Arbitrage Active FOF - Direct Plan - Annual IDCW,14.0584
2026-03-23,147896,Axis Income Plus Arbitrage Active FOF - Regular Plan - Monthly IDCW,14.9473
2026-03-23,147897,Axis Income Plus Arbitrage Active FOF - Regular Plan - Half Yearly IDCW,12.3114
2026-03-23,147898,Axis Income Plus Arbitrage Active FOF - Regular Plan - Annual IDCW,13.7957
2026-03-23,147905,Axis Income Plus Arbitrage Active FOF - Regular Plan - Quarterly IDCW,11.4058
2026-03-23,147906,Mirae Asset Nifty Next 50 ETF,631.2743
2026-03-23,147907,HSBC Ultra Short Duration Fund - Regular Growth,1411.1127
2026-03-23,147908,HSBC Ultra Short Duration Fund - Direct Growth,1432.2137
2026-03-23,147909,HSBC Ultra Short Duration Fund - Regular Daily IDCW,1031.6009
2026-03-23,147910,HSBC Ultra Short Duration Fund - Direct Daily IDCW,1079.7497
2026-03-23,147911,HSBC Ultra Short Duration Fund - Regular Weekly IDCW,1042.054
2026-03-23,147912,HSBC Ultra Short Duration Fund - Direct Weekly IDCW,1007.8227
2026-03-23,147915,HSBC Ultra Short Duration Fund - Direct Monthly IDCW,1014.2108
2026-03-23,147916,HSBC Ultra Short Duration Fund - Regular Monthly IDCW,1030.3005
2026-03-23,147917,ITI Small Cap Fund - Direct Plan - IDCW Option,26.2247
2026-03-23,147918,ITI Small Cap Fund - Regular Plan - IDCW Option,23.2543
2026-03-23,147919,ITI Small Cap Fund - Direct Plan - Growth Option,27.6636
2026-03-23,147920,ITI Small Cap Fund - Regular Plan - Growth Option,24.6642
2026-03-23,147921,ICICI Prudential Nifty Midcap 150 ETF,20.0804
2026-03-23,147928,Axis ESG Integration Strategy Fund - Direct Plan - Growth Option,20.48
2026-03-23,147929,Axis ESG Integration Strategy Fund - Regular Plan - Growth Option,18.97
2026-03-23,147930,Axis ESG Integration Strategy Fund - Regular Plan - IDCW,12.38
2026-03-23,147931,Axis ESG Integration Strategy Fund - Direct Plan - IDCW,13.39
2026-03-23,147936,BANK OF INDIA Overnight Fund Regular Plan Growth,1361.9382
2026-03-23,147943,BANDHAN SMALL CAP FUND - DIRECT PLAN IDCW,33.255
2026-03-23,147944,BANDHAN SMALL CAP FUND - REGULAR PLAN GROWTH,40.784
2026-03-23,147945,BANDHAN SMALL CAP FUND - REGULAR PLAN IDCW,30.239
2026-03-23,147946,BANDHAN SMALL CAP FUND - DIRECT PLAN GROWTH,44.863
2026-03-23,147948,BANK OF INDIA Overnight Fund Direct Plan- Monthly IDCW,1003.4103
2026-03-23,147949,BANK OF INDIA Overnight Fund Regular Plan- Monthly IDCW,1003.3864
2026-03-23,147951,BANK OF INDIA Overnight Fund Direct Plan Growth,1365.9359
2026-03-23,147952,BANK OF INDIA Overnight Fund Direct Plan- Daily IDCW,1000.0
2026-03-23,147953,BANK OF INDIA Overnight Fund Regular Plan- Daily IDCW,1000.0
2026-03-23,148033,ICICI Prudential Diversified Equity All Cap Omni FOF - Growth,27.7
2026-03-23,148034,ICICI Prudential Diversified Equity All Cap Omni FOF - IDCW,21.417
2026-03-23,148035,ICICI Prudential Diversified Equity All Cap Omni FOF - Direct Plan - Growth,28.9329
2026-03-23,148036,ICICI Prudential Diversified Equity All Cap Omni FOF - Direct Plan - IDCW,22.5329
2026-03-23,148049,Tata Multi Asset Allocation Fund-Direct Plan-Dividend Payout,25.5421
2026-03-23,148050,Tata Multi Asset Allocation Fund-Regular Plan-Growth,23.1045
2026-03-23,148051,Tata Multi Asset Allocation Fund-Regular Plan-Dividend Reinvestment,23.1045
2026-03-23,148052,Tata Multi Asset Allocation Fund-Direct Plan-Dividend Reinvestment,25.5421
2026-03-23,148053,Tata Multi Asset Allocation Fund-Direct Plan-Growth,25.5421
2026-03-23,148054,Tata Multi Asset Allocation Fund-Regular Plan-Dividend Payout,23.1045
2026-03-23,148063,Edelweiss US Technology Equity Fund of Fund- Direct Plan- Growth,33.0152
2026-03-23,148064,Edelweiss US Technology Equity Fund of Fund- Regular Plan- Growth,31.162
2026-03-23,148071,Union Midcap Fund - Regular Plan - Growth Option,43.42
2026-03-23,148072,Union Midcap Fund - Regular Plan - IDCW Option,43.42
2026-03-23,148073,Union Midcap Fund - Direct Plan - Growth Option,47.16
2026-03-23,148074,Union Midcap Fund - Direct Plan - IDCW Option,47.16
2026-03-23,148157,PGIM India Money Market Fund - Regular Plan - Monthly Dividend Option,1058.4858
2026-03-23,148158,PGIM India Money Market Fund - Regular Plan - Weekly Dividend Option,1000.6316
2026-03-23,148159,PGIM India Money Market Fund - Regular Plan - Growth Option,1381.6237
2026-03-23,148160,PGIM India Money Market Fund - Regular Plan - Daily Dividend Option,1008.5013
2026-03-23,148161,PGIM India Money Market Fund - Direct Plan - Growth Option,1425.7684
2026-03-23,148162,PGIM India Money Market Fund - Direct Plan - Daily Dividend Option,1009.8679
2026-03-23,148163,PGIM India Money Market Fund - Direct Plan - Monthly Dividend Option,1068.3832
2026-03-23,148164,PGIM India Money Market Fund - Direct Plan - Weekly Dividend Option,999.6774
2026-03-23,148173,UTI Nifty Bank ETF,52.9929
2026-03-23,148351,ITI Large Cap Fund - Regular Plan - Growth Option,15.4563
2026-03-23,148352,ITI Large Cap Fund - Direct Plan - IDCW Option,16.3116
2026-03-23,148353,ITI Large Cap Fund - Direct Plan - Growth Option,17.1869
2026-03-23,148354,ITI Large Cap Fund - Regular Plan - IDCW Option,14.5831
2026-03-23,148381,Motilal Oswal S&P 500 Index Fund - Direct Plan Growth,28.3817
2026-03-23,148382,Motilal Oswal S&P 500 Index Fund - Regular Plan Growth,27.4296
2026-03-23,148387,SBI Fixed Maturity Plan (FMP) - Series 34 (3682 Days) - Direct Plan - Growth,14.5186
2026-03-23,148388,SBI Fixed Maturity Plan (FMP) - Series 34 (3682 Days) - Direct Plan - Income Distribution cum Capital Withdrawal Option (IDCW),14.5186
2026-03-23,148389,SBI Fixed Maturity Plan (FMP) - Series 34 (3682 Days) - Regular Plan - Growth,14.326
2026-03-23,148390,SBI Fixed Maturity Plan (FMP) - Series 34 (3682 Days) - Regular Plan - Income Distribution cum Capital Withdrawal Option (IDCW),14.326
2026-03-23,148400,Mirae Asset Arbitrage Fund Regular Growth,13.577
2026-03-23,148401,Mirae Asset Arbitrage Fund Direct Growth,14.166
2026-03-23,148402,Mirae Asset Arbitrage Fund Direct IDCW,14.147
2026-03-23,148403,Mirae Asset Arbitrage Fund Regular IDCW,13.576
2026-03-23,148404,BANK OF INDIA Flexi Cap Fund Direct Plan -Growth,34.85
2026-03-23,148405,BANK OF INDIA Flexi Cap Fund Regular Plan -Growth,31.88
2026-03-23,148406,BANK OF INDIA Flexi Cap Fund Direct Plan -IDCW,29.79
2026-03-23,148407,BANK OF INDIA Flexi Cap Fund Regular Plan -IDCW,28.96
2026-03-23,148408,Nippon India ETF Nifty IT,32.1593
2026-03-23,148409,HSBC Focused Fund - Regular Growth,22.5884
2026-03-23,148410,HSBC Focused Fund - Regular IDCW,15.9709
2026-03-23,148411,HSBC Focused Fund - Direct Growth,24.419
2026-03-23,148412,HSBC Focused Fund - Direct IDCW,19.8364
2026-03-23,148413,JM Liquid Fund - Unclaimed Brokerage I.E.F. (Direct) - Growth Plan,41.4437
2026-03-23,148414,JM Liquid Fund - Unclaimed Application Refund Amount I.E.F. (Direct) - Growth Plan,41.4437
2026-03-23,148416,Mirae Asset Banking and PSU Fund - Regular Plan - Growth,13.3095
2026-03-23,148417,Mirae Asset Banking and PSU Fund - Direct Plan - IDCW,13.6457
2026-03-23,148418,Mirae Asset Banking and PSU Fund - Regular plan - IDCW,13.3106
2026-03-23,148419,Mirae Asset Banking and PSU Fund - Direct Plan - Growth,13.6519
2026-03-23,148445,BHARAT Bond ETF- April 2031,1393.5149
2026-03-23,148450,BHARAT Bond FOF- April 2031- Direct Plan- Growth Option,13.8428
2026-03-23,148451,BHARAT Bond FOF - April 2031 - Regular Plan - IDCW Option,13.8428
2026-03-23,148452,BHARAT Bond FOF- April 2031- Regular Plan- Growth Option,13.8428
2026-03-23,148453,BHARAT Bond FOF - April 2031 - Direct Plan - IDCW Option,13.8428
2026-03-23,148456,ICICI Prudential Nifty Alpha Low- Volatility 30 ETF,24.8899
2026-03-23,148457,Nippon India Multi Asset Allocation Fund - Direct Plan - Growth Option,24.3211
2026-03-23,148458,NIPPON INDIA MULTI ASSET ALLOCATION FUND - DIRECT Plan - IDCW Option,23.9031
2026-03-23,148459,Nippon India Multi Asset Allocation Fund - Regular Plan - Growth Option,22.5719
2026-03-23,148460,NIPPON INDIA MULTI ASSET ALLOCATION FUND - IDCW Option,22.1538
2026-03-23,148461,HDFC NIFTY Bank ETF - GROWTH,52.7389
2026-03-23,148466,ICICI Prudential Nifty IT ETF,32.1444
2026-03-23,148467,Mahindra Manulife Arbitrage Fund - Regular Plan - Growth,12.8168
2026-03-23,148468,Mahindra Manulife Arbitrage Fund - Direct Plan -Growth,13.4143
2026-03-23,148469,Mahindra Manulife Arbitrage Fund - Regular Plan - IDCW,12.8168
2026-03-23,148470,Mahindra Manulife Arbitrage Fund - Direct Plan - IDCW,13.4143
2026-03-23,148471,Baroda BNP Paribas Large and Mid Cap Fund-Regular Plan-Growth Option,24.0213
2026-03-23,148472,Baroda BNP Paribas Large and Mid Cap Fund-Regular plan-IDCW Option,17.3175
2026-03-23,148474,Baroda BNP Paribas Large and Mid Cap Fund- Direct Plan -Growth Option,26.0305
2026-03-23,148475,Baroda BNP Paribas Large and Mid Cap Fund-Direct Plan-IDCW Option,19.9485
2026-03-23,148481,Invesco India Focused Fund - Direct Plan - Growth,24.78
2026-03-23,148482,Invesco India Focused Fund - Direct Plan - IDCW (Payout / Reinvestment),20.17
2026-03-23,148483,Invesco India Focused Fund - Regular Plan - Growth,22.83
2026-03-23,148484,Invesco India Focused Fund - Regular Plan - IDCW (Payout / Reinvestment),18.39
2026-03-23,148485,Axis Global Equity Alpha Fund of Fund - Direct Plan - Growth Option,23.1932
2026-03-23,148486,Axis Global Equity Alpha Fund of Fund - Regular Plan - Growth Option,21.959
2026-03-23,148487,Axis Global Equity Alpha Fund of Fund - Direct Plan - IDCW,23.1878
2026-03-23,148488,Axis Global Equity Alpha Fund of Fund - Regular Plan - IDCW,21.9591
2026-03-23,148489,SBI Children's Fund - Investment Plan - Regular Plan - Growth,40.4993
2026-03-23,148490,SBI Children's Fund - Investment Plan - Direct Plan - Growth,43.4064
2026-03-23,148500,Mirae Asset Diversified Equity Allocator Passive FOF - Direct Plan - Growth,22.611
2026-03-23,148501,Mirae Asset Diversified Equity Allocator Passive FOF - Direct Plan - IDCW,22.629
2026-03-23,148502,Mirae Asset Diversified Equity Allocator Passive FOF - Regular Plan - Growth,22.517
2026-03-23,148503,Mirae Asset Diversified Equity Allocator Passive FOF - Regular Plan - IDCW,22.52
2026-03-23,148504,Sundaram Large Cap Fund(Formerly Known as Sundaram Blue Chip Fund) Regular Plan - Growth,19.0725
2026-03-23,148505,Sundaram Large Cap Fund (Formerly Known as Sundaram Blue Chip Fund)  Regular Plan - Payout of Income Distribution cum Capital Withdrawal (IDCW),13.8258
2026-03-23,148506,Sundaram Large Cap Fund (Formerly Known as Sundaram Blue Chip Fund) Regular Plan - Reinvestment of Income Distribution cum Capital Withdrawal (IDCW),13.8258
2026-03-23,148507,Sundaram Large Cap Fund (Formerly Known as Sundaram Blue Chip Fund)Direct Plan - Growth,20.6525
2026-03-23,148508,Sundaram Large Cap Fund (Formerly Known as Sundaram Blue Chip Fund) Direct Plan - Payout of Income Distribution cum Capital Withdrawal (IDCW),14.995
2026-03-23,148509,Sundaram Large Cap Fund (Formerly Known as Sundaram Blue Chip  Fund)  Direct Plan - Reinvestment of Income Distribution cum Capital Withdrawal (IDCW),14.995
2026-03-23,148514,ICICI Prudential ESG Exclusionary Strategy Fund - IDCW,13.27
2026-03-23,148515,ICICI Prudential ESG Exclusionary Strategy Fund - Direct Plan - IDCW,14.57
2026-03-23,148516,ICICI Prudential ESG Exclusionary Strategy Fund - Direct Plan - Growth,20.95
2026-03-23,148517,ICICI Prudential ESG Exclusionary Strategy Fund - Growth,19.51
2026-03-23,148518,Nippon India Nifty Smallcap 250 Index Fund - Regular Plan - Growth Option,27.1846
2026-03-23,148519,Nippon India Nifty Smallcap 250 Index Fund - Direct Plan - Growth Option,28.1976
2026-03-23,148520,NIPPON INDIA NIFTY SMALLCAP 250 INDEX FUND - IDCW Option,27.1846
2026-03-23,148521,NIPPON INDIA NIFTY SMALLCAP 250 INDEX FUND - DIRECT Plan - IDCW Option,28.1976
2026-03-23,148529,Mirae Asset Ultra Short Duration Fund Direct Growth,1380.8173
2026-03-23,148530,Mirae Asset Ultra Short Duration Fund Regular Growth,1363.6995
2026-03-23,148531,Mirae Asset Ultra Short Duration Fund Regular IDCW,1363.2043
2026-03-23,148532,Mirae Asset Ultra Short Duration Fund Direct IDCW,1380.466
2026-03-23,148533,ITI Banking & PSU Debt Fund - Regular Plan - IDCW Option,13.4542
2026-03-23,148534,ITI Banking & PSU Debt Fund - Direct Plan - Growth Option,13.8604
2026-03-23,148535,ITI Banking & PSU Debt Fund - Regular Plan - Growth Option,13.4531
2026-03-23,148536,ITI Banking & PSU Debt Fund - Direct Plan - IDCW Option,13.8588
2026-03-23,148537,Aditya Birla Sun Life Special Opportunities Fund-Regular Plan-Growth,23.4
2026-03-23,148538,Aditya Birla Sun Life Special Opportunities Fund-Regular - IDCW,18.17
2026-03-23,148539,Aditya Birla Sun Life Special Opportunities Fund-Direct-Growth,25.23
2026-03-23,148540,Aditya Birla Sun Life Special Opportunities Fund-Direct - IDCW,19.6
2026-03-23,148541,SBI Nifty Private Bank ETF,248.7096
2026-03-23,148542,SBI Nifty IT ETF,321.0807
2026-03-23,148543,SBI Floating Rate Debt Fund - Regular Plan - Growth,13.8806
2026-03-23,148544,SBI Floating Rate DEBT Fund - Regular Plan - Monthly Income Distribution cum Capital Withdrawal Option (IDCW),13.8842
2026-03-23,148546,SBI Floating Rate DEBT Fund - Regular Plan - Quarterly Income Distribution cum Capital Withdrawal Option (IDCW),13.8816
2026-03-23,148549,SBI Floating Rate DEBT Fund - Direct Plan - Quarterly Income Distribution cum Capital Withdrawal Option (IDCW),14.0239
2026-03-23,148550,SBI Floating Rate Debt Fund - Direct Plan - Growth,14.0235
2026-03-23,148551,SBI Floating Rate DEBT Fund - Direct Plan - Monthly Income Distribution cum Capital Withdrawal Option (IDCW),14.0227
2026-03-23,148555,Edelweiss MSCI India Domestic & World Healthcare 45 Index Fund Direct Plan - Growth,20.7737
2026-03-23,148556,Edelweiss MSCI India Domestic & World Healthcare 45 Index Fund - Direct Plan - IDCW Option,20.7737
2026-03-23,148557,Edelweiss MSCI India Domestic & World Healthcare 45 index Fund Regular Plan - Growth,20.1455
2026-03-23,148558,Edelweiss MSCI India Domestic & World Healthcare 45 Index Fund - Regular Plan - IDCW Option,20.1455
2026-03-23,148559,Axis NIFTY Bank ETF,528.3304
2026-03-23,148560,quant ESG Integration Strategy Fund - Growth Option - Regular Plan,28.9922
2026-03-23,148561,quant ESG Integration Strategy Fund - IDCW Option - Regular Plan,28.8514
2026-03-23,148563,quant ESG Integration Strategy Fund - IDCW Option - Direct Plan,31.464
2026-03-23,148564,quant ESG Integration Strategy Fund - Growth Option - Direct Plan,31.5032
2026-03-23,148566,Mahindra Manulife Focused Fund - Regular Plan - IDCW,16.3344
2026-03-23,148567,Mahindra Manulife Focused Fund - Direct Plan -Growth,27.1573
2026-03-23,148569,Mahindra Manulife Focused Fund - Direct Plan - IDCW,18.4807
2026-03-23,148571,Mahindra Manulife Focused Fund - Regular Plan - Growth,24.6043
2026-03-23,148572,Mirae Asset Nifty 100 ESG Sector Leaders ETF,38.1604
2026-03-23,148573,Mirae Asset Nifty 100 ESG Sector Leaders Fund  of Fund Regular IDCW,16.577
2026-03-23,148574,Mirae Asset Nifty 100 ESG Sector Leaders Fund of Fund Direct Growth,16.928
2026-03-23,148575,Mirae Asset Nifty 100 ESG Sector Leaders Fund  of Fund Direct IDCW,16.924
2026-03-23,148576,Mirae Asset Nifty 100 ESG Sector Leaders Fund of Fund Regular Growth,16.611
2026-03-23,148590,Union Aggressive Hybrid Fund - Regular Plan - IDCW Option,15.92
2026-03-23,148591,Union Aggressive Hybrid Fund - Regular Plan - Growth Option,16.75
2026-03-23,148592,Union Aggressive Hybrid Fund - Direct Plan - Growth Option,17.79
2026-03-23,148593,Union Aggressive Hybrid Fund - Direct Plan - IDCW Option,16.96
2026-03-23,148594,DSP Value Fund - Regular Plan - Growth,21.488
2026-03-23,148595,DSP Value Fund - Direct Plan - Growth,22.383
2026-03-23,148596,DSP Value Fund - Direct Plan - IDCW,16.953
2026-03-23,148597,DSP Value Fund - Regular Plan - IDCW,15.019
2026-03-23,148598,ICICI Prudential Quant Fund Growth,20.74
2026-03-23,148599,ICICI Prudential Quant Fund IDCW,13.27
2026-03-23,148600,ICICI Prudential Quant Fund Direct Plan Growth,21.47
2026-03-23,148601,ICICI Prudential Quant Fund Direct Plan IDCW,13.88
2026-03-23,148602,Kotak ESG Exclusionary Strategy Fund - Regular Plan - Growth Option,15.299
2026-03-23,148603,Kotak ESG Exclusionary Strategy Fund - Regular Plan - Payout of Income Distribution cum capital withdrawal option,15.299
2026-03-23,148605,Kotak ESG Exclusionary Strategy Fund - Direct Plan - Payout of Income Distribution cum capital withdrawal option,16.646
2026-03-23,148606,Kotak ESG Exclusionary Strategy Fund - Direct Plan - Growth Option,16.645
2026-03-23,148608,HDFC Dividend Yield Fund - IDCW Option Direct Plan,19.253
2026-03-23,148609,HDFC Dividend Yield Fund - Growth Option Direct Plan,23.76
2026-03-23,148610,HDFC Dividend Yield Fund - Growth Plan,22.09
2026-03-23,148611,HDFC Dividend Yield Fund - IDCW Plan,17.604
2026-03-23,148612,Invesco India - Invesco Global Consumer Trends Fund of Fund - Regular Plan - IDCW (Payout / Reinvestment),10.9825
2026-03-23,148613,Invesco India - Invesco Global Consumer Trends Fund of Fund - Regular Plan - Growth,10.9828
2026-03-23,148614,Invesco India - Invesco Global Consumer Trends Fund of Fund - Direct Plan - Growth,11.571
2026-03-23,148615,Invesco India - Invesco Global Consumer Trends Fund of Fund - Direct Plan - IDCW (Payout / Reinvestment),11.5703
2026-03-23,148616,UTI Small Cap Fund - Regular Plan - IDCW (Payout),21.816
2026-03-23,148617,UTI Small Cap Fund - Regular Plan - Growth Option,21.8162
2026-03-23,148618,UTI Small Cap Fund - Direct Plan - Growth Option,23.6531
2026-03-23,148619,UTI Small Cap Fund - Direct Plan - IDCW (Payout),23.653
2026-03-23,148620,Motilal Oswal Nifty 5 year Benchmark G-sec ETF,63.2535
2026-03-23,148621,Mirae Asset Banking and Financial Services Fund Regular Growth,19.338
2026-03-23,148622,Mirae Asset Banking and Financial Services Fund Regular IDCW,19.362
2026-03-23,148623,Mirae Asset Banking and Financial Services Fund Direct Growth,20.996
2026-03-23,148624,Mirae Asset Banking and Financial Services Fund Direct  IDCW,20.906
2026-03-23,148631,Axis Innovation Fund - Regular Plan - Growth Option,16.88
2026-03-23,148632,Axis Innovation Fund - Direct Plan - IDCW,15.11
2026-03-23,148633,Axis Innovation Fund - Regular Plan - IDCW,14.13
2026-03-23,148634,Axis Innovation Fund - Direct Plan - Growth Option,18.04
2026-03-23,148635,Aditya Birla Sun Life ESG Integration Strategy Fund-Regular Plan-Growth,15.98
2026-03-23,148636,Aditya Birla Sun Life ESG Integration Strategy Fund-Regular - Payout of IDCW,13.93
2026-03-23,148637,Aditya Birla Sun Life ESG Integration Strategy Fund-Direct Plan-Growth,17.19
2026-03-23,148640,Aditya Birla Sun Life ESG Integration Strategy Fund-Direct - Payout of IDCW,14.99
2026-03-23,148641,Nippon India Diversified Equity Flexicap Passive FoF - Regular Plan - Growth Option,18.6134
2026-03-23,148642,Nippon India Diversified Equity Flexicap Passive FoF - Direct Plan - Growth Option,19.0682
2026-03-23,148643,Nippon India Diversified Equity Flexicap Passive FoF - IDCW Option,18.6134
2026-03-23,148644,Nippon India Diversified Equity Flexicap Passive FoF- DIRECT Plan - IDCW Option,19.0682
2026-03-23,148645,Kotak International REIT Overseas Equity Omni FOF - Regular Plan - Growth,10.9492
2026-03-23,148646,Kotak International REIT Overseas Equity Omni FOF - Direct Plan - Growth,11.4744
2026-03-23,148647,Kotak International REIT Overseas Equity Omni FOF - Regular Plan - Payout of Income Distribution cum capital withdrawal option,10.9493
2026-03-23,148649,Kotak International REIT Overseas Equity Omni FOF - Direct Plan - Payout of Income Distribution cum capital withdrawal option,11.4743
2026-03-23,148651,ICICI Prudential Business Cycle Fund Direct Plan Growth,23.87
2026-03-23,148652,ICICI Prudential Business Cycle Fund Direct Plan IDCW,17.38
2026-03-23,148653,ICICI Prudential Business Cycle Fund Growth,22.46
2026-03-23,148654,ICICI Prudential Business Cycle Fund IDCW,16.06
2026-03-23,148657,PGIM India Balanced Advantage Fund - Regular Plan - Growth Option,14.07
2026-03-23,148658,PGIM India Balanced Advantage Fund -  Direct Plan - Growth Option,15.38
2026-03-23,148659,PGIM India Balanced Advantage Fund - Direct Plan - Dividend Option,11.08
2026-03-23,148660,PGIM India Balanced Advantage Fund - Regular Plan - Dividend Option,10.65
2026-03-23,148661,Kotak US Specific Equity Passive FOF - Regular Plan - Growth,22.6111
2026-03-23,148662,Kotak US Specific Equity Passive FOF- Direct Plan - Growth,23.0647
2026-03-23,148663,Nippon India Multi - Asset Omni FoF - Regular Plan - Growth Option,21.1055
2026-03-23,148664,Nippon India Multi - Asset Omni FoF - DIRECT Plan - IDCW Option,22.2019
2026-03-23,148665,Nippon India Multi - Asset Omni FoF - IDCW Option,21.1055
2026-03-23,148666,Nippon India Multi - Asset Omni FoF - Direct Plan - Growth Option,22.2019
2026-03-23,148683,SBI Retirement Benefit Fund - Aggressive Plan - Direct Plan - Growth,18.7569
2026-03-23,148684,SBI Retirement Benefit Fund - Aggressive Hybrid Plan - Regular Plan - Income Distribution cum Capital Withdrawal Option (IDCW),17.1943
2026-03-23,148685,SBI Retirement Benefit Fund - Aggressive Hybrid Plan - Direct Plan - Growth,18.2392
2026-03-23,148686,SBI Retirement Benefit Fund - Aggressive Hybrid Plan - Direct Plan - Income Distribution cum Capital Withdrawal Option (IDCW),18.2411
2026-03-23,148687,SBI Retirement Benefit Fund - Conservative Plan - Regular Plan - Income Distribution cum Capital Withdrawal Option (IDCW),13.9011
2026-03-23,148688,SBI Retirement Benefit Fund - Conservative Plan - Direct Plan - Growth,14.257
2026-03-23,148689,SBI Retirement Benefit Fund - Conservative Plan - Direct Plan - Income Distribution cum Capital Withdrawal Option (IDCW),14.2549
2026-03-23,148690,SBI Retirement Benefit Fund - Conservative Hybrid Plan - Direct Plan - Growth,15.233
2026-03-23,148691,SBI Retirement Benefit Fund - Aggressive Plan - Regular Plan - Income Distribution cum Capital Withdrawal Option (IDCW),17.5881
2026-03-23,148692,SBI Retirement Benefit Fund - Conservative Hybrid Plan - Regular Plan - Growth,14.7727
2026-03-23,148693,SBI Retirement Benefit Fund - Conservative Hybrid Plan - Direct Plan - Income Distribution cum Capital Withdrawal Option (IDCW),15.231
2026-03-23,148694,SBI Retirement Benefit Fund - Aggressive Plan - Direct Plan - Income Distribution cum Capital Withdrawal Option (IDCW),18.7469
2026-03-23,148695,SBI Retirement Benefit Fund - Aggressive Hybrid Plan - Regular Plan - Growth,17.1947
2026-03-23,148696,SBI Retirement Benefit Fund - Conservative Plan - Regular Plan - Growth,13.9012
2026-03-23,148697,SBI Retirement Benefit Fund - Conservative Hybrid Plan - Regular Plan - Income Distribution cum Capital Withdrawal Option (IDCW),14.7743
2026-03-23,148698,SBI Retirement Benefit Fund - Aggressive Plan - Regular Plan - Growth,17.5876
2026-03-23,148699,Axis Greater China Equity Fund of Fund - Direct Plan - Growth Option,11.02
2026-03-23,148700,Axis Greater China Equity Fund of Fund - Direct Plan - IDCW,11.01
2026-03-23,148701,Axis Greater China Equity Fund of Fund - Regular Plan - Growth Option,10.42
2026-03-23,148702,Axis Greater China Equity Fund of Fund - Regular Plan - IDCW,10.42
2026-03-23,148703,UTI Nifty 200 Momentum 30 Index Fund - Direct Plan - Growth Option,18.9068
2026-03-23,148704,UTI Nifty 200 Momentum 30 Index Fund - Regular Plan - Growth Option,18.4445
2026-03-23,148705,BANDHAN FLOATER FUND  - REGULAR PLAN GROWTH,13.3704
2026-03-23,148706,BANDHAN FLOATER FUND  - REGULAR PLAN QUARTERLY IDCW,10.4149
2026-03-23,148707,BANDHAN FLOATER FUND  - REGULAR PLAN MONTHLY IDCW,10.1295
2026-03-23,148708,BANDHAN FLOATER FUND  - REGULAR PLAN WEEKLY IDCW,10.1162
2026-03-23,148709,BANDHAN FLOATER FUND  - REGULAR PLAN PERIODIC IDCW,13.3719
2026-03-23,148710,BANDHAN FLOATER FUND  - REGULAR PLAN DAILY IDCW,10.1227
2026-03-23,148711,BANDHAN FLOATER FUND  - DIRECT PLAN GROWTH,13.7209
2026-03-23,148712,BANDHAN FLOATER FUND  - DIRECT PLAN QUARTERLY IDCW,10.4483
2026-03-23,148713,BANDHAN FLOATER FUND  - DIRECT PLAN MONTHLY IDCW,10.134
2026-03-23,148714,BANDHAN FLOATER FUND  - DIRECT PLAN DAILY IDCW,10.1232
2026-03-23,148715,BANDHAN FLOATER FUND  - DIRECT PLAN PERIODIC IDCW,13.4203
2026-03-23,148716,BANDHAN FLOATER FUND  - DIRECT PLAN WEEKLY IDCW,10.1168
2026-03-23,148717,BANDHAN FLOATER FUND- DIRECT PLAN ANNUAL IDCW,10.8553
2026-03-23,148718,BANDHAN FLOATER FUND  - REGULAR PLAN ANNUAL IDCW,10.782
2026-03-23,148719,Nippon India Nifty 50 Value 20 Index Fund - Regular Plan - Growth Option,16.8911
2026-03-23,148720,NIPPON INDIA NIFTY 50 VALUE 20 INDEX FUND - IDCW Option,16.8911
2026-03-23,148721,Nippon India Nifty 50 Value 20 Index Fund - Direct Plan - Growth Option,17.3791
2026-03-23,148722,NIPPON INDIA NIFTY 50 VALUE 20 INDEX FUND - DIRECT Plan - IDCW Option,17.3791
2026-03-23,148723,Nippon India Nifty Midcap 150 Index Fund - Regular Plan - Growth Option,21.8873
2026-03-23,148724,NIPPON INDIA NIFTY MIDCAP 150 INDEX FUND - IDCW Option,21.8873
2026-03-23,148725,NIPPON INDIA NIFTY MIDCAP 150 INDEX FUND - DIRECT Plan - IDCW Option,22.4981
2026-03-23,148726,Nippon India Nifty Midcap 150 Index Fund - Direct Plan - Growth Option,22.4981
2026-03-23,148727,Mahindra Manulife Short Duration Fund - Regular Plan - Growth,13.1631
2026-03-23,148728,Mahindra Manulife Short Duration Fund - Regular Plan - IDCW,11.1857
2026-03-23,148729,Mahindra Manulife Short Duration Fund - Direct Plan -Growth,13.8225
2026-03-23,148730,Mahindra Manulife Short Duration Fund - Direct Plan - IDCW,11.8159
2026-03-23,148731,ITI Mid Cap Fund - Direct Plan - IDCW Option,19.5157
2026-03-23,148732,ITI Mid Cap Fund - Regular Plan - Growth Option,19.2737
2026-03-23,148733,ITI Mid Cap Fund - Direct Plan - Growth Option,21.2852
2026-03-23,148734,ITI Mid Cap Fund - Regular Plan - IDCW Option,17.5366
2026-03-23,148735,HSBC Global Equity Climate Change Fund of Fund - Regular - Growth,11.964
2026-03-23,148736,HSBC Global Equity Climate Change Fund of Fund IDCW,11.964
2026-03-23,148737,HSBC Global Equity Climate Change Fund of Fund - Direct - Growth,12.3399
2026-03-23,148738,HSBC Global Equity  Climate Change Fund of Fund Direct Plan IDCW,12.3399
2026-03-23,148743,Kotak Nifty Next 50 Index Fund - Regular Plan - Growth Option,17.4944
2026-03-23,148744,Kotak Nifty Next 50 Index Fund - Regular Plan - Payout of Income Distribution cum capital withdrawal option,17.4948
2026-03-23,148745,Kotak Nifty Next 50 Index Fund - Direct Plan - Growth Option,17.9431
2026-03-23,148746,Kotak Nifty Next 50 Index Fund - Direct Plan -Payout of Income Distribution cum capital withdrawal option,17.9429
2026-03-23,148747,Motilal Oswal Asset Allocation FOF- A- Direct Growth,18.2402
2026-03-23,148748,Motilal Oswal Asset Allocation FOF- A- Regular Growth,17.7705
2026-03-23,148749,Motilal Oswal Asset Allocation FOF- C- Regular Growth,16.2665
2026-03-23,148750,Motilal Oswal Asset Allocation FOF- C- Direct Growth,16.6948
2026-03-23,148751,Invesco India ESG Integration Strategy Fund - Direct Plan - Growth,15.6
2026-03-23,148752,Invesco India ESG Integration Strategy Fund - Direct Plan - IDCW (Payout / Reinvestment),12.73
2026-03-23,148753,Invesco India ESG Integration Strategy Fund - Regular Plan - Growth,14.42
2026-03-23,148754,Invesco India ESG Integration Strategy Fund - Regular Plan - IDCW (Payout / Reinvestment),11.63
2026-03-23,148755,Mirae Asset Corporate Bond Fund Direct Growth Plan,13.4451
2026-03-23,148756,Mirae Asset Corporate Bond Fund Direct IDCW,13.4419
2026-03-23,148757,Mirae Asset Corporate Bond Fund Regular Growth,13.1523
2026-03-23,148758,Mirae Asset Corporate Bond Fund Regular IDCW,13.1523
2026-03-23,148759,SBI US Specific Equity Active FoF- Regular Plan - Income Distribution cum Capital Withdrawal Option (IDCW),21.7093
2026-03-23,148760,SBI US Specific Equity Active FoF - Direct Plan - Growth,22.5228
2026-03-23,148761,SBI US Specific Equity Active FoF- Direct Plan - Income Distribution cum Capital Withdrawal Option (IDCW),22.5228
2026-03-23,148762,SBI US Specific Equity Active FoF- Regular Plan - Growth,21.71
2026-03-23,148763,Kotak Nifty IT ETF,32.0759
2026-03-23,148768,DSP Floater Fund - Regular Plan - Growth,13.6616
2026-03-23,148769,DSP Floater Fund - Direct Plan - IDCW,13.8524
2026-03-23,148770,DSP Floater Fund - Regular Plan - IDCW,13.6616
2026-03-23,148771,DSP Floater Fund - Direct Plan - Growth,13.8524
2026-03-23,148786,BANDHAN CRISIL IBX Gilt June 2027 Index Fund Regular Plan-Growth,13.3963
2026-03-23,148787,BANDHAN CRISIL IBX Gilt June 2027 Index Fund Regular Plan-IDCW,10.4015
2026-03-23,148788,BANDHAN CRISIL IBX Gilt June 2027 Index Fund Direct Plan-IDCW,10.4153
2026-03-23,148789,BANDHAN CRISIL IBX Gilt June 2027 Index Fund Direct Plan-Growth,13.5649
2026-03-23,148790,BANDHAN CRISIL IBX Gilt April 2028 Index Fund Regular Plan-Growth,13.4785
2026-03-23,148791,BANDHAN CRISIL IBX Gilt April 2028 Index Fund Direct Plan-IDCW,10.4303
2026-03-23,148792,BANDHAN CRISIL IBX Gilt April 2028 Index Fund Direct Plan-Growth,13.6482
2026-03-23,148793,BANDHAN CRISIL IBX Gilt April 2028 Index Fund Regular Plan-IDCW,10.4243
2026-03-23,148794,Edelweiss NIFTY PSU Bond Plus SDL Apr 2026 50: 50 Index Fund - Regular Plan - IDCW Option,13.5074
2026-03-23,148795,Edelweiss NIFTY PSU Bond Plus SDL Apr 2026 50:50 Index Fund - Direct Plan - Growth,13.6313
2026-03-23,148796,Edelweiss NIFTY PSU Bond Plus SDL Apr 2026 50:50 Index Fund - Direct Plan - IDCW Option,13.6319
2026-03-23,148797,Edelweiss NIFTY PSU Bond Plus SDL Apr 2026 50:50 Index Fund - Regular Plan - Growth,13.5063
2026-03-23,148798,Nippon India ETF Nifty SDL Apr 2026 Top 20 Equal Weight,137.0558
2026-03-23,148799,Axis IT ETF,319.0445
2026-03-23,148800,Nippon India ETF Nifty 5 yr Benchmark G-Sec,63.9818
2026-03-23,148805,Aditya Birla Sun Life Nifty Midcap 150 Index Fund-Regular Growth,21.3084
2026-03-23,148806,Aditya Birla Sun Life Nifty Midcap 150 Index Fund - Regular - Payout of IDCW,21.3051
2026-03-23,148807,Aditya Birla Sun Life Nifty Midcap 150 Index Fund-Direct Growth,21.9715
2026-03-23,148809,Aditya Birla Sun Life Nifty Midcap 150 Index Fund - Direct - Payout of IDCW,21.9712
2026-03-23,148811,Aditya Birla Sun Life Nifty Smallcap 50 Index Fund-Regular Growth,17.5638
2026-03-23,148812,Aditya Birla Sun Life Nifty Smallcap 50 Index Fund-Regular - Payout of IDCW,17.5656
2026-03-23,148814,Aditya Birla Sun Life Nifty Smallcap 50 Index Fund-Direct - Payout of IDCW,18.1016
2026-03-23,148815,Aditya Birla Sun Life Nifty Smallcap 50 Index Fund-Direct Growth,18.1048
2026-03-23,148821,ICICI Prudential Nifty 100 Low Volatility 30 ETF FOF - Growth,16.4751
2026-03-23,148822,ICICI Prudential Nifty 100 Low Volatility 30 ETF FOF - Direct Plan - Growth,16.8362
2026-03-23,148823,ICICI Prudential Nifty 100 Low Volatility 30 ETF FOF - Direct Plan - IDCW,16.8363
2026-03-23,148824,ICICI Prudential Nifty 100 Low Volatility 30 ETF FOF - IDCW,16.4751
2026-03-23,148833,TRUSTMF Liquid Fund-Regular Plan-Growth,1321.6714
2026-03-23,148834,TRUSTMF Liquid Fund-Regular Plan-Daily Income Distribution cum Capital Withdrawal,1197.7837
2026-03-23,148836,TRUSTMF Liquid Fund-Regular Plan-Weekly Income Distribution cum Capital Withdrawal,1172.811
2026-03-23,148837,TRUSTMF Liquid Fund-Direct Plan-Weekly Income Distribution cum Capital Withdrawal,1223.9639
2026-03-23,148839,TRUSTMF Liquid Fund-Direct Plan-Monthly Income Distribution cum Capital Withdrawal,1197.6899
2026-03-23,148841,TRUSTMF Liquid Fund-Direct Plan-Growth,1331.537
2026-03-23,148842,TRUSTMF Liquid Fund-Direct Plan-Daily Income Distribution cum Capital Withdrawal,1266.5344
2026-03-23,148843,TRUSTMF Liquid Fund-Regular Plan-Monthly Income Distribution cum Capital Withdrawal,1188.8995
2026-03-23,148845,SBI Fixed Maturity Plan (FMP) - Series 42 (1857 Days) Regular Plan - Income Distribution cum Capital Withdrawal Option (IDCW),13.4064
2026-03-23,148846,SBI Fixed Maturity Plan (FMP) Series 42 (1857 Days) - Direct Plan - Growth,13.5127
2026-03-23,148847,SBI Fixed Maturity Plan (FMP) Series 42 (1857 Days) - Regular Plan - Growth,13.4064
2026-03-23,148848,SBI Fixed Maturity Plan (FMP) - Series 42 (1857 Days) Direct Plan - Income Distribution cum Capital Withdrawal Option (IDCW),13.513
2026-03-23,148882,Canara Robeco Focused Fund - Direct Plan - IDCW (Payout/Reinvestment),17.07
2026-03-23,148883,Canara Robeco Focused Fund - Direct Plan - Growth Option,19.09
2026-03-23,148884,Canara Robeco Focused Fund - Regular Plan - Growth Option,17.71
2026-03-23,148885,Canara Robeco Focused Fund - Regular Plan - IDCW (Payout/Reinvestment),15.77
2026-03-23,148900,HDFC Multi-Asset Active FOF - IDCW Option,17.994
2026-03-23,148901,HDFC Multi-Asset Active FOF - Growth Option,17.994
2026-03-23,148902,HDFC Multi-Asset Active FOF - IDCW Option - Direct Plan,19.038
2026-03-23,148903,HDFC Multi-Asset Active FOF - Growth Option -Direct Plan,19.038
2026-03-23,148906,ITI Ultra Short Duration Fund - Regular Plan - Growth Option,1282.6995
2026-03-23,148907,ITI Ultra Short Duration Fund - Regular Plan - Weekly IDCW Option,1001.3977
2026-03-23,148908,ITI Ultra Short Duration Fund - Direct Plan - Fortnightly IDCW Option,1002.1294
2026-03-23,148909,ITI Ultra Short Duration Fund - Direct Plan - Annually IDCW Option,1336.922
2026-03-23,148910,ITI Ultra Short Duration Fund - Direct Plan - Daily IDCW,1000.9999
2026-03-23,148911,ITI Ultra Short Duration Fund - Regular Plan - Fortnightly IDCW Option,1001.8783
2026-03-23,148912,ITI Ultra Short Duration Fund - Regular Plan - Daily IDCW Option,1000.9679
2026-03-23,148913,ITI Ultra Short Duration Fund - Direct Plan - Growth Option,1335.2278
2026-03-23,148914,ITI Ultra Short Duration Fund - Regular Plan - Monthly IDCW Option,1003.5223
2026-03-23,148915,ITI Ultra Short Duration Fund - Direct Plan - Weekly IDCW Option,1001.5192
2026-03-23,148916,ITI Ultra Short Duration Fund - Direct Plan - Monthly IDCW Option,1004.0659
2026-03-23,148917,ITI Ultra Short Duration Fund - Regular Plan - Annually IDCW Option,1282.7497
2026-03-23,148918,Aditya Birla Sun Life Multi-Cap Fund-Regular Growth,17.43
2026-03-23,148919,Aditya Birla Sun Life Multi-Cap Fund-Regular-IDCW Payout,15.43
2026-03-23,148920,Aditya Birla Sun Life Multi-Cap Fund-Direct IDCW Payout,16.49
2026-03-23,148921,Aditya Birla Sun Life Multi-Cap Fund-Direct Growth,18.64
2026-03-23,148922,quant Quantamental Fund - IDCW Option - Regular Plan,20.8778
2026-03-23,148923,quant Quantamental Fund - Growth Option - Regular Plan,20.8538
2026-03-23,148924,quant Quantamental Fund - IDCW Option - Direct Plan,22.5995
2026-03-23,148925,quant Quantamental Fund - Growth Option - Direct Plan,22.4757
2026-03-23,148926,Axis Nifty AAA Bond Plus SDL Apr 2026 50:50 ETF,13.3083
2026-03-23,148927,Mirae Asset NYSE FANG + ETF,133.0143
2026-03-23,148928,Mirae Asset NYSE FANG + ETF Fund of Fund Direct Growth,33.568
2026-03-23,148929,Mirae Asset NYSE FANG + ETF Fund of Fund Regular Growth,32.936
2026-03-23,148934,Axis NIFTY Healthcare ETF,143.1697
2026-03-23,148943,SBI Nifty Next 50 Index Fund - Regular Plan - Growth,16.6055
2026-03-23,148944,SBI Nifty Next 50 Index Fund - Regular Plan - Income Distribution cum Capital Withdrawal Option (IDCW),16.6057
2026-03-23,148945,SBI Nifty Next 50 Index Fund - Direct Plan - Growth,16.9865
2026-03-23,148946,SBI Nifty Next 50 Index Fund - Direct Plan - Income Distribution cum Capital Withdrawal Option (IDCW),16.9856
2026-03-23,148947,Tata Dividend Yield Fund-Direct Plan-Growth,18.1496
2026-03-23,148948,Tata Dividend Yield Fund-Regular Plan-Growth,16.6791
2026-03-23,148949,Tata Dividend Yield Fund-Regular Plan-IDCW Reinvestment,16.6791
2026-03-23,148950,Tata Dividend Yield Fund-Regular Plan-IDCW Payout,16.6791
2026-03-23,148951,Tata Dividend Yield Fund-Direct Plan-IDCW Reinvestment,18.1496
2026-03-23,148952,Tata Dividend Yield Fund-Direct Plan-IDCW Payout,18.1496
2026-03-23,148953,Axis Global Innovation Fund of Fund - Regular Plan - Growth,15.67
2026-03-23,148954,Axis Global Innovation Fund of Fund - Direct Plan - Growth,16.45
2026-03-23,148955,Axis Global Innovation Fund of Fund - Direct Plan - IDCW,16.45
2026-03-23,148956,Axis Global Innovation Fund of Fund - Regular Plan - IDCW,15.67
2026-03-23,148957,ICICI Prudential Nifty Healthcare ETF,144.2193
2026-03-23,148958,Parag Parikh Conservative Hybrid Fund - Direct Plan - Growth,15.6279
2026-03-23,148959,Parag Parikh Conservative Hybrid Fund - Regular Plan - Growth,15.4041
2026-03-23,148960,Parag Parikh Conservative Hybrid Fund - Regular Plan - Monthly IDCW,10.6902
2026-03-23,148961,Parag Parikh Conservative Hybrid Fund - Direct Plan - Monthly IDCW,10.9415
2026-03-23,148962,Aditya Birla Sun Life Nifty 50 Equal Weight Index Fund-Direct Growth,17.1099
2026-03-23,148963,Aditya Birla Sun Life Nifty 50 Equal Weight Index Fund-Direct-IDCW,17.1101
2026-03-23,148964,Aditya Birla Sun Life Nifty 50 Equal Weight Index Fund-Regular IDCW,16.6
2026-03-23,148965,Aditya Birla Sun Life Nifty 50 Equal Weight Index Fund-Regular Growth,16.6002
2026-03-23,148966,SBI Fixed Maturity Plan (FMP) - Series 44 (1855 Days) - Regular Plan - Growth,13.2682
2026-03-23,148967,SBI Fixed Maturity Plan (FMP) - Series 44 (1855 Days) - Direct Plan - Growth,13.3535
2026-03-23,148968,SBI Fixed Maturity Plan (FMP) - Series 44 (1855 Days) - Direct Plan - Income Distribution cum Capital Withdrawal Option (IDCW),13.3535
2026-03-23,148969,SBI Fixed Maturity Plan (FMP) Series 44 (1855 Days) - Regular Plan - Income Distribution cum Capital Withdrawal Option (IDCW),13.2682
2026-03-23,148970,ITI Value Fund - Direct Plan - IDCW Option,15.463
2026-03-23,148971,ITI Value Fund - Regular Plan - IDCW Option,13.9823
2026-03-23,148972,ITI Value Fund - Direct Plan - Growth Option,16.3336
2026-03-23,148973,ITI Value Fund - Regular Plan - Growth Option,14.8509
2026-03-23,148974,Kotak Nifty 50 Index Fund - Regular Plan-Growth,14.643
2026-03-23,148976,Kotak Nifty 50 Index Fund - Direct Plan-IDCW Payout,14.858
2026-03-23,148978,Kotak Nifty 50 Index Fund - Direct Plan-Growth,14.861
2026-03-23,148979,Kotak Nifty 50 Index Fund - Regular Plan-IDCW Payout,14.643
2026-03-23,148980,BANK OF INDIA Large Cap Fund Direct Plan Growth,15.81
2026-03-23,148981,BANK OF INDIA Large Cap Fund Direct Plan IDCW,15.78
2026-03-23,148982,BANK OF INDIA Large Cap Fund Regular Plan Growth,14.87
2026-03-23,148983,BANK OF INDIA Large Cap Fund Regular Plan IDCW,14.87
2026-03-23,148984,HDFC Banking & Financial Services Fund - IDCW Option,13.735
2026-03-23,148985,HDFC Banking & Financial Services Fund - IDCW Option - Direct Plan,14.787
2026-03-23,148986,HDFC Banking & Financial Services Fund - Growth Option - Direct Plan,16.731
2026-03-23,148987,HDFC Banking & Financial Services Fund - Growth Option,15.648
2026-03-23,148988,ICICI Prudential Flexicap Fund - IDCW,14.26
2026-03-23,148989,ICICI Prudential Flexicap Fund - Growth,17.01
2026-03-23,148990,ICICI Prudential Flexicap Fund - Direct Plan - Growth,17.96
2026-03-23,148991,ICICI Prudential Flexicap Fund - Direct Plan - IDCW,15.19
2026-03-23,148992,Axis Quant Fund - Regular Plan - Growth,14.01
2026-03-23,148993,Axis Quant Fund - Direct Plan - Growth,15.11
2026-03-23,148994,Axis Quant Fund - Direct Plan - IDCW,15.1
2026-03-23,148995,Axis Quant Fund - Regular Plan - IDCW,14.01
2026-03-23,148996,SBI Fixed Maturity Plan (FMP) Series 45 (1840 Days) - Regular Plan - Growth,13.2599
2026-03-23,148997,SBI Fixed Maturity Plan (FMP) Series 45 (1840Days) - Regular Plan - Income Distribution cum Capital Withdrawal Option (IDCW),13.2599
2026-03-23,148998,SBI Fixed Maturity Plan (FMP) Series 45 (1840 Days) - Direct Plan - Income Distribution cum Capital Withdrawal Option (IDCW),13.3414
2026-03-23,148999,SBI Fixed Maturity Plan (FMP) Series 45 (1840 Days) - Direct Plan - Growth,13.3414
2026-03-23,149000,Tata Floating Rate Fund-Direct Plan-IDCW Monthly Payout,13.5575
2026-03-23,149001,Tata Floating Rate Fund-Direct Plan-IDCW Quarterly Payout,13.5575
2026-03-23,149002,Tata Floating Rate Fund-Direct Plan-IDCW Periodic Payout,13.5575
2026-03-23,149003,Tata Floating Rate Fund-Regular Plan-Growth,13.2839
2026-03-23,149004,Tata Floating Rate Fund-Regular Plan-IDCW Monthly Payout,13.2839
2026-03-23,149005,Tata Floating Rate Fund-Regular Plan-IDCW Quarterly Payout,13.2839
2026-03-23,149006,Tata Floating Rate Fund-Regular Plan-IDCW Periodic Payout,13.2839
2026-03-23,149007,Tata Floating Rate Fund -Direct Plan-Growth,13.5575
2026-03-23,149008,Nippon India Nifty Pharma ETF,22.6263
2026-03-23,149009,Invesco India Medium Duration Fund - Regular Plan - Quarterly IDCW (Payout / Reinvestment),1027.8925
2026-03-23,149010,Invesco India Medium Duration Fund - Regular Plan - Discretionary IDCW(Payout / Reinvestment)),1267.9851
2026-03-23,149011,Invesco India Medium Duration Fund - Direct Plan - Growth,1318.7918
2026-03-23,149012,Invesco India Medium Duration Fund - Regular Plan - Growth,1267.981
2026-03-23,149013,Invesco India Medium Duration Fund - Direct Plan - Discretionary IDCW (Payout/Reinvestment),1318.7383
2026-03-23,149014,Invesco India Medium Duration Fund - Direct Plan - Quarterly IDCW (Payout / Reinvestment)),1028.6079
2026-03-23,149015,Aditya Birla Sun Life Fixed Term Plan - Series TI (1837 days) - Regular Plan - Growth Option,13.2918
2026-03-23,149016,Aditya Birla Sun Life Fixed Term Plan - Series TI (1837 days) - Regular Plan - Payout of IDCW option,13.2918
2026-03-23,149017,Aditya Birla Sun Life Fixed Term Plan - Series TI (1837 days) - Direct Plan - Growth Option,13.3548
2026-03-23,149018,Aditya Birla Sun Life Fixed Term Plan - Series TI (1837 days) - Direct Plan - Payout of IDCW option,13.3565
2026-03-23,149019,PGIM India Small Cap Fund - Direct Plan- Growth Option,15.16
2026-03-23,149020,PGIM India Small Cap Fund - Regular Plan - Growth Option,14.02
2026-03-23,149021,ITI Dynamic Bond Fund - Regular Plan - Growth Option,12.7196
2026-03-23,149022,ITI Dynamic Bond Fund - Regular Plan - Monthly IDCW Option,10.0324
2026-03-23,149023,ITI Dynamic Bond Fund - Direct Plan - Monthly IDCWOption,10.1768
2026-03-23,149024,ITI Dynamic Bond Fund - Regular Plan - Quarterly IDCW Option,12.723
2026-03-23,149025,ITI Dynamic Bond Fund - Direct Plan - Quarterly IDCW Option,13.3964
2026-03-23,149026,ITI Dynamic Bond Fund - Regular Plan - Half Yearly IDCW Option,12.7228
2026-03-23,149027,ITI Dynamic Bond Fund - Regular Plan - Annually IDCWOption,12.7206
2026-03-23,149028,ITI Dynamic Bond Fund - Direct Plan - Half Yearly IDCW Option,11.1131
2026-03-23,149029,ITI Dynamic Bond Fund - Direct Plan - Growth Option,13.3681
2026-03-23,149030,ITI Dynamic Bond Fund - Direct Plan - Annually IDCW Option,13.3678
2026-03-23,149031,PGIM India Small Cap Fund - Direct Plan - IDCW Option,13.04
2026-03-23,149032,PGIM India Small Cap Fund - Regular Plan - IDCW Option,12.47
2026-03-23,149033,Tata Floating Rate Fund-Direct Plan-IDCW Periodic Dividend Reinvestment,13.5575
2026-03-23,149034,Tata Floating Rate Fund-Direct Plan-IDCW Quarterly Dividend Reinvestment,13.5575
2026-03-23,149035,Tata Floating Rate Fund-Regular Plan-IDCW Monthly Dividend Reinvestment,13.2839
2026-03-23,149036,Tata Floating Rate Fund-Regular Plan-IDCW Periodic Dividend Reinvestment,13.2839
2026-03-23,149037,Tata Floating Rate Fund-Direct Plan-IDCW Monthly Dividend Reinvestment,13.5575
2026-03-23,149038,Tata Floating Rate Fund-Regular Plan-IDCW Quarterly Dividend Reinvestment,13.2839
2026-03-23,149039,Navi Nifty 50 Index Fund-Direct Plan-Growth,14.7622
2026-03-23,149040,Navi Nifty 50 Index Fund-Regular Plan-Growth,14.622
2026-03-23,149041,SBI Nifty Consumption ETF,106.3448
2026-03-23,149042,SBI Fixed Maturity Plan (FMP) - Series 46 (1850 Days) - Regular Plan - Income Distribution cum Capital Withdrawal Option (IDCW),13.2369
2026-03-23,149043,SBI Fixed Maturity Plan (FMP) - Series 46 (1850 Days) - Direct Plan - Growth,13.3253
2026-03-23,149044,SBI Fixed Maturity Plan (FMP) - Series 46 (1850 Days) - Direct Plan - Income Distribution cum Capital Withdrawal Option (IDCW),13.3253
2026-03-23,149045,SBI Fixed Maturity Plan (FMP) - Series 46 (1850 Days) - Regular Plan - Growth,13.2368
2026-03-23,149046,Axis Floater Fund - Regular Plan - Quarterly IDCW,1272.149
2026-03-23,149047,Axis Floater Fund - Regular Plan - Annual IDCW,1312.6058
2026-03-23,149048,Axis Floater Fund - Regular Plan - Growth,1341.2213
2026-03-23,149049,Axis Floater Fund - Direct Plan - Growth,1363.9962
2026-03-23,149050,Axis Floater Fund - Direct Plan - Daily IDCW,994.7296
2026-03-23,149051,Axis Floater Fund - Direct Plan - Monthly IDCW,1002.398
2026-03-23,149052,Axis Floater Fund - Direct Plan - Quarterly IDCW,1292.4218
2026-03-23,149053,Axis Floater Fund - Regular Plan - Monthly IDCW,1001.6381
2026-03-23,149054,Axis Floater Fund - Regular Plan - Daily IDCW,1004.9856
2026-03-23,149055,Axis Floater Fund - Direct Plan - Annual IDCW,1333.2207
2026-03-23,149056,Kotak Global Innovation Overseas Equity Omni FOF - Regular Plan-Growth,12.4207
2026-03-23,149058,Kotak Global Innovation Overseas Equity Omni FOF - Regular Plan -IDCW Option,12.4211
2026-03-23,149059,Kotak Global Innovation Overseas Equity Omni FOF- Direct Plan -Growth,13.1286
2026-03-23,149060,Kotak Global Innovation Overseas Equity Omni FOF- Direct Plan - IDCW Option,13.1266
2026-03-23,149062,Aditya Birla Sun Life Fixed Term Plan - Series TJ (1838 days) - Direct Plan - Growth Option,13.3733
2026-03-23,149063,Aditya Birla Sun Life Fixed Term Plan - Series TJ (1838 days) - Direct Plan - Payout of IDCW Option,13.375
2026-03-23,149064,Aditya Birla Sun Life Fixed Term Plan - Series TJ (1838 days) - Regular Plan - Growth Option,13.3143
2026-03-23,149065,Aditya Birla Sun Life Fixed Term Plan - Series TJ (1838 days) - Regular Plan - Payout of IDCW Option,13.3144
2026-03-23,149066,Tata Business Cycle Fund-Direct Plan-IDCW Payout,17.7454
2026-03-23,149067,Tata Business Cycle Fund-Direct Plan-IDCW Reinvestment,17.7454
2026-03-23,149068,Tata Business Cycle Fund-Regular Plan-Growth,16.4868
2026-03-23,149069,Tata Business Cycle Fund-Regular Plan-IDCW Reinvestment,16.4868
2026-03-23,149070,Tata Business Cycle Fund-Regular Plan-IDCW Payout,16.4868
2026-03-23,149071,Tata Business Cycle Fund-Direct Plan-Growth,17.7454
2026-03-23,149072,ICICI Prudential Nifty FMCG ETF,49.0173
2026-03-23,149073,TRUSTMF Short Duration Fund-Regular Plan-Growth,1290.7563
2026-03-23,149074,TRUSTMF Short Duration Fund-Regular Plan-Weekly Income Distribution Cum Capital Withdrawal,1102.944
2026-03-23,149075,TRUSTMF Short Duration Fund-Regular Plan-Quarterly Income Distribution Cum Capital Withdrawal,1137.2178
2026-03-23,149076,TRUSTMF Short Duration Fund-Direct Plan-Growth,1321.03
2026-03-23,149077,TRUSTMF Short Duration Fund-Direct Plan-Weekly Income Distribution Cum Capital Withdrawal,1120.8966
2026-03-23,149078,TRUSTMF Short Duration Fund-Direct Plan-Monthly Income Distribution Cum Capital Withdrawal,1146.5531
2026-03-23,149079,TRUSTMF Short Duration Fund-Direct Plan-Quarterly Income Distribution Cum Capital Withdrawal,1165.7507
2026-03-23,149080,TRUSTMF Short Duration Fund-Regular Plan-Monthly Income Distribution Cum Capital Withdrawal,1128.4001
2026-03-23,149085,Canara Robeco Value Fund - Direct Plan - Growth Option,17.41
2026-03-23,149086,Canara Robeco Value Fund - Direct Plan - IDCW (Payout/Reinvestment),16.37
2026-03-23,149087,Canara Robeco Value Fund - Regular Plan - IDCW (Payout/Reinvestment),15.25
2026-03-23,149088,Canara Robeco Value Fund - Regular Plan - Growth Option,16.21
2026-03-23,149089,Nippon India Flexi Cap Fund - Regular Plan - Growth Plan - Growth Option,14.559
2026-03-23,149090,UTI Focused Fund - Regular Plan - Growth Option,13.6229
2026-03-23,149091,UTI Focused Fund - Direct Plan - Growth Option,14.5952
2026-03-23,149092,UTI Focused Fund - Regular Plan - IDCW Payout Option,13.623
2026-03-23,149093,UTI Focused Fund - Direct Plan - IDCW Payout Option,14.5949
2026-03-23,149094,Nippon India Flexi Cap Fund - Direct Plan - Growth Plan - Growth Option,15.53
2026-03-23,149095,Nippon India Flexi Cap Fund - Direct Plan - IDCW Option,15.53
2026-03-23,149096,Nippon India Flexi Cap Fund - Regular Plan - IDCW Option,14.559
2026-03-23,149097,Bandhan US specific Equity Active FOF - IDCW - REGULAR PLAN,17.534
2026-03-23,149098,Bandhan US specific Equity Active FOF - GROWTH - DIRECT PLAN,18.389
2026-03-23,149099,Bandhan US specific Equity Active FOF - IDCW - DIRECT PLAN,18.389
2026-03-23,149100,Bandhan US specific Equity Active FOF - GROWTH - REGULAR PLAN,17.534
2026-03-23,149101,Mahindra Manulife Flexi Cap Fund - Regular Plan -Growth,14.3003
2026-03-23,149102,Mahindra Manulife Flexi Cap Fund - Regular Plan -IDCW,11.3204
2026-03-23,149103,Mahindra Manulife Flexi Cap Fund - Direct Plan -IDCW,12.5066
2026-03-23,149104,Mahindra Manulife Flexi Cap Fund - Direct Plan -Growth,15.5346
2026-03-23,149105,Mirae Asset Nifty Financial Services ETF,24.7559
2026-03-23,149106,HDFC NIFTY50 Equal weight Index Fund - Growth Option,16.3413
2026-03-23,149107,HDFC NIFTY50 Equal weight Index Fund - Direct Plan - Growth Option,16.7326
2026-03-23,149112,Mirae Asset Money Market Fund Direct Growth,1333.9758
2026-03-23,149113,Mirae Asset Money Market Fund Direct IDCW,1331.779
2026-03-23,149114,Mirae Asset Money Market Fund Regular IDCW,1312.2762
2026-03-23,149115,Mirae Asset Money Market Fund Regular Growth,1312.2855
2026-03-23,149116,Union Money Market Fund - Regular Plan -  Growth Option,1280.6833
2026-03-23,149117,Union Money Market Fund - Direct Plan -  Growth Option,1322.7686
2026-03-23,149118,Union Money Market Fund - Regular Plan - Daily IDCW Option,1000.0
2026-03-23,149123,Union Money Market Fund - Direct Plan -  Monthly IDCW Option,1012.4905
2026-03-23,149128,Nippon India Fixed Maturity Plan - XLIII - Series 1 - Regular Plan - Income Distribution cum Capital Withdrawal Plan,13.068
2026-03-23,149129,Nippon India Fixed Maturity Plan - XLIII - Series 1- Direct Plan - Growth Option,13.2157
2026-03-23,149130,Nippon India Fixed Maturity Plan - XLIII - Series 1 - Direct Plan - Income Distribution Cum Capital Withdrawal Plan,13.2157
2026-03-23,149131,Nippon India Fixed Maturity Plan - XLIII - Series 1 - Regular Plan - Growth Option,13.068
2026-03-23,149132,SBI Balanced Advantage Fund - Regular Plan - Growth,15.078
2026-03-23,149133,SBI Balanced Advantage Fund - Regular Plan - Income Distribution cum Capital Withdrawal Option (IDCW),15.0782
2026-03-23,149134,SBI Balanced Advantage Fund - Direct Plan - Growth,15.7543
2026-03-23,149135,SBI Balanced Advantage Fund - Direct Plan - Income Distribution cum Capital Withdrawal Option (IDCW),15.7546
2026-03-23,149136,Kotak FMP Series 292 - Regular Plan - Growth,13.0294
2026-03-23,149137,Kotak FMP Series 292 - Regular Plan - IDCW Payout,13.0294
2026-03-23,149138,Kotak FMP Series 292 - Direct Plan - IDCW Payout,13.2108
2026-03-23,149139,Kotak FMP Series 292 - Direct Plan - Growth,13.2109
2026-03-23,149140,Baroda BNP Paribas Business Cycle Fund - Regular Plan - Growth,14.1711
2026-03-23,149141,Baroda BNP Paribas Business Cycle Fund - Direct Plan - Growth,15.137
2026-03-23,149142,Baroda BNP Paribas Business Cycle Fund - Regular Plan - IDCW Option,12.9325
2026-03-23,149143,Baroda BNP Paribas Business Cycle Fund - Direct Plan - IDCW Option,13.8109
2026-03-23,149144,SBI Fixed Maturity Plan (FMP) - Series 49 (1823 Days) - Direct Plan - Income Distribution cum Capital Withdrawal Option (IDCW),13.2086
2026-03-23,149145,SBI Fixed Maturity Plan (FMP) - Series 49 (1823 Days) - Regular Plan - Growth,13.1253
2026-03-23,149146,SBI Fixed Maturity Plan (FMP) - Series 49 (1823 Days) - Regular Plan - Income Distribution cum Capital Withdrawal Option (IDCW),13.1253
2026-03-23,149147,SBI Fixed Maturity Plan (FMP) - Series 49 (1823 Days) - Direct Plan - Growth,13.2086
2026-03-23,149156,Axis NIFTY India Consumption ETF,106.1221
2026-03-23,149157,ICICI Prudential Nifty Alpha Low - Volatility 30 ETF FOF - Growth,13.3352
2026-03-23,149158,ICICI Prudential Nifty Alpha Low - Volatility 30 ETF FOF - Direct Plan - Growth,13.6101
2026-03-23,149159,ICICI Prudential Nifty Alpha Low - Volatility 30 ETF FOF - IDCW,13.3351
2026-03-23,149160,ICICI Prudential Nifty Alpha Low - Volatility 30 ETF FOF - Direct Plan - IDCW,13.6097
2026-03-23,149165,Axis Value Fund - Regular Plan - IDCW,14.46
2026-03-23,149166,Axis Value Fund - Direct Plan - Growth,18.31
2026-03-23,149167,Axis Value Fund - Regular Plan - Growth,17.19
2026-03-23,149168,Axis Value Fund - Direct Plan - IDCW,15.4
2026-03-23,149169,Mirae Asset S&P 500 Top 50 ETF,58.0167
2026-03-23,149170,Mirae Asset S&P 500 Top 50 ETF Fund of Fund Direct Growth,23.943
2026-03-23,149171,Mirae Asset S&P 500 Top 50 ETF Fund of Fund Regular Growth,23.507
2026-03-23,149172,SBI Fixed Maturity Plan (FMP) - Series 50 (1843 Days) - Regular Plan - Growth,12.976
2026-03-23,149173,SBI Fixed Maturity Plan (FMP) - Series 50 (1843 Days) - Regular Plan -Income Distribution Capital Withdrawal Option (IDCW),12.976
2026-03-23,149174,SBI Fixed Maturity Plan (FMP) - Series 50 (1843 Days) - Direct Plan - Growth,13.0733
2026-03-23,149175,SBI Fixed Maturity Plan (FMP) - Series 50 (1843 Days) - Direct Plan - Income Distribution Capital Withdrawal Option (IDCW),13.0734
2026-03-23,149180,HDFC Developed World Overseas Equity Passive FOF - Direct Plan - Growth Option,18.724
2026-03-23,149181,HDFC Developed World Overseas Equity Passive FOF - Growth Option,18.338
2026-03-23,149182,Kotak Multicap Fund-Regular Plan-Growth,17.556
2026-03-23,149183,Kotak Multicap Fund- Regular Plan -IDCW Option,17.556
2026-03-23,149185,Kotak Multicap Fund-Direct Plan-Growth,18.721
2026-03-23,149187,Kotak Multicap Fund-Direct Plan-IDCW Option,18.72
2026-03-23,149188,DSP FMP Series - 264 - 60M - 17D - Regular Plan - Growth,13.0097
2026-03-23,149189,DSP FMP Series - 264 - 60M - 17D - Regular - IDCW,13.0091
2026-03-23,149190,DSP FMP Series - 264 - 60M - 17D - Direct - Growth,13.0983
2026-03-23,149191,DSP FMP Series - 264 - 60M - 17D - Direct - IDCW,13.0983
2026-03-23,149194,SBI Fixed Maturity Plan (FMP) - Series 51 (1846 Days) - Direct Plan - Income Distribution Capital Withdrawal Option (IDCW),13.0644
2026-03-23,149195,SBI Fixed Maturity Plan (FMP) - Series 51 (1846 Days) - Direct Plan - Growth,13.0639
2026-03-23,149196,SBI Fixed Maturity Plan (FMP) - Series 51 (1846 Days) - Regular Plan - Income Distribution Capital Withdrawal Option (IDCW),12.9844
2026-03-23,149197,SBI Fixed Maturity Plan (FMP) - Series 51 (1846 Days) - Regular Plan - Growth,12.9844
2026-03-23,149198,Aditya Birla Sun Life Nifty SDL Plus PSU Bond SEP 2026 60:40 Index Fund-Regular Growth,12.8611
2026-03-23,149199,Aditya Birla Sun Life Nifty SDL Plus PSU Bond SEP 2026 60:40 Index Fund-Direct Growth,12.9512
2026-03-23,149200,Aditya Birla Sun Life Nifty SDL Plus PSU Bond SEP 2026 60:40 Index Fund-Direct IDCW,12.9514
2026-03-23,149201,Aditya Birla Sun Life Nifty SDL Plus PSU Bond SEP 2026 60:40 Index Fund-Regular IDCW,12.862
2026-03-23,149208,ICICI Prudential Nifty PSU Bond Plus SDL Sep 2027 40:60 Index Fund - Growth,12.8805
2026-03-23,149210,ICICI Prudential Nifty PSU Bond Plus SDL Sep 2027 40:60 Index Fund - Direct Plan Growth,12.9916
2026-03-23,149218,ICICI Prudential NASDAQ 100 Index Fund - Growth,19.3682
2026-03-23,149219,ICICI Prudential NASDAQ 100 Index Fund - Direct Plan - Growth,19.7753
2026-03-23,149220,ICICI Prudential NASDAQ 100 Index Fund - IDCW,19.3678
2026-03-23,149221,ICICI Prudential NASDAQ 100 Index Fund - Direct Plan - IDCW,19.7734
2026-03-23,149224,ICICI Prudential Nifty PSU Bond Plus SDL Sep 2027 40:60 Index Fund - Annual - IDCW,12.8803
2026-03-23,149227,ICICI Prudential Nifty PSU Bond Plus SDL Sep 2027 40:60 Index Fund - Direct Plan Annual - IDCW,12.9916
2026-03-23,149228,Mahindra Manulife Asia Pacific REITs FOF - Regular Plan - Growth,10.2598
2026-03-23,149229,Mahindra Manulife Asia Pacific REITs FOF - Regular Plan - IDCW,10.2598
2026-03-23,149230,Mahindra Manulife Asia Pacific REITs FOF - Direct Plan - Growth,10.7042
2026-03-23,149231,Mahindra Manulife Asia Pacific REITs FOF - Direct Plan - IDCW,10.7042
2026-03-23,149232,SBI Fixed Maturity Plan (FMP) - Series 52 (1848 Days) - Direct Plan - Growth,13.0445
2026-03-23,149233,SBI Fixed Maturity Plan (FMP) - Series 52 (1848 Days) - Regular Plan - Income Distribution Cum Withdrawal (IDCW),12.9676
2026-03-23,149234,SBI Fixed Maturity Plan (FMP) - Series 52 (1848 Days) - Direct Plan - Income Distribution Cum Withdrawal (IDCW),13.0445
2026-03-23,149235,SBI Fixed Maturity Plan (FMP) - Series 52 (1848 Days) - Regular Plan - Growth,12.9676
2026-03-23,149240,Motilal Oswal 5 Year G-Sec Fund Of Fund Direct -Growth,12.8435
2026-03-23,149241,Motilal Oswal 5 Year G-Sec Fund Of Fund Regular -Growth,12.8007
2026-03-23,149242,Axis Nifty AAA Bond Plus SDL Apr 2026 50:50 ETF FOF - Regular Plan - Growth Option,12.6336
2026-03-23,149243,Axis Nifty AAA Bond Plus SDL Apr 2026 50:50 ETF FOF - Direct Plan - Growth Option,12.7056
2026-03-23,149244,Axis Nifty AAA Bond Plus SDL April 2026 50:50 ETF FOF - Direct Plan - IDCW Option,12.7056
2026-03-23,149245,Axis Nifty AAA Bond Plus SDL Apr 2026 50:50 ETF FOF - Regular Plan - IDCW Option,12.6336
2026-03-23,149246,Edelweiss NIFTY PSU Bond Plus SDL Apr 2027 50:50 Index Fund - Direct Plan - IDCW,13.0194
2026-03-23,149247,Edelweiss NIFTY PSU Bond Plus SDL Apr 2027 50:50 Index Fund - Direct Plan Growth,13.0211
2026-03-23,149248,Edelweiss NIFTY PSU Bond Plus SDL Apr 2027 50:50 Index Fund - Regular Plan - IDCW,12.9107
2026-03-23,149249,Edelweiss NIFTY PSU Bond Plus SDL Apr 2027 50:50 Index Fund - Regular Plan - Growth,12.9101
2026-03-23,149250,Edelweiss Nifty 50 Index Fund Direct Plan Growth,13.2595
2026-03-23,149251,Edelweiss Nifty 50 Index Fund Direct Plan IDCW,13.0761
2026-03-23,149252,Edelweiss Nifty 50 Index Fund Regular Plan Growth,12.8127
2026-03-23,149253,Edelweiss Nifty 50 Index Fund Regular Plan IDCW,12.8126
2026-03-23,149254,Edelweiss Nifty 100 Quality 30 Index Fund Direct Plan Growth,13.2629
2026-03-23,149255,Edelweiss Nifty 100 Quality 30 Index Fund Direct Plan IDCW,13.0775
2026-03-23,149256,Edelweiss Nifty 100 Quality 30 Index Fund Regular Plan Growth,12.892
2026-03-23,149257,Edelweiss Nifty 100 Quality 30 Index Fund Regular Plan IDCW,12.8911
2026-03-23,149258,LIC MF Balanced Advantage Fund-Regular Plan-IDCW,11.4506
2026-03-23,149259,LIC MF Balanced Advantage Fund-Regular Plan-Growth,12.6334
2026-03-23,149260,LIC MF Balanced Advantage Fund-Direct Plan-IDCW,12.1443
2026-03-23,149261,LIC MF Balanced Advantage Fund-Direct Plan-Growth,13.5747
2026-03-23,149262,Aditya Birla Sun Life Nifty Healthcare ETF,14.4617
2026-03-23,149263,NJ Balanced Advantage Fund - Regular Plan - IDCW Payout Option,12.59
2026-03-23,149264,NJ Balanced Advantage Fund - Direct Plan - Growth Option,13.34
2026-03-23,149265,NJ Balanced Advantage Fund - Direct Plan - IDCW Payout Option,13.34
2026-03-23,149266,NJ Balanced Advantage Fund - Regular Plan - Growth Option,12.59
2026-03-23,149268,ITI Pharma and Healthcare Fund - Direct Plan - Growth Option,15.9504
2026-03-23,149269,ITI Pharma and Healthcare Fund - Regular Plan - IDCW Option,14.6054
2026-03-23,149270,ITI Pharma and Healthcare Fund - Regular Plan - Growth Option,14.6054
2026-03-23,149271,ITI Pharma and Healthcare Fund - Direct Plan - IDCW Option,15.9486
2026-03-23,149277,SBI Fixed Maturity Plan (FMP) - Series 53 (1839 Days) - Direct Plan - Income Distribution Cum Withdrawal Option (IDCW),13.0617
2026-03-23,149278,SBI Fixed Maturity Plan (FMP) - Series 53 (1839 Days) - Regular Plan - Growth,12.9963
2026-03-23,149279,SBI Fixed Maturity Plan (FMP) - Series 53 (1839 Days) - Direct Plan - Growth,13.0617
2026-03-23,149280,SBI Fixed Maturity Plan (FMP) - Series 53 (1839 Days) - Regular Plan - Income  Distribution Cum Withdrawal Option (IDCW),12.9963
2026-03-23,149281,ICICI Prudential Nifty Smallcap 250 Index Fund - Growth,14.2292
2026-03-23,149282,ICICI Prudential Nifty Smallcap 250 Index Fund - IDCW,14.2297
2026-03-23,149283,ICICI Prudential Nifty Smallcap 250 Index Fund - Direct Plan - Growth,14.6113
2026-03-23,149284,ICICI Prudential Nifty Smallcap 250 Index Fund - Direct Plan - IDCW,14.6108
2026-03-23,149285,ICICI Prudential Nifty India Consumption ETF,106.7388
2026-03-23,149286,DSP Nifty 50 Equal Weight ETF,307.2585
2026-03-23,149287,HDFC NIFTY Next 50 Index Fund - Growth Option,14.2169
2026-03-23,149288,HDFC NIFTY Next 50 Index Fund - Direct Plan - Growth Option,14.4887
2026-03-23,149289,Aditya Birla Sun Life US Equity Passive FOF-Direct IDCW,18.6007
2026-03-23,149290,Aditya Birla Sun Life US Equity Passive FOF-Regular Growth,18.2865
2026-03-23,149291,Aditya Birla Sun Life US Equity Passive FOF-Direct-Growth,18.5982
2026-03-23,149292,Aditya Birla Sun Life US Equity Passive FOF-Regular IDCW,18.285
2026-03-23,149293,Aditya Birla Sun Life Nifty IT ETF,31.5115
2026-03-23,149294,Aditya Birla Sun Life Business Cycle Fund-Regular IDCW Payout,12.0
2026-03-23,149295,Aditya Birla Sun Life Business Cycle Fund-Direct Growth,14.5
2026-03-23,149296,Aditya Birla Sun Life Business Cycle Fund-Regular-Growth,13.72
2026-03-23,149297,Aditya Birla Sun Life Business Cycle Fund-Direct IDCW Payout,12.69
2026-03-23,149298,PGIM India Global Select Real Estate Securities Fund of Fund - Direct Plan - Growth Option,12.7
2026-03-23,149299,PGIM India Global Select Real Estate Securities Fund of Fund - Regular Plan - Growth Option,12.25
2026-03-23,149302,BANDHAN MULTI CAP FUND - IDCW - REGULAR PLAN,14.113
2026-03-23,149303,BANDHAN MULTI CAP FUND - GROWTH - DIRECT PLAN,16.204
2026-03-23,149304,BANDHAN MULTI CAP FUND - IDCW - DIRECT PLAN,15.237
2026-03-23,149305,BANDHAN MULTI CAP FUND - GROWTH - REGULAR PLAN,15.168
2026-03-23,149306,SBI Fixed Maturity Plan (FMP) - Series 54 (1842 Days) - Regular Plan - Income Distribution Cum Capital Withdrawal Option (IDCW),12.9779
2026-03-23,149307,SBI Fixed Maturity Plan (FMP) - Series 54 (1842 Days) - Direct Plan - Growth,13.0467
2026-03-23,149308,SBI Fixed Maturity Plan (FMP) - Series 54 (1842 Days) - Regular Plan - Growth,12.9779
2026-03-23,149309,SBI Fixed Maturity Plan (FMP) - Series 54 (1842 Days) - Direct Plan - Income Distribution Cum Withdrawal Option (IDCW),13.0472
2026-03-23,149310,Unclaimed Redemption - Upto 3 years (Invested in DSP Overnight Fund),12.8359
2026-03-23,149311,Unclaimed Redemption - Beyond 3 years (Invested in DSP Overnight Fund),10.0
2026-03-23,149312,Unclaimed IDCW - Upto 3 years (Invested in DSP Overnight Fund),12.8359
2026-03-23,149313,Unclaimed IDCW - Beyond 3 years (Invested in DSP Overnight Fund),10.0
2026-03-23,149316,360 ONE QUANT FUND REGULAR INCOME DISTRIBUTION CUM CAPITAL WITHDRAWAL,17.0735
2026-03-23,149317,360 ONE QUANT FUND REGULAR GROWTH,17.0735
2026-03-23,149318,360 ONE QUANT FUND DIRECT GROWTH,18.0331
2026-03-23,149319,360 ONE QUANT FUND DIRECT INCOME DISTRIBUTION CUM CAPITAL WITHDRAWAL,18.0331
2026-03-23,149321,ITI Banking and Financial Services Fund - Direct Plan - Growth Option,15.3776
2026-03-23,149322,ITI Banking and Financial Services Fund - Direct Plan - IDCW Option,14.5112
2026-03-23,149323,ITI Banking and Financial Services Fund - Regular Plan - IDCW Option,13.2522
2026-03-23,149324,ITI Banking and Financial Services Fund -Regular Plan - Growth Option,14.1162
2026-03-23,149325,Nippon India Taiwan Equity Fund- Regular Plan- IDCW option,24.9623
2026-03-23,149327,Nippon India Taiwan Equity Fund- Direct Plan- IDCW option,26.5712
2026-03-23,149328,Nippon India Taiwan Equity fund- Regular Plan- Growth Option,24.9623
2026-03-23,149329,Nippon India Taiwan Equity Fund- Direct Plan- Growth Option,26.5712
2026-03-23,149331,ICICI Prudential BSE 500 ETF FOF - Direct Plan - Growth,14.172
2026-03-23,149332,ICICI Prudential BSE 500 ETF FOF - IDCW,13.885
2026-03-23,149333,ICICI Prudential BSE 500 ETF FOF - Direct Plan - IDCW,14.1717
2026-03-23,149334,ICICI Prudential BSE 500 ETF FOF - Growth,13.885
2026-03-23,149335,Quant Value Fund - Growth Option  - Direct Plan,19.3089
2026-03-23,149336,Quant Value Fund - IDCW Option- Regular Plan,18.0873
2026-03-23,149337,Quant Value Fund - Growth Option - Regular Plan,17.9887
2026-03-23,149338,Quant Value Fund - IDCW Option - Direct Plan,18.3458
2026-03-23,149339,Edelweiss NIFTY Large Midcap 250 Index Fund - Direct Plan Payout,15.2586
2026-03-23,149341,Edelweiss NIFTY Large Midcap 250 Index Fund - Regular Plan Growth,14.8332
2026-03-23,149342,Edelweiss NIFTY Large Midcap 250 Index Fund - Regular Plan Payout,14.8325
2026-03-23,149343,Edelweiss NIFTY Large Midcap 250 Index Fund - Direct Plan Growth,15.2585
2026-03-23,149345,SBI Fixed Maturity Plan (FMP) - Series 55 (1849 Days) - Direct Plan - Growth,13.0172
2026-03-23,149346,SBI Fixed Maturity Plan (FMP) - Series 55 (1849 Days) - Regular Plan - Income Distribution Cum Capital Withdrawal Option (IDCW),12.9495
2026-03-23,149347,SBI Fixed Maturity Plan (FMP) - Series 55 (1849 Days) - Regular Plan - Growth,12.9495
2026-03-23,149348,SBI Fixed Maturity Plan (FMP) - Series 55 (1849 Days) - Direct Plan - Income Distribution cum Capital Withdrawal Option (IDCW),13.0173
2026-03-23,149351,Tata Corporate Bond Fund-Regular Plan-Growth,12.7197
2026-03-23,149352,Tata Corporate Bond Fund-Regular Plan-IDCW Periodic Reinvestment,12.7197
2026-03-23,149353,Tata Corporate Bond Fund-Regular Plan-IDCW Monthly Payout,12.7197
2026-03-23,149354,Tata Corporate Bond Fund-Regular Plan-IDCW Quarterly Payout,12.7197
2026-03-23,149355,Tata Corporate Bond Fund-Direct Plan-IDCW Periodic Payout,13.0329
2026-03-23,149356,Tata Corporate Bond Fund-Direct Plan-IDCW Periodic Reinvestment,13.0329
2026-03-23,149357,Tata Corporate Bond Fund-Direct Plan-IDCW Monthly Reinvestment,13.0329
2026-03-23,149358,Tata Corporate Bond Fund-Direct Plan-IDCW Quarterly Reinvestment,13.0329
2026-03-23,149359,Tata Corporate Bond Fund-Regular Plan-IDCW Quarterly Reinvestment,12.7197
2026-03-23,149360,Tata Corporate Bond Fund-Regular Plan-IDCW Periodic Payout,12.7197
2026-03-23,149361,Tata Corporate Bond Fund-Direct Plan-Growth,13.0329
2026-03-23,149362,Tata Corporate Bond Fund-Direct Plan-IDCW Quarterly Payout,13.0329
2026-03-23,149363,Tata Corporate Bond Fund-Regular Plan-IDCW Monthly Reinvestment,12.7197
2026-03-23,149364,Tata Corporate Bond Fund-Direct Plan-IDCW Monthly Payout,13.0329
2026-03-23,149365,HDFC Multi Cap Fund - IDCW Option,15.045
2026-03-23,149366,HDFC Multi Cap Fund - Growth Option,16.607
2026-03-23,149367,HDFC Multi Cap Fund - IDCW Option - Direct Plan,15.965
2026-03-23,149368,HDFC Multi Cap Fund - Growth Option - Direct Plan,17.469
2026-03-23,149371,Axis Nifty 50 Index Fund - Regular Plan - Growth Option,13.4337
2026-03-23,149372,Axis Nifty 50 Index Fund - Regular Plan - IDCW,12.7425
2026-03-23,149373,Axis Nifty 50 Index Fund - Direct Plan - Growth,13.6023
2026-03-23,149374,Axis Nifty 50 Index Fund - Direct Plan - IDCW,12.9016
2026-03-23,149379,Mirae Asset Hang Seng TECH ETF,18.9093
2026-03-23,149380,Mirae Asset Hang Seng TECH ETF Fund of Fund Regular Plan - Growth Option,11.016
2026-03-23,149381,Mirae AssetHang Seng TECH ETF Fund of Fund Direct Plan - Growth Option,11.234
2026-03-23,149382,Axis Multicap Fund - Regular Plan - Growth,15.95
2026-03-23,149383,Axis Multicap Fund - Direct Growth,16.84
2026-03-23,149384,Axis Multicap Fund - Direct Plan - IDCW,16.84
2026-03-23,149387,Axis Multicap Fund - Regular Plan - IDCW,15.95
2026-03-23,149388,ICICI Prudential Nifty Midcap 150 Index Fund - IDCW,16.8711
2026-03-23,149389,ICICI Prudential Nifty Midcap 150 Index Fund - Direct Plan - Growth,17.3775
2026-03-23,149390,ICICI Prudential Nifty Midcap 150 Index Fund - Growth,16.8714
2026-03-23,149391,ICICI Prudential Nifty Midcap 150 Index Fund - Direct Plan - IDCW,17.3772
2026-03-23,149392,DSP Nifty 50 ETF,235.5508
2026-03-23,149394,Groww Overnight Fund (formerly known as Indiabulls Overnight Fund)- Unclaimed Dividend < 3 years,1283.9859
2026-03-23,149395,Groww Overnight Fund (formerly known as Indiabulls Overnight Fund)- Unclaimed Redemption > 3 Years,1000.0
2026-03-23,149396,Groww Overnight Fund (formerly known as Indiabulls Overnight Fund)- Unclaimed Redemption < 3 Years,1271.7777
2026-03-23,149397,Kotak Nifty Alpha 50 ETF,42.946
2026-03-23,149398,BHARAT Bond ETF - April 2032,1306.9142
2026-03-23,149399,BHARAT Bond ETF FOF - April 2032 Regular Plan Growth,13.0374
2026-03-23,149400,BHARAT Bond ETF FOF - April 2032 Regular Plan Dividend,13.0374
2026-03-23,149401,BHARAT Bond ETF FOF - April 2032 Direct Growth,13.0374
2026-03-23,149402,BHARAT Bond ETF FOF - April 2032 Direct Plan Dividend,13.0374
2026-03-23,149403,DSP Nifty Midcap 150 Quality 50 ETF,213.3092
2026-03-23,149404,Mahindra Manulife Balanced Advantage Fund - Regular Plan - Growth,13.4356
2026-03-23,149405,Mahindra Manulife Balanced Advantage Fund - Regular Plan - IDCW,10.6399
2026-03-23,149406,Mahindra Manulife Balanced Advantage Fund - Direct Plan - Growth,14.4745
2026-03-23,149407,Mahindra Manulife Balanced Advantage Fund - Direct Plan - IDCW,11.6248
2026-03-23,149408,ICICI Prudential Overnight fund - Direct Plan - Unclaimed IDCW Transitory Scheme,1278.9626
2026-03-23,149409,ICICI Prudential Overnight fund - Direct Plan - Unclaimed Redemption Stable Scheme,1000.0
2026-03-23,149410,ICICI Prudential Overnight fund - Direct Plan - Unclaimed Redemption Transitory Scheme,1278.9781
2026-03-23,149411,ICICI Prudential Overnight fund - Direct Plan - Unclaimed IDCW Stable Scheme,1000.0
2026-03-23,149412,BANK OF INDIA Overnight Fund Unclaimed IDCW Plan - Greater than 3 Years,1000.0
2026-03-23,149413,BANK OF INDIA Overnight Fund Unclaimed Redemption Plan - Upto 3 Years,1284.5567
2026-03-23,149414,BANK OF INDIA Overnight Fund Unclaimed IDCW Plan - Up to 3 Years,1284.2744
2026-03-23,149415,BANK OF INDIA Overnight Fund Unclaimed Redemption Plan - Greater than 3 Years,1000.0
2026-03-23,149430,SBI Fixed Maturity Plan (FMP) - Series 57 (1835 Days) - Direct Plan - Income Distribution cum Capital Withdrawal Option (IDCW),12.9336
2026-03-23,149431,SBI Fixed Maturity Plan (FMP) - Series 57 (1835 Days) - Direct Plan - Growth,12.9334
2026-03-23,149432,SBI Fixed Maturity Plan (FMP) - Series 57 (1835 Days) - Regular Plan - Growth,12.8671
2026-03-23,149433,SBI Fixed Maturity Plan (FMP) - Series 57 (1835 Days) - Regular Plan - Income Distribution cum Capital Withdrawal Option (IDCW),12.8674
2026-03-23,149438,Motilal Oswal Nasdaq Q50 ETF,91.2152
2026-03-23,149439,ICICI Prudential Passive Multi-Asset Fund of Funds - Growth,15.521
2026-03-23,149440,ICICI Prudential Passive Multi-Asset Fund of Funds - IDCW,15.5211
2026-03-23,149441,ICICI Prudential Passive Multi-Asset Fund of Funds - Direct Plan - Growth,15.8032
2026-03-23,149442,ICICI Prudential Passive Multi-Asset Fund of Funds - Direct Plan - IDCW,15.8135
2026-03-23,149443,Franklin India Overnight Fund- Unclaimed IDCW Plan,12.7348
2026-03-23,149444,Franklin India Overnight Fund- Unclaimed Redemption Investor EducationPlan,10.0
2026-03-23,149445,Franklin India Overnight Fund- Unclaimed IDCW Investor Education Plan,10.0
2026-03-23,149446,Franklin India Overnight Fund- Unclaimed Redemption Plan,12.7348
2026-03-23,149447,Navi Nifty Next 50 Index Fund- Direct Plan- Growth,14.601
2026-03-23,149448,Navi Nifty Next 50 Index Fund- Regular Plan- Growth,14.276
2026-03-23,149449,Samco Flexi Cap Fund - Regular Plan - Growth Option,8.71
2026-03-23,149450,Samco Flexi Cap Fund - Direct Plan - Growth Option,9.25
2026-03-23,149451,Union Overnight Fund - Unclaimed Amounts Plan - IDCW Beyond 3 years,1000.0
2026-03-23,149452,Union Overnight Fund - Unclaimed Amounts Plan - IDCW Upto 3 years,1275.6184
2026-03-23,149453,Union Overnight Fund - Unclaimed Amounts Plan - Redemption Beyond 3 years,1000.0
2026-03-23,149454,Union Overnight Fund - Unclaimed Amounts Plan - Redemption Upto 3 years,1275.7969
2026-03-23,149455,ICICI Prudential Strategic Metal and Energy Equity Fund of Fund - Direct Plan Growth,30.0262
2026-03-23,149456,ICICI Prudential Strategic Metal and Energy Equity Fund of Fund - Growth,28.8668
2026-03-23,149457,ICICI Prudential Strategic Metal and Energy Equity Fund of Fund - IDCW,28.8616
2026-03-23,149458,ICICI Prudential Strategic Metal and Energy Equity Fund of Fund - Direct Plan IDCW,30.0256
2026-03-23,149459,SBI Fixed Maturity Plan (FMP) - Series 58 (1842 Days) - Regular Plan - Growth,12.9831
2026-03-23,149460,SBI Fixed Maturity Plan (FMP) - Series 58 (1842 Days) - Direct Plan - Growth,13.0479
2026-03-23,149461,SBI Fixed Maturity Plan (FMP) - Series 58 (1842 Days) - Direct Plan - Income Distribution cum Capital withdrawal option (IDCW),13.0482
2026-03-23,149462,SBI Fixed Maturity Plan (FMP) - Series 58 (1842 Days) - Regular Plan - Income Distribution cum Capital withdrawal option (IDCW),12.9831
2026-03-23,149463,ICICI Prudential Nifty Auto ETF,24.6217
2026-03-23,149464,ICICI PRUDENTIAL SILVER ETF,208.109
2026-03-23,149465,Nippon India Nifty Auto ETF,245.8642
2026-03-23,149466,Axis Nifty Next 50 Index Fund - Direct Plan - Growth,15.1989
2026-03-23,149467,Axis Nifty Next 50 Index Fund - Regular Plan - Growth,14.7795
2026-03-23,149468,Axis Nifty Next 50 Index Fund - Regular Plan - IDCW,14.0216
2026-03-23,149469,Axis Nifty Next 50 Index Fund - Direct Plan - IDCW,14.4221
2026-03-23,149470,Mahindra Manulife Overnight Fund - Unclaimed Redemption/IDCW upto 3 years,1276.8995
2026-03-23,149471,Mahindra Manulife Overnight Fund - Unclaimed Redemption/IDCW beyond 3 years,1000.0
2026-03-23,149472,SBI CPSE Bond Plus SDL Sep 2026 50:50 Index Fund - Regular Plan - Growth,12.7649
2026-03-23,149473,SBI CPSE Bond Plus SDL Sep 2026 50:50 Index Fund - Regular Plan - Income Distribution cum Capital Withdrawal Option (IDCW),12.7652
2026-03-23,149474,SBI CPSE Bond Plus SDL Sep 2026 50:50 Index Fund - Direct Plan - Growth,12.8534
2026-03-23,149475,SBI CPSE Bond Plus SDL Sep 2026 50:50 Index Fund - Direct Plan - Income Distribution cum Capital Withdrawal Option (IDCW),12.9089
2026-03-23,149476,Edelweiss Overnight Fund - Unclaimed IDCW Plan - Above 3 years,1000.0
2026-03-23,149477,Edelweiss Overnight Fund - Unclaimed IDCW Plan - Upto 3 years,1273.1767
2026-03-23,149478,Edelweiss Overnight Fund - Unclaimed Redemption Plan - Upto 3 years,1273.175
2026-03-23,149479,Edelweiss Overnight Fund - Unclaimed Redemption Plan - Above 3 years,1000.0
2026-03-23,149480,Sundaram Nifty 100 Equal Weight Fund (Formerly Known as Principal Nifty 100 Equal Weight Fund-Income Distribution CUM Capital Withdrawal,70.1791
2026-03-23,149481,Sundaram Nifty 100 Equal Weight Fund (Formerly Known as Principal Nifty 100 Equal Weight Fund)-Growth,159.7893
2026-03-23,149482,Sundaram Nifty 100 Equal Weight Fund (Formerly Known as Principal Nifty 100 Equal Weight Fund)- Direct Plan - Income Distribution CUM Capital Withdrawal Option,74.1911
2026-03-23,149483,Sundaram Nifty 100 Equal Weight Fund (Formerly Known as Principal Nifty 100 Equal Weight Fund) - Direct Plan - Growth Option,168.8858
2026-03-23,149519,Sundaram Low Duration Fund (Formerly Known as Principal Low Duration Fund)- Growth Option,3585.5035
2026-03-23,149521,Sundaram Low Duration Fund (Formerly Known as Principal Low Duration Fund)- Income Distribution CUM Capital Withdrawal Option (IDCW),1094.7561
2026-03-23,149525,Sundaram Low Duration Fund (Formerly Known as Principal Low Duration Fund) - Direct Plan - Income Distribution CUM Capital Withdrawal Option (IDCW),1114.0472
2026-03-23,149526,Sundaram Low Duration Fund (Formerly Known as Principal Low Duration Fund) - Direct Plan - Growth Option,3866.0289
2026-03-23,149531,Sundaram Focused Fund (Formerly Known as Principal Focused Multicap Fund)- Income Distribution CUM Capital Withdrawal Option (IDCW),33.9367
2026-03-23,149532,Sundaram Focused Fund (Formerly Known as Principal Focused Multicap Fund)-Growth Option,142.2938
2026-03-23,149533,Sundaram Focused Fund (Formerly Known as Principal Focused Multicap Fund)- Direct Plan - Growth Option,158.6434
2026-03-23,149534,Sundaram Focused Fund (Formerly Known as Principal Focused Multicap Fund)- Direct Plan - Income Distribution CUM Capital Withdrawal Option (IDCW),37.1795
2026-03-23,149535,Sundaram Ultra Short Duration Fund (Formerly Known as Principal Ultra Short Term Fund)-Growth Option,2777.5173
2026-03-23,149537,Sundaram Ultra Short Duration Fund (Formerly Known as Principal Ultra Short Term Fund) - Income Distribution CUM Capital Withdrawal Option (IDCW),1069.1123
2026-03-23,149539,Sundaram Ultra Short Duration Fund (Formerly Known as Principal Ultra Short Term Fund)- Direct Plan -Growth Option,3056.6796
2026-03-23,149540,Sundaram Ultra Short Duration Fund (Formerly Known as Principal Ultra Short Term Fund)- Direct Plan Income Distribution CUM Capital Withdrawal Option (IDCW),1084.2726
2026-03-23,149549,Sundaram Arbitrage Fund( Formerly Known as Principal Arbitrage Fund) - Direct Plan- Monthly Income Distribution CUM Capital Withdrawal,13.8108
2026-03-23,149550,Sundaram Arbitrage Fund (Formerly Known as Prinicpal Arbitrage Fund) - Direct Plan - Growth,15.9725
2026-03-23,149551,Sundaram Arbitrage Fund (Formerly Known as Principal Arbitrage Fund)- Regular Plan - Monthly Income Distribution CUM Capital Withdrawal,13.2358
2026-03-23,149552,Sundaram Arbitrage Fund (Formerly Know as Principal Arbitrage Fund) - Regular Plan - Growth,15.0542
2026-03-23,149569,Sundaram ELSS Tax Saver Fund Regular Growth,454.2936
2026-03-23,149570,Sundaram ELSS Tax Saver Fund Direct Plan Growth,487.5182
2026-03-23,149571,Sundaram ELSS Tax Saver Fund Direct Plan - Income Distribution CUM Capital Withdrawal Option (IDCW),487.022
2026-03-23,149572,Sundaram ELSS Tax Saver Fund Regular Plan - Income Distribution CUM Capital Withdrawal Option (IDCW),364.3168
2026-03-23,149585,Sundaram Short Duration Fund (Formerly Known as Principal Short Term Debt Fund)- Growth Plan,45.7994
2026-03-23,149586,Sundaram Short Duration Fund (Formerly Known as Principal Short Term Debt Fund)- Income Distribution CUM Capital Withdrawal Option (IDCW),13.005
2026-03-23,149587,Sundaram Short Duration Fund (Formerly Known as Principal Short Term Debt Fund)- Direct Plan - Growth Option,49.7556
2026-03-23,149588,Sundaram Short Duration Fund (Formerly Known as Principal Short Term Debt Fund) - Direct Plan - Income Distribution CUM Capital Withdrawal Plan (IDCW),13.1241
2026-03-23,149599,Sundaram Aggressive Hybrid Fund (Formerly Known as Principal Hybrid Equity Fund)-Growth,148.1087
2026-03-23,149600,Sundaram Aggressive Hybrid Fund (Formerly Known as Principal Hybrid Equity Fund)- Monthly Income Distribution CUM Capital Withdrawal,23.7821
2026-03-23,149601,Sundaram Aggressive Hybrid Fund (Formerly Known as Principal Hybrid Equity Fund)- Direct Plan - Growth Option,171.0112
2026-03-23,149602,Sundaram Aggressive Hybrid Fund(Formerly Known as Principal Hybrid Equity Fund)-Direct Plan - Monthly Income Distribution CUM Capital Withdrawal Option,37.1297
2026-03-23,149660,Sundaram Liquid Fund (Formerly Known as Principal Cash Management Fund) - Regular Plan IDCW,1040.1898
2026-03-23,149661,Sundaram Liquid Fund (Formerly Known as Principal Cash Management Fund) -Growth Option,2398.1031
2026-03-23,149662,Sundaram Liquid Fund (Formerly Known as Principal Cash Management Fund) -Direct Plan - IDCW,1042.4929
2026-03-23,149664,Sundaram Liquid Fund (Formerly Known as Principal Cash Management Fund) - Direct Plan - Growth Option,2429.6159
2026-03-23,149666,Sundaram Multi Cap Fund (Formerly Known as Principal Multi Cap Growth Fund)- Income Distribution CUM Capital Withdrawal Option (IDCW),54.6872
2026-03-23,149667,Sundaram Multi Cap Fund (Formerly Known as Principal Multi Cap Growth Fund)-Growth Option,334.0953
2026-03-23,149668,Sundaram Multi Cap Fund (Formerly Known as Principal Multi Cap Growth Fund) - Direct Plan - Income Distribution CUM Capital Withdrawal Option (IDCW),74.32
2026-03-23,149669,Sundaram Multi Cap Fund (Formerly Known as Principal Multi Cap Growth Fund)-Direct Plan - Growth Option,374.6208
2026-03-23,149674,Sundaram Equity Savings Fund (Formerly Known as Principal Equity Savings Fund) - Growth Option,67.9037
2026-03-23,149675,Sundaram Equity Savings Fund (Formerly Known as Principal Equity Savings Fund)- Income Distribution CUM Capital Withdrawal (IDCW),14.6658
2026-03-23,149677,Sundaram Equity Savings Fund (Formerly Known as  Principal Equity Savings Fund) - Direct Plan - Income Distribution CUM Capital Withdrawal Option (IDCW),15.9038
2026-03-23,149679,Sundaram Equity Savings Fund (Formerly Known as Principal Equity Savings Fund) - Direct Plan - Growth Option,79.6317
2026-03-23,149697,Sundaram Dividend Yield Fund (Formerly Known as Principal Dividend Yield Fund)-Growth Plan,125.1454
2026-03-23,149698,Sundaram Dividend Yield Fund (Formerly Known as Principal Dividend Yield Fund)- Income Distribution CUM Capital Withdrawal Plan,34.0279
2026-03-23,149699,Sundaram Dividend Yield Fund (Formerly Known as Principal Dividend Yield Fund)- Direct Plan - Income Distribution CUM Capital Withdrawal Option,57.4783
2026-03-23,149700,Sundaram Dividend Yield Fund (Formerly Known as Principal Dividend Yield Fund) - Direct Plan - Growth Option,137.7068
2026-03-23,149715,Sundaram Balanced Advantage Fund (Formerly Known as Principal Balanced Advantage Fund) - Growth Option,32.8306
2026-03-23,149716,Sundaram Balanced Advantage Fund (Formerly Known as Principal Balanced Advantage Fund) - Monthly Income Distribution CUM Capital Withdrawal Option,13.72
2026-03-23,149717,Sundaram Balanced Advantage Fund ( Formerly Known as Principal Balanced Advantage Fund) - Direct Plan - Growth Option,38.8969
2026-03-23,149718,Sundaram Balanced Advantage Fund (Formerly Known as Principal Balanced Advantage Fund) - Direct Plan - Monthly Income Distribution CUM Capital Withdrawal Option,16.9496
2026-03-23,149757,Kotak Nifty Midcap 50 ETF,15.306
2026-03-23,149758,Nippon India Silver ETF,199.7497
2026-03-23,149759,Nippon India Silver ETF FOF-Regular Plan- Growth Option,31.367
2026-03-23,149760,Nippon India Silver ETF FOF- Direct Plan-Growth Option,31.8672
2026-03-23,149761,Nippon India Silver ETF FOF- Regular Plan-IDCW Option,31.367
2026-03-23,149762,Nippon India Silver ETF FOF- Direct Plan-IDCW Option,31.8672
2026-03-23,149763,Invesco India Flexi Cap Fund - Direct Plan - Growth,16.8
2026-03-23,149764,Invesco India Flexi Cap Fund - Regular Plan - IDCW,15.78
2026-03-23,149765,Invesco India Flexi Cap Fund - Direct Plan - IDCW,16.8
2026-03-23,149766,Invesco India Flexi Cap Fund - Regular Plan - Growth,15.78
2026-03-23,149775,ICICI Prudential Silver ETF FOF - Direct Plan - Growth,30.7454
2026-03-23,149776,ICICI Prudential Silver ETF FOF - Direct Plan - IDCW,30.7458
2026-03-23,149777,ICICI Prudential Silver ETF FOF - Growth,30.1215
2026-03-23,149778,ICICI Prudential Silver ETF FOF - IDCW,30.1209
2026-03-23,149779,Aditya Birla Sun Life Silver ETF,208.1892
2026-03-23,149780,Aditya Birla Sun Life Silver ETF FOF-Direct Growth,31.3501
2026-03-23,149781,Aditya Birla Sun Life Silver ETF FOF-Direct IDCW,31.3388
2026-03-23,149783,Aditya Birla Sun Life Silver ETF FOF-Regular Growth,30.7587
2026-03-23,149784,Aditya Birla Sun Life Silver ETF FOF-Regular IDCW,30.7528
2026-03-23,149786,Mirae Asset Nifty India Manufacturing ETF,142.866
2026-03-23,149787,Mirae Asset Nifty India Manufacturing ETF FOF - Direct Plan- IDCW,17.888
2026-03-23,149788,Mirae Asset Nifty India Manufacturing ETF FOF - Regular Plan - Growth,17.602
2026-03-23,149789,Mirae Asset Nifty India Manufacturing ETF FOF - Regular Plan - IDCW,17.668
2026-03-23,149790,Mirae Asset Nifty India Manufacturing ETF FOF - Direct Plan - Growth,17.887
2026-03-23,149791,Aditya Birla Sun Life Nifty SDL Apr 2027 Index Fund-Regular-IDCW Payout,12.8305
2026-03-23,149792,Aditya Birla Sun Life Nifty SDL Apr 2027 Index Fund-Regular Growth,12.8305
2026-03-23,149793,Aditya Birla Sun Life Nifty SDL Apr 2027 Index Fund-Direct IDCW Payout,12.9935
2026-03-23,149794,Aditya Birla Sun Life Nifty SDL Apr 2027 Index Fund-Direct Growth,12.9937
2026-03-23,149795,TRUST MF OVERNIGHT FUND-REGULAR-GROWTH,1269.6205
2026-03-23,149796,TRUST MF OVERNIGHT FUND-DIRECT PLAN-DAILY IDCW REINVESTMENT,1245.0042
2026-03-23,149797,TRUST MF OVERNIGHT FUND-DIRECT PLAN-GROWTH,1272.2575
2026-03-23,149798,TRUST MF OVERNIGHT FUND-REGULAR PLAN-DAILY IDCW REINVESTMENT,1242.0572
2026-03-23,149799,Motilal Oswal Nifty 200 Momentum 30 Index Fund-Regular Plan,13.2466
2026-03-23,149800,Motilal Oswal Nifty 200 Momentum 30 Index Fund-Direct Plan,13.6194
2026-03-23,149801,Motilal Oswal Nifty 200 Momentum 30 ETF,55.2286
2026-03-23,149802,UTI BSE Sensex Index Fund - Regular Plan  -Growth Option,13.009
2026-03-23,149803,UTI BSE Sensex Index Fund - Direct Plan - Growth Option,13.0617
2026-03-23,149804,Navi Nifty Bank Index Fund- Direct Plan- Growth,13.5066
2026-03-23,149805,Navi Nifty Bank Index Fund- Regular Plan- Growth,13.1092
2026-03-23,149814,DSP Global Innovation Overseas Equity Omni FoF - Regular - IDCW,18.2383
2026-03-23,149815,DSP Global Innovation Overseas Equity Omni FoF - Direct - IDCW,18.9314
2026-03-23,149816,DSP Global Innovation Overseas Equity Omni FoF - Direct - Growth,18.9314
2026-03-23,149817,DSP Global Innovation Overseas Equity Omni FoF - Regular - Growth,18.2383
2026-03-23,149822,SBI Fixed Maturity Plan (FMP) - Series 59 (1618 Days) - Direct Plan - Growth,12.8214
2026-03-23,149823,SBI Fixed Maturity Plan (FMP) - Series 59 (1618 Days) - Direct Plan - Income Distribution cum Capital Withdrawal Option (IDCW),12.8211
2026-03-23,149824,SBI Fixed Maturity Plan (FMP) - Series 59 (1618 Days) - Regular Plan - Income Distribution cum Capital Withdrawal Option (IDCW),12.7609
2026-03-23,149825,SBI Fixed Maturity Plan (FMP) - Series 59 (1618 Days) - Regular Plan - Growth,12.7608
2026-03-23,149826,JM Overnight Fund - (Direct) - Unclaimed Redemption I.E.F. - Growth Plan,1073.9936
2026-03-23,149827,JM Overnight Fund - (Direct) - Unclaimed IDCW I.E.F. - Growth Plan,1073.9936
2026-03-23,149828,JM Overnight Fund - (Direct) - Unclaimed IDCW - Growth Plan,1369.6811
2026-03-23,149829,JM Overnight Fund - (Direct) - Unclaimed Redemption - Growth Plan,1363.6173
2026-03-23,149830,Navi Total Stock Market US Specific Equity Passive FoF- Direct Plan- Growth,19.3316
2026-03-23,149831,Navi Total Stock Market US Specific Equity Passive FoF- Regular Plan- Growth,19.3317
2026-03-23,149832,BANDHAN NIFTY 100 INDEX FUND - DIRECT PLAN - GROWTH,13.7901
2026-03-23,149833,BANDHAN NIFTY 100 INDEX FUND - REGULAR PLAN - GROWTH,13.5154
2026-03-23,149834,BANDHAN NIFTY 100 INDEX FUND - REGULAR PLAN - IDCW,13.5175
2026-03-23,149835,BANDHAN NIFTY 100 INDEX FUND - DIRECT PLAN - IDCW,13.7872
2026-03-23,149836,Aditya Birla Sun Life Nifty Next 50 Index Fund-Regular IDCW,14.8603
2026-03-23,149837,Aditya Birla Sun Life Nifty Next 50 Index Fund-Regular Growth,14.8477
2026-03-23,149838,Aditya Birla Sun Life Nifty Next 50 Index Fund-Direct Growth,15.2324
2026-03-23,149839,Aditya Birla Sun Life Nifty Next 50 Index Fund-Direct IDCW,15.223
2026-03-23,149840,Kotak Manufacture in India Fund - Regular Plan Growth,18.115
2026-03-23,149841,Kotak Manufacture in India Fund - Direct Plan Growth,19.307
2026-03-23,149842,Kotak Manufacture in India Fund - Direct Plan IDCW Option,19.307
2026-03-23,149843,Kotak Manufacture in India Fund - Regular Plan IDCW Option,18.115
2026-03-23,149844,Axis Multi Factor Passive FoF - Regular Plan - Growth Option,14.0867
2026-03-23,149845,Axis Multi Factor Passive FoF - Regular Plan - IDCW,14.0866
2026-03-23,149846,Axis Multi Factor Passive FoF - Direct Plan - IDCW,14.2596
2026-03-23,149847,Axis Multi Factor Passive FoF - Direct Plan - Growth Option,14.2599
2026-03-23,149852,Kotak Nifty SDL Apr  2027 Top 12 Equal Weight Index Fund-Regular Plan- Growth,12.8281
2026-03-23,149853,Kotak Nifty SDL Apr  2027 Top 12 Equal Weight Index Fund-Regular Plan-IDCW Option,12.8283
2026-03-23,149854,Kotak Nifty SDL Apr 2027 Top 12 Equal Weight Index Fund-Direct Plan-IDCW Option,12.9089
2026-03-23,149855,Kotak Nifty SDL Apr  2027 Top 12 Equal Weight Index Fund-Direct Plan-Growth,12.9096
2026-03-23,149858,ICICI Prudential Nifty Bank Index Fund - Direct Plan Growth,14.7825
2026-03-23,149859,ICICI Prudential Nifty Bank Index Fund - Growth,14.3941
2026-03-23,149860,ICICI Prudential Nifty Bank Index Fund - IDCW,14.394
2026-03-23,149861,ICICI Prudential Nifty Bank Index Fund - Direct Plan IDCW,14.7824
2026-03-23,149862,Kotak Nifty SDL Apr 2032 Top 12 Equal Weight Index Fund-Regular Plan-Growth,13.0822
2026-03-23,149864,Kotak Nifty SDL Apr 2032 Top 12 Equal Weight Index Fund-Direct Plan-IDCW Option,13.1724
2026-03-23,149865,Kotak Nifty SDL Apr 2032 Top 12 Equal Weight Index Fund-Direct Plan- Growth,13.1739
2026-03-23,149866,Kotak Nifty SDL Apr 2032 Top 12 Equal Weight Index Fund-Regular Plan-IDCW Option,13.0862
2026-03-23,149868,HDFC NIFTY 100 Index Fund - Direct Plan - Growth Option,13.7189
2026-03-23,149869,HDFC NIFTY 100 Index Fund - Growth Option,13.4451
2026-03-23,149870,HDFC Nifty 100 Equal Weight Index Fund - Direct Plan - Growth Option,15.2574
2026-03-23,149871,HDFC Nifty 100 Equal Weight Index Fund - Growth Option,14.9654
2026-03-23,149872,Axis CRISIL IBX SDL May 2027 Index Fund - Regular Plan - Growth,12.8073
2026-03-23,149873,Axis CRISIL IBX SDL May 2027 Index Fund - Direct Plan - Growth,12.8811
2026-03-23,149874,Axis CRISIL IBX SDL May 2027 Index Fund - Direct Plan - IDCW,12.8807
2026-03-23,149875,Axis CRISIL IBX SDL May 2027 Index Fund - Regular Plan - IDCW,12.8074
2026-03-23,149876,SBI Fixed Maturity Plan (FMP) - Series 60 (1878 Days) - Regular Plan - Growth,12.8926
2026-03-23,149877,SBI Fixed Maturity Plan (FMP) - Series 60 (1878 Days) - Regular Plan - Income Distribution cum Capital Withdrawal Option (IDCW),12.8927
2026-03-23,149878,SBI Fixed Maturity Plan (FMP) - Series 60 (1878 Days) - Direct Plan - Growth,12.956
2026-03-23,149879,SBI Fixed Maturity Plan (FMP) - Series 60 (1878 Days) - Direct Plan - Income Distribution cum Capital Withdrwal Option (IDCW),12.9563
2026-03-23,149880,UTI BSE Low Volatility Index Fund - Regular Plan - Growth Option,14.9593
2026-03-23,149881,UTI BSE Low Volatility Index Fund - Direct Plan  - Growth Option,15.2456
2026-03-23,149882,SBI Multicap Fund- Direct Plan- Growth option,15.4703
2026-03-23,149883,SBI Multicap Fund- Regular Plan- Income Distribution cum Capital Withdrawal Option (IDCW),14.9105
2026-03-23,149886,SBI Multicap Fund- Regular Plan- Growth Option,14.9081
2026-03-23,149887,SBI Multicap Fund- Direct Plan - Income Distribution cum Capital Withdrawal Option (IDCW),15.4704
2026-03-23,149892,Navi Nifty Midcap 150 Index Fund Direct Plan- Growth,18.4019
2026-03-23,149893,Navi Nifty Midcap 150 Index Fund Regular Plan- Growth,17.7803
2026-03-23,149894,Axis Nifty Smallcap 50 Index Fund - Direct Plan - Growth Option,15.7405
2026-03-23,149895,Axis Nifty Smallcap 50 Index Fund - Direct Plan - IDCW,15.7404
2026-03-23,149896,Axis Nifty Smallcap 50 Index Fund - Regular Plan - Growth Option,15.2807
2026-03-23,149897,Axis Nifty Smallcap 50 Index Fund - Regular Plan - IDCW,15.2808
2026-03-23,149910,Navi NASDAQ100 US Specific Equity Passive FOF- Direct- Growth,20.2599
2026-03-23,149911,Navi NASDAQ100 US Specific Equity Passive FOF- Regular- Growth,20.1156
2026-03-23,149914,Nippon India Fixed Maturity Plan-XLIII-Series 5- Direct Plan-Payout of IDCW,13.2082
2026-03-23,149915,Nippon India Fixed Maturity Plan-XLIII-Series 5- Regular Plan-Growth Option,13.1014
2026-03-23,149916,Nippon India Fixed Maturity Plan-XLIII-Series 5- Regular Plan-Payout of IDCW,13.1014
2026-03-23,149917,Nippon India Fixed Maturity Plan-XLIII-Series 5- Direct Plan-Growth Option,13.2081
2026-03-23,149918,Mirae Asset Nifty Midcap 150 ETF,19.8308
2026-03-23,149919,Motilal Oswal BSE Low Volatility Index Fund-Direct plan,15.1351
2026-03-23,149920,Motilal Oswal BSE Low Volatility Index Fund-Regular plan,14.7458
2026-03-23,149921,Motilal Oswal BSE Low Volatility ETF,34.2215
2026-03-23,149922,HDFC FMP 1861D March 2022 - Growth Option,12.9325
2026-03-23,149923,HDFC FMP 1861D March 2022 - Quarterly Dividend Option - Direct Plan,10.1464
2026-03-23,149924,HDFC FMP 1861D March 2022 - Growth Option - Direct Plan,13.0185
2026-03-23,149925,HDFC FMP 1861D March 2022 - IDCW Option,12.9325
2026-03-23,149926,HDFC FMP 1861D March 2022 - IDCW Option - Direct Plan,13.0185
2026-03-23,149927,HDFC FMP 1861D March 2022 - Quarterly Dividend Option,10.1427
2026-03-23,149928,ICICI Prudential Nifty 5 yr Benchmark G-SEC ETF,64.1534
2026-03-23,149935,Axis Nifty Midcap 50 Index Fund - Direct Plan - IDCW Option,18.242
2026-03-23,149936,Axis Nifty Midcap 50 Index Fund - Direct Plan - Growth Option,18.2427
2026-03-23,149937,Axis Nifty Midcap 50 Index Fund - Regular Plan - IDCW Option,17.7108
2026-03-23,149938,Axis Nifty Midcap 50 Index Fund - Regular Plan - Growth Option,17.7109
2026-03-23,149959,Tata Nifty India Digital Exchange Traded Fund,76.222
2026-03-23,149960,Invesco India - Invesco EQQQ Nasdaq-100 ETF Fund of Fund - Regular Plan - Growth,20.9997
2026-03-23,149961,Invesco India - Invesco EQQQ Nasdaq-100 ETF Fund of Fund - Direct Plan - Growth,21.1984
2026-03-23,149962,HSBC CRISIL IBX 50:50 Gilt Plus SDL Apr 2028 Index Fund - Direct - Payout of IDCW,13.0141
2026-03-23,149963,HSBC CRISIL IBX 50:50 Gilt Plus SDL Apr 2028 Index Fund - Regular - Growth,12.9174
2026-03-23,149964,HSBC CRISIL IBX 50:50 Gilt Plus SDL Apr 2028 Index Fund - Regular - payout of IDCW,12.9173
2026-03-23,149966,HSBC CRISIL IBX 50:50 Gilt Plus SDL Apr 2028 Index Fund - Direct - Growth,13.0141
2026-03-23,149968,DSP Nifty SDL Plus G-Sec Jun 2028 30:70 Index Fund - Regular - Growth,12.948
2026-03-23,149969,DSP Nifty SDL Plus G-Sec Jun 2028 30:70 Index Fund - Regular - IDCW,12.948
2026-03-23,149970,DSP Nifty SDL Plus G-Sec Jun 2028 30:70 Index Fund - Direct - Growth,13.027
2026-03-23,149971,DSP Nifty SDL Plus G-Sec Jun 2028 30:70 Index Fund - Direct - IDCW,13.027
2026-03-23,149988,Baroda BNP Paribas Overnight Fund - Plan C - Unclaimed IDCW - Greater than 3 years,1000.0
2026-03-23,149989,Baroda BNP Paribas Overnight Fund - Plan C - Unclaimed Redemption - Up to 3 years,1267.7109
2026-03-23,149990,Baroda BNP Paribas Overnight Fund - Plan C - Unclaimed Redemption - Greater than 3 years,1000.0
2026-03-23,149991,Baroda BNP Paribas Overnight Fund - Plan C - Unclaimed IDCW - Up to 3 years,1267.7406
2026-03-23,149992,SBI Fixed Maturity Plan (FMP)- Series 61 (1927 Days)- Regular Plan- Income Distribution Cum Capital withdrawal option,12.9155
2026-03-23,149993,SBI Fixed Maturity Plan (FMP)- Series 61 (1927 Days)- Direct Plan- Growth option,12.9772
2026-03-23,149994,SBI Fixed Maturity Plan (FMP)- Series 61 (1927 Days)- Regular Plan- Growth option,12.9156
2026-03-23,149995,SBI Fixed Maturity Plan (FMP)- Series 61 (1927 Days)- Direct Plan- Income Distribution Cum Capital withdrawal option,12.9773
2026-03-23,149996,ICICI Prudential Nifty SDL Sep 2027 Index Fund - Annual IDCW,12.827
2026-03-23,149997,ICICI Prudential Nifty SDL Sep 2027 Index Fund - Direct Plan - Annual IDCW,12.9042
2026-03-23,149998,ICICI Prudential Nifty SDL Sep 2027 Index Fund - Growth,12.827
2026-03-23,149999,ICICI Prudential Nifty SDL Sep 2027 Index Fund - Direct Plan - Growth,12.9042
2026-03-23,150000,Kotak Nifty 100 Low Volatility 30 ETF,19.1937
2026-03-23,150001,HDFC FMP 1876D March 2022 - Growth Option,12.8896
2026-03-23,150002,HDFC FMP 1876D March 2022 - Growth Option - Direct Plan,12.9641
2026-03-23,150003,HDFC FMP 1876D March 2022 - IDCW Option - Direct Plan,12.9641
2026-03-23,150004,HDFC FMP 1876D March 2022 - IDCW Option,12.8896
2026-03-23,150005,HDFC FMP 1876D March 2022 - Quarterly Dividend Option,10.135
2026-03-23,150006,HDFC FMP 1876D March 2022 - Quarterly Dividend Option - Direct Plan,10.1376
2026-03-23,150008,Nippon India Nifty AAA CPSE Bond Plus SDL - Apr 2027 Maturity 60:40 Index Fund - Direct Plan - IDCW Option,12.4251
2026-03-23,150009,Nippon India Nifty AAA CPSE Bond Plus SDL - Apr 2027 Maturity 60:40 Index Fund - Regular Plan - IDCW Option,12.3625
2026-03-23,150011,Nippon India Nifty AAA CPSE Bond Plus SDL - Apr 2027 Maturity 60:40 Index Fund - Regular Plan - Growth Option,12.6757
2026-03-23,150012,Nippon India Nifty AAA CPSE Bond Plus SDL - Apr 2027 Maturity 60:40 Index Fund - Direct Plan - Growth Option,12.7652
2026-03-23,150156,BARODA BNP PARIBAS ELSS Tax Saver Fund - Regular - Growth Option,87.4161
2026-03-23,150157,BARODA BNP PARIBAS ELSS Tax Saver Fund- Regular - IDCW Option,20.9867
2026-03-23,150158,BARODA BNP PARIBAS ELSS Tax Saver Fund - Direct Plan - IDCW Option,26.8529
2026-03-23,150159,BARODA BNP PARIBAS ELSS Tax Saver Fund - Direct Plan - Growth Option,99.3374
2026-03-23,150160,BARODA BNP PARIBAS LOW DURATION Fund-Defunct Plan-Growth Option,41.6705
2026-03-23,150161,BARODA BNP PARIBAS LOW DURATION Fund-Defunct Plan-Weekly IDCW Option,10.0075
2026-03-23,150162,BARODA BNP PARIBAS LOW DURATION Fund-Defunct Plan-Monthly IDCW Option,10.4696
2026-03-23,150163,BARODA BNP PARIBAS LOW DURATION Fund-Defunct Plan- Daily IDCW Option,10.0424
2026-03-23,150164,BARODA BNP PARIBAS LOW DURATION FUND - Regular Plan - DAILY IDCW OPTION,10.0529
2026-03-23,150165,BARODA BNP PARIBAS LOW DURATION FUND - Regular Plan - GROWTH OPTION,41.5982
2026-03-23,150166,BARODA BNP PARIBAS LOW DURATION FUND - Regular Plan - WEEKLY IDCW OPTION,10.0075
2026-03-23,150167,BARODA BNP PARIBAS LOW DURATION FUND - Regular Plan - MONTHLY IDCW OPTION,10.2455
2026-03-23,150168,BARODA BNP PARIBAS LOW DURATION Fund - Direct Plan - Daily IDCW Option,10.0878
2026-03-23,150169,BARODA BNP PARIBAS LOW DURATION Fund - Direct Plan - Growth Option,45.8016
2026-03-23,150170,BARODA BNP PARIBAS LOW DURATION Fund - Direct Plan - Monthly IDCW Option,10.3775
2026-03-23,150171,BARODA BNP PARIBAS LOW DURATION Fund - Direct Plan - Weekly IDCW Option,10.0088
2026-03-23,150172,Baroda BNP Paribas Dynamic Bond Fund-Defunct Plan - Growth Option,32.0612
2026-03-23,150173,Baroda BNP Paribas Dynamic Bond Fund - Regular Plan - Growth Option,45.5275
2026-03-23,150174,Baroda BNP Paribas Dynamic Bond Fund - Regular Plan - Daily IDCW Option,9.9281
2026-03-23,150175,Baroda BNP Paribas Dynamic Bond Fund - Regular Plan - Weekly IDCW Option,9.9087
2026-03-23,150176,Baroda BNP Paribas Dynamic Bond Fund - Regular Plan - Monthly IDCW Option,10.0105
2026-03-23,150177,Baroda BNP Paribas Dynamic Bond Fund - Regular Plan - Quarterly IDCW Option,9.9562
2026-03-23,150178,Baroda BNP Paribas Dynamic Bond Fund - Regular Plan - Half Yearly IDCW Option,9.9907
2026-03-23,150179,Baroda BNP Paribas Dynamic Bond Fund - Direct Plan - Daily IDCW Option,10.0054
2026-03-23,150180,Baroda BNP Paribas Dynamic Bond Fund - Direct Plan - Growth Option,51.0561
2026-03-23,150182,Baroda BNP Paribas Dynamic Bond Fund - Direct Plan - Monthly IDCW Option,10.3891
2026-03-23,150183,Baroda BNP Paribas Dynamic Bond Fund - Direct Plan - Quarterly IDCW Option,10.4211
2026-03-23,150184,Baroda BNP Paribas Dynamic Bond Fund - Direct Plan - Weekly IDCW Option,9.9876
2026-03-23,150185,BARODA BNP PARIBAS LARGE CAP Fund- Regular Plan - Growth Option,200.3304
2026-03-23,150186,BARODA BNP PARIBAS LARGE CAP Fund - Regular Plan - IDCW Option,21.3581
2026-03-23,150187,BARODA BNP PARIBAS LARGE CAP Fund - Direct Plan - Growth Option,232.943
2026-03-23,150188,BARODA BNP PARIBAS LARGE CAP Fund - Direct Plan - IDCW Option,25.868
2026-03-23,150203,BARODA BNP PARIBAS Conservative Hybrid Fund-Regular Plan-Growth Option,44.2847
2026-03-23,150204,BARODA BNP PARIBAS Conservative hybrid Fund-Regular Plan-Monthly IDCW Option,10.426
2026-03-23,150205,BARODA BNP PARIBAS Conservative Hybrid Fund-Regular Plan-Quarterly IDCW Option,10.6671
2026-03-23,150206,BARODA BNP PARIBAS Conservative Hybrid Fund - Direct Plan - Growth Option,54.5295
2026-03-23,150207,BARODA BNP PARIBAS Conservative Hybrid Fund - Direct Plan - Monthly IDCW Option,12.7967
2026-03-23,150208,BARODA BNP PARIBAS Conservative Hybrid Fund - Direct Plan - Quarterly IDCW Option,12.5037
2026-03-23,150209,BARODA BNP PARIBAS Mid Cap Fund - Regular Plan - Growth Option,94.6558
2026-03-23,150210,BARODA BNP PARIBAS Mid Cap Fund - Regular Plan - IDCW Option,53.8058
2026-03-23,150211,BARODA BNP PARIBAS Mid Cap Fund - Direct Plan - IDCW Option,68.6816
2026-03-23,150212,BARODA BNP PARIBAS Mid Cap Fund - Direct Plan - Growth Option,113.7684
2026-03-23,150228,BARODA BNP PARIBAS Corporate Bond Fund - Defunct Plan - Quarterly-IDCW Option,10.3956
2026-03-23,150229,BARODA BNP PARIBAS Corporate Bond Fund - Defunct Plan - Growth Option,32.9068
2026-03-23,150230,BARODA BNP PARIBAS Corporate Bond Fund - Defunct Plan - Annual-IDCW Option,11.8453
2026-03-23,150231,BARODA BNP PARIBAS Corporate Bond Fund - Defunct Plan - Monthly-IDCW Option,10.282
2026-03-23,150232,BARODA BNP PARIBAS CORPORATE BOND FUND - Regular Plan - QUARTERLY IDCW OPTION,10.4075
2026-03-23,150233,BARODA BNP PARIBAS CORPORATE BOND FUND - Regular Plan - ANNUAL IDCW OPTION,11.7686
2026-03-23,150234,BARODA BNP PARIBAS CORPORATE BOND FUND - Regular Plan - MONTHLY IDCW OPTION,10.3254
2026-03-23,150235,BARODA BNP PARIBAS CORPORATE BOND FUND - Regular Plan - GROWTH OPTION,28.4312
2026-03-23,150236,BARODA BNP PARIBAS Corporate Bond Fund - Direct Plan - Annual IDCW Option,12.1268
2026-03-23,150237,BARODA BNP PARIBAS Corporate Bond Fund - Direct Plan - Growth Option,30.2539
2026-03-23,150238,BARODA BNP PARIBAS Corporate Bond Fund - Direct Plan - Monthly IDCW Option,10.4824
2026-03-23,150239,BARODA BNP PARIBAS Corporate Bond Fund - Direct Plan - Quarterly IDCW Option,10.6414
2026-03-23,150250,BARODA BNP PARIBAS ARBITRAGE FUND- REGULAR PLAN- GROWTH OPTION,16.7249
2026-03-23,150251,BARODA BNP PARIBAS ARBITRAGE FUND-DIRECT PLAN-GROWTH OPTION,17.7694
2026-03-23,150252,BARODA BNP PARIBAS ARBITRAGE FUND -DIRECT PLAN - ADHOC IDCW OPTION,12.1138
2026-03-23,150253,BARODA BNP PARIBAS ARBITRAGE FUND-REGULAR PLAN- ADHOC IDCW OPTION,11.6447
2026-03-23,150254,BARODA BNP PARIBAS ARBITRAGE FUND REGULAR PLAN MONTHLY IDCW Option,10.4769
2026-03-23,150255,BARODA BNP PARIBAS ARBITRAGE FUND DIRECT PLAN MONTHLY IDCW Option,10.8439
2026-03-23,150256,BARODA BNP PARIBAS ARBITRAGE FUND DIRECT PLAN QUARTERLY IDCW Option,11.0076
2026-03-23,150257,BARODA BNP PARIBAS ARBITRAGE FUND REGULAR PLAN QUARTERLY IDCW Option,10.7698
2026-03-23,150258,Baroda BNP Paribas Aggressive Hybrid Fund- REGULAT PLAN -GROWTH OPTION,25.8221
2026-03-23,150259,Baroda BNP Paribas Aggressive Hybrid Fund -DIRECT PLAN- IDCW OPTION,17.0237
2026-03-23,150260,Baroda BNP Paribas Aggressive Hybrid Fund- DIRECT PLAN - GROWTH OPTION,29.8395
2026-03-23,150261,Baroda BNP Paribas Aggressive Hybrid Fund- REGULAR PLAN- IDCW OPTION,14.7463
2026-03-23,150262,BARODA BNP PARIBAS Focused Fund - Regular Plan - IDCW Option,13.7039
2026-03-23,150263,BARODA BNP PARIBAS Focused Fund - Regular Plan-Growth Option,19.02
2026-03-23,150264,BARODA BNP PARIBAS Focused Fund - Direct Plan - Growth Option,21.8036
2026-03-23,150265,BARODA BNP PARIBAS Focused Fund - Direct Plan - IDCW Option,15.6774
2026-03-23,150266,BARODA BNP PARIBAS India Consumption Fund - Direct Plan - Growth Option,30.3274
2026-03-23,150267,BARODA BNP PARIBAS India Consumption Fund - Regular Plan - IDCW Option,18.2652
2026-03-23,150268,BARODA BNP PARIBAS India Consumption Fund - Regular Plan - Growth Option,27.1147
2026-03-23,150269,BARODA BNP PARIBAS India Consumption Fund - Direct Plan - IDCW Option,21.077
2026-03-23,150284,Baroda BNP Paribas Aqua Fund of Fund - Regular Plan Growth,14.4456
2026-03-23,150285,Baroda BNP Paribas Aqua Fund of Fund - Direct Plan - Growth Option,15.2147
2026-03-23,150286,Baroda BNP Paribas Aqua Fund of Fund - Regular Plan - IDCW Option,14.4456
2026-03-23,150287,Baroda BNP Paribas Aqua Fund of Fund - Direct Plan - IDCW Option,15.2147
2026-03-23,150308,ICICI PRUDENTIAL HOUSING OPPORTUNITIES FUND - Growth,15.47
2026-03-23,150309,ICICI PRUDENTIAL HOUSING OPPORTUNITIES FUND - IDCW,13.01
2026-03-23,150310,ICICI PRUDENTIAL HOUSING OPPORTUNITIES FUND - Direct Plan Growth,16.24
2026-03-23,150311,ICICI PRUDENTIAL HOUSING OPPORTUNITIES FUND - Direct Plan IDCW,13.77
2026-03-23,150312,UTI Nifty Midcap 150 Quality 50 Index Fund - Regular Plan - Growth Option,12.073
2026-03-23,150313,UTI Nifty Midcap 150 Quality 50 Index Fund - Direct Plan - Growth Option,12.2935
2026-03-23,150314,Aditya Birla Sun Life Fixed Term Plan - Series TQ (1879 days) - Regular Plan - Growth Option,12.9064
2026-03-23,150315,Aditya Birla Sun Life Fixed Term Plan - Series TQ (1879 days) - Regular Plan - Payout of IDCW option,12.9062
2026-03-23,150316,Aditya Birla Sun Life Fixed Term Plan - Series TQ (1879 days) - Direct Plan - Growth Option,12.9463
2026-03-23,150326,Tata Nifty SDL Plus AAA PSU Bond Dec 6040 Index Fund- Direct Plan-Growth,12.997
2026-03-23,150327,Tata Nifty SDL Plus AAA PSU Bond Dec 6040 Index Fund-Direct Plan-IDCW Payout,12.997
2026-03-23,150328,Tata Nifty SDL Plus AAA PSU Bond Dec 6040 Index Fund-Direct Plan- IDCW Reinvestment,12.997
2026-03-23,150329,Tata Nifty SDL Plus AAA PSU Bond Dec 6040 Index Fund-Regular Plan- IDCW Reinvestment,12.8575
2026-03-23,150330,Tata Nifty SDL Plus AAA PSU Bond Dec 6040 Index Fund-Regular Plan -Growth,12.8575
2026-03-23,150331,Tata Nifty SDL Plus AAA PSU Bond Dec 6040 Index Fund -Regular Plan-IDCW Payout,12.8575
2026-03-23,150340,Tata Nifty India Digital ETF Fund of Fund-Direct Plan-IDCW Payout,12.0079
2026-03-23,150341,Tata Nifty India Digital ETF Fund of Fund-Direct Plan- IDCW Reinvestment,12.0079
2026-03-23,150342,Tata Nifty India Digital ETF Fund of Fund-Regular Plan-IDCW Payout,11.7995
2026-03-23,150343,Tata Nifty India Digital ETF Fund of Fund-Regular Plan-IDCW Reinvestment,11.7995
2026-03-23,150344,Tata Nifty India Digital ETF Fund of Fund-Direct Plan-Growth,12.0079
2026-03-23,150345,Tata Nifty India Digital ETF Fund of Fund -Regular Plan-Growth,11.7995
2026-03-23,150346,WhiteOak Capital Flexi Cap Fund Direct Plan-Growth,16.174
2026-03-23,150347,WhiteOak Capital Flexi Cap Fund Regular Plan-Growth,15.335
2026-03-23,150348,WhiteOak Capital Flexi Cap Fund Regular Plan IDCW,15.335
2026-03-23,150349,WhiteOak Capital Flexi Cap Fund Direct Plan IDCW,16.174
2026-03-23,150350,Aditya Birla Sun Life Crisil IBX 60:40 SDL+AAA PSU-Apr 2027 Index Fund-Regular IDCW,12.7047
2026-03-23,150351,Aditya Birla Sun Life Crisil IBX 60:40 SDL+AAA PSU-Apr 2027 Index Fund-Regular Growth,12.7083
2026-03-23,150352,Aditya Birla Sun Life Crisil IBX 60:40 SDL+AAA PSU-Apr 2027 Index Fund-Direct IDCW,12.7976
2026-03-23,150353,Aditya Birla Sun Life Crisil IBX 60:40 SDL+AAA PSU-Apr 2027 Index Fund-Direct Growth,12.7955
2026-03-23,150358,Mirae Asset Nifty SDL Jun 2027 Index Fund -Direct Plan - Growth,12.8989
2026-03-23,150359,Mirae Asset Nifty SDL Jun 2027 Index Fund - Direct Plan - IDCW,12.8994
2026-03-23,150360,Mirae Asset Nifty SDL Jun 2027 Index Fund - Regular Plan - Growth,12.8159
2026-03-23,150361,Mirae Asset Nifty SDL Jun 2027 Index Fund - Regular Plan - IDCW,12.8166
2026-03-23,150366,NJ Arbitrage Fund - Regular Plan - Growth Option,12.4657
2026-03-23,150367,NJ Arbitrage Fund - Direct Plan - Growth Option,12.79
2026-03-23,150368,NJ Overnight Fund - Regular Plan - Growth Option,1240.402
2026-03-23,150369,NJ Overnight Fund - Direct Plan - Growth Option,1244.9593
2026-03-23,150376,Edelweiss Focused Fund - Direct Plan - Growth,15.727
2026-03-23,150377,SBI Fixed Maturity Plan (FMP) - Series 66 (1361 Days) - Regular Plan - Growth,12.8421
2026-03-23,150378,SBI Fixed Maturity Plan (FMP) - Series 66 (1361 Days) - Direct Plan - Income Distribution cum Capital Withdrawal Option (IDCW),12.8958
2026-03-23,150379,SBI Fixed Maturity Plan (FMP) - Series 66 (1361 Days) - Direct Plan - Growth,12.8958
2026-03-23,150380,SBI Fixed Maturity Plan (FMP) - Series 66 (1361 Days) - Regular Plan - Income Distribution cum Capital Withdrawal Option (IDCW),12.8421
2026-03-23,150382,Edelweiss Focused Fund - Regular Plan - Growth,14.82
2026-03-23,150383,Edelweiss Focused Fund - Direct Plan - IDCW,15.727
2026-03-23,150384,Edelweiss Focused Fund - Regular Plan - IDCW,14.82
2026-03-23,150385,Baroda BNP Paribas Flexi Cap Fund - Regular Plan - Growth Option,13.8282
2026-03-23,150386,Baroda BNP Paribas Flexi Cap Fund - Regular Plan - IDCW Option,12.6162
2026-03-23,150387,Baroda BNP Paribas Flexi Cap Fund - Direct Plan - Growth Option,14.536
2026-03-23,150388,Baroda BNP Paribas Flexi Cap Fund - Direct Plan - IDCW Option,13.2605
2026-03-23,150389,Quantum Nifty 50 ETF Fund of Fund - Regular Plan - Growth,13.3036
2026-03-23,150390,Quantum Nifty 50 ETF Fund of Fund - Direct Plan - Growth,13.3618
2026-03-23,150391,LIC MF Money Market Fund-Direct Plan-IDCW,1257.7175
2026-03-23,150392,LIC MF Money Market Fund-Direct Plan-Growth,1257.7176
2026-03-23,150393,LIC MF Money Market Fund-Regular Plan-Growth,1239.8411
2026-03-23,150394,LIC MF Money Market Fund-Regular Plan-IDCW,1239.8411
2026-03-23,150401,BANDHAN MIDCAP FUND - IDCW - DIRECT PLAN,16.331
2026-03-23,150402,BANDHAN MIDCAP FUND - GROWTH - REGULAR PLAN,15.453
2026-03-23,150403,BANDHAN MIDCAP FUND - IDCW - REGULAR PLAN,15.453
2026-03-23,150404,BANDHAN MIDCAP FUND - GROWTH - DIRECT PLAN,16.345
2026-03-23,150405,Union Gilt Fund - Regular Plan - Growth Option,11.8488
2026-03-23,150406,Union Gilt Fund - Regular Plan - Annual IDCW Option,11.8488
2026-03-23,150407,Union Gilt Fund - Direct Plan - Growth Option,12.0619
2026-03-23,150408,Union Gilt Fund - Direct Plan - Annual IDCW Option,12.0619
2026-03-23,150409,UTI Gilt Fund with 10 year Constant Duration - Regular Plan - Growth Option,12.8009
2026-03-23,150410,UTI Gilt Fund with 10 year Constant Duration - Direct Plan - Growth Option,13.0279
2026-03-23,150411,UTI Gilt Fund with 10 year Constant Duration - Regular Plan - Quarterly IDCW Option,12.801
2026-03-23,150412,UTI Gilt Fund with 10 year Constant Duration - Direct Plan - Quarterly IDCW Option,13.0281
2026-03-23,150415,UTI Gilt Fund with 10 year Constant Duration - Direct Plan - Half Yearly IDCW Option,12.8993
2026-03-23,150416,UTI Gilt Fund with 10 year Constant Duration - Regular Plan - Half Yearly IDCW Option,12.8007
2026-03-23,150419,UTI Gilt Fund with 10 year Constant Duration - Regular Plan - Annual IDCW Option,11.142
2026-03-23,150420,UTI Gilt Fund with 10 year Constant Duration - Regular Plan - Flexi IDCW Option,12.8005
2026-03-23,150423,UTI Gilt Fund with 10 year Constant Duration - Direct Plan - Annual IDCW Option,11.3579
2026-03-23,150424,UTI Gilt Fund with 10 year Constant Duration - Direct Plan - Flexi IDCW Option,13.028
2026-03-23,150427,DSP Nifty Midcap 150 Quality 50 Index Fund - Regular - Growth,12.3831
2026-03-23,150428,DSP Nifty Midcap 150 Quality 50 Index Fund - Direct - Growth,12.6774
2026-03-23,150429,DSP Nifty Midcap 150 Quality 50 Index Fund - Direct - IDCW,12.0432
2026-03-23,150430,DSP Nifty Midcap 150 Quality 50 Index Fund - Regular - IDCW,11.1247
2026-03-23,150439,quant Large Cap Fund - IDCW Option - Direct Plan,13.9541
2026-03-23,150440,quant Large Cap Fund - Growth Option - Direct Plan,13.8965
2026-03-23,150441,quant Large Cap Fund - Growth Option - Regular Plan,13.1255
2026-03-23,150442,quant Large Cap Fund - IDCW Option - Regular Plan,13.0503
2026-03-23,150443,Motilal Oswal BSE Financials ex Bank 30 Index Fund Direct Growth,15.5538
2026-03-23,150444,Motilal Oswal BSE Financials ex Bank 30 Index Fund Regular Growth,15.1691
2026-03-23,150445,Motilal Oswal BSE Healthcare ETF,41.8469
2026-03-23,150451,ICICI Prudential Nifty 200 Momentum 30 Index Fund - IDCW,14.5176
2026-03-23,150452,ICICI Prudential Nifty 200 Momentum 30 Index Fund - Direct Plan - Growth,14.8506
2026-03-23,150453,ICICI Prudential Nifty 200 Momentum 30 Index Fund - Direct Plan - IDCW,14.8482
2026-03-23,150454,ICICI Prudential Nifty 200 Momentum 30 Index Fund - Growth,14.5182
2026-03-23,150455,ICICI Prudential Nifty 200 Momentum 30 ETF,27.7755
2026-03-23,150456,Union Gilt Fund - Direct Plan - Half-yearly IDCW Option,12.0619
2026-03-23,150457,Union Gilt Fund - Regular Plan - Half-yearly IDCW Option,11.8488
2026-03-23,150458,SBI Fixed Maturity Plan (FMP) - Series 67 (1467 Days) - Direct Plan - IDCW Payout,12.9017
2026-03-23,150459,SBI Fixed Maturity Plan (FMP) - Series 67 (1467 Days) - Regular Plan - IDCW Payout,12.8496
2026-03-23,150460,SBI Fixed Maturity Plan (FMP) - Series 67 (1467 Days) - Direct Plan - Growth,12.9017
2026-03-23,150461,SBI Fixed Maturity Plan (FMP) - Series 67 (1467 Days) - Regular Plan - Growth,12.8492
2026-03-23,150466,ICICI Prudential Nifty IT Index Fund - Growth,10.0911
2026-03-23,150467,ICICI Prudential Nifty IT Index Fund - IDCW,10.0911
2026-03-23,150468,ICICI Prudential Nifty IT Index Fund - Direct Plan - Growth,10.285
2026-03-23,150469,ICICI Prudential Nifty IT Index Fund - Direct Plan - IDCW,10.29
2026-03-23,150470,Mirae Asset Balanced Advantage Fund Direct Plan- Growth,14.357
2026-03-23,150471,Mirae Asset Balanced Advantage Fund Direct Plan- IDCW,13.219
2026-03-23,150473,Mirae Asset Balanced Advantage Fund Regular Plan- Growth,13.65
2026-03-23,150474,Mirae Asset Balanced Advantage Fund Regular Plan IDCW,12.576
2026-03-23,150476,HDFC NIFTY 100 ETF - Growth Option,23.7622
2026-03-23,150477,HDFC NIFTY NEXT 50 ETF - Growth Option,62.5493
2026-03-23,150478,Franklin India Balanced Advantage Fund- IDCW,12.5638
2026-03-23,150479,Franklin India Balanced Advantage Fund- IDCW- Direct,12.7755
2026-03-23,150480,Franklin India Balanced Advantage Fund- Growth,13.5088
2026-03-23,150481,Franklin India Balanced Advantage Fund- Growth- Direct,14.3115
2026-03-23,150482,Aditya Birla Sun Life Long Duration Fund-Regular Growth,12.6961
2026-03-23,150483,Aditya Birla Sun Life Long Duration Fund-Regular IDCW Payout,11.0301
2026-03-23,150484,Aditya Birla Sun Life Long Duration Fund-Direct Growth,12.9938
2026-03-23,150485,Aditya Birla Sun Life Long Duration Fund-Direct IDCW Payout,11.2938
2026-03-23,150487,Nippon India Nifty Alpha Low Volatility 30 Index Fund - Direct Plan - Growth Option,14.5103
2026-03-23,150488,Nippon India Nifty Alpha Low Volatility 30 Index Fund - Direct Plan - IDCW Option,14.5103
2026-03-23,150490,Nippon India Nifty Alpha Low Volatility 30 Index Fund - Regular Plan - Growth Option,14.2168
2026-03-23,150491,Nippon India Nifty Alpha Low Volatility 30 Index Fund - Regular Plan - IDCW Option,14.2168
2026-03-23,150492,Kotak Nifty India Consumption ETF,10.5893
2026-03-23,150497,Aditya Birla Sun Life Nifty 200 Quality 30 ETF,19.1233
2026-03-23,150498,Aditya Birla Sun Life Nifty 200 Momentum 30 ETF,27.6261
2026-03-23,150499,HSBC Overnight Fund - Unclaimed IDCW Below three years,1249.3389
2026-03-23,150500,HSBC Overnight Fund - Unclaimed Redemption above three years,1000.0
2026-03-23,150501,HSBC Overnight Fund - Unclaimed IDCW Above three years,1000.0
2026-03-23,150502,HSBC Overnight Fund - Unclaimed Redemption Below three years,1249.3583
2026-03-23,150503,Canara Robeco Banking and PSU Debt Fund- Regular Plan- Growth Option,12.4025
2026-03-23,150504,Canara Robeco Banking and PSU Debt Fund- Regular Plan- IDCW (Payout/ Reinvestment),10.6704
2026-03-23,150505,Canara Robeco Banking and PSU Debt Fund- Direct Plan- Growth Option,12.5376
2026-03-23,150507,Canara Robeco Banking and PSU Debt Fund- Direct Plan- IDCW Payout,10.7748
2026-03-23,150511,TRUSTMF MONEY MARKET FUND-REGULAR PLAN-GROWTH,1269.7278
2026-03-23,150512,TRUSTMF MONEY MARKET FUND-REGULAR PLAN-MONTHLY IDCW,1139.4976
2026-03-23,150513,TRUSTMF MONEY MARKET FUND-DIRECT PLAN-GROWTH,1278.8889
2026-03-23,150514,TRUSTMF MONEY MARKET FUND-DIRECT PLAN-MONTHLY IDCW,1148.0531
2026-03-23,150515,Navi Nifty India Manufacturing Index Fund- Direct Plan- Growth,17.0767
2026-03-23,150516,Navi Nifty India Manufacturing Index Fund- Regular Plan- Growth,16.6071
2026-03-23,150517,Motilal Oswal BSE Enhanced Value ETF,106.0302
2026-03-23,150518,Motilal Oswal BSE Enhanced Value Index Fund-Direct plan,25.7074
2026-03-23,150519,Motilal Oswal BSE Enhanced Value Index Fund-Regular plan,25.0881
2026-03-23,150520,Motilal Oswal BSE Quality ETF,177.6268
2026-03-23,150521,Motilal Oswal BSE Quality Index Fund-Direct plan,15.5813
2026-03-23,150522,Motilal Oswal BSE Quality Index Fund-Regular plan,15.2018
2026-03-23,150523,DSP Silver ETF,200.9769
2026-03-23,150526,ICICI Prudential Nifty Infrastructure ETF,88.0266
2026-03-23,150531,Kotak Nifty MNC ETF,28.693
2026-03-23,150532,Tata Housing Opportunities Fund - Direct Plan - Growth,13.5079
2026-03-23,150533,Tata Housing Opportunities Fund - Direct Plan - IDCW Reinvestment,13.5079
2026-03-23,150534,Tata Housing Opportunities Fund - Direct Plan - IDCW Payout,13.5079
2026-03-23,150535,Tata Housing Opportunities Fund - Regular Plan - IDCW Payout,12.7083
2026-03-23,150536,Tata Housing Opportunities Fund - Regular Plan - IDCW Reinvestment,12.7083
2026-03-23,150537,Tata Housing Opportunities Fund - Regular Plan - Growth,12.7083
2026-03-23,150538,ICICI Prudential PSU Equity Fund - Growth,20.61
2026-03-23,150539,ICICI Prudential PSU Equity Fund - Direct Plan - Growth,21.63
2026-03-23,150540,ICICI Prudential PSU Equity Fund - IDCW,17.35
2026-03-23,150541,ICICI Prudential PSU Equity Fund - Direct Plan - IDCW,18.35
2026-03-23,150542,JM Short Duration Fund (Regular) - Growth,12.394
2026-03-23,150543,JM Short Duration Fund (Regular) - IDCW,12.3945
2026-03-23,150544,JM Short Duration Fund (Direct) - IDCW,12.749
2026-03-23,150545,JM Short Duration Fund (Direct) - Growth,12.7487
2026-03-23,150546,HDFC FMP 1406D August 2022 - Growth Option,12.684
2026-03-23,150547,HDFC FMP 1406D August 2022 - Growth Option - Direct Plan,12.8014
2026-03-23,150548,HDFC FMP 1406D August 2022 - IDCW Option - Direct Plan,12.8014
2026-03-23,150549,HDFC FMP 1406D August 2022 - Quarterly IDCW Option - Direct Plan,10.1424
2026-03-23,150550,HDFC FMP 1406D August 2022 - IDCW Option,12.684
2026-03-23,150551,HDFC FMP 1406D August 2022 - Quarterly IDCW Option,10.1363
2026-03-23,150552,Union Retirement Fund - Regular Plan - Growth Option,14.34
2026-03-23,150553,Union Retirement Fund - Regular Plan - IDCW Option,14.34
2026-03-23,150554,Union Retirement Fund - Direct Plan - Growth Option,15.07
2026-03-23,150555,Union Retirement Fund - Direct Plan - IDCW Option,15.07
2026-03-23,150556,HDFC Silver ETF - Growth Option,199.9595
2026-03-23,150558,Shriram Overnight Fund - Regular Daily IDCW,10.0001
2026-03-23,150560,Shriram Overnight Fund - Regular Monthly IDCW,10.0106
2026-03-23,150561,Shriram Overnight Fund - Direct Daily IDCW,10.0001
2026-03-23,150562,Shriram Overnight Fund -  Direct Growth,12.4218
2026-03-23,150565,Shriram Overnight Fund - Regular Growth,12.3849
2026-03-23,150567,Shriram Overnight Fund - Direct Monthly IDCW,10.0104
2026-03-23,150568,Sundaram Flexicap Fund Regular Growth,13.1656
2026-03-23,150569,Sundaram Flexicap Fund Regular Plan IDCW Payout,11.7348
2026-03-23,150570,Sundaram Flexicap Fund Regular Plan IDCW Reinvestment,11.7348
2026-03-23,150571,Sundaram Flexicap Fund Direct Growth,13.9006
2026-03-23,150572,Sundaram Flexicap Fund Direct Plan IDCW Reinvestment,12.3987
2026-03-23,150573,Sundaram Flexicap Fund Direct Plan IDCW Payout,12.3987
2026-03-23,150578,Edelweiss Gold and Silver ETF FOF - Direct Plan - IDCW,30.384
2026-03-23,150579,Edelweiss Gold and Silver ETF FOF - Regular Plan - Growth,29.956
2026-03-23,150580,Edelweiss Gold and Silver ETF FOF - Regular Plan - IDCW,29.956
2026-03-23,150581,Edelweiss Gold and Silver ETF FOF - Direct Plan - Growth,30.384
2026-03-23,150582,WhiteOak Capital Mid Cap Fund Direct Plan IDCW,18.582
2026-03-23,150583,WhiteOak Capital Mid Cap Fund Regular Plan Growth,17.58
2026-03-23,150584,WhiteOak Capital Mid Cap Fund Direct Plan Growth,18.582
2026-03-23,150585,WhiteOak Capital Mid Cap Fund Regular Plan IDCW,17.58
2026-03-23,150586,WhiteOak Capital ELSS Tax Saver Fund Direct Plan IDCW,16.1
2026-03-23,150587,WhiteOak Capital ELSS Tax Saver Fund Direct Plan Growth,16.1
2026-03-23,150588,WhiteOak Capital ELSS Tax Saver Fund Regular Plan IDCW,15.182
2026-03-23,150589,WhiteOak Capital ELSS Tax Saver Fund Regular Plan Growth,15.182
2026-03-23,150590,BANDHAN NIFTY200 MOMENTUM 30 INDEX FUND - IDCW - DIRECT PLAN,13.9242
2026-03-23,150591,BANDHAN NIFTY200 MOMENTUM 30 INDEX FUND - GROWTH - DIRECT PLAN,13.9458
2026-03-23,150592,BANDHAN NIFTY200 MOMENTUM 30 INDEX FUND - GROWTH - REGULAR PLAN,13.6406
2026-03-23,150593,BANDHAN NIFTY200 MOMENTUM 30 INDEX FUND - IDCW - REGULAR PLAN,13.64
2026-03-23,150594,Mirae Asset Global Electric & Autonomous Vehicles Equity Passive FOF - Regular Plan - Growth,14.481
2026-03-23,150595,Mirae Asset Global Electric & Autonomous Vehicles Equity Passive FOF - Direct Plan - Growth,14.696
2026-03-23,150596,Mirae Asset Global X Artificial Intelligence & Technology ETF Fund of Fund - Regular Plan - Growth,26.629
2026-03-23,150597,Mirae Asset Global X Artificial Intelligence & Technology ETF Fund of Fund - Direct Plan- Growth,26.783
2026-03-23,150610,Axis Silver ETF,207.4228
2026-03-23,150615,Axis Silver Fund of Fund- Direct Plan-Growth Option,34.4416
2026-03-23,150616,Axis Silver Fund of Fund- Direct Plan - IDCW Option,34.4411
2026-03-23,150617,Axis Silver Fund of Fund -Regular Plan- Growth Option,33.8264
2026-03-23,150618,Axis Silver Fund of Fund - Regular Plan - IDCW Option,33.8262
2026-03-23,150619,HDFC NIFTY 50 VALUE 20 ETF - Growth Option,123.419
2026-03-23,150620,HDFC NIFTY100 QUALITY 30 ETF - Growth Option,52.5068
2026-03-23,150621,HDFC NIFTY GROWTH SECTORS 15 ETF - Growth Option,108.4654
2026-03-23,150622,Kotak Business Cycle Fund-Regular Plan-IDCW option,14.335
2026-03-23,150624,Kotak Business Cycle - Direct Plan - Growth,15.113
2026-03-23,150625,Kotak Business Cycle Fund-Direct Plan-IDCW option,15.113
2026-03-23,150626,Kotak Business Cycle Fund-Regular Plan--Growth,14.335
2026-03-23,150627,Nippon India Fixed Maturity Plan-XLIV-Series 1-Direct Plan-Growth Option,13.0495
2026-03-23,150628,Nippon India Fixed Maturity Plan-XLIV-Series 1-Direct Plan-Payout of IDCW,13.0495
2026-03-23,150629,Nippon India Fixed Maturity Plan-XLIV-Series 1-Regular Plan-Growth Option,12.9585
2026-03-23,150630,Nippon India Fixed Maturity Plan-XLIV-Series 1-Regular Plan-Payout of IDCW,12.9585
2026-03-23,150631,Samco Overnight Fund - Direct Plan - Growth Option,1228.8857
2026-03-23,150632,Samco Overnight Fund - Regular Plan - Growth Option,1219.7941
2026-03-23,150633,BANDHAN NIFTY100 LOW VOLATILITY 30 INDEX FUND - GROWTH - REGULAR PLAN,14.0696
2026-03-23,150634,BANDHAN NIFTY100 LOW VOLATILITY 30 INDEX FUND - IDCW - DIRECT PLAN,14.3552
2026-03-23,150635,BANDHAN NIFTY100 LOW VOLATILITY 30 INDEX FUND - IDCW - REGULAR PLAN,14.0693
2026-03-23,150636,BANDHAN NIFTY100 LOW VOLATILITY 30 INDEX FUND - GROWTH - DIRECT PLAN,14.4262
2026-03-23,150637,ICICI Prudential Nifty50 Equal Weight Index Fund- Growth,15.0816
2026-03-23,150638,ICICI Prudential Nifty50 Equal Weight Index Fund- IDCW,15.0816
2026-03-23,150639,ICICI Prudential Nifty50 Equal Weight Index Fund- Direct Plan - Growth,15.3966
2026-03-23,150640,ICICI Prudential Nifty50 Equal Weight Index Fund- Direct Plan - IDCW,15.3964
2026-03-23,150641,Motilal Oswal Gold and Silver Passive Fund of Funds(Regular Plan),26.9081
2026-03-23,150642,Motilal Oswal Gold and Silver Passive Fund of Funds(Direct Plan),27.2431
2026-03-23,150643,ICICI Prudential Nifty Auto Index Fund - Direct Plan - Growth,19.2284
2026-03-23,150644,ICICI Prudential Nifty Auto Index Fund - Direct Plan - IDCW,19.2284
2026-03-23,150645,ICICI Prudential Nifty Auto Index Fund - Growth,18.8739
2026-03-23,150646,ICICI Prudential Nifty Auto Index Fund - IDCW,18.8743
2026-03-23,150647,SBI Fixed Maturity Plan (FMP) - Series 68 (1302 Days) - Regular Plan - Growth,12.6716
2026-03-23,150648,SBI Fixed Maturity Plan (FMP) - Series 68 (1302 Days) - Regular Plan - IDCW Payout,12.6715
2026-03-23,150649,SBI Fixed Maturity Plan (FMP) - Series 68 (1302 Days) - Direct Plan - Growth,12.7227
2026-03-23,150650,SBI Fixed Maturity Plan (FMP) - Series 68 (1302 Days) - Direct Plan - IDCW Payout,12.7251
2026-03-23,150651,HDFC FMP 1359D September - Growth Option,12.7014
2026-03-23,150652,HDFC FMP 1359D September - IDCW Option,12.7014
2026-03-23,150653,HDFC FMP 1359D September - IDCW Option - Direct Plan,12.8108
2026-03-23,150654,HDFC FMP 1359D September - Quarterly IDCW Option - Direct Plan,10.1733
2026-03-23,150655,HDFC FMP 1359D September - Growth Option - Direct Plan,12.8108
2026-03-23,150656,HDFC FMP 1359D September - Quarterly IDCW Option,10.1676
2026-03-23,150657,HDFC NIFTY200 MOMENTUM 30 ETF - Growth Option,27.526
2026-03-23,150658,HDFC NIFTY100 Low Volatility 30 ETF - Growth Option,18.7788
2026-03-23,150659,LIC MF Multi Cap Fund-Direct Plan-Growth,15.9315
2026-03-23,150660,LIC MF Multi Cap Fund-Direct Plan-IDCW,15.9315
2026-03-23,150661,LIC MF Multi Cap Fund-Regular Plan-Growth,15.0739
2026-03-23,150662,LIC MF Multi Cap Fund-Regular Plan-IDCW,15.0739
2026-03-23,150671,Edelweiss CRISIL IBX 50:50 Gilt Plus SDL April 2037 Index Fund - Direct Plan - Growth,13.1093
2026-03-23,150672,SBI Nifty Midcap 150 Index Fund - Regular Plan - Growth,16.6216
2026-03-23,150673,SBI Nifty Midcap 150 Index Fund - Direct Plan - Growth,16.9231
2026-03-23,150674,SBI Nifty Midcap 150 Index Fund - Regular Plan - Income Distribution cum Capital Withdrawal Option (IDCW),16.6218
2026-03-23,150675,SBI Nifty Midcap 150 Index Fund - Direct Plan - Income Distribution cum Capital Withdrawal Option (IDCW),16.9226
2026-03-23,150676,SBI Nifty Smallcap 250 Index Fund - Regular Plan - Growth,15.2322
2026-03-23,150677,SBI Nifty Smallcap 250 Index Fund - Direct Plan - Growth,15.5142
2026-03-23,150678,SBI Nifty Smallcap 250 Index Fund - Direct Plan - Income Distribution cum Capital Withdrawal Option (IDCW),15.5138
2026-03-23,150679,SBI Nifty Smallcap 250 Index Fund - Regular Plan - Income Distribution cum Capital Withdrawal Option (IDCW),15.2326
2026-03-23,150680,SBI CRISIL IBX Gilt Index - June 2036 Fund - Regular Plan - Income Distribution cum Capital Withdrawal Option (IDCW),13.0563
2026-03-23,150681,SBI |CRISIL IBX Gilt Index - June 2036 Fund - Direct Plan - Growth,13.1667
2026-03-23,150682,SBI CRISIL IBX Gilt Index - June 2036 Fund - Direct Plan - Income Distribution cum Capital Withdrawal Option (IDCW),13.1667
2026-03-23,150683,SBI CRISIL IBX Gilt Index - June 2036 Fund - Regular Plan - Growth,13.0559
2026-03-23,150684,ICICI PRUDENTIAL TRANSPORTATION AND LOGISTICS FUND - Growth,17.93
2026-03-23,150685,ICICI PRUDENTIAL TRANSPORTATION AND LOGISTICS FUND - Direct Plan - Growth,18.71
2026-03-23,150686,ICICI PRUDENTIAL TRANSPORTATION AND LOGISTICS FUND - IDCW,15.2
2026-03-23,150687,ICICI PRUDENTIAL TRANSPORTATION AND LOGISTICS FUND - Direct Plan - IDCW,15.96
2026-03-23,150688,Aditya Birla Sun Life Multi-Asset Passive FOF-Direct Growth,15.7727
2026-03-23,150689,Aditya Birla Sun Life Multi-Asset Passive FOF-Direct IDCW,15.7734
2026-03-23,150690,Aditya Birla Sun Life Multi-Asset Passive FOF-Regular Growth,15.5872
2026-03-23,150691,Aditya Birla Sun Life Multi-Asset Passive FOF-Regular IDCW,15.5874
2026-03-23,150698,Aditya Birla Sun Life Crisil IBX Gilt-April 2026 Index Fund-Direct Growth,12.7154
2026-03-23,150699,Aditya Birla Sun Life Crisil IBX Gilt- April 2026 Index Fund-Direct IDCW,12.7163
2026-03-23,150700,Aditya Birla Sun Life Crisil IBX Gilt-April 2026 Index Fund-Regular IDCW,12.6453
2026-03-23,150701,Aditya Birla Sun Life Crisil IBX Gilt-April 2026 Index Fund-Regular Growth,12.6448
2026-03-23,150702,Aditya Birla Sun Life Crisil IBX 50:50 Gilt Plus SDL Apr 2028 Index Fund-Direct Growth,13.0238
2026-03-23,150703,Aditya Birla Sun Life Crisil IBX 50:50 Gilt Plus SDL Apr 2028 Index Fund-Regular Growth,12.955
2026-03-23,150704,Aditya Birla Sun Life Crisil IBX 50:50 Gilt Plus SDL APR 2028 Index Fund-Direct IDCW,13.022
2026-03-23,150705,Aditya Birla Sun Life Crisil IBX 50:50 Gilt Plus SDL Apr 2028 Index Fund-Regular IDCW,12.9562
2026-03-23,150706,SBI CRISIL IBX Gilt Index - April 2029 Fund - Direct Plan - Growth,13.0649
2026-03-23,150707,SBI CRISIL IBX Gilt Index - April 2029 Fund - Regular Plan - Growth,12.9603
2026-03-23,150708,SBI CRISIL IBX Gilt Index - April 2029 Fund - Direct Plan - Income Distribution cum Capital Withdrawal Option (IDCW),13.065
2026-03-23,150709,SBI CRISIL IBX Gilt Index - April 2029 Fund - Regular Plan - Income Distribution cum Capital Withdrawal Option (IDCW),12.9611
2026-03-23,150710,SBI CRISIL IBX SDL Index - September 2027 Fund - Regular Plan - Income Distribution cum Capital Withdrawal Option (IDCW),12.8314
2026-03-23,150711,SBI CRISIL IBX SDL Index - September 2027 Fund - Direct Plan - Growth,12.9087
2026-03-23,150712,SBI CRISIL IBX SDL Index - September 2027 Fund - Regular Plan - Growth,12.8311
2026-03-23,150713,SBI CRISIL IBX SDL Index - September 2027 Fund - Direct Plan - Income Distribution cum Capital Withdrawal Option (IDCW),12.9145
2026-03-23,150714,UTI Gold ETF Fund of Fund - Direct Plan - Growth Option,25.9484
2026-03-23,150715,UTI Gold ETF Fund of Fund - Regular Plan - Growth Opton,25.5706
2026-03-23,150716,BANDHAN TRANSPORTATION AND LOGISTICS FUND - GROWTH - DIRECT PLAN,17.98
2026-03-23,150717,BANDHAN TRANSPORTATION AND LOGISTICS FUND - GROWTH - REGULAR PLAN,17.038
2026-03-23,150718,BANDHAN TRANSPORTATION AND LOGISTICS FUND - IDCW - REGULAR PLAN,17.038
2026-03-23,150719,BANDHAN TRANSPORTATION AND LOGISTICS FUND - IDCW - DIRECT PLAN,17.959
2026-03-23,150720,Edelweiss CRISIL IBX 50:50 Gilt Plus SDL April 2037 Index Fund - Regular Plan - Growth,12.9836
2026-03-23,150721,Edelweiss CRISIL IBX 50:50 Gilt Plus SDL April 2037 Index Fund - Regular Plan - IDCW Option,12.9839
2026-03-23,150722,Edelweiss CRISIL IBX 50:50 Gilt Plus SDL April 2037 Index Fund - Direct Plan - IDCW Option,13.1093
2026-03-23,150723,Kotak Nifty SDL Plus AAA PSU Bond Jul 2028 60:40 Index Fund Regular Plan - Growth,12.8339
2026-03-23,150724,Kotak Nifty SDL Plus AAA PSU Bond Jul 2028 60:40 Index Fund Regular Plan - IDCW,12.8298
2026-03-23,150725,Kotak Nifty SDL Plus AAA PSU Bond Jul 2028 60:40 Index Fund Direct Plan - Growth,12.9198
2026-03-23,150726,Kotak Nifty SDL Plus AAA PSU Bond Jul 2028 60:40 Index Fund Direct Plan - IDCW,12.9199
2026-03-23,150727,Edelweiss CRISIL IBX 50:50 Gilt Plus SDL June 2027 Index Fund - Direct Plan - Growth,12.9119
2026-03-23,150728,ICICI Prudential Nifty SDL Dec 2028 Index Fund - Growth,13.0188
2026-03-23,150729,ICICI Prudential Nifty SDL Dec 2028 Index Fund - Direct Plan - Growth,13.0993
2026-03-23,150730,ICICI Prudential Nifty SDL Dec 2028 Index Fund - Direct Plan - Annual IDCW,13.0997
2026-03-23,150731,ICICI Prudential Nifty SDL Dec 2028 Index Fund - Annual IDCW,13.0188
2026-03-23,150732,ICICI Prudential Nifty G-Sec Dec 2030 Index Fund - Growth,12.9911
2026-03-23,150733,ICICI Prudential Nifty G-Sec Dec 2030 Index Fund - Direct Plan - Growth,13.0762
2026-03-23,150734,ICICI Prudential Nifty G-Sec Dec 2030 Index Fund - Annual IDCW,12.9912
2026-03-23,150735,ICICI Prudential Nifty G-Sec Dec 2030 Index Fund - Direct Plan - Annual IDCW,13.0754
2026-03-23,150736,HDFC Silver ETF Fund of Fund - Growth Option,32.7338
2026-03-23,150737,HDFC Silver ETF Fund of Fund - Growth Option - Direct Plan,33.1524
2026-03-23,150738,Tata Nifty Midcap 150 Momentum 50 Index Fund - Growth - Direct Plan,16.0386
2026-03-23,150739,Tata Nifty Midcap 150 Momentum 50 Index Fund - IDCW Reinvestment - Direct Plan,16.0386
2026-03-23,150740,Tata Nifty Midcap 150 Momentum 50 Index Fund - IDCW Payout - Direct Plan,16.0386
2026-03-23,150741,Tata Nifty Midcap 150 Momentum 50 Index Fund - Growth - Regular Plan,15.6439
2026-03-23,150742,Tata Nifty Midcap 150 Momentum 50 Index Fund - IDCW Payout - Regular Plan,15.6439
2026-03-23,150743,Tata Nifty Midcap 150 Momentum 50 Index Fund - IDCW Reinvestment - Regular Plan,15.6439
2026-03-23,150744,BANDHAN CRISIL IBX GILT APRIL 2026 INDEX FUND - REGULAR PLAN - GROWTH,12.5879
2026-03-23,150745,BANDHAN CRISIL IBX GILT APRIL 2026 INDEX FUND - REGULAR PLAN - IDCW,10.559
2026-03-23,150746,BANDHAN CRISIL IBX GILT APRIL 2026 INDEX FUND - DIRECT PLAN - GROWTH,12.6964
2026-03-23,150747,BANDHAN CRISIL IBX GILT APRIL 2026 INDEX FUND - DIRECT PLAN - IDCW,10.6614
2026-03-23,150748,Axis NASDAQ 100 US Specific Equity Passive FOF - Regular Plan - IDCW,23.8428
2026-03-23,150749,Axis NASDAQ 100 US Specific Equity Passive FOF - Direct Plan - IDCW,24.1509
2026-03-23,150750,Axis NASDAQ 100 US Specific Equity Passive FOF - Regular Plan - Growth,23.8429
2026-03-23,150751,Axis NASDAQ 100 US Specific Equity Passive FOF - Direct Plan - Growth,24.151
2026-03-23,150752,Nippon India Nifty AAA PSU Bond Plus SDL - Sep 2026 Maturity 50:50 Index Fund-Regular Plan-Growth Option,12.6604
2026-03-23,150753,Nippon India Nifty AAA PSU Bond Plus SDL - Sep 2026 Maturity 50:50 Index Fund-Direct Plan-IDCW Option,12.7401
2026-03-23,150754,Nippon India Nifty AAA PSU Bond Plus SDL - Sep 2026 Maturity 50:50 Index Fund-Direct Plan-Growth Option,12.7401
2026-03-23,150755,Nippon India Nifty AAA PSU Bond Plus SDL - Sep 2026 Maturity 50:50 Index Fund-Regular Plan-IDCW Option,12.6604
2026-03-23,150770,Edelweiss CRISIL IBX 50:50 Gilt Plus SDL June 2027 Index Fund - Direct Plan - IDCW,12.9114
2026-03-23,150771,Edelweiss CRISIL IBX 50:50 Gilt Plus SDL June 2027 Index Fund - Regular Plan - Growth,12.8037
2026-03-23,150772,Edelweiss CRISIL IBX 50:50 Gilt Plus SDL June 2027 Index Fund - Regular Plan - IDCW,12.8042
2026-03-23,150777,Aditya Birla Sun Life Crisil IBX Gilt-Apr 2029 Index Fund-Regular Growth,13.0396
2026-03-23,150778,Aditya Birla Sun Life Crisil IBX Gilt-Apr-2029 Index Fund-Direct Growth,13.1123
2026-03-23,150779,Aditya Birla Sun Life Crisil IBX Gilt-Apr 2029 Index Fund-Regular IDCW,10.4003
2026-03-23,150780,Aditya Birla Sun Life Crisil IBX Gilt-Apr 2029 Index Fund-Direct IDCW,10.4915
2026-03-23,150785,Mirae Asset Nifty AAA PSU Bond Plus SDL Apr 2026 50:50 Index Fund - Regular Plan - IDCW,12.6277
2026-03-23,150786,Mirae Asset Nifty AAA PSU Bond Plus SDL Apr 2026 50:50 Index Fund - Regular Plan - Growth,12.6273
2026-03-23,150787,Mirae Asset Nifty AAA PSU Bond Plus SDL Apr 2026 50:50 Index Fund - Direct Plan - IDCW,12.721
2026-03-23,150788,Mirae Asset Nifty AAA PSU Bond Plus SDL Apr 2026 50:50 Index Fund - Direct Plan - Growth,12.721
2026-03-23,150789,Mirae Asset CRISIL IBX Gilt Index - April 2033 Index Fund - Direct Plan - IDCW,13.1239
2026-03-23,150790,Mirae Asset CRISIL IBX Gilt Index - April 2033 Index Fund - Regular Plan - Growth,12.9987
2026-03-23,150791,Mirae Asset CRISIL IBX Gilt Index - April 2033 Index Fund - Regular Plan - IDCW,12.9996
2026-03-23,150792,Mirae Asset CRISIL IBX Gilt Index - April 2033 Index Fund - Direct Plan - Growth,13.1275
2026-03-23,150797,WhiteOak Capital Large Cap Fund Direct Plan Growth,14.134
2026-03-23,150798,WhiteOak Capital Large Cap Fund Direct Plan IDCW,14.134
2026-03-23,150799,WhiteOak Capital Large Cap Fund Regular Plan Growth,13.378
2026-03-23,150800,WhiteOak Capital Large Cap Fund Regular Plan IDCW,13.378
2026-03-23,150801,HDFC NIFTY IT ETF - Growth option,30.9078
2026-03-23,150802,HDFC NIFTY Private Bank ETF - Growth Option,24.8137
2026-03-23,150803,HDFC Business Cycle Fund - Growth Option,12.573
2026-03-23,150804,HDFC Business Cycle Fund - IDCW Option - Direct Plan,13.099
2026-03-23,150805,HDFC Business Cycle Fund - Growth Option - Direct Plan,13.099
2026-03-23,150806,HDFC Business Cycle Fund - IDCW Option,12.573
2026-03-23,150807,Edelweiss CRISIL IBX 50:50 Gilt Plus SDL Sep 2028 Index Fund - Direct Plan - Growth,12.9582
2026-03-23,150812,JM Midcap Fund (Regular) - Growth,16.6435
2026-03-23,150813,JM Midcap Fund (Regular) - IDCW,16.6435
2026-03-23,150814,JM Midcap Fund (Direct) - IDCW,17.6422
2026-03-23,150815,JM Midcap Fund (Direct) - Growth,17.6422
2026-03-23,150816,Canara Robeco Mid Cap Fund- Regular Plan- Growth Option,15.26
2026-03-23,150817,Canara Robeco Mid Cap Fund- Direct Plan- Growth Option,15.98
2026-03-23,150818,Canara Robeco Mid Cap Fund- Direct Plan- IDCW,14.72
2026-03-23,150819,Canara Robeco Mid Cap Fund- Regular Plan- IDCW,14.04
2026-03-23,150820,Kotak Income Plus Arbitrage Omni  FOF-Regular Plan-Growth,12.7973
2026-03-23,150821,Kotak Income Plus Arbitrage Omni FOF-Regular Plan-IDCW,12.7971
2026-03-23,150822,Kotak Income Plus Arbitrage Omni FOF-Direct Plan-Growth,12.8575
2026-03-23,150823,Kotak Income Plus Arbitrage Omni FOF-Direct Plan-IDCW,12.8578
2026-03-23,150824,Nippon India Nifty SDL Plus G-Sec - Jun 2028 Maturity 70:30 Index Fund-Direct Plan-Growth Option,12.8152
2026-03-23,150825,Nippon India Nifty SDL Plus G-Sec - Jun 2028 Maturity 70:30 Index Fund-Regular Plan-Growth Option,12.73
2026-03-23,150826,Nippon India Nifty SDL Plus G-Sec - Jun 2028 Maturity 70:30 Index Fund-Direct Plan-IDCW Option,12.8152
2026-03-23,150827,Nippon India Nifty SDL Plus G-Sec - Jun 2028 Maturity 70:30 Index Fund-Regular Plan IDCW Option,12.73
2026-03-23,150828,UTI Fixed Term Income Fund - Series XXXV-I (1260 Days) - Regular Plan - Growth Option,12.5076
2026-03-23,150829,UTI Fixed Term Income Fund - Series XXXV-I (1260 Days) - Regular Plan - Maturity IDCW Option,12.5076
2026-03-23,150830,UTI Fixed Term Income Fund - Series XXXV-I (1260 Days) - Regular Plan - Quarterly IDCW Option,12.5076
2026-03-23,150831,UTI Fixed Term Income Fund - Series XXXV-I (1260 days) - Regular Plan - Annual IDCW Option,10.9111
2026-03-23,150832,UTI Fixed Term Income Fund - Series XXXV-I (1260 Days) - Regular Plan - Flexi IDCW Option,12.5064
2026-03-23,150833,UTI Fixed Term Income Fund - Series XXXV-I (1260 Days) - Direct Plan - Growth Option,12.6681
2026-03-23,150834,UTI Fixed Term Income Fund - Series XXXV-I (1260 Days) - Direct Plan - Quarterly IDCW Option,12.6681
2026-03-23,150835,UTI Fixed Term Income Fund - Series XXXV-I (1260 Days) - Direct Plan - Annual IDCW Option,11.1975
2026-03-23,150837,UTI Fixed Term Income Fund - Series XXXV-I (1260 Days) - Direct Plan - Maturity IDCW Option,12.6681
2026-03-23,150838,Samco ELSS Tax Saver Fund - Direct Plan - Growth Option,11.43
2026-03-23,150839,Samco ELSS Tax Saver Fund - Regular Plan - Growth Option,10.91
2026-03-23,150840,DSP FMP Series - 267 - 1172 Days - Direct - IDCW,12.6677
2026-03-23,150841,DSP FMP Series - 267 - 1172 Days - Regular - IDCW,12.6212
2026-03-23,150842,DSP FMP Series - 267 - 1172 Days - Direct - Growth,12.6678
2026-03-23,150843,DSP FMP Series - 267 - 1172 Days - Regular - Growth,12.6212
2026-03-23,150844,HDFC Nifty G-Sec Dec 2026 Index Fund - Growth Option,12.649
2026-03-23,150845,HDFC Nifty G-Sec Dec 2026 Index Fund - Growth Option - Direct Plan,12.7138
2026-03-23,150846,HDFC Nifty G-Sec July 2031 Index Fund - Growth Option,12.9049
2026-03-23,150847,HDFC Nifty G-Sec July 2031 Index Fund - Growth Option - Direct Plan,12.9752
2026-03-23,150848,Edelweiss CRISIL IBX 50:50 Gilt Plus SDL Sep 2028 Index Fund - Regular Plan - Growth,12.8448
2026-03-23,150849,Edelweiss CRISIL IBX 50:50 Gilt Plus SDL Sep 2028 Index Fund - Regular Plan - IDCW,12.8447
2026-03-23,150850,Edelweiss CRISIL IBX 50:50 Gilt Plus SDL Sep 2028 Index Fund - Direct Plan - IDCW,12.9585
2026-03-23,150851,Axis Nifty SDL September 2026 Debt Index Fund - Regular Plan - Growth,12.6415
2026-03-23,150852,Axis Nifty SDL September 2026 Debt Index Fund - Direct Plan - IDCW,12.6966
2026-03-23,150853,Axis Nifty SDL September 2026 Debt Index Fund - Regular Plan -  IDCW,12.6415
2026-03-23,150854,Axis Nifty SDL September 2026 Debt Index Fund - Direct Plan - Growth,12.6965
2026-03-23,150855,Union Multicap Fund - Regular Plan - Growth Option,14.35
2026-03-23,150856,Union Multicap Fund - Regular Plan - IDCW Option,14.35
2026-03-23,150857,Union Multicap Fund - Direct Plan - IDCW Option,14.97
2026-03-23,150858,Union Multicap Fund - Direct Plan - Growth Option,14.97
2026-03-23,150863,Baroda BNP Paribas Multi Asset Fund - Regular Plan - Growth Option,14.7119
2026-03-23,150864,Baroda BNP Paribas Multi Asset Fund - Regular Plan - IDCW Option,14.0475
2026-03-23,150865,Baroda BNP Paribas Multi Asset Fund - Direct Plan - Growth Option,15.391
2026-03-23,150866,Baroda BNP Paribas Multi Asset Fund - Direct Plan - IDCW Option,14.9535
2026-03-23,150867,BANDHAN CRISIL IBX 90:10 SDL PLUS GILT - NOV 2026 INDEX FUND - DIRECT IDCW,10.6438
2026-03-23,150868,BANDHAN CRISIL IBX 90:10 SDL PLUS GILT - NOV 2026 INDEX FUND - DIRECT GROWTH,12.7376
2026-03-23,150869,BANDHAN CRISIL IBX 90:10 SDL PLUS GILT - NOV 2026 INDEX FUND - REGULAR GROWTH,12.631
2026-03-23,150870,BANDHAN CRISIL IBX 90:10 SDL PLUS GILT - NOV 2026 INDEX FUND - REGULAR IDCW,10.4935
2026-03-23,150871,BANDHAN CRISIL IBX 90:10 SDL PLUS GILT APRIL 2032 INDEX FUND - DIRECT GROWTH,12.8924
2026-03-23,150872,BANDHAN CRISIL IBX 90:10 SDL PLUS GILT APRIL 2032 INDEX FUND - DIRECT IDCW,10.882
2026-03-23,150873,BANDHAN CRISIL IBX 90:10 SDL PLUS GILT APRIL 2032 INDEX FUND - REGULAR GROWTH,12.8185
2026-03-23,150874,BANDHAN CRISIL IBX 90:10 SDL PLUS GILT APRIL 2032 INDEX FUND - REGULAR IDCW,10.8125
2026-03-23,150879,ICICI Prudential Nifty Financial Services Ex-BaNk ETF,27.9465
2026-03-23,150884,DSP FMP Series - 268 - 1281 Days - Regular - Growth,12.5845
2026-03-23,150885,DSP FMP Series - 268 - 1281 Days - Direct - Growth,12.6475
2026-03-23,150886,DSP FMP Series - 268 - 1281 Days - Direct - IDCW,12.6464
2026-03-23,150887,DSP FMP Series - 268 - 1281 Days - Regular - IDCW,12.5845
2026-03-23,150888,BANDHAN CRISIL IBX 90:10 SDL PLUS GILT - SEP27 INDEX FUND - DIRECT GROWTH,12.7935
2026-03-23,150889,BANDHAN CRISIL IBX 90:10 SDL PLUS GILT SEP27 INDEX FUND - DIRECT IDCW,10.5533
2026-03-23,150890,BANDHAN CRISIL IBX 90:10 SDL PLUS GILT SEP27 INDEX FUND - REGULAR GROWTH,12.6875
2026-03-23,150891,BANDHAN CRISIL IBX 90:10 SDL PLUS GILT SEP27 INDEX FUND - REGULAR IDCW,10.5397
2026-03-23,150892,Edelweiss Nifty Smallcap 250 Index Fund - Direct Plan - Growth,14.8075
2026-03-23,150893,Edelweiss Nifty Smallcap 250 Index Fund - Regular Plan - IDCW,14.478
2026-03-23,150894,Edelweiss Nifty Smallcap 250 Index Fund - Regular Plan - Growth,14.4781
2026-03-23,150895,Edelweiss Nifty Smallcap 250 Index Fund - Direct Plan - IDCW,14.8079
2026-03-23,150896,Edelweiss Nifty Next 50 Index Fund - Direct Plan - IDCW,14.2913
2026-03-23,150897,Edelweiss Nifty Next 50 Index Fund - Regular Plan - Growth,13.956
2026-03-23,150898,Edelweiss Nifty Next 50 Index Fund - Regular Plan - IDCW,13.9559
2026-03-23,150899,Edelweiss Nifty Next 50 Index Fund - Direct Plan - Growth,14.2916
2026-03-23,150900,Edelweiss Nifty Midcap150 Momentum 50 Index Fund - Regular Plan - Growth,15.6902
2026-03-23,150901,Edelweiss Nifty Midcap150 Momentum 50 Index Fund - Regular Plan - IDCW,15.6902
2026-03-23,150902,Edelweiss Nifty Midcap150 Momentum 50 Index Fund - Direct Plan - Growth,16.0633
2026-03-23,150903,Edelweiss Nifty Midcap150 Momentum 50 Index Fund - Direct Plan - IDCW,16.066
2026-03-23,150904,Nippon India Nifty G-Sec Sep 2027 Maturity Index Fund-Regular Plan-Growth Option,12.5785
2026-03-23,150905,Nippon India Nifty G-Sec Sep 2027 Maturity Index Fund-Regular Plan-IDCW Option,12.5785
2026-03-23,150906,Nippon India Nifty G-Sec Sep 2027 Maturity Index Fund-Direct Plan-Growth Option,12.6647
2026-03-23,150907,Nippon India Nifty G-Sec Sep 2027 Maturity Index Fund-Direct Plan-IDCW Option,12.6647
2026-03-23,150912,Mahindra Manulife Small Cap Fund - Regular Plan - Growth,16.9773
2026-03-23,150913,Mahindra Manulife Small Cap Fund - Direct Plan - IDCW,17.1779
2026-03-23,150914,Mahindra Manulife Small Cap Fund - Regular Plan - IDCW,16.2732
2026-03-23,150915,Mahindra Manulife Small Cap Fund - Direct Plan - Growth,17.8824
2026-03-23,150916,SBI Fixed Maturity Plan (FMP)-Series 72 (1239 Days) Direct Plan- Income Distribution Cum Capital Withdrawal Payout,12.5901
2026-03-23,150917,SBI Fixed Maturity Plan (FMP)-Series 72 (1239 Days) Regular Plan- Growth,12.5407
2026-03-23,150918,SBI Fixed Maturity Plan (FMP)-Series 72 (1239 Days) Regular Plan- Income Distribution Cum Capital Withdrawal Payout,12.5407
2026-03-23,150919,SBI Fixed Maturity Plan (FMP)-Series 72 (1239 Days) Direct Plan- Growth,12.5901
2026-03-23,150920,Nippon India Nifty G-Sec Jun 2036 Maturity Index Fund-Direct Plan-Growth Option,12.8961
2026-03-23,150921,Nippon India Nifty G-Sec Jun 2036 Maturity Index fund-Direct Plan-IDCW Option,12.8961
2026-03-23,150922,Nippon India Nifty G-Sec Jun 2036 Maturity Index Fund-Regular Plan-IDCW Option,12.8033
2026-03-23,150923,Nippon India Nifty G-Sec Jun 2036 Maturity Index Fund-Regular Plan-Growth Option,12.8033
2026-03-23,150928,ICICI Prudential Nifty Pharma Index Fund - Direct Plan - IDCW,17.0608
2026-03-23,150929,ICICI Prudential Nifty Pharma Index Fund - Growth,16.7105
2026-03-23,150930,ICICI Prudential Nifty Pharma Index Fund - Direct Plan - Growth,17.0599
2026-03-23,150931,ICICI Prudential Nifty Pharma Index Fund - IDCW,16.7105
2026-03-23,150932,Nippon India Fixed Maturity Plan - XLIV - Series 4-Direct Plan-Growth Option,12.5349
2026-03-23,150934,Nippon India Fixed Maturity Plan - XLIV - Series 4-Regular Plan-Payout of IDCW,12.4521
2026-03-23,150935,Nippon India Fixed Maturity Plan- XLIV - Series 4-Regular Plan-Growth Option,12.4521
2026-03-23,150936,Aditya Birla Sun Life Crisil IBX 60:40 SDL+AAA PSU APR 2026 Index Fund-Regular Growth,12.428
2026-03-23,150937,Aditya Birla Sun Life Crisil IBX 60:40 SDL+AAA PSU APR 2026 Index Fund-Regular IDCW Payout,12.4291
2026-03-23,150938,Aditya Birla Sun Life Crisil IBX 60:40 SDL + AAA PSU APR 2026 Index Fund-Direct Growth,12.5272
2026-03-23,150939,Aditya Birla Sun Life Crisil IBX 60:40 SDL+ AAA PSU APR 2026 Index Fund-Direct IDCW Payout,12.5262
2026-03-23,150948,Kotak Silver ETF,20.2171
2026-03-23,150949,ICICI Prudential Fixed Maturity Plan - Series 88 - 1226 Days Plan F - Growth,12.4629
2026-03-23,150950,ICICI Prudential Fixed Maturity Plan - Series 88 - 1226 Days Plan F - Direct Plan - Growth,12.5506
2026-03-23,150951,ICICI Prudential Fixed Maturity Plan - Series 88 - 1226 Days Plan F - Quarterly IDCW,12.2053
2026-03-23,150952,ICICI Prudential Fixed Maturity Plan - Series 88 - 1226 Days Plan F - Direct Plan - Quarterly IDCW,12.2901
2026-03-23,150953,ICICI Prudential Fixed Maturity Plan - Series 88 - 1226 Days Plan F - Direct Plan - Half Yearly IDCW,12.3449
2026-03-23,150954,ICICI Prudential Fixed Maturity Plan - Series 88 - 1226 Days Plan F - Half Yearly IDCW,12.2574
2026-03-23,150963,UTI Fixed Term Income Fund - Series XXXV-II (1223 Days) - Direct Plan - Growth Option,12.5393
2026-03-23,150964,UTI Fixed Term Income Fund - Series XXXV-II (1223 Days) - Direct Plan - Quarterly IDCW Option,12.5407
2026-03-23,150965,UTI Fixed Term Income Fund - Series XXXV-II (1223 Days) - Direct Plan - Annual IDCW Option,11.0279
2026-03-23,150966,UTI Fixed Term Income Fund - Series XXXV-II (1223 Days) - Direct Plan - Maturity IDCW Option,12.5392
2026-03-23,150967,UTI Fixed Term Income Fund - Series XXXV-II (1223 Days) - Regular Plan - Annual IDCW Option,10.8833
2026-03-23,150968,UTI Fixed Term Income Fund - Series XXXV-II (1223 Days) - Regular Plan - Flexi IDCW Option,12.389
2026-03-23,150969,UTI Fixed Term Income Fund - Series XXXV-II (1223 Days) - Regular Plan - Maturity IDCW Option,12.3868
2026-03-23,150970,UTI Fixed Term Income Fund - Series XXXV-II (1223 Days) - Direct Plan - Flexi IDCW Option,12.5563
2026-03-23,150971,UTI Fixed Term Income Fund - Series XXXV-II (1223 Days) - Regular Plan - Growth Option,12.3877
2026-03-23,150972,UTI Fixed Term Income Fund - Series XXXV-II (1223 Days) - Regular Plan - Quarterly IDCW Option,12.3877
2026-03-23,150983,SBI Fixed Maturity Plan (FMP) - Series 73 (1226 Days) - Regular Plan - IDCW Payout,12.5092
2026-03-23,150984,SBI Fixed Maturity Plan (FMP) - Series 73 (1226 Days) - Direct Plan - Growth,12.557
2026-03-23,150985,SBI Fixed Maturity Plan (FMP) - Series 73 (1226 Days) - Direct Plan - IDCW Payout,12.5569
2026-03-23,150986,SBI Fixed Maturity Plan (FMP) - Series 73 (1226 Days) - Regular Plan - Growth,12.5092
2026-03-23,150987,BHARAT Bond ETF - April 2033,1268.2201
2026-03-23,150988,BHARAT Bond ETF FOF - April 2033 - Regular Plan - IDCW,12.6595
2026-03-23,150989,BHARAT Bond ETF FOF - April 2033 - Direct Plan - Growth,12.6596
2026-03-23,150990,BHARAT Bond ETF FOF - April 2033 - Direct Plan - IDCW,12.6596
2026-03-23,150991,BHARAT Bond ETF FOF - April 2033 - Regular Plan - Growth,12.6596
2026-03-23,150992,HSBC Corporate Bond Fund - Regular Growth,75.6196
2026-03-23,150993,HSBC Corporate Bond Fund - Regular Quarterly IDCW,10.9878
2026-03-23,150994,HSBC Corporate Bond Fund - Regular Semi Annual IDCW,16.9304
2026-03-23,150995,HSBC Corporate Bond Fund -Regular Plan - Bonus,28.7244
2026-03-23,150996,HSBC Corporate Bond Fund - Direct Growth,80.7077
2026-03-23,150997,HSBC Corporate Bond Fund - Direct Semi Annual IDCW,20.288
2026-03-23,150998,HSBC Corporate Bond Fund - Direct Quarterly IDCW,11.4053
2026-03-23,151000,HSBC Corporate Bond Fund - Direct Annual IDCW,12.4147
2026-03-23,151001,HSBC Corporate Bond Fund - Regular Annual IDCW,12.1243
2026-03-23,151012,HSBC Gilt Fund - Regular Quarterly IDCW,10.3581
2026-03-23,151013,HSBC Gilt Fund - Regular Growth,65.1584
2026-03-23,151014,HSBC Gilt Fund - Direct Growth,75.3172
2026-03-23,151015,HSBC Gilt Fund - Direct Quarterly IDCW,12.0825
2026-03-23,151033,HSBC Midcap Fund - Regular IDCW,68.0923
2026-03-23,151034,HSBC Midcap Fund - Regular Growth,362.7276
2026-03-23,151035,HSBC Midcap Fund - Direct IDCW,78.8067
2026-03-23,151036,HSBC Midcap Fund - Direct Growth,412.9011
2026-03-23,151037,HSBC Infrastructure Fund - Regular Growth,42.3212
2026-03-23,151038,HSBC Infrastructure Fund - Regular IDCW,30.6634
2026-03-23,151039,HSBC Infrastructure Fund - Direct IDCW,34.3522
2026-03-23,151040,HSBC Infrastructure Fund - Direct Growth,47.9145
2026-03-23,151041,HSBC Credit Risk Fund- Regular Plan - Bonus,32.9445
2026-03-23,151042,HSBC Credit Risk Fund - Regular IDCW,11.2628
2026-03-23,151043,HSBC Credit Risk Fund - Regular Growth,33.4733
2026-03-23,151044,HSBC Credit Risk Fund - Direct IDCW,12.3289
2026-03-23,151045,HSBC Credit Risk Fund - Direct Growth,36.4713
2026-03-23,151046,HSBC Credit Risk Fund - Regular Annual IDCW,13.2386
2026-03-23,151047,HSBC Credit Risk Fund - Direct Annual IDCW,14.3779
2026-03-23,151048,HSBC Money Market Fund - Regular Growth,27.5253
2026-03-23,151049,HSBC Money Market Fund - Regular Daily IDCW,10.8538
2026-03-23,151050,HSBC Money Market Fund - Regular Weekly IDCW,13.0955
2026-03-23,151051,HSBC Money Market Fund - Regular Monthly IDCW,11.5623
2026-03-23,151052,HSBC Money Market Fund - Direct Monthly IDCW,12.2147
2026-03-23,151053,HSBC Money Market Fund - Direct Weekly IDCW,13.1827
2026-03-23,151054,HSBC Money Market Fund - Direct Growth,28.9074
2026-03-23,151055,HSBC Money Market Fund - Direct Daily IDCW,10.8541
2026-03-23,151056,HSBC Equity Savings Fund - Regular Monthly IDCW,14.6385
2026-03-23,151057,HSBC Equity Savings Fund - Regular Quarterly IDCW,15.7336
2026-03-23,151058,HSBC Equity Savings Fund - Regular Growth,33.7022
2026-03-23,151059,HSBC Equity Savings Fund - Direct Quarterly IDCW,17.4728
2026-03-23,151060,HSBC Equity Savings Fund - Direct Growth,37.6033
2026-03-23,151061,HSBC Equity Savings Fund - Direct Monthly IDCW,16.6536
2026-03-23,151062,HSBC Short Duration Fund - Bonus,27.3595
2026-03-23,151063,HSBC Short Duration Fund -  Regular Plan - Monthly IDCW,11.0244
2026-03-23,151064,HSBC Short Duration Fund - Regular Quarterly IDCW,10.5047
2026-03-23,151065,HSBC Short Duration Fund - Regular Growth,27.3605
2026-03-23,151067,HSBC Short Duration Fund - Direct Growth,29.0733
2026-03-23,151068,HSBC Short Duration Fund - Direct Plan -  Monthly IDCW,11.6901
2026-03-23,151069,HSBC Short Duration Fund - Direct Quarterly IDCW,11.367
2026-03-23,151070,HSBC Short Duration Fund - Direct Annual IDCW,12.8876
2026-03-23,151071,HSBC Short Duration Fund - Regular Annual IDCW,12.2815
2026-03-23,151076,HSBC ELSS Tax saver Fund - Regular Growth,119.6739
2026-03-23,151077,HSBC ELSS Tax saver Fund - Regular IDCW Payout,24.1235
2026-03-23,151078,HSBC ELSS Tax saver Fund - Direct Growth,131.0917
2026-03-23,151079,HSBC ELSS Tax saver Fund - Direct IDCW Payout,35.4827
2026-03-23,151084,HSBC Dynamic Bond Fund - Regular Growth,29.9366
2026-03-23,151085,HSBC Dynamic Bond Fund - Regular Monthly IDCW,10.6125
2026-03-23,151086,HSBC Dynamic Bond Fund - Direct Monthly IDCW,12.6415
2026-03-23,151087,HSBC Dynamic Bond Fund - Direct Growth,32.5413
2026-03-23,151088,HSBC Dynamic Bond Fund - Direct Annual IDCW,11.3969
2026-03-23,151089,HSBC Dynamic Bond Fund - Regular Annual IDCW,10.6966
2026-03-23,151102,HSBC Banking and PSU Debt Fund - Regular Daily IDCW,11.071
2026-03-23,151103,HSBC Banking and PSU Debt Fund - Regular Weekly IDCW,10.2839
2026-03-23,151104,HSBC Banking and PSU Debt Fund - Regular Growth,25.0251
2026-03-23,151105,HSBC Banking and PSU Debt Fund - Regular Monthly IDCW,10.4076
2026-03-23,151106,HSBC Banking and PSU Debt Fund - Direct Monthly IDCW,11.1842
2026-03-23,151107,HSBC Banking and PSU Debt Fund - Direct Growth,26.4219
2026-03-23,151108,HSBC Banking and PSU Debt Fund - Direct Daily IDCW,11.1476
2026-03-23,151109,HSBC Banking and PSU Debt Fund - Direct Weekly IDCW,10.3121
2026-03-23,151110,HSBC Value Fund - Regular Growth,101.5989
2026-03-23,151111,HSBC Value Fund - Regular IDCW,44.0302
2026-03-23,151112,HSBC Value Fund - Direct IDCW,56.4902
2026-03-23,151113,HSBC Value Fund - Direct Growth,114.1515
2026-03-23,151114,HSBC Low Duration Fund - Regular Growth,29.8346
2026-03-23,151115,HSBC Low Duration Fund - Regular Monthly IDCW,10.3598
2026-03-23,151116,HSBC Low Duration Fund - Direct Monthly IDCW,11.0666
2026-03-23,151117,HSBC Low Duration Fund - Direct Growth,31.584
2026-03-23,151118,HSBC Low Duration Fund - Direct Annual IDCW,11.1872
2026-03-23,151119,HSBC Low Duration Fund - Regular Annual IDCW,10.9581
2026-03-23,151120,HSBC Aggressive Hybrid Fund - Regular Growth,51.2656
2026-03-23,151121,HSBC Aggressive Hybrid Fund - Regular IDCW,25.0535
2026-03-23,151122,HSBC Aggressive Hybrid Fund - Direct Growth,58.6582
2026-03-23,151123,HSBC Aggressive Hybrid Fund - Direct IDCW,30.0524
2026-03-23,151124,HSBC Aggressive Hybrid Fund - Regular Annual IDCW,14.9637
2026-03-23,151125,HSBC Aggressive Hybrid Fund - Direct Annual IDCW,16.9203
2026-03-23,151126,HSBC Balanced Advantage Fund - Regular IDCW,17.7235
2026-03-23,151127,HSBC Balanced Advantage Fund - Regular Growth,41.2417
2026-03-23,151128,HSBC Balanced Advantage Fund - Direct IDCW,21.2236
2026-03-23,151129,HSBC Balanced Advantage Fund - Direct Growth,48.1993
2026-03-23,151130,HSBC Small Cap Fund - Direct Growth,75.1593
2026-03-23,151131,HSBC Small Cap Fund - Regular IDCW,33.4051
2026-03-23,151132,HSBC Small Cap Fund - Direct IDCW,38.8926
2026-03-23,151133,HSBC Small Cap Fund - Regular Growth,67.178
2026-03-23,151134,HSBC Arbitrage Fund - Regular Growth,19.8011
2026-03-23,151135,HSBC Arbitrage Fund - Direct Monthly IDCW,10.3077
2026-03-23,151136,HSBC Arbitrage Fund - Direct Quarterly IDCW,11.0739
2026-03-23,151137,HSBC Arbitrage Fund - Regular Quarterly IDCW,10.9047
2026-03-23,151138,HSBC Arbitrage Fund - Direct Growth,21.2837
2026-03-23,151140,HSBC Arbitrage Fund - Regular Monthly IDCW,10.3615
2026-03-23,151142,HSBC Business Cycles Fund - Direct Growth,39.9145
2026-03-23,151143,HSBC Business Cycles Fund - Regular IDCW,20.8508
2026-03-23,151144,HSBC Business Cycles Fund - Regular Growth,35.9774
2026-03-23,151145,HSBC Business Cycles Fund - Direct IDCW,23.0061
2026-03-23,151146,HSBC Medium Duration Fund - Direct Growth,23.1584
2026-03-23,151147,HSBC Medium Duration Fund - Regular IDCW,10.5317
2026-03-23,151148,HSBC Medium Duration Fund - Direct IDCW,11.5495
2026-03-23,151149,HSBC Medium Duration Fund - Regular Growth,21.1217
2026-03-23,151150,HSBC Medium Duration Fund - Direct Annual IDCW,12.3491
2026-03-23,151151,HSBC Medium Duration Fund - Regular Annual IDCW,11.227
2026-03-23,151156,HSBC NIFTY 50 INDEX FUND - Direct IDCW,26.4834
2026-03-23,151157,HSBC NIFTY 50 INDEX FUND - Direct Growth,26.4834
2026-03-23,151158,HSBC NIFTY 50 INDEX FUND - Regular Growth,26.0084
2026-03-23,151159,HSBC NIFTY 50 INDEX FUND - Regular IDCW,26.0084
2026-03-23,151160,HSBC NIFTY NEXT 50 INDEX FUND - Direct Growth,26.9351
2026-03-23,151161,HSBC NIFTY NEXT 50 INDEX FUND - Regular IDCW,26.2407
2026-03-23,151162,HSBC NIFTY NEXT 50 INDEX FUND - Regular Growth,26.2405
2026-03-23,151163,HSBC NIFTY NEXT 50 INDEX FUND - Direct IDCW,26.9351
2026-03-23,151164,360 ONE ELSS Tax Saver Nifty 50 Index Fund - Regular Plan - Growth,12.6205
2026-03-23,151165,360 ONE ELSS Tax Saver Nifty 50 Index Fund - Direct Plan - Growth,12.723
2026-03-23,151166,360 ONE ELSS Tax Saver Nifty 50 Index Fund - Direct Plan - IDCW Payout,12.723
2026-03-23,151167,360 ONE ELSS Tax Saver Nifty 50 Index Fund - Regular Plan - IDCW Payout,12.6205
2026-03-23,151172,Kotak FMP Series 300 - Regular Plan - Growth,12.4934
2026-03-23,151173,Kotak FMP Series 300 - Regular Plan - IDCW Payout,12.4938
2026-03-23,151174,Kotak FMP Series 300 - Direct Plan - Growth,12.5345
2026-03-23,151175,Kotak FMP Series 300 - Direct Plan - IDCW Payout,12.5347
2026-03-23,151176,Axis Long Duration Fund - Direct Plan -Daily IDCW,979.1215
2026-03-23,151177,Axis Long Duration Fund - Regular Plan - Daily IDCW,976.825
2026-03-23,151178,Axis Long Duration Fund - Regular Plan - Growth,1198.7786
2026-03-23,151179,Axis Long Duration Fund - Direct Plan - Growth,1216.4451
2026-03-23,151180,HDFC Nifty G-Sec Jun 2027 Index Fund - Growth Option,12.6306
2026-03-23,151181,HDFC Nifty G-Sec Jun 2027 Index Fund - Growth Option - Direct Plan,12.6946
2026-03-23,151182,HDFC Nifty G-Sec Sep 2032 Index Fund - Growth Option,12.7928
2026-03-23,151183,HDFC Nifty G-Sec Sep 2032 Index Fund - Growth Option - Direct Plan,12.8652
2026-03-23,151184,UTI CRISIL SDL Maturity April 2033 Index Fund - Regular Plan - Growth Option,12.5467
2026-03-23,151185,UTI CRISIL SDL Maturity April 2033 Index Fund - Direct Plan - Growth Option,12.651
2026-03-23,151186,Aditya Birla Sun Life Fixed Term Plan - Series UB (1224 days) - Direct Plan Growth Option,12.5257
2026-03-23,151188,Aditya Birla Sun Life Fixed Term Plan - Series UB (1224 days)- Regular Plan - Growth Option,12.4848
2026-03-23,151189,Aditya Birla Sun Life Fixed Term Plan - Series UB (1224 days) - Regular Plan - Payout of IDCW Option,12.4848
2026-03-23,151190,quant Overnight Fund - Growth Option - Direct Plan,12.2974
2026-03-23,151191,quant Overnight Fund - IDCW Option - Regular Plan,12.2433
2026-03-23,151193,quant Overnight Fund - IDCW Option - Direct Plan,12.3016
2026-03-23,151195,quant Overnight Fund - Growth Option - Regular Plan,12.2555
2026-03-23,151196,ICICI Prudential Nifty 10 yr Benchmark G-sec ETF,258.4681
2026-03-23,151201,Axis Long Duration Fund - Regular Plan - Monthly IDCW,998.3498
2026-03-23,151202,Axis Long Duration Fund - Direct Plan - Monthly IDCW,997.7023
2026-03-23,151203,Axis Long Duration Fund - Regular Plan - Quarterly IDCW,1167.1963
2026-03-23,151204,Axis Long Duration Fund - Direct Plan - Quarterly IDCW,1184.6522
2026-03-23,151205,Axis Long Duration Fund - Direct Plan - Annual IDCW,1208.2052
2026-03-23,151206,Axis Long Duration Fund - Regular Plan - Annual IDCW,1190.7018
2026-03-23,151207,ICICI Prudential Nifty Commodities ETF,92.0696
2026-03-23,151208,ICICI Prudential Nifty SDL Sep 2026 Index Fund - Growth,12.5107
2026-03-23,151209,ICICI Prudential Nifty SDL Sep 2026 Index Fund - Annual IDCW,12.5106
2026-03-23,151210,ICICI Prudential Nifty SDL Sep 2026 Index Fund - Direct Plan - Annual IDCW,12.5925
2026-03-23,151211,ICICI Prudential Nifty SDL Sep 2026 Index Fund - Direct Plan - Growth,12.5925
2026-03-23,151212,SBI Long Duration Fund - Regular Plan - Growth,12.24
2026-03-23,151213,SBI Long Duration Fund - Regular Plan - Income Distribution cum Capital Withdrawal Option (IDCW),12.2402
2026-03-23,151214,SBI Long Duration Fund - Direct Plan - Growth,12.4068
2026-03-23,151215,SBI Long Duration Fund - Direct Plan - Income Distribution cum Capital Withdrawal Option (IDCW),12.4072
2026-03-23,151216,Kotak Nifty SDL Jul 2026 Index Fund Regular Plan Growth,12.4826
2026-03-23,151217,Kotak Nifty SDL Jul 2026 Index Fund Regular Plan IDCW,12.4827
2026-03-23,151218,Kotak Nifty SDL Jul 2026 Index Fund Direct Plan Growth,12.5675
2026-03-23,151219,Kotak Nifty SDL Jul 2026 Index Fund Direct Plan IDCW,12.1293
2026-03-23,151220,HDFC FMP 1204D December - IDCW Option,12.3951
2026-03-23,151221,HDFC FMP 1204D December - IDCW Option - Direct Plan,12.4953
2026-03-23,151222,HDFC FMP 1204D December - Quarterly IDCW Option,10.5378
2026-03-23,151223,HDFC FMP 1204D December - Quarterly IDCW Option - Direct Plan,10.5446
2026-03-23,151224,HDFC FMP 1204D December - Growth Option,12.3951
2026-03-23,151225,HDFC FMP 1204D December - Growth Option - Direct Plan,12.4952
2026-03-23,151228,quant Gilt Fund - Growth Option - Direct Plan,12.1967
2026-03-23,151229,quant Gilt Fund - IDCW Option - Direct Plan,12.1971
2026-03-23,151230,quant Gilt Fund - Growth Option - Regular Plan,11.831
2026-03-23,151231,quant Gilt Fund - IDCW Option - Regular Plan,11.8415
2026-03-23,151232,Tata Multicap Fund - Direct Plan - Growth,13.6829
2026-03-23,151233,Tata Multicap Fund - Direct Plan - IDCW Reinvestment,13.6829
2026-03-23,151234,Tata Multicap Fund - Direct Plan - IDCW Payout,13.6829
2026-03-23,151235,Tata Multicap Fund - Regular Plan - Growth,13.0314
2026-03-23,151236,Tata Multicap Fund - Regular Plan - IDCW Reinvestment,13.0314
2026-03-23,151237,Tata Multicap Fund - Regular Plan - IDCW Payout,13.0314
2026-03-23,151238,UTI CRISIL SDL Maturity June 2027 Index Fund - Regular Plan - Growth Option,12.5483
2026-03-23,151239,UTI CRISIL SDL Maturity June 2027 Index Fund - Direct Plan - Growth Option,12.648
2026-03-23,151252,SBI Fixed Maturity Plan (FMP)-Series 74 (1243 Days)- Direct Plan- Growth,12.5449
2026-03-23,151253,SBI Fixed Maturity Plan (FMP)-Series 74 (1243 Days)- Direct Plan- Income Distribution Cum Capital Withdrawal Payout,12.5448
2026-03-23,151254,SBI Fixed Maturity Plan (FMP)-Series 74 (1243 Days)- Regular Plan- Growth,12.4979
2026-03-23,151255,SBI Fixed Maturity Plan (FMP)-Series 74 (1243 Days)- Regular Plan- Income Distribution Cum Capital Withdrawal Payout,12.4979
2026-03-23,151262,DSP Nifty Bank ETF,52.4407
2026-03-23,151267,WhiteOak Capital Balanced Advantage Fund Direct Plan Growth,13.991
2026-03-23,151268,WhiteOak Capital Balanced Advantage Fund Regular Plan Growth,13.32
2026-03-23,151273,Tata Nifty G-Sec Dec 2029 Index Fund - Direct Plan - Growth,12.7699
2026-03-23,151274,Tata Nifty G-Sec Dec 2029 Index Fund - Direct Plan - IDCW Payout,12.7699
2026-03-23,151275,Tata Nifty G-Sec Dec 2029 Index Fund - Regular Plan - Growth,12.6315
2026-03-23,151276,Tata Nifty G-Sec Dec 2029 Index Fund - Regular Plan - IDCW Reinvestment,12.6315
2026-03-23,151277,Tata Nifty G-Sec Dec 2029 Index Fund - Regular Plan - IDCW Payout,12.6315
2026-03-23,151278,Tata Nifty G-Sec Dec 2029 Index Fund - Direct Plan - IDCW Reinvestment,12.7699
2026-03-23,151279,Baroda BNP Paribas Nifty SDL December 2026 Index Fund - Regular Plan - Growth Option,12.4597
2026-03-23,151280,Baroda BNP Paribas Nifty SDL December 2026 Index Fund - Regular Plan - IDCW Option,12.4598
2026-03-23,151283,Baroda BNP Paribas Nifty SDL December 2026 Index Fund - Direct Plan - Growth Option,12.5784
2026-03-23,151285,Kotak FMP Series 304-Regular Plan-Growth Option,12.9107
2026-03-23,151286,Kotak FMP Series 304-Direct Plan-Growth Option,12.9242
2026-03-23,151287,Kotak FMP Series 304-Direct Plan-Payout of IDCW,12.9229
2026-03-23,151288,Kotak FMP Series 304-Regular Plan-Payout of IDCW,12.9106
2026-03-23,151289,HSBC Multi Cap Fund - Regular - Growth,16.681
2026-03-23,151290,HSBC Multi Cap Fund - Direct - Growth,17.3808
2026-03-23,151291,HSBC Multi Cap Fund - Direct - IDCW,16.7882
2026-03-23,151292,HSBC Multi Cap Fund - Regular - IDCW,13.7127
2026-03-23,151297,Axis CRISIL IBX 50:50 Gilt Plus SDL June 2028 Index Fund - Regular Plan - Growth,12.5469
2026-03-23,151298,Axis CRISIL IBX 50:50 Gilt Plus SDL June 2028 Index Fund - Regular Plan - IDCW,12.5469
2026-03-23,151299,Axis CRISIL IBX 50:50 Gilt Plus SDL June 2028 Index Fund - Direct Plan - IDCW,12.6259
2026-03-23,151300,Axis CRISIL IBX 50:50 Gilt Plus SDL June 2028 Index Fund - Direct Plan - Growth,12.6222
2026-03-23,151301,Tata Nifty G Sec Dec 2026 Index Fund-Direct Plan-Growth,12.5285
2026-03-23,151302,Tata Nifty G Sec Dec 2026 Index Fund-Direct Plan-IDCW Payout,12.5285
2026-03-23,151303,Tata Nifty G SEc Dec 2026 Index Fund-Regular Plan-IDCW Reinvestment,12.3974
2026-03-23,151304,Tata Nifty G Sec Dec 2026 Index Fund-Regular Plan-IDCW Payout,12.3974
2026-03-23,151305,Tata Nifty G Sec Dec 2026 Index Fund-Direct Plan-IDCW Reinvestment,12.5285
2026-03-23,151306,Tata Nifty G Sec Dec 2026 Index Fund-Regular Plan-Growth,12.3974
2026-03-23,151307,Aditya Birla Sun Life Multi Asset Allocation Fund-Direct Growth,15.7398
2026-03-23,151308,Aditya Birla Sun Life Multi Asset Allocation Fund-Direct IDCW,14.2288
2026-03-23,151309,Aditya Birla Sun Life Multi Asset Allocation Fund-Regular Growth,15.0524
2026-03-23,151310,Aditya Birla Sun Life Multi Asset Allocation Fund-Regular IDCW,12.6744
2026-03-23,151311,HDFC Long Duration Debt Fund - IDCW Option,10.3634
2026-03-23,151312,HDFC Long Duration Debt Fund - IDCW Option - Direct Plan,10.1335
2026-03-23,151313,HDFC Long Duration Debt Fund - Growth Option - Direct Plan,12.0931
2026-03-23,151314,HDFC Long Duration Debt Fund - Growth Option,11.96
2026-03-23,151315,Kotak FMP Series 305 - Regular Plan - Growth,12.395
2026-03-23,151316,Kotak FMP Series 305 - Direct Plan - Growth,12.4542
2026-03-23,151317,Kotak FMP Series 305 - Direct Plan - IDCW,12.4542
2026-03-23,151318,Kotak FMP Series 305 - Regular Plan - IDCW,12.395
2026-03-23,151319,TRUSTMF CORPORATE BOND FUND-REGULAR PLAN-MONTHLY IDCW,1151.5999
2026-03-23,151320,TRUSTMF CORPORATE BOND FUND-DIRECT PLAN-GROWTH,1239.1937
2026-03-23,151321,TRUSTMF CORPORATE BOND FUND-DIRECT PLAN-MONTHLY IDCW,1169.0991
2026-03-23,151322,TRUSTMF CORPORATE BOND FUND-REGULAR PLAN-GROWTH,1223.4856
2026-03-23,151327,DSP CRISIL-IBX 50:50 Gilt Plus SDL - April 2033 Index Fund - Regular - Growth,12.6129
2026-03-23,151328,DSP CRISIL-IBX 50:50 Gilt Plus SDL - April 2033 Index Fund - Direct - IDCW,12.715
2026-03-23,151329,DSP CRISIL-IBX 50:50 Gilt Plus SDL - April 2033 Index Fund - Direct - Growth,12.715
2026-03-23,151330,DSP CRISIL-IBX 50:50 Gilt Plus SDL - April 2033 Index Fund - Regular - IDCW,12.6129
2026-03-23,151331,UTI Fixed Term Income Fund - Series XXXV-III (1176 Days) - Regular Plan - Quarterly IDCW Option,12.298
2026-03-23,151332,UTI Fixed Term Income Fund - Series XXXV-III (1176 Days) - Regular Plan - Flexi IDCW Option,12.296
2026-03-23,151333,UTI Fixed Term Income Fund - Series XXXV-III (1176 Days) - Direct Plan - Quarterly IDCW Option,12.4409
2026-03-23,151334,UTI Fixed Term Income Fund - Series XXXV-III (1176 Days) - Direct Plan - Annual IDCW Option,10.9602
2026-03-23,151335,UTI Fixed Term Income Fund - Series XXXV-III (1176 Days) - Direct Plan - Maturity IDCW Option,12.4383
2026-03-23,151338,UTI Fixed Term Income Fund - Series XXXV-III (1176 Days) - Regular Plan - Growth Option,12.2958
2026-03-23,151339,UTI Fixed Term Income Fund - Series XXXV-III (1176 Days) - Regular Plan - Annual IDCW Option,10.8248
2026-03-23,151341,UTI Fixed Term Income Fund - Series XXXV-III (1176 Days) - Direct Plan - Growth Option,12.4383
2026-03-23,151348,SBI Fixed Maturity Plan (FMP) - Series 76 (1221 Days) - Regular Plan - Income Distribution Cum Capital Withdrawal Payout,12.4049
2026-03-23,151349,SBI Fixed Maturity Plan (FMP) - Series 76 (1221 Days) - Regular Plan - Growth,12.4049
2026-03-23,151350,SBI Fixed Maturity Plan (FMP) - Series 76 (1221 Days) - Direct Plan - Income Distribution Cum Capital Withdrawal Payout,12.4504
2026-03-23,151351,SBI Fixed Maturity Plan (FMP) - Series 76 (1221 Days) - Direct Plan - Growth,12.4503
2026-03-23,151358,Kotak Nifty 1D Rate Liquid ETF,1096.4735
2026-03-23,151363,UTI NIFTY SDL Plus AAA PSU Bond Apr 2026 75:25 Index Fund - Regular Plan - Growth Option,12.3673
2026-03-23,151364,UTI NIFTY SDL Plus AAA PSU Bond Apr 2026 75:25 Index Fund - Direct Plan - Growth Option,12.4629
2026-03-23,151365,Edelweiss CRISIL IBX 50:50 Gilt Plus SDL Short Duration Index fund - Direct Plan - Growth,12.5771
2026-03-23,151366,Axis Business Cycles Fund - Regular Plan - Growth,14.55
2026-03-23,151367,Axis Business Cycles Fund - Regular Plan - IDCW,14.55
2026-03-23,151368,Axis Business Cycles Fund - Direct Plan - Growth,15.17
2026-03-23,151369,Axis Business Cycles Fund - Direct Plan - IDCW,15.16
2026-03-23,151370,DSP Nifty SDL Plus G-Sec Sep 2027 50:50 Index Fund - Regular - Growth,12.5687
2026-03-23,151371,DSP Nifty SDL Plus G-Sec Sep 2027 50:50 Index Fund - Direct - IDCW,12.6374
2026-03-23,151372,DSP Nifty SDL Plus G-Sec Sep 2027 50:50 Index Fund - Regular - IDCW,12.5687
2026-03-23,151373,DSP Nifty SDL Plus G-Sec Sep 2027 50:50 Index Fund - Direct - Growth,12.6374
2026-03-23,151374,HDFC NIFTY Midcap 150 ETF - Growth Option,19.6594
2026-03-23,151375,HDFC NIFTY Smallcap 250 ETF - Growth Option,143.2984
2026-03-23,151376,HDFC BSE 500 ETF - Growth Option,33.1191
2026-03-23,151377,ITI Flexi Cap Fund- Regular Plan- Growth,16.1241
2026-03-23,151378,ITI Flexi Cap Fund- Regular Plan- IDCW,15.5909
2026-03-23,151379,ITI Flexi Cap Fund- Direct Plan- Growth,17.011
2026-03-23,151380,ITI Flexi Cap Fund- Direct Plan- IDCW,16.4767
2026-03-23,151381,Kotak Banking & Financial Services Fund - Regular Plan - Growth,14.183
2026-03-23,151382,Kotak Banking & Financial Services Fund - Regular Plan - IDCW Payout,14.183
2026-03-23,151383,Kotak Banking & Financial Services Fund - Direct Plan - IDCW Payout,14.876
2026-03-23,151384,Kotak Banking & Financial Services Fund - Direct Plan - Growth,14.878
2026-03-23,151389,Nippon India Nifty SDL Plus G-Sec - Jun 2029 Maturity 70:30 Index Fund-Regular Plan-IDCW Option,12.6199
2026-03-23,151390,Nippon India Nifty SDL Plus G-Sec-Jun 2029 Maturity 70:30 Index Fund-Direct Plan-Growth Option,12.6943
2026-03-23,151391,Nippon India Nifty SDL Plus G-Sec-Jun 2029 Maturity 70:30 Index Fund-Direct Plan-IDCW Option,12.6943
2026-03-23,151392,Nippon India Nifty SDL Plus G-Sec-Jun 2029 Maturity 70:30 Index Fund-Regular Plan- Growth Option,12.6199
2026-03-23,151397,Edelweiss CRISIL IBX 50:50 Gilt Plus SDL Short Duration Index fund - Direct Plan - IDCW,12.5774
2026-03-23,151398,Edelweiss CRISIL IBX 50:50 Gilt Plus SDL Short Duration Index fund - Regular Plan - Growth,12.4106
2026-03-23,151399,Edelweiss CRISIL IBX 50:50 Gilt Plus SDL Short Duration Index fund - Regular Plan - IDCW,12.4115
2026-03-23,151404,"PGIM India CRISIL IBX Gilt Index - Apr 2028 Fund - Regular Plan, Growth Option",12.5311
2026-03-23,151405,"PGIM India CRISIL IBX Gilt Index - Apr 2028 Fund - Regular Plan, IDCW Option",10.9819
2026-03-23,151406,"PGIM India CRISIL IBX Gilt Index - Apr 2028 Fund - Direct Plan, IDCW Option",11.0427
2026-03-23,151407,"PGIM India CRISIL IBX Gilt Index - Apr 2028 Fund - Direct Plan, Growth Option",12.5968
2026-03-23,151408,BANDHAN CRISIL IBX GILT APRIL 2032 INDEX FUND - DIRECT GROWTH,12.7712
2026-03-23,151409,BANDHAN CRISIL IBX GILT APRIL 2032 INDEX FUND - REGULAR GROWTH,12.6713
2026-03-23,151410,BANDHAN CRISIL IBX GILT APRIL 2032 INDEX FUND - REGULAR IDCW,10.9325
2026-03-23,151411,BANDHAN CRISIL IBX GILT APRIL 2032 INDEX FUND - DIRECT IDCW,11.1123
2026-03-23,151412,Mirae Asset Flexi Cap Fund - Direct Plan - Growth,15.062
2026-03-23,151413,Mirae Asset Flexi Cap Fund - Direct Plan -  IDCW,15.018
2026-03-23,151414,Mirae Asset Flexi Cap Fund - Regular Plan - Growth,14.392
2026-03-23,151415,Mirae Asset Flexi Cap Fund - Regular Plan - IDCW,14.397
2026-03-23,151416,Mirae Asset Gold ETF,131.9538
2026-03-23,151417,Kotak Nifty SDL Jul 2033 Index Fund Regular Plan Growth Option,12.4682
2026-03-23,151418,Kotak Nifty SDL Jul 2033 Index Fund Direct Plan IDCW,12.1905
2026-03-23,151419,Kotak Nifty SDL Jul 2033 Index Fund Regular Plan IDCW,12.4682
2026-03-23,151420,Kotak Nifty SDL Jul 2033 Index Fund Direct Plan Growth Option,12.5599
2026-03-23,151425,Aditya Birla Sun Life CRISIL IBX SDL Jun 2032 INDEX FUND - Direct IDCW Payout,12.744
2026-03-23,151426,Aditya Birla Sun Life CRISIL IBX SDL Jun 2032 INDEX FUND - Regular IDCW Payout,12.5994
2026-03-23,151427,Aditya Birla Sun Life CRISIL IBX SDL Jun 2032 INDEX FUND - Direct Growth,12.7419
2026-03-23,151428,Aditya Birla Sun Life CRISIL IBX SDL Jun 2032 INDEX FUND - Regular Growth,12.5993
2026-03-23,151433,AXIS CRISIL IBX 50:50 Gilt Plus SDL September 2027 Index Fund- REGULAR PLAN-GROWTH,12.5309
2026-03-23,151434,AXIS CRISIL IBX 50:50 Gilt Plus SDL September 2027 Index Fund- REGULAR PLAN-IDCW,12.5307
2026-03-23,151435,AXIS CRISIL IBX 50:50 Gilt Plus SDL September 2027 Index Fund- DIRECT PLAN-GROWTH,12.6104
2026-03-23,151436,AXIS CRISIL IBX 50:50 Gilt Plus SDL September 2027 Index Fund- DIRECT PLAN- IDCW,12.6102
2026-03-23,151439,Nippon India Nifty G-Sec Oct 2028 Maturity Index Fund-Regular Plan-Growth Option,12.592
2026-03-23,151440,Nippon India Nifty G-Sec Oct 2028 Maturity Index Fund-Direct Plan-Growth Option,12.6581
2026-03-23,151441,Nippon India Nifty G-Sec Oct 2028 Maturity Index Fund-Regular Plan-IDCW Option,12.592
2026-03-23,151442,Nippon India Nifty G-Sec Oct 2028 Maturity Index Fund-Direct Plan-IDCW Option,12.6581
2026-03-23,151443,Bank of India Multi Cap Fund Direct Plan - Growth,17.2
2026-03-23,151444,Bank of India Multi Cap Fund Direct Plan - IDCW,17.18
2026-03-23,151445,Bank of India Multi Cap Fund Regular Plan - Growth,16.62
2026-03-23,151446,Bank of India Multi Cap Fund Regular Plan - IDCW,16.62
2026-03-23,151447,DSP FMP Series - 270 - 1172 Days - Regular - Growth,12.3938
2026-03-23,151448,DSP FMP Series - 270 - 1172 Days - Regular - IDCW,12.3938
2026-03-23,151449,DSP FMP Series - 270 - 1172 Days - Direct - Growth,12.432
2026-03-23,151450,DSP FMP Series - 270 - 1172 Days - Direct - IDCW,12.4327
2026-03-23,151451,SBI Fixed Maturity Plan (FMP)-Series 78 (1170 Days) Direct Plan- Growth,12.4405
2026-03-23,151452,SBI Fixed Maturity Plan (FMP)-Series 78 (1170 Days) Direct Plan- Income Distribution Cum Capital Withdrawal Payout,12.4407
2026-03-23,151453,SBI Fixed Maturity Plan (FMP)-Series 78 (1170 Days) Regular Plan- Income Distribution Cum Capital Withdrawal Payout,12.3937
2026-03-23,151454,SBI Fixed Maturity Plan (FMP)-Series 78 (1170 Days) Regular Plan- Growth,12.3945
2026-03-23,151455,HDFC Nifty SDL Oct 2026 Index Fund - Growth Option,12.4814
2026-03-23,151456,HDFC Nifty SDL Oct 2026 Index Fund - Growth Option - Direct Plan,12.5415
2026-03-23,151457,HDFC MNC Fund - Growth Option,11.84
2026-03-23,151458,HDFC MNC Fund - Growth Option - Direct Plan,12.277
2026-03-23,151459,HDFC MNC Fund - IDCW Option,11.84
2026-03-23,151460,HDFC MNC Fund - IDCW Option - Direct Plan,12.277
2026-03-23,151465,HDFC FMP 2638D February 2023 - Growth Option,12.7436
2026-03-23,151467,HDFC FMP 2638D February 2023 - Quarterly IDCW Option,10.1987
2026-03-23,151468,HDFC FMP 2638D February 2023 - IDCW Option,12.7436
2026-03-23,151469,HDFC FMP 2638D February 2023 - Quarterly IDCW Option - Direct Plan,10.2054
2026-03-23,151470,HDFC FMP 2638D February 2023 - Growth Option - Direct Plan,12.8432
2026-03-23,151471,NAVI ELSS TAX SAVER NIFTY 50 INDEX FUND - DIRECT PLAN GROWTH,13.6093
2026-03-23,151472,NAVI ELSS TAX SAVER NIFTY 50 INDEX FUND - REGULAR PLAN GROWTH,13.2225
2026-03-23,151473,NAVI ELSS TAX SAVER NIFTY 50 INDEX FUND - DIRECT PLAN IDCW PAYOUT,13.6155
2026-03-23,151474,NAVI ELSS TAX SAVER NIFTY 50 INDEX FUND - REGULAR PLAN IDCW PAYOUT,13.2748
2026-03-23,151475,SBI Dividend Yield Fund - Direct Plan - Income Distribution cum Capital Withdrawal (IDCW) Option,14.3035
2026-03-23,151476,SBI Dividend Yield Fund - Regular Plan - Growth,13.8653
2026-03-23,151477,SBI Dividend Yield Fund - Regular Plan - Income Distribution cum Capital Withdrawal (IDCW) Option,13.8651
2026-03-23,151478,SBI Dividend Yield Fund - Direct Plan - Growth,14.3024
2026-03-23,151479,HSBC CRISIL IBX Gilt June 2027 Index Fund - Direct - Growth,12.4725
2026-03-23,151480,HSBC CRISIL IBX Gilt June 2027 Index Fund - Regular - Growth,12.3757
2026-03-23,151481,HSBC CRISIL IBX Gilt June 2027 Index Fund - Regular - IDCW,12.3758
2026-03-23,151482,HSBC CRISIL IBX Gilt June 2027 Index Fund - Direct - IDCW,12.4727
2026-03-23,151483,UTI Fixed Term Income Fund Series XXXVI - I (1574 Days) - Regular Plan - Growth Option,12.5424
2026-03-23,151484,UTI Fixed Term Income Fund Series XXXVI - I (1574 Days) - Direct Plan - Payout of IDCW Option,12.1436
2026-03-23,151485,UTI Fixed Term Income Fund Series XXXVI - I (1574 Days) - Direct Plan - Growth Option,12.6977
2026-03-23,151486,UTI Fixed Term Income Fund Series XXXVI - I (1574 Days) - Regular Plan - Payout of IDCW Option,11.9928
2026-03-23,151487,UTI NIFTY SDL Plus AAA PSU Bond Apr 2028- 75:25 Index Fund - Direct Plan - Growth Option,12.6114
2026-03-23,151488,UTI NIFTY SDL Plus AAA PSU Bond Apr 2028- 75:25 Index Fund - Regular Plan - Growth Option,12.5268
2026-03-23,151489,HDFC Nifty G-Sec Jun 2036 Index Fund - Growth Option - Direct Plan,12.7846
2026-03-23,151490,HDFC Nifty G-Sec Jun 2036 Index Fund - Growth Option,12.7125
2026-03-23,151491,ICICI Prudential Fixed Maturity Plan - Series 88 - 1303 Days Plan S - Growth,12.4158
2026-03-23,151492,ICICI Prudential Fixed Maturity Plan - Series 88 - 1303 Days Plan S - Direct Plan - IDCW,12.5103
2026-03-23,151493,ICICI Prudential Fixed Maturity Plan - Series 88 - 1303 Days Plan S - Direct Plan - Growth,12.5101
2026-03-23,151494,ICICI Prudential Fixed Maturity Plan - Series 88 - 1303 Days Plan S - IDCW,12.4158
2026-03-23,151495,HDFC Nifty G-Sec Apr 2029 Index Fund - Growth Option - Direct Plan,12.7115
2026-03-23,151496,HDFC Nifty G-Sec Apr 2029 Index Fund - Growth Option,12.6495
2026-03-23,151501,Axis Fixed Term Plan - Series 112 (1143 Days) - Direct Plan - Growth,12.4784
2026-03-23,151503,Axis Fixed Term Plan - Series 112 (1143 Days) - Regular Plan - Quarterly IDCW Payout,12.4009
2026-03-23,151504,Axis Fixed Term Plan - Series 112 (1143 Days) - Regular Plan -  Half Yearly IDCW Payout,12.4003
2026-03-23,151506,Axis Fixed Term Plan - Series 112 (1143 Days) - Regular  Plan - Growth,12.4003
2026-03-23,151523,UTI Long Duration Fund - Direct Plan - Growth Option,11.9579
2026-03-23,151524,UTI Long duration Fund - Direct Plan - Quarterly IDCW Option,11.9579
2026-03-23,151525,UTI Long Duration Fund - Direct Plan - Annual IDCW Option,11.0246
2026-03-23,151526,UTI Long Duration Fund - Direct Plan - Flexi IDCW Option,11.8065
2026-03-23,151527,UTI Long Duration Fund - Regular Plan - Growth Option,11.6263
2026-03-23,151528,UTI Long Duration Fund - Regular Plan - Quarterly IDCW Option,11.6263
2026-03-23,151529,UTI Long Duration Fund - Regular Plan - Half Yearly IDCW Option,11.6263
2026-03-23,151530,UTI Long Duration Fund - Direct Plan - Half Yearly IDCW Option,11.9579
2026-03-23,151531,UTI Long Duration Fund - Regular Plan - Annual IDCW Option,10.7058
2026-03-23,151532,UTI Long Duration Fund - Regular Plan - Flexi IDCW Option,11.6264
2026-03-23,151533,Aditya Birla Sun Life CRISIL Liquid Overnight ETF - IDCW Daily Reinvestment with Weekly Payout,1000.0
2026-03-23,151546,Bandhan US Treasury Bond 0-1 year specific Debt Passive FOF - REGULAR PLAN - GROWTH,12.9789
2026-03-23,151547,Bandhan US Treasury Bond 0-1 year specific Debt Passive FOF- REGULAR PLAN- IDCW,12.9789
2026-03-23,151548,Bandhan US Treasury Bond 0-1 year specific Debt Passive FOF - DIRECT PLAN - GROWTH,13.0019
2026-03-23,151549,Bandhan US Treasury Bond 0-1 year specific Debt Passive FOF - DIRECT PLAN - IDCW,13.0019
2026-03-23,151556,SBI Fixed Maturity Plan (FMP) - Series 79 (1130 Days) - Regular Plan - Growth,12.3495
2026-03-23,151557,SBI Fixed Maturity Plan (FMP) - Series 79 (1130 Days) - Regular Plan - Income Distribution cum Capital Withdrawal Payout,12.3496
2026-03-23,151558,SBI Fixed Maturity Plan (FMP) - Series 79 (1130 Days) - Direct Plan - Income Distribution cum Capital Withdrawal Payout,12.3944
2026-03-23,151559,SBI Fixed Maturity Plan (FMP) - Series 79 (1130 Days) - Direct Plan - Growth,12.3941
2026-03-23,151560,Aditya Birla Sun Life Nifty SDL SEP 2027 Index Fund-Regular Growth,12.5206
2026-03-23,151561,Aditya Birla Sun Life Nifty SDL SEP 2027 Index Fund-Regular IDCW,12.5205
2026-03-23,151562,Aditya Birla Sun Life Nifty SDL SEP 2027 Index Fund-Direct Growth,12.6167
2026-03-23,151563,Aditya Birla Sun Life Nifty SDL SEP 2027 Index Fund-Direct IDCW,12.6155
2026-03-23,151564,HDFC FMP 1269D March 2023 - Growth Option,12.2889
2026-03-23,151565,HDFC FMP 1269D March 2023 - Growth Option - Direct Plan,12.3817
2026-03-23,151566,HDFC FMP 1269D March 2023 - IDCW Option,12.2889
2026-03-23,151567,HDFC FMP 1269D March 2023 - IDCW Option - Direct Plan,12.3817
2026-03-23,151568,HDFC FMP 1269D March 2023 - Quarterly IDCW Option,10.189
2026-03-23,151569,HDFC FMP 1269D March 2023 - Quarterly IDCW Option - Direct Plan,10.1957
2026-03-23,151570,HDFC NIFTY SDL Plus G-Sec Jun 2027 40:60 Index Fund - Growth Option - Direct Plan,12.473
2026-03-23,151571,HDFC NIFTY SDL Plus G-Sec Jun 2027 40:60 Index Fund - Growth Option,12.4181
2026-03-23,151572,ICICI Prudential Nifty PSU Bank ETF,83.1412
2026-03-23,151573,Baroda BNP Paribas NIFTY SDL December 2028 Index Fund - Regular Plan - IDCW Option,11.6649
2026-03-23,151574,Baroda BNP Paribas NIFTY SDL December 2028 Index Fund - Direct Plan - Growth Option,12.6234
2026-03-23,151575,Baroda BNP Paribas NIFTY SDL December 2028 Index Fund - Direct Plan - IDCW Option,11.8451
2026-03-23,151576,Baroda BNP Paribas NIFTY SDL December 2028 Index Fund - Regular Plan - Growth Option,12.5102
2026-03-23,151577,Aditya Birla Sun Life Crisil IBX Gilt Apr 2028 Index Fund-Direct Growth,12.403
2026-03-23,151578,ICICI Prudential Innovation Fund - Direct Plan - IDCW,14.5
2026-03-23,151579,ICICI Prudential Innovation Fund - Growth,16.56
2026-03-23,151580,ICICI Prudential Innovation Fund - Direct Plan - Growth,17.13
2026-03-23,151581,ICICI Prudential Innovation Fund - IDCW,13.96
2026-03-23,151582,Aditya Birla Sun Life Crisil IBX Gilt Apr 2028 Index Fund-Regular IDCW,12.3003
2026-03-23,151583,Aditya Birla Sun Life Crisil IBX Gilt Apr 2028 Index Fund-Regular Growth,12.3009
2026-03-23,151584,Aditya Birla Sun Life Crisil IBX Gilt Apr 2028 Index Fund-Direct IDCW,12.4064
2026-03-23,151585,Axis BSE Sensex ETF,74.9329
2026-03-23,151586,Axis Fixed Term Plan - Series 113 (1228 Days) - Direct Plan - Growth,12.4113
2026-03-23,151587,Axis Fixed Term Plan - Series 113 (1228 Days) - Direct Plan - Quarterly IDCW,12.4113
2026-03-23,151588,Axis Fixed Term Plan - Series 113 (1228 Days) - Regular Plan - Growth,12.3252
2026-03-23,151589,Axis Fixed Term Plan - Series 113 (1228 Days) - Regular Plan - Quarterly IDCW,12.3334
2026-03-23,151590,Invesco India Nifty G-sec Jul 2027 Index Fund - Regular Plan - Growth,1241.1034
2026-03-23,151591,Invesco India Nifty G-sec Jul 2027 Index Fund - Regular Plan - IDCW Payout,1241.1197
2026-03-23,151592,Invesco India Nifty G-sec Jul 2027 Index Fund - Direct Plan - IDCW Payout,1246.6318
2026-03-23,151593,Invesco India Nifty G-sec Jul 2027 Index Fund - Direct Plan - Growth,1246.6322
2026-03-23,151594,Invesco India Nifty G-sec Sep 2032 Index Fund - Regular Plan - Growth,1256.0817
2026-03-23,151595,Invesco India Nifty G-sec Sep 2032 Index Fund - Regular Plan - IDCW Payout,1256.0657
2026-03-23,151596,Invesco India Nifty G-sec Sep 2032 Index Fund - Direct Plan - IDCW Payout,1261.6461
2026-03-23,151597,Invesco India Nifty G-sec Sep 2032 Index Fund - Direct Plan - Growth,1261.6457
2026-03-23,151602,Kotak Silver ETF Fund of Fund - Regular Plan - Growth Option,26.4046
2026-03-23,151603,Kotak Silver ETF Fund of Fund - Direct Plan - Growth Option,26.7649
2026-03-23,151604,Mirae Asset Nifty 100 Low Volatility 30 ETF,188.021
2026-03-23,151609,NJ ELSS Tax Saver Scheme Regular Growth,12.45
2026-03-23,151610,NJ ELSS Tax Saver Scheme Regular IDCW,12.45
2026-03-23,151611,NJ ELSS Tax Saver Scheme Direct Growth,13.08
2026-03-23,151612,NJ ELSS Tax Saver Scheme Direct IDCW,13.08
2026-03-23,151617,TRUSTMF FIXED MATURITY PLAN -SERIES II (1196 DAYS)-REGULAR PLAN -GROWTH,1268.5871
2026-03-23,151618,TRUSTMF FIXED MATURITY PLAN -SERIES II (1196 DAYS)-REGULAR PLAN -IDCW PAYOUT,1268.5864
2026-03-23,151620,TRUSTMF FIXED MATURITY PLAN -SERIES II (1196 DAYS)-DIRECT PLAN -GROWTH,1272.5802
2026-03-23,151622,Union Fixed Maturity Plan - Series 13 - Direct Plan - Growth Option,12.2723
2026-03-23,151623,Union Fixed Maturity Plan - Series 13 - Regular Plan - IDCW Payout Option,12.1631
2026-03-23,151624,Union Fixed Maturity Plan - Series 13 - Regular Plan - Growth Option,12.1631
2026-03-23,151629,Axis Fixed Term Plan - Series 113 (1228 Days) - Regular Plan - Half Yearly IDCW,12.3252
2026-03-23,151639,SBI Fixed Maturity Plan (FMP)-Series 81 (1157 Days) Direct Plan- Growth,12.3529
2026-03-23,151640,SBI Fixed Maturity Plan (FMP)-Series 81 (1157 Days) Direct Plan- Income Distribution Cum Capital Withdrawal Payout,12.353
2026-03-23,151641,SBI Fixed Maturity Plan (FMP)-Series 81 (1157 Days) Regular Plan- Growth,12.3098
2026-03-23,151642,SBI Fixed Maturity Plan (FMP)-Series 81 (1157 Days) Regular Plan- Income Distribution Cum Capital Withdrawal Payout,12.3098
2026-03-23,151647,Kotak Nifty Smallcap 50 Index Fund - Regular Plan - Growth,16.954
2026-03-23,151648,Kotak Nifty Smallcap 50 Index Fund - Regular Plan - IDCW,16.954
2026-03-23,151649,Kotak Nifty Smallcap 50 Index Fund - Direct Plan - Growth,17.276
2026-03-23,151650,Kotak Nifty Smallcap 50 Index Fund - Direct Plan - IDCW,17.285
2026-03-23,151671,Nippon India Fixed Maturity Plan-XLV-Series 4-Direct Plan-Payout of IDCW,12.3245
2026-03-23,151672,Nippon India Fixed Maturity Plan-XLV-Series 4-Regular Plan-Growth Option,12.2514
2026-03-23,151673,Nippon India Fixed Maturity Plan-XLV-Series 4-Regular Plan-Payout of IDCW,12.2514
2026-03-23,151674,Nippon India Fixed Maturity Plan-XLV-Series 4-Direct Plan-Growth Option,12.3245
2026-03-23,151679,Kotak FMP Series 308 - Regular Plan - Growth,12.4669
2026-03-23,151680,Kotak FMP Series 308 - Regular Plan - IDCW Payout,12.4668
2026-03-23,151681,Kotak FMP Series 308 - Direct Plan - Growth,12.586
2026-03-23,151682,Kotak FMP Series 308 - Direct Plan - IDCW Payout,12.5849
2026-03-23,151683,Kotak FMP Series 310 - Regular Plan - Growth Option,12.2214
2026-03-23,151685,Kotak FMP Series 310 - Regular Plan - IDCW Payout option,12.2211
2026-03-23,151686,Kotak FMP Series 310 - Direct Plan - Growth Option,12.3144
2026-03-23,151691,Mirae Asset Nifty SDL June 2028 Index Fund - Direct Plan - Growth,12.5294
2026-03-23,151692,Mirae Asset Nifty SDL June 2028 Index Fund - Direct Plan - IDCW,12.5294
2026-03-23,151693,Mirae Asset Nifty SDL June 2028 Index Fund - Regular Plan - IDCW,12.3919
2026-03-23,151694,Mirae Asset Nifty SDL June 2028 Index Fund -Regular Plan - Growth,12.3916
2026-03-23,151695,Mirae Asset Nifty 8-13 yr Gsec ETF,29.6447
2026-03-23,151700,Aditya Birla Sun Life Fixed Term Plan - Series UJ (1110 days) - Direct Plan - Growth Option,12.3227
2026-03-23,151701,Aditya Birla Sun Life Fixed Term Plan - Series UJ (1110 days) - Regular Plan - Payout of IDCW Option,12.287
2026-03-23,151702,Aditya Birla Sun Life Fixed Term Plan - Series UJ (1110 days) - Direct Plan - Payout of IDCW Option,12.338
2026-03-23,151703,Aditya Birla Sun Life Fixed Term Plan - Series UJ (1110 days) - Regular Plan - Growth Option,12.2866
2026-03-23,151708,Nippon India Fixed Maturity Plan-XLV-Series 5-Direct Plan-Growth Option,12.8334
2026-03-23,151710,Nippon India Fixed Maturity Plan-XLV-Series 5-Regular Plan-Growth Option,12.724
2026-03-23,151711,Nippon India Fixed Maturity Plan-XLV-Series 5-Regular Plan-Payout of IDCW,12.724
2026-03-23,151712,quant Dynamic Asset Allocation Fund - IDCW Option - Direct Plan,15.378
2026-03-23,151713,quant Dynamic Asset Allocation Fund - Growth Option - Direct Plan,15.383
2026-03-23,151714,quant Dynamic Asset Allocation Fund - Growth Option - Regular Plan,14.7131
2026-03-23,151715,quant Dynamic Asset Allocation Fund - IDCW Option - Regular Plan,14.7145
2026-03-23,151724,HDFC NIFTY Midcap 150 Index Fund - Growth Option - Direct Plan,16.6002
2026-03-23,151725,HDFC NIFTY Midcap 150 Index Fund - Growth Option,16.326
2026-03-23,151726,HDFC NIFTY Smallcap 250 Index Fund - Growth Option,15.2548
2026-03-23,151727,HDFC NIFTY Smallcap 250 Index Fund - Growth Option - Direct Plan,15.5051
2026-03-23,151728,HDFC BSE 500 Index Fund - Growth Option - Direct Plan,13.9391
2026-03-23,151729,HDFC BSE 500 Index Fund - Regular Plan - Growth Option,13.7071
2026-03-23,151730,UTI Silver Exchange Traded Fund,203.6546
2026-03-23,151731,UTI Silver ETF Fund of Fund - Direct Plan - Growth Option,25.5415
2026-03-23,151732,UTI Silver ETF Fund of Fund - Regular Plan - Growth Option,25.2696
2026-03-23,151737,DSP Gold ETF,131.8457
2026-03-23,151738,UTI Nifty 500 Value 50 Index Fund - Regular Plan - Growth Option,20.3148
2026-03-23,151739,UTI Nifty 500 Value 50 Index Fund - Direct Plan - Growth Option,20.5952
2026-03-23,151745,WhiteOak Capital Multi Asset Allocation Fund Direct Plan Growth,15.212
2026-03-23,151746,WhiteOak Capital Multi Asset Allocation Fund Regular Plan Growth,14.704
2026-03-23,151747,Baroda BNP Paribas Value Fund - Regular Plan - Growth option,12.5596
2026-03-23,151748,HDFC Defence Fund - IDCW Option,22.162
2026-03-23,151749,HDFC Defence Fund - IDCW Option - Direct Plan,22.877
2026-03-23,151750,HDFC Defence Fund - Growth Option - Direct Plan,22.877
2026-03-23,151751,HDFC Defence Fund - Growth Option,22.162
2026-03-23,151752,Samco Active Momentum Fund - Regular Plan - Growth Option,11.75
2026-03-23,151753,Samco Active Momentum Fund - Direct Plan - Growth Option,12.21
2026-03-23,151754,Baroda BNP Paribas Value Fund - Regular Plan - IDCW option,11.4514
2026-03-23,151755,Baroda BNP Paribas Value Fund - Direct Plan - Growth option,13.0285
2026-03-23,151756,Baroda BNP Paribas Value Fund - Direct Plan - IDCW option,11.8797
2026-03-23,151757,quant Business Cycle Fund - Growth Option - Direct Plan,14.1039
2026-03-23,151758,quant Business Cycle Fund - Growth Option - Regular Plan,13.5016
2026-03-23,151759,quant Business Cycle Fund - IDCW Option - Direct Plan,14.0937
2026-03-23,151760,quant Business Cycle Fund - IDCW Option - Regular Plan,13.5145
2026-03-23,151761,UTI Nifty50 Equal Weight Index Fund - Regular Plan - Growth Option,13.4868
2026-03-23,151762,UTI Nifty50 Equal Weight Index Fund - Direct Plan - Growth Option,13.6583
2026-03-23,151763,UTI BSE Housing Index Fund - Regular Plan - Growth Option,11.7799
2026-03-23,151764,UTI BSE Housing Index Fund - Direct Plan - Growth Option,11.928
2026-03-23,151765,SBI BSE Sensex Index Fund - Regular Plan - Growth,11.847
2026-03-23,151766,SBI BSE Sensex Index Fund - Regular Plan - IDCW,11.8469
2026-03-23,151769,SBI BSE Sensex Index Fund - Direct Plan - Growth,11.9222
2026-03-23,151770,SBI BSE Sensex Index Fund - Direct Plan - IDCW,11.9227
2026-03-23,151775,ITI Focused Fund - Regular Plan - IDCW,12.9737
2026-03-23,151776,ITI Focused Fund - Direct Plan - IDCW,13.7018
2026-03-23,151777,ITI Focused Fund - Direct Plan - Growth,14.5826
2026-03-23,151778,ITI Focused Fund - Regular Plan - Growth,13.8524
2026-03-23,151779,Mirae Asset Silver ETF,203.1167
2026-03-23,151780,Kotak Nifty 200 Momentum 30 Index Fund - Regular Plan - IDCW Payout,12.859
2026-03-23,151781,Kotak Nifty 200 Momentum 30 Index Fund - Direct Plan - Growth Option,13.034
2026-03-23,151782,Kotak Nifty 200 Momentum 30 Index Fund - Direct Plan - IDCW Payout,13.034
2026-03-23,151783,Kotak Nifty 200 Momentum 30 Index Fund - Regular Plan - Growth Option,12.859
2026-03-23,151784,Axis Nifty IT Index Fund - Regular Plan - IDCW,9.9989
2026-03-23,151785,Axis Nifty IT Index Fund - Direct Plan - Growth,10.1846
2026-03-23,151786,Axis Nifty IT Index Fund - Direct Plan - IDCW,10.1846
2026-03-23,151787,Axis Nifty IT Index Fund - Regular Plan - Growth,9.9989
2026-03-23,151788,quant BFSI Fund - Growth Option - Regular Plan,16.6663
2026-03-23,151789,quant BFSI Fund - IDCW Option - Regular Plan,16.6649
2026-03-23,151790,quant BFSI Fund - IDCW Option - Direct Plan,17.443
2026-03-23,151791,quant BFSI Fund - Growth Option - Direct Plan,17.4233
2026-03-23,151792,Edelweiss Multi Asset Allocation Fund - Direct Plan - Growth,12.214
2026-03-23,151793,Edelweiss Multi Asset Allocation Fund - Direct Plan - IDCW Option,12.214
2026-03-23,151794,Edelweiss Multi Asset Allocation Fund - Regular Plan - IDCW Option,12.1065
2026-03-23,151795,Edelweiss Multi Asset Allocation Fund - Regular Plan - Growth,12.1065
2026-03-23,151796,360 ONE FLEXICAP FUND-DIRECT PLAN- GROWTH,13.7093
2026-03-23,151797,360 ONE FLEXICAP FUND-REGULAR PLAN- IDCW,13.1342
2026-03-23,151798,360 ONE FLEXICAP FUND-DIRECT PLAN- IDCW,13.7093
2026-03-23,151799,360 ONE FLEXICAP FUND-REGULAR PLAN- GROWTH,13.1342
2026-03-23,151802,HDFC Consumption Fund - IDCW Option,11.957
2026-03-23,151803,HDFC Consumption Fund - Growth Option,11.957
2026-03-23,151804,HDFC Consumption Fund - Growth Option - Direct Plan,12.356
2026-03-23,151805,HDFC Consumption Fund - IDCW Option - Direct Plan,12.356
2026-03-23,151810,Mirae Asset Multicap Fund - Direct Plan - Growth,13.246
2026-03-23,151811,Mirae Asset Multicap Fund - Direct Plan - IDCW,13.245
2026-03-23,151812,Mirae Asset Multicap Fund - Regular Plan - Growth,12.747
2026-03-23,151813,Mirae Asset Multicap Fund - Regular Plan - IDCW,12.737
2026-03-23,151814,Motilal Oswal Nifty Microcap 250 Index Fund- Direct- Growth Option,13.9058
2026-03-23,151815,Motilal Oswal Nifty Microcap 250 Index Fund- Regular- Growth Option,13.6645
2026-03-23,151816,BANDHAN FINANCIAL SERVICES FUND - DIRECT PLAN - GROWTH,13.593
2026-03-23,151817,BANDHAN FINANCIAL SERVICES FUND - DIRECT PLAN - IDCW,12.66
2026-03-23,151818,BANDHAN FINANCIAL SERVICES FUND - REGULAR PLAN - GROWTH,13.021
2026-03-23,151819,BANDHAN FINANCIAL SERVICES FUND - REGULAR PLAN - IDCW,12.136
2026-03-23,151820,DSP Nifty IT ETF,30.6669
2026-03-23,151821,Canara Robeco Multi Cap Fund - Regular Plan - Growth Option,12.83
2026-03-23,151822,Canara Robeco Multi Cap Fund - Direct Plan - IDCW Option,12.53
2026-03-23,151823,Canara Robeco Multi Cap Fund - Regular Plan - IDCW Option,12.06
2026-03-23,151824,Canara Robeco Multi Cap Fund - Direct Plan - Growth Option,13.33
2026-03-23,151833,Bajaj Finserv Liquid Fund - Direct Plan - Growth,1200.2622
2026-03-23,151834,Bajaj Finserv Liquid Fund - Direct Plan - Weekly - IDCW,1034.6939
2026-03-23,151835,Bajaj Finserv Liquid Fund - Direct Plan - Daily - IDCW,1034.6189
2026-03-23,151836,Bajaj Finserv Liquid Fund - Direct Plan - Monthly - IDCW,1035.9091
2026-03-23,151837,Bajaj Finserv Liquid Fund - Regular Plan - Growth,1194.6233
2026-03-23,151838,Bajaj Finserv Liquid Fund - Direct Plan - Fortnightly - IDCW,1034.6939
2026-03-23,151839,Bajaj Finserv Liquid Fund - Regular Plan - Daily - IDCW,1033.7456
2026-03-23,151840,Bajaj Finserv Liquid Fund - Regular Plan - Weekly - IDCW,1033.8241
2026-03-23,151841,Bajaj Finserv Liquid Fund - Regular Plan - Fortnightly - IDCW,1033.8241
2026-03-23,151842,Bajaj Finserv Liquid Fund - Regular Plan - Monthly - IDCW,1034.9958
2026-03-23,151843,Bajaj Finserv Overnight Fund - Direct Plan - Daily - IDCW,1033.1412
2026-03-23,151844,Bajaj Finserv Overnight Fund - Direct Plan - Weekly - IDCW,1033.1412
2026-03-23,151845,Bajaj Finserv Overnight Fund - Direct Plan - Monthly - IDCW,1034.1779
2026-03-23,151846,Bajaj Finserv Overnight Fund - Regular Plan - Weekly - IDCW,1032.8859
2026-03-23,151847,Bajaj Finserv Overnight Fund - Regular Plan - Fortnightly - IDCW,1032.8859
2026-03-23,151848,Bajaj Finserv Overnight Fund - Regular Plan - Monthly - IDCW,1033.9105
2026-03-23,151849,Bajaj Finserv Overnight Fund - Direct Plan - Growth,1180.3128
2026-03-23,151850,Bajaj Finserv Overnight Fund - Direct Plan - Fortnightly - IDCW,1033.1412
2026-03-23,151851,Bajaj Finserv Overnight Fund - Regular Plan - Growth,1178.7106
2026-03-23,151852,Bajaj Finserv Overnight Fund - Regular Plan - Daily - IDCW,1032.8859
2026-03-23,151853,quant Healthcare Fund - Growth Option - Direct Plan,14.509
2026-03-23,151854,quant Healthcare Fund - IDCW Option - Direct Plan,14.5076
2026-03-23,151855,quant Healthcare Fund - Growth Option - Regular Plan,13.8869
2026-03-23,151856,quant Healthcare Fund - IDCW Option - Regular Plan,13.8862
2026-03-23,151857,Mirae Asset Nifty Bank ETF,521.855
2026-03-23,151862,HDFC Charity Fund for Cancer Cure - IDCW Option - Direct Plan - 50% IDCW Donation Option,10.2969
2026-03-23,151863,HDFC Charity Fund for Cancer Cure - IDCW Option - 75% IDCW Donation Option,10.2969
2026-03-23,151864,HDFC Charity Fund for Cancer Cure - IDCW Option - Direct Plan - 75% IDCW Donation Option,10.2969
2026-03-23,151865,HDFC Charity Fund for Cancer Cure - IDCW Option - 50% IDCW Donation Option,10.2969
2026-03-23,151878,Kotak Quant Fund - Regular Plan - Growth Option,13.516
2026-03-23,151879,Kotak Quant Fund - Regular Plan - IDCW Payout,13.413
2026-03-23,151880,Kotak Quant Fund - Direct plan - IDCW Payout,13.646
2026-03-23,151881,Kotak Quant Fund - Direct Plan - Growth Option,13.646
2026-03-23,151882,UTI Balanced Advantage Fund - Regular Plan - Growth Option,11.7973
2026-03-23,151883,UTI Balanced Advantage Fund - Direct Plan - Payout of IDCW Option,12.2329
2026-03-23,151884,UTI Balanced Advantage Fund - Regular Plan - Payout of IDCW Option,11.7973
2026-03-23,151885,UTI Balanced Advantage Fund - Direct Plan - Growth Option,12.2329
2026-03-23,151886,DSP BSE Sensex ETF,74.4798
2026-03-23,151887,DSP Nifty Private Bank ETF,24.7237
2026-03-23,151888,DSP Nifty PSU Bank ETF,82.7483
2026-03-23,151889,Bajaj Finserv Money Market Fund-Direct Plan-Growth,1212.7501
2026-03-23,151890,Bajaj Finserv Money Market Fund-Direct Plan-IDCW,1212.7501
2026-03-23,151891,Bajaj Finserv Money Market Fund-Regular Plan-IDCW,1193.6824
2026-03-23,151892,Bajaj Finserv Money Market Fund-Regular Plan-Monthly-IDCW,1043.6295
2026-03-23,151893,Bajaj Finserv Money Market Fund-Regular Plan-Growth,1193.6824
2026-03-23,151894,Bajaj Finserv Money Market Fund-Direct Plan-Monthly-IDCW,1035.7902
2026-03-23,151895,Bajaj Finserv Flexi Cap Fund-Direct Plan-Growth,13.558
2026-03-23,151896,Bajaj Finserv Flexi Cap Fund-Direct Plan-IDCW,13.558
2026-03-23,151897,Bajaj Finserv Flexi Cap Fund-Regular Plan-IDCW,13.072
2026-03-23,151898,Bajaj Finserv Flexi Cap Fund -Regular Plan-Growth,13.072
2026-03-23,151899,HDFC Transportation and Logistics Fund - IDCW Option - Direct Plan,16.009
2026-03-23,151900,HDFC Transportation and Logistics Fund - Growth Option,15.52
2026-03-23,151901,HDFC Transportation and Logistics Fund - Growth Option - Direct Plan,16.009
2026-03-23,151902,HDFC Transportation and Logistics Fund - IDCW Option,15.52
2026-03-23,151903,Union Innovation & Opportunities Fund - Regular Plan - Growth Option,12.13
2026-03-23,151904,Union Innovation & Opportunities Fund - Direct Plan - IDCW Option,12.59
2026-03-23,151905,Union Innovation & Opportunities Fund - Direct Plan - Growth Option,12.59
2026-03-23,151906,Union Innovation & Opportunities Fund - Regular Plan - IDCW Option,12.13
2026-03-23,151907,ICICI Prudential Nifty 200 Quality 30 ETF,18.9315
2026-03-23,151908,Mirae Asset Nifty 1D Rate Liquid ETF-IDCW,1000.0
2026-03-23,151909,Kotak Nifty Financial Services Ex-Bank Index Fund - Regular Plan - Growth option,14.055
2026-03-23,151910,Kotak Nifty Financial Services Ex-Bank Index Fund - Regular Plan - IDCW option,14.055
2026-03-23,151911,Kotak Nifty Financial Services Ex-Bank Index Fund - Direct Plan - Growth option,14.257
2026-03-23,151912,Kotak Nifty Financial Services Ex-Bank Index Fund - Direct Plan - IDCW option,14.257
2026-03-23,151913,quant Manufacturing Fund - Growth Option - Regular Plan,12.3302
2026-03-23,151914,quant Manufacturing Fund - IDCW Option - Direct Plan,12.831
2026-03-23,151915,quant Manufacturing Fund - IDCW Option - Regular Plan,12.4243
2026-03-23,151916,quant Manufacturing Fund - Growth Option - Direct Plan,12.8342
2026-03-23,151917,NJ Flexi Cap Fund - Direct Plan - Growth Option,12.05
2026-03-23,151918,NJ Flexi Cap Fund - Direct Plan - IDCW Option,12.05
2026-03-23,151919,NJ Flexi Cap Fund - Regular Plan - IDCW Option,11.58
2026-03-23,151920,NJ Flexi Cap Fund - Regular Plan - Growth Option,11.58
2026-03-23,151927,LIC MF Liquid Fund-Regular Plan-Weekly IDCW,1002.2544
2026-03-23,151928,LIC MF Liquid Fund-Regular Plan-Monthly IDCW,1191.4718
2026-03-23,151930,LIC MF Liquid Fund-Direct Plan-Monthly IDCW,1211.8528
2026-03-23,151932,LIC MF Liquid Fund-Direct Plan-Weekly IDCW,1082.4359
2026-03-23,151935,LIC MF Nifty Next 50 Index Fund-Regular Plan-Growth,45.5327
2026-03-23,151936,LIC MF Nifty Next 50 Index Fund-Regular Plan-IDCW,45.5327
2026-03-23,151937,LIC MF Nifty Next 50 Index Fund-Direct Plan-Growth,50.1313
2026-03-23,151938,LIC MF Nifty Next 50 Index Fund-Direct Plan-IDCW,50.1313
2026-03-23,151949,LIC MF Equity Savings Fund-Regular Plan-Monthly IDCW,21.0435
2026-03-23,151950,LIC MF Equity Savings Fund-Regular Plan-Growth,26.7096
2026-03-23,151951,LIC MF Equity Savings Fund-Regular Plan-Quarterly IDCW,19.8956
2026-03-23,151952,LIC MF Equity Savings Fund-Direct Plan-Growth,30.3683
2026-03-23,151953,LIC MF Equity Savings Fund-Direct Plan-Monthly IDCW,20.5117
2026-03-23,151954,LIC MF Equity Savings Fund-Direct Plan-Quarterly IDCW,16.9171
2026-03-23,151955,LIC MF Short Duration Fund-Regular Plan-Monthly IDCW,15.0019
2026-03-23,151956,LIC MF Short Duration Fund-Regular Plan-Weekly IDCW,12.7498
2026-03-23,151959,LIC MF Short Duration Fund-Direct Plan-Monthly IDCW,16.1302
2026-03-23,151960,LIC MF Short Duration Fund-Direct Plan-Weekly IDCW,16.1306
2026-03-23,151961,LIC MF Gold Exchange Traded Fund,121.7771
2026-03-23,151973,LIC MF Gold ETF Fund of Fund-Regular Plan-Growth,34.7173
2026-03-23,151974,LIC MF Gold ETF Fund of Fund-Direct Plan-Growth,36.6847
2026-03-23,151986,LIC MF Medium to Long Duration Fund-Regular Plan-Quarterly IDCW,16.106
2026-03-23,151988,LIC MF Medium to Long Duration Fund-Direct Plan-Quarterly IDCW,19.2497
2026-03-23,151989,LIC MF Medium to Long Duration Fund-Regular Plan-Annual IDCW,16.106
2026-03-23,151990,LIC MF Medium to Long Duration Fund-Direct Plan-Annual IDCW,19.2495
2026-03-23,151999,LIC MF Mid Cap Fund-Direct Plan-IDCW,26.5924
2026-03-23,152000,LIC MF Mid Cap Fund-Regular Plan-IDCW,23.5886
2026-03-23,152001,LIC MF Mid Cap Fund-Regular Plan-Growth,25.1339
2026-03-23,152002,LIC MF Mid Cap Fund-Direct Plan-Growth,28.3054
2026-03-23,152003,LIC MF Small Cap Fund-Regular Plan-Growth,25.8394
2026-03-23,152004,LIC MF Small Cap Fund-Direct Plan-Growth,29.1915
2026-03-23,152005,LIC MF Small Cap Fund-Direct Plan-IDCW,29.1857
2026-03-23,152006,LIC MF Small Cap Fund-Regular Plan-IDCW,25.8391
2026-03-23,152007,LIC MF Focused Fund-Regular Plan-IDCW,18.7322
2026-03-23,152008,LIC MF Focused Fund-Direct Plan-IDCW,20.7048
2026-03-23,152009,LIC MF Focused Fund-Regular Plan-Growth,18.7324
2026-03-23,152010,LIC MF Focused Fund-Direct Plan-Growth,20.7278
2026-03-23,152015,LIC MF Value Fund-Direct Plan-IDCW,24.5408
2026-03-23,152016,LIC MF Value Fund-Regular Plan-Growth,22.6543
2026-03-23,152017,LIC MF Value Fund-Regular Plan-IDCW,22.6545
2026-03-23,152018,LIC MF Value Fund-Direct Plan-Growth,24.5644
2026-03-23,152019,LIC MF Dividend Yield Fund-Regular Plan-Growth,26.6763
2026-03-23,152020,LIC MF Dividend Yield Fund-Regular Plan-IDCW,26.6757
2026-03-23,152021,LIC MF Dividend Yield Fund-Direct Plan-IDCW,29.2345
2026-03-23,152022,LIC MF Dividend Yield Fund-Direct Plan-Growth,29.2484
2026-03-23,152023,LIC MF Healthcare Fund-Direct Plan-IDCW,29.6716
2026-03-23,152024,LIC MF Healthcare Fund-Direct Plan-Growth,29.6804
2026-03-23,152025,LIC MF Healthcare Fund-Regular Plan-Growth,26.9543
2026-03-23,152026,LIC MF Healthcare Fund-Regular Plan-IDCW,26.9548
2026-03-23,152027,HSBC Consumption Fund - Regular Growth,12.4345
2026-03-23,152028,HSBC Consumption Fund - Direct IDCW,12.8694
2026-03-23,152030,HSBC Consumption Fund - Regular IDCW,12.4345
2026-03-23,152032,HSBC Consumption Fund - Direct Growth,12.8694
2026-03-23,152033,Nippon India Innovation Fund-Direct Plan-Growth Option,12.7006
2026-03-23,152034,Nippon India Innovation Fund-Regular Plan-Growth Option,12.2756
2026-03-23,152035,Nippon India Innovation Fund-Direct Plan-IDCW Option,12.7006
2026-03-23,152036,Nippon India Innovation Fund-Regular Plan-IDCW Option,12.2756
2026-03-23,152037,Kotak BSE Housing Index Fund - Direct Plan - IDCW Option,11.106
2026-03-23,152038,Kotak  BSE Housing Index Fund - Regular Plan - Growth Option,10.954
2026-03-23,152039,Kotak BSE Housing Index Fund - Direct Plan - Growth Option,11.107
2026-03-23,152040,Kotak  BSE Housing Index Fund - Regular Plan - IDCW Option,10.954
2026-03-23,152041,Bandhan Nifty IT Index Fund - Direct Plan - Growth,9.8709
2026-03-23,152042,Bandhan Nifty IT Index Fund - Direct Plan - IDCW,9.8741
2026-03-23,152043,Bandhan Nifty IT Index Fund - Regular Plan - Growth,9.7084
2026-03-23,152044,Bandhan Nifty IT Index Fund - Regular Plan - IDCW,9.7075
2026-03-23,152045,Mahindra Manulife Business Cycle Fund - Direct Plan - Growth,14.5468
2026-03-23,152046,Mahindra Manulife Business Cycle Fund-  Regular Plan - Growth,13.929
2026-03-23,152047,Mahindra Manulife Business Cycle Fund - Regular Plan - IDCW,11.8955
2026-03-23,152048,Mahindra Manulife Business Cycle Fund - Direct Plan - IDCW,12.4938
2026-03-23,152050,UTI Nifty Midcap 150 Exchange Traded Fund,196.1507
2026-03-23,152051,Shriram Multi Asset Allocation Fund - Direct Growth,12.7465
2026-03-23,152052,Shriram Multi Asset Allocation Fund - Regular Growth,12.1675
2026-03-23,152053,DSP Multi Asset Allocation Fund - Regular - Growth,14.911
2026-03-23,152054,DSP Multi Asset Allocation Fund - Regular - IDCW,13.4498
2026-03-23,152055,DSP Multi Asset Allocation Fund - Direct - IDCW,14.6899
2026-03-23,152056,DSP Multi Asset Allocation Fund - Direct - Growth,15.4172
2026-03-23,152057,HDFC Technology Fund - IDCW Option,10.68
2026-03-23,152058,HDFC Technology Fund - Growth Option,10.68
2026-03-23,152059,HDFC Technology Fund - Growth Option - Direct Plan,11.012
2026-03-23,152060,HDFC Technology Fund - IDCW Option - Direct Plan,11.012
2026-03-23,152061,NAVI BSE SENSEX INDEX FUND - REGULAR PLAN - GROWTH,11.0803
2026-03-23,152062,NAVI BSE SENSEX INDEX FUND - DIRECT PLAN - GROWTH,11.276
2026-03-23,152063,Kotak Multi Asset Allocation Fund - Direct Plan - IDCW Option,14.681
2026-03-23,152064,Kotak Multi Asset Allocation Fund - Direct Plan - Growth Option,14.975
2026-03-23,152065,Kotak Multi Asset Allocation Fund - Regular Plan - Growth Option,14.47
2026-03-23,152066,Kotak Multi Asset Allocation Fund - Regular Plan - IDCW Option,14.186
2026-03-23,152067,quant Teck Fund - Growth Option - Direct Plan,8.4902
2026-03-23,152068,quant Teck Fund - IDCW Option - Direct Plan,8.4859
2026-03-23,152069,quant Teck Fund - IDCW Option - Regular Plan,8.1563
2026-03-23,152070,quant Teck Fund - Growth Option - Regular Plan,8.1551
2026-03-23,152071,WhiteOak Capital Multi Cap Fund Direct Plan Growth,13.933
2026-03-23,152072,WhiteOak Capital Multi Cap Fund Regular Plan Growth,13.394
2026-03-23,152073,360 ONE Balanced Hybrid Fund - Direct Plan - IDCW,12.4464
2026-03-23,152074,360 ONE Balanced Hyrbrid fund - Regular Plan - IDCW,11.9925
2026-03-23,152075,360 ONE Balanced Hybrid Fund - Regular Plan - Growth,11.9925
2026-03-23,152076,360 ONE Balanced Hybrid Fund- Direct Plan - Growth,12.4464
2026-03-23,152077,Bajaj Finserv Arbitrage Fund-Direct Plan-Growth,11.907
2026-03-23,152078,Bajaj Finserv Arbitrage Fund- Regular Plan-Growth,11.699
2026-03-23,152079,Bajaj Finserv Arbitrage Fund-Regular Plan-IDCW,11.699
2026-03-23,152080,Bajaj Finserv Arbitrage Fund- Direct Plan-IDCW,11.907
2026-03-23,152081,HDFC Pharma and Healthcare Fund - IDCW Option - Direct Plan,17.186
2026-03-23,152082,HDFC Pharma and Healthcare Fund - Growth Option - Direct Plan,17.186
2026-03-23,152083,HDFC Pharma and Healthcare Fund - IDCW Option,16.683
2026-03-23,152084,HDFC Pharma and Healthcare Fund - Growth Option,16.683
2026-03-23,152086,UTI Innovation Fund - Regular Plan - Growth Option,8.8758
2026-03-23,152087,UTI Innovation Fund - Direct Plan - Growth Option,9.1912
2026-03-23,152088,UTI Innovation Fund - Regular Plan - Payout of IDCW Option,8.8758
2026-03-23,152089,UTI Innovation Fund - Direct Plan - Payout of IDCW Option,9.1912
2026-03-23,152090,Motilal Oswal Developed Market Ex US ETFs Fund of Funds Direct Plan Growth,16.3968
2026-03-23,152091,Motilal Oswal Developed Market Ex US ETFs Fund of Funds Regular Plan Growth,16.1894
2026-03-23,152092,Groww Nifty Total Market Index Fund - Direct Plan - Growth,12.3245
2026-03-23,152093,Edelweiss Multi Cap Fund - Direct Plan - IDCW,13.9623
2026-03-23,152094,Edelweiss Multi Cap Fund - Direct Plan - Growth,13.9623
2026-03-23,152095,Edelweiss Multi Cap Fund - Regular Plan - Growth,13.4441
2026-03-23,152096,Edelweiss Multi Cap Fund - Regular Plan - IDCW,13.4441
2026-03-23,152097,Mirae Asset BSE Sensex ETF,74.5156
2026-03-23,152098,Kotak Nifty G-Sec July 2033 Index Fund - Direct Plan - Growth,12.1292
2026-03-23,152099,Kotak Nifty G-Sec July 2033 Index Fund - Direct Plan - IDCW Payout,12.1293
2026-03-23,152100,Kotak Nifty G-Sec July 2033 Index Fund - Regular Plan - Growth,12.0554
2026-03-23,152101,Kotak Nifty G-Sec July 2033 Index Fund - Regular Plan - IDCW Payout,12.0553
2026-03-23,152102,Bandhan Retirement Fund - Direct Plan - Growth,12.282
2026-03-23,152103,Bandhan Retirement Fund - Regular Plan - Growth,11.794
2026-03-23,152104,Bandhan Retirement Fund - Direct Plan - IDCW,12.274
2026-03-23,152105,Bandhan Retirement Fund - Regular Plan - IDCW,11.795
2026-03-23,152106,Motilal Oswal Nifty 500 ETF,21.0417
2026-03-23,152107,QUANTUM SMALL CAP FUND - DIRECT PLAN GROWTH OPTION,11.3
2026-03-23,152108,QUANTUM SMALL CAP FUND - REGULAR PLAN GROWTH OPTION,10.9
2026-03-23,152109,Parag Parikh Arbitrage Fund - Direct Plan Growth,11.7958
2026-03-23,152110,Parag Parikh Arbitrage Fund - Regular Plan Growth,11.6978
2026-03-23,152116,NJ Overnight Fund - Unclaimed Redemption Plan - Upto 3 Years,1081.4119
2026-03-23,152125,Groww Nifty Total Market Index Fund - Direct Plan - IDCW,12.3242
2026-03-23,152126,Groww Nifty Total Market Index Fund - Regular Plan - IDCW,12.1164
2026-03-23,152127,Groww Nifty Total Market Index Fund - Regular Plan - Growth,12.1157
2026-03-23,152128,Baroda BNP Paribas Small Cap Fund - Direct Plan - Growth option,11.7407
2026-03-23,152129,Baroda BNP Paribas Small Cap Fund - Direct Plan - IDCW option,11.4568
2026-03-23,152130,Baroda BNP Paribas Small Cap Fund - Regular Plan - Growth option,11.3487
2026-03-23,152131,Baroda BNP Paribas Small Cap Fund - Regular Plan - IDCW option,11.0587
2026-03-23,152132,WhiteOak Capital Balanced Hybrid Fund Direct Plan Growth,12.636
2026-03-23,152133,WhiteOak Capital Balanced Hybrid Fund Regular Plan Growth,12.188
2026-03-23,152134,Mirae Asset Nifty 200 Alpha 30 ETF,22.2314
2026-03-23,152135,Helios Flexi Cap Fund - Direct Plan - Growth Option,13.38
2026-03-23,152136,Helios Flexi Cap Fund - Regular Plan - Growth Option,12.93
2026-03-23,152137,Helios Flexi Cap Fund - Regular Plan - IDCW Option,12.94
2026-03-23,152138,Helios Flexi Cap Fund - Direct Plan - IDCW Option,13.38
2026-03-23,152139,Aditya Birla Sun Life US Treasury 1-3 Year Bond ETFs Fund Of Funds-Direct IDCW Payout,12.4965
2026-03-23,152140,Aditya Birla Sun Life US Treasury 1-3 Year Bond ETFs Fund Of Funds-Direct Growth,12.4965
2026-03-23,152142,Aditya Birla Sun Life US Treasury 1-3 Year Bond ETFs Fund Of Funds-Regular Growth,12.4827
2026-03-23,152144,Aditya Birla Sun Life US Treasury 1-3 Year Bond ETFs Fund Of Funds-Regular IDCW,12.4814
2026-03-23,152145,Aditya Birla Sun Life US Treasury 3-10 Year Bond ETFs Fund Of Funds-Direct IDCW,12.7751
2026-03-23,152147,Aditya Birla Sun Life US Treasury 3-10 Year Bond ETFs Fund Of Funds-Regular Growth,12.7592
2026-03-23,152149,Aditya Birla Sun Life US Treasury 3-10 Year Bond ETFs Fund Of Funds-Regular IDCW,12.7592
2026-03-23,152150,Aditya Birla Sun Life US Treasury 3-10 Year Bond ETFs Fund Of Funds-Direct Growth,12.7751
2026-03-23,152151,Helios Overnight Fund - Direct Plan - Daily IDCW Option,1000.0
2026-03-23,152152,Helios Overnight Fund - Direct Plan - Growth Option,1153.8874
2026-03-23,152153,Helios Overnight Fund - Regular Plan - Growth Option,1152.4948
2026-03-23,152154,Helios Overnight Fund - Regular Plan - Daily IDCW Option,1000.0
2026-03-23,152155,Mirae Asset Nifty IT ETF,30.6495
2026-03-23,152156,Zerodha Nifty LargeMidcap 250 Index Fund - Direct Plan - Growth option,12.5935
2026-03-23,152157,Zerodha ELSS Tax Saver Nifty LargeMidcap 250 Index Fund - Direct Plan - Growth option,12.613
2026-03-23,152158,Aditya Birla Sun Life Transportation and Logistics Fund-Direct Growth,13.51
2026-03-23,152159,Aditya Birla Sun Life Transportation and Logistics Fund-Direct IDCW,13.51
2026-03-23,152160,Aditya Birla Sun Life Transportation and Logistics Fund-Regular IDCW,13.06
2026-03-23,152161,Aditya Birla Sun Life Transportation and Logistics Fund-Regular Growth,13.06
2026-03-23,152162,Bajaj Finserv Banking and PSU Fund-Direct Plan- Growth,11.8753
2026-03-23,152163,Bajaj Finserv Banking and PSU Fund- Direct Plan- IDCW,11.8753
2026-03-23,152164,Bajaj Finserv Banking and PSU Fund-  Direct Plan-Monthly- IDCW,10.9456
2026-03-23,152165,Bajaj Finserv Banking and PSU Fund- Regular Plan- Growth,11.7221
2026-03-23,152166,Bajaj Finserv Banking and PSU Fund- Regular Plan- IDCW,11.7221
2026-03-23,152167,Bajaj Finserv Banking and PSU Fund-Regular Plan-Monthly-IDCW,10.8712
2026-03-23,152168,SBI NIFTY 1D Rate Liquid ETF - IDCW,1000.0
2026-03-23,152169,Kotak Consumption Fund - Direct plan - Growth Option,12.579
2026-03-23,152170,Kotak Consumption Fund - Regular plan - Growth Option,12.116
2026-03-23,152171,Kotak Consumption Fund - Regular plan - IDCW Option,12.114
2026-03-23,152172,Kotak Consumption Fund - Direct plan - IDCW Option,12.578
2026-03-23,152177,Bandhan Nifty Alpha 50 Index Fund - Direct Plan - Growth,11.8147
2026-03-23,152178,Bandhan Nifty Alpha 50 Index Fund - Direct Plan - IDCW,11.8077
2026-03-23,152179,Bandhan Nifty Alpha 50 Index Fund - Regular Plan - Growth,11.6269
2026-03-23,152180,Bandhan Nifty Alpha 50 Index Fund - Regular Plan - IDCW,11.6267
2026-03-23,152181,DSP Gold ETF Fund of Fund - Regular - IDCW,20.814
2026-03-23,152182,DSP Gold ETF Fund of Fund - Regular - Growth,20.814
2026-03-23,152183,DSP Gold ETF Fund of Fund - Direct - Growth,20.9972
2026-03-23,152184,DSP Gold ETF Fund of Fund - Direct - IDCW,20.9972
2026-03-23,152185,Samco Dynamic Asset Allocation Fund - Regular Plan - IDCW Option,9.66
2026-03-23,152186,Samco Dynamic Asset Allocation Fund - Direct Plan - IDCW Option,10.01
2026-03-23,152187,Samco Dynamic Asset Allocation Fund - Regular Plan - Growth Option,9.66
2026-03-23,152188,Samco Dynamic Asset Allocation Fund - Direct Plan - Growth Option,10.02
2026-03-23,152189,quant Momentum Fund - Growth Option - Direct Plan,13.0715
2026-03-23,152190,quant Momentum Fund - Growth Option - Regular Plan,12.6832
2026-03-23,152191,quant Momentum Fund - IDCW Option - Regular Plan,12.643
2026-03-23,152192,quant Momentum Fund - IDCW Option - Direct Plan,13.0585
2026-03-23,152193,Edelweiss Gold ETF,135.7074
2026-03-23,152194,Bajaj Finserv Balanced Advantage Fund-Direct Plan-Growth,10.95
2026-03-23,152195,Bajaj Finserv Balanced Advantage Fund-Direct Plan-IDCW,10.95
2026-03-23,152196,Bajaj Finserv Balanced Advantage Fund-Regular Plan-Growth,10.574
2026-03-23,152197,Bajaj Finserv Balanced Advantage Fund-Regular Plan-IDCW,10.574
2026-03-23,152199,Franklin India Money Market Fund Wkly IDCW R,10.089
2026-03-23,152200,Franklin India Money Market Fund - DP - Wkly IDCW R,10.0996
2026-03-23,152202,Axis India Manufacturing Fund - Direct Plan - Growth,13.53
2026-03-23,152203,Axis India Manufacturing Fund - Regular Plan - IDCW,13.11
2026-03-23,152204,Axis India Manufacturing Fund - Direct Plan - IDCW,13.53
2026-03-23,152205,Axis India Manufacturing Fund - Regular Plan - Growth,13.11
2026-03-23,152206,DSP Banking & Financial Services Fund - Direct - Growth,13.087
2026-03-23,152207,DSP Banking & Financial Services Fund - Direct - IDCW,11.025
2026-03-23,152208,DSP Banking & Financial Services Fund - Regular - Growth,12.648
2026-03-23,152209,DSP Banking & Financial Services Fund - Regular - IDCW,11.586
2026-03-23,152212,Edelweiss Silver ETF,208.4382
2026-03-23,152213,Kotak Healthcare Fund - Regular Plan - IDCW Option,13.018
2026-03-23,152214,Kotak Healthcare Fund - Direct Plan - Growth Option,13.511
2026-03-23,152215,Kotak Healthcare Fund - Direct Plan - IDCW Option,13.509
2026-03-23,152216,Kotak Healthcare Fund - Regular Plan - Growth Option,13.014
2026-03-23,152217,Union Children's Fund - Regular Plan - Growth Option,11.06
2026-03-23,152218,Union Children's Fund - Regular Plan - IDCW Option,9.62
2026-03-23,152219,Union Children's Fund - Direct Plan - Growth Option,11.39
2026-03-23,152220,Union Children's Fund - Direct Plan - IDCW Option,11.39
2026-03-23,152225,Whiteoak Capital Large & Mid Cap Fund Regular Plan Growth,11.926
2026-03-23,152226,Whiteoak Capital Large & Mid Cap Fund Direct Plan Growth,12.362
2026-03-23,152231,Baroda BNP Paribas Gold ETF,131.455
2026-03-23,152232,Motilal Oswal Small Cap Fund - Regular - Growth,12.1501
2026-03-23,152234,Motilal Oswal Small Cap Fund - Regular - IDCW,12.1503
2026-03-23,152235,Motilal Oswal Small Cap Fund - Direct IDCW,12.5239
2026-03-23,152237,Motilal Oswal Small Cap Fund - Direct - Growth,12.524
2026-03-23,152238,Axis US Specific Treasury Dynamic Debt Passive FOF - Regular Plan - IDCW Option,12.0649
2026-03-23,152239,Axis US Specific Treasury Dynamic Debt Passive FOF - Regular Plan - Growth Option,12.065
2026-03-23,152240,Axis US Specific Treasury Dynamic Debt Passive FOF - Direct Plan - Growth Option,12.0783
2026-03-23,152241,Axis US Specific Treasury Dynamic Debt Passive FOF - Direct Plan - IDCW Option,12.0775
2026-03-23,152242,DSP Nifty Smallcap250 Quality 50 Index Fund - Regular - IDCW,8.9304
2026-03-23,152243,DSP Nifty Smallcap250 Quality 50 Index Fund - Direct - Growth,9.5914
2026-03-23,152244,DSP Nifty Smallcap250 Quality 50 Index Fund - Direct - IDCW,9.5914
2026-03-23,152245,DSP Nifty Smallcap250 Quality 50 Index Fund - Regular - Growth,9.4429
2026-03-23,152254,Groww Banking & Financial Services Fund - Direct Plan - Growth,11.0544
2026-03-23,152255,quant Commodities Fund - Growth Option - Direct Plan,11.9376
2026-03-23,152256,quant Commodities Fund - Growth Option - Regular Plan,11.5409
2026-03-23,152257,quant Commodities Fund - IDCW Option - Direct Plan,11.9338
2026-03-23,152258,quant Commodities Fund - IDCW Option - Regular Plan,11.5392
2026-03-23,152263,BANDHAN Nifty Smallcap 250 Index Fund - Direct Plan - IDCW,10.3177
2026-03-23,152264,BANDHAN Nifty Smallcap 250 Index Fund - Direct Plan - Growth,10.3176
2026-03-23,152265,BANDHAN Nifty Smallcap 250 Index Fund - Regular Plan - IDCW,10.1585
2026-03-23,152266,BANDHAN Nifty Smallcap 250 Index Fund - Regular Plan - Growth,10.1581
2026-03-23,152267,Aditya Birla Sun Life Crisil IBX Gilt Apr 2033 Index Fund-Direct Growth,11.8418
2026-03-23,152268,Aditya Birla Sun Life Crisil IBX Gilt Apr 2033 Index Fund-Regular Growth,11.7748
2026-03-23,152269,Aditya Birla Sun Life Crisil IBX Gilt Apr 2033 Index Fund-Regular IDCW payout,11.775
2026-03-23,152270,Aditya Birla Sun Life Crisil IBX Gilt Apr 2033 Index Fund-Direct IDCW Payout,11.8414
2026-03-23,152273,Groww Banking & Financial Services Fund-IDCW,11.0537
2026-03-23,152274,Groww Banking & Financial Services Fund - Regular - Growth,10.6078
2026-03-23,152276,Groww Banking & Financial Services Fund - Regular Plan - IDCW,10.6078
2026-03-23,152284,Tata Gold Exchange Traded Fund,13.1928
2026-03-23,152285,Tata Silver Exchange Traded Fund,20.3187
2026-03-23,152286,Tata Gold ETF Fund of Fund Regular Plan IDCW Payout Option,20.4557
2026-03-23,152287,Tata Gold ETF Fund of Fund Direct Plan Growth Option,20.6848
2026-03-23,152288,Tata Gold ETF Fund of Fund Direct Plan IDCW Payout Option,20.6848
2026-03-23,152289,Tata Gold ETF Fund of Fund Direct Plan IDCW Reinvestment Option,20.6848
2026-03-23,152290,Tata Gold ETF Fund of Fund Regular Plan Growth Option,20.4557
2026-03-23,152291,Tata Gold ETF Fund of Fund Regular Plan IDCW Reinvestment Option,20.4557
2026-03-23,152292,Tata Silver ETF Fund of Fund Regular Plan IDCW Reinvestment Option,26.4054
2026-03-23,152293,Tata Silver ETF Fund of Fund Direct Plan Growth Option,26.6913
2026-03-23,152294,Tata Silver ETF Fund of Fund Direct Plan IDCW Payout Option,26.6913
2026-03-23,152295,Tata Silver ETF Fund of Fund Direct Plan IDCW Reinvestment Option,26.6913
2026-03-23,152296,Tata Silver ETF Fund of Fund Regular Plan IDCW Payout Option,26.4054
2026-03-23,152297,Tata Silver ETF Fund of Fund Regular Plan Growth Option,26.4054
2026-03-23,152298,Quantum Liquid Fund - Unclaimed IDCW Plan Below 3 years,11.5289
2026-03-23,152299,Quantum Liquid Fund - Unclaimed IDCW Plan Above 3 years,10.0
2026-03-23,152300,Quantum Liquid Fund - Unclaimed Redemption Plan Below 3 years,11.0699
2026-03-23,152301,Quantum Liquid Fund - Unclaimed Redemption Plan Above 3 years,10.0
2026-03-23,152306,DSP Nifty Healthcare ETF,141.9228
2026-03-23,152307,DSP Multicap Fund - Regular - Growth,10.44
2026-03-23,152308,DSP Multicap Fund - Regular - IDCW,9.635
2026-03-23,152309,DSP Multicap Fund - Direct - IDCW,9.884
2026-03-23,152310,DSP Multicap Fund - Direct - Growth,10.779
2026-03-23,152311,Sundaram Multi Asset Allocation Fund Regular Plan Growth,12.1205
2026-03-23,152312,Sundaram Multi Asset Allocation Fund Direct Plan IDCW Reinvestment,12.5287
2026-03-23,152313,Sundaram Multi Asset Allocation Fund Regular Plan IDCW Reinvestment,12.1205
2026-03-23,152314,Sundaram Multi Asset Allocation Fund Direct Plan Growth,12.5287
2026-03-23,152315,Sundaram Multi Asset Allocation Fund Regular Plan IDCW Payout,12.1205
2026-03-23,152316,Sundaram Multi Asset Allocation Fund Direct Plan IDCW Payout,12.5287
2026-03-23,152321,WhiteOak Capital Banking & Financial Services Fund - Direct Growth,11.693
2026-03-23,152322,WhiteOak Capital Banking & Financial Services Fund - Regular Growth,11.274
2026-03-23,152323,Bandhan Multi Asset Allocation Fund - Direct Plan - IDCW,13.2342
2026-03-23,152324,Bandhan Multi Asset Allocation Fund - Direct Plan - Growth,13.2342
2026-03-23,152325,Bandhan Multi Asset Allocation Fund - Regular Plan - IDCW,12.8061
2026-03-23,152326,Bandhan Multi Asset Allocation Fund - Regular Plan - Growth,12.8061
2026-03-23,152327,Zerodha Nifty 1D Rate Liquid ETF - Growth Option,113.266
2026-03-23,152328,Baroda BNP Paribas Nifty 50 Index Fund - Regular Plan - IDCW option,10.4738
2026-03-23,152329,Baroda BNP Paribas Nifty 50 Index Fund - Direct Plan - Growth option,10.5637
2026-03-23,152330,Baroda BNP Paribas Nifty 50 Index Fund - Direct Plan - IDCW option,10.5637
2026-03-23,152331,Baroda BNP Paribas Nifty 50 Index Fund - Regular Plan - Growth option,10.4738
2026-03-23,152336,quant Consumption Fund - Growth Option - Direct Plan,8.5263
2026-03-23,152337,quant Consumption Fund - IDCW Option - Regular Plan,8.249
2026-03-23,152338,quant Consumption Fund - Growth Option - Regular Plan,8.2457
2026-03-23,152339,quant Consumption Fund - IDCW Option - Direct Plan,8.5303
2026-03-23,152344,Mirae Asset Multi Asset Allocation Fund - Direct Plan - Growth,12.863
2026-03-23,152345,Mirae Asset Multi Asset Allocation Fund - Direct Plan - IDCW,12.863
2026-03-23,152346,Mirae Asset Multi Asset Allocation Fund - Regular Plan - IDCW,12.427
2026-03-23,152347,Mirae Asset Multi Asset Allocation Fund - Regular Plan - Growth,12.433
2026-03-23,152348,WhiteOak Capital Pharma and Heathcare Fund Regular Plan Growth,13.307
2026-03-23,152349,WhiteOak Capital Pharma and Heathcare Fund Direct Plan Growth,13.809
2026-03-23,152350,HDFC NIFTY PSU BANK ETF,82.9074
2026-03-23,152351,Motilal Oswal Large Cap Direct Plan IDCW,11.8988
2026-03-23,152352,Motilal Oswal Large Cap Regular Plan Growth,12.2609
2026-03-23,152353,Motilal Oswal Large Cap Regular Plan IDCW,11.4433
2026-03-23,152354,Motilal Oswal Large Cap Direct Plan Growth,12.5999
2026-03-23,152355,UTI Nifty IT ETF,304.2556
2026-03-23,152356,Bajaj Finserv Nifty 50 ETF,230.1612
2026-03-23,152357,Bajaj Finserv Nifty Bank ETF,52.0719
2026-03-23,152358,Old Bridge Focused Fund - Direct Growth,11.34
2026-03-23,152359,Old Bridge Focused Fund - Direct IDCW,11.34
2026-03-23,152361,Old Bridge Focused Fund - Regular Growth,11.09
2026-03-23,152363,Old Bridge Focused Fund - Regular IDCW,11.09
2026-03-23,152364,ICICI Prudential Nifty50 Value 20 Index Fund - IDCW,9.8542
2026-03-23,152365,ICICI Prudential Nifty50 Value 20 Index Fund - Direct Plan - Growth,9.9502
2026-03-23,152366,ICICI Prudential Nifty50 Value 20 Index Fund - Growth,9.8542
2026-03-23,152367,ICICI Prudential Nifty50 Value 20 Index Fund - Direct Plan - IDCW,9.9502
2026-03-23,152368,UTI Nifty 5 yr Benchmark G-Sec ETF,64.1811
2026-03-23,152369,UTI Nifty 10 yr Benchmark G-Sec ETF,26.053
2026-03-23,152370,SBI Nifty50 Equal Weight Index Fund - Direct Plan - Growth,11.0195
2026-03-23,152371,SBI Nifty50 Equal Weight Index Fund - Direct Plan - Income Distribution Cum Capital Withdrawal Option,11.0188
2026-03-23,152372,SBI Nifty50 Equal Weight Index Fund - Regular Plan - Growth,10.9042
2026-03-23,152373,SBI Nifty50 Equal Weight Index Fund - Regular Plan - Income Distribution Cum Capital Withdrawal Option,10.9041
2026-03-23,152378,HSBC Multi Asset Allocation Fund - Regular - Growth,12.3193
2026-03-23,152379,HSBC Multi Asset Allocation Fund - Regular - IDCW,11.2466
2026-03-23,152380,HSBC Multi Asset Allocation Fund - Direct - Growth,12.6711
2026-03-23,152381,HSBC Multi Asset Allocation Fund - Direct - IDCW,12.3507
2026-03-23,152382,PGIM India Large and Midcap Fund - Direct Plan - Growth Option,11.34
2026-03-23,152383,PGIM India Large and Midcap Fund - Regular Plan - Growth Option,10.93
2026-03-23,152384,PGIM India Large and Midcap Fund - Direct Plan - IDCW option,10.82
2026-03-23,152385,PGIM India Large and Midcap Fund - Regular Plan - IDCW Option,10.68
2026-03-23,152386,Nippon India Nifty Bank Index Fund - Direct Plan - IDCW Option,11.0615
2026-03-23,152387,Nippon India Nifty Bank Index Fund - Regular Plan - Growth Option,10.925
2026-03-23,152388,Nippon India Nifty Bank Index Fund - Regular Plan - IDCW Option,10.925
2026-03-23,152389,Nippon India Nifty Bank Index Fund - Direct Plan - Growth Option,11.0615
2026-03-23,152390,Nippon India Nifty IT Index Fund - Direct Plan - IDCW Option,7.9492
2026-03-23,152391,Nippon India Nifty IT Index Fund - Regular Plan - Growth Option,7.8466
2026-03-23,152392,Nippon India Nifty IT Index Fund - Direct Plan - Growth Option,7.9492
2026-03-23,152393,Nippon India Nifty IT Index Fund - Regular Plan - IDCW Option,7.8466
2026-03-23,152395,Bank of India Multi Asset Allocation Fund-Regular Plan-IDCW,11.6054
2026-03-23,152396,Bank of India Multi Asset Allocation Fund-Direct Plan-Growth,11.8521
2026-03-23,152398,Bank of India Multi Asset Allocation Fund-Regular Plan-Growth,11.6044
2026-03-23,152399,Bank of India Multi Asset Allocation Fund-Direct Plan-IDCW,11.8488
2026-03-23,152404,LIC MF Nifty Midcap 100 ETF,52.994
2026-03-23,152405,Bajaj Finserv Large and Mid Cap Fund- Direct Plan- IDCW,11.183
2026-03-23,152406,Bajaj Finserv Large and Mid Cap Fund- Regular Plan- Growth,10.85
2026-03-23,152407,Bajaj Finserv Large and Mid Cap Fund- Regular Plan- IDCW,10.85
2026-03-23,152408,Bajaj Finserv Large and Mid Cap Fund- Direct Plan- Growth,11.183
2026-03-23,152409,Union Business Cycle Fund - Direct Plan - Growth Option,10.34
2026-03-23,152410,Union Business Cycle Fund - Direct Plan - IDCW Option,10.34
2026-03-23,152411,Union Business Cycle Fund - Regular Plan - Growth Option,10.05
2026-03-23,152412,Union Business Cycle Fund - Regular Plan - IDCW Option,10.05
2026-03-23,152413,quant PSU Fund - Growth Option - Regular Plan,8.8715
2026-03-23,152414,quant PSU Fund - IDCW Option - Regular Plan,8.8711
2026-03-23,152415,quant PSU Fund - Growth Option - Direct Plan,9.1374
2026-03-23,152416,quant PSU Fund - IDCW Option - Direct Plan,9.1429
2026-03-23,152417,SBI Energy Opportunities Fund - Direct Plan - Growth,9.9455
2026-03-23,152418,SBI Energy Opportunities Fund - Regular Plan - Growth,9.7228
2026-03-23,152419,SBI Energy Opportunities Fund - Regular Plan - Income Distribution Cum Capital Withdrawal Option,9.723
2026-03-23,152420,SBI Energy Opportunities Fund - Direct Plan - Income Distribution Cum Capital Withdrawal Option,9.9453
2026-03-23,152421,Axis BSE Sensex Index Fund - Regular Plan - Growth,10.0475
2026-03-23,152422,Axis BSE Sensex Index Fund - Direct Plan - Growth,10.1666
2026-03-23,152423,Axis BSE Sensex Index Fund - Regular Plan - IDCW,10.0475
2026-03-23,152424,Axis BSE Sensex Index Fund - Direct Plan - IDCW,10.1666
2026-03-23,152429,HDFC NIFTY200 Momentum 30 Index Fund - Regular Plan,9.0563
2026-03-23,152430,HDFC NIFTY200 Momentum 30 Index Fund - Direct Plan,9.1482
2026-03-23,152431,Groww Nifty Smallcap 250 Index Fund - Direct Plan - Growth,9.4828
2026-03-23,152433,Groww Nifty Smallcap 250 Index Fund - Regular Plan - Growth,9.3775
2026-03-23,152434,Groww Nifty Smallcap 250 Index Fund - Regular Plan - Regular Plan - IDCW,9.3663
2026-03-23,152436,Groww Nifty Smallcap 250 Index Fund - Direct Plan - IDCW,9.4868
2026-03-23,152437,Edelweiss Technology Fund - Direct Plan - Growth,10.8085
2026-03-23,152438,Edelweiss Technology Fund - Direct Plan - IDCW,10.8085
2026-03-23,152439,Edelweiss Technology Fund - Regular Plan - Growth,10.4326
2026-03-23,152440,Edelweiss Technology Fund - Regular Plan - IDCW,10.4326
2026-03-23,152441,Mahindra Manulife Multi Asset Allocation Fund- Regular Plan - Growth,12.5824
2026-03-23,152443,Mahindra Manulife Multi Asset Allocation Fund- Direct Plan - Growth,13.0048
2026-03-23,152444,Mahindra Manulife Multi Asset allocation Fund - Regular Plan - IDCW,11.819
2026-03-23,152445,Mahindra Manulife Multi Asset Allocation Fund - Direct Plan - IDCW,12.2361
2026-03-23,152447,Canara Robeco Manufacturing Fund - Regular Plan - Growth Option,11.28
2026-03-23,152448,Canara Robeco Manufacturing Fund -Regular Plan - IDWC Option,11.28
2026-03-23,152449,Canara Robeco Manufacturing Fund - Direct Plan - IDWC Option,11.6
2026-03-23,152450,Canara Robeco Manufacturing Fund - Direct Plan - Growth Option,11.61
2026-03-23,152455,Mirae Asset Nifty Smallcap 250 Momentum Quality 100 ETF,37.5572
2026-03-23,152456,Mirae Asset Nifty Smallcap 250 Momentum Quality 100 ETF Fund of Fund - Direct Plan - IDCW,8.335
2026-03-23,152457,Mirae Asset Nifty Smallcap 250 Momentum Quality 100 ETF Fund of Fund - Regular Plan - Growth,8.253
2026-03-23,152458,Mirae Asset Nifty Smallcap 250 Momentum Quality 100 ETF Fund of Fund - Regular Plan - IDCW,8.254
2026-03-23,152459,Mirae Asset Nifty Smallcap 250 Momentum Quality 100 ETF Fund of Fund - Direct Plan - Growth,8.337
2026-03-23,152460,Kotak Technology Fund - Regular Plan - Growth Option,9.47
2026-03-23,152461,Kotak Technology Fund - Regular Plan - IDCW Option,9.471
2026-03-23,152462,Kotak Technology Fund - Direct Plan - Growth Option,9.757
2026-03-23,152463,Kotak Technology Fund - Direct Plan - IDCW Option,9.757
2026-03-23,152464,Parag Parikh Dynamic Asset Allocation Fund - Regular Plan Growth,11.4198
2026-03-23,152467,Parag Parikh Dynamic Asset Allocation Fund - Regular Plan - Monthly IDCW Reinvestment,10.0327
2026-03-23,152468,Parag Parikh Dynamic Asset Allocation Fund - Direct Plan Growth,11.4916
2026-03-23,152469,Parag Parikh Dynamic Asset Allocation Fund - Direct Plan - Monthly IDCW Reinvestment,10.2765
2026-03-23,152470,Baroda BNP Paribas Innovation Fund Direct plan - Growth Option,11.6842
2026-03-23,152471,Baroda BNP Paribas Innovation Fund Direct plan - IDCW Option,11.6842
2026-03-23,152472,Baroda BNP Paribas Innovation Fund Regular plan - Growth Option,11.3343
2026-03-23,152473,Baroda BNP Paribas Innovation Fund Regular plan - IDCW Option,11.2203
2026-03-23,152474,Quantum Multi Asset Allocation Fund - Direct Plan Growth Option,11.61
2026-03-23,152475,Quantum Multi Asset Allocation Fund - Regular Plan Growth Option,11.24
2026-03-23,152476,Zerodha Gold ETF,21.3684
2026-03-23,152481,ICICI Prudential Nifty LargeMidcap 250 Index Fund - Growth,10.8614
2026-03-23,152482,ICICI Prudential Nifty LargeMidcap 250 Index Fund - Direct Plan - Growth,10.9814
2026-03-23,152483,ICICI Prudential Nifty LargeMidcap 250 Index Fund - Direct Plan - IDCW,10.9813
2026-03-23,152484,ICICI Prudential Nifty LargeMidcap 250 Index Fund - IDCW,10.8614
2026-03-23,152489,Kotak Long Duration Fund - Regular Plan - Growth,10.7815
2026-03-23,152490,Kotak Long Duration Fund - Regular Plan - IDCW,10.7817
2026-03-23,152491,Kotak Long Duration Fund - Direct Plan - Growth,10.8453
2026-03-23,152492,Kotak Long Duration Fund - Direct Plan - IDCW,10.8456
2026-03-23,152509,Helios Balanced Advantage Fund- Direct Plan- Growth Option,10.9
2026-03-23,152510,Helios Balanced Advantage Fund- Regular Plan-IDCW Option,10.57
2026-03-23,152511,Helios Balanced Advantage Fund- Direct Plan-IDCW Option,10.91
2026-03-23,152512,Helios Balanced Advantage Fund- Regular Plan- Growth Option,10.57
2026-03-23,152517,Bandhan Long Duration Fund - Regular Plan - IDCW,10.9655
2026-03-23,152518,Bandhan Long Duration Fund - Regular Plan - Growth,10.9654
2026-03-23,152519,Bandhan Long Duration Fund - Direct Plan - IDCW,11.0537
2026-03-23,152520,Bandhan Long Duration Fund - Direct Plan - Growth,11.0556
2026-03-23,152521,HDFC NIFTY Realty Index Fund - Direct Plan,7.4514
2026-03-23,152522,HDFC NIFTY Reality Index Fund - Regular Plan,7.3808
2026-03-23,152527,DSP US Specific Debt Passive FoF - Regular - Growth,12.342
2026-03-23,152528,DSP US Specific Debt Passive FoF - Direct - Growth,12.3545
2026-03-23,152529,DSP US Specific Debt Passive FoF - Direct - IDCW,12.3545
2026-03-23,152530,DSP US Specific Debt Passive FoF - Regular - IDCW,12.342
2026-03-23,152535,Navi NiftyIT Index Fund - Direct Plan- Growth,8.6591
2026-03-23,152536,Navi NiftyIT Index Fund - Regular Plan -Growth,8.5347
2026-03-23,152537,PGIM India Retirement Fund - Direct Plan - Growth Option,10.74
2026-03-23,152538,PGIM India Retirement Fund - Regular Plan - Growth Option,10.4
2026-03-23,152539,PGIM India Retirement Fund - Direct Plan - IDCW Payout Option,10.74
2026-03-23,152540,PGIM India Retirement Fund - Regular Plan - IDCW Payout Option,10.4
2026-03-23,152541,Motilal Oswal Nifty Realty ETF,66.2826
2026-03-23,152546,Motilal Oswal Nifty Smallcap 250 ETF,14.2914
2026-03-23,152555,DSP BSE Liquid Rate ETF,1118.5931
2026-03-23,152556,Tata Nifty Auto Index Fund - Regular Plan - IDCW Reinvestment,10.7158
2026-03-23,152557,Tata Nifty Auto Index Fund - Direct Plan - Growth,10.8531
2026-03-23,152558,Tata Nifty Auto Index Fund - Direct Plan - IDCW Reinvestment,10.8531
2026-03-23,152559,Tata Nifty Auto Index Fund - Direct Plan - IDCW payout,10.8531
2026-03-23,152560,Tata Nifty Auto Index Fund - Regular Plan - Growth,10.7158
2026-03-23,152561,Tata Nifty Auto Index Fund - Regular Plan - IDCW Payout,10.7158
2026-03-23,152562,Tata Nifty MidSmall Healthcare Index Fund - Regular Plan - IDCW Payout,11.8744
2026-03-23,152563,Tata Nifty MidSmall Healthcare Index Fund - Regular Plan - IDCW Reinvestment,11.8744
2026-03-23,152564,Tata Nifty MidSmall Healthcare Index Fund - Direct Plan - Growth,12.0255
2026-03-23,152565,Tata Nifty MidSmall Healthcare Index Fund - Direct Plan - IDCW Payout,12.0255
2026-03-23,152566,Tata Nifty MidSmall Healthcare Index Fund - Direct Plan - IDCW Reinvestment,12.0255
2026-03-23,152567,Tata Nifty MidSmall Healthcare Index Fund - Regular Plan - Growth,11.8744
2026-03-23,152568,Tata Nifty Realty Index Fund - Regular Plan - IDCW Payout,6.7195
2026-03-23,152569,Tata Nifty Realty Index Fund - Regular Plan - IDCW Reinvestment,6.7195
2026-03-23,152570,Tata Nifty Realty Index Fund - Direct Plan - Growth,6.8091
2026-03-23,152571,Tata Nifty Realty Index Fund - Direct Plan - IDCW Payout,6.8091
2026-03-23,152572,Tata Nifty Realty Index Fund - Direct Plan - IDCW Reinvestment,6.8091
2026-03-23,152573,Tata Nifty Realty Index Fund - Regular Plan - Growth,6.7195
2026-03-23,152574,Tata Nifty Financial Services Index Fund - Regular Plan - Growth,11.0842
2026-03-23,152575,Tata Nifty Financial Services Index Fund - Regular Plan - IDCW Payout,11.0842
2026-03-23,152576,Tata Nifty Financial Services Index Fund - Regular Plan - IDCW Reinvestment,11.0842
2026-03-23,152577,Tata Nifty Financial Services Index Fund - Direct Plan - Growth,11.2263
2026-03-23,152578,Tata Nifty Financial Services Index Fund - Direct Plan - IDCW Reinvestment,11.2263
2026-03-23,152579,Tata Nifty Financial Services Index Fund - Direct Plan - IDCW Payout,11.2263
2026-03-23,152580,Invesco India Money Market Fund - Weekly IDCW (Payout / Reinvestment),1001.1229
2026-03-23,152582,TRUSTMF Flexi Cap Fund-Regular Plan- Growth,10.18
2026-03-23,152583,TRUSTMF Flexi Cap Fund-Regular Plan- IDCW,10.18
2026-03-23,152584,TRUSTMF Flexi Cap Fund-Direct Plan- Growth,10.52
2026-03-23,152585,TRUSTMF Flexi Cap Fund-Direct Plan- IDCW,10.52
2026-03-23,152586,Samco Special Opportunities Fund - Direct Plan - Growth,7.36
2026-03-23,152587,Samco Special Opportunities Fund - Regular Plan - Growth,7.15
2026-03-23,152588,Tata Nifty500 Multicap India Manufacturing 50:30:20 Index Fund -Direct Plan-Growth,10.6667
2026-03-23,152589,Tata Nifty500 Multicap India Manufacturing 50:30:20 Index Fund -Direct Plan-IDCW-Payout,10.6667
2026-03-23,152590,Tata Nifty500 Multicap India Manufacturing 50:30:20 Index Fund -Regular Plan-Growth,10.5335
2026-03-23,152591,Tata Nifty500 Multicap India Manufacturing 50:30:20 Index Fund -Regular Plan-IDCW Payout,10.5335
2026-03-23,152592,Tata Nifty500 Multicap India Manufacturing 50:30:20 Index Fund -Regular Plan -IDCW-Reinvestment,10.5335
2026-03-23,152593,Tata Nifty500 Multicap India Manufacturing 50:30:20 Index Fund -Direct Plan-IDCW-Reinvestment,10.6667
2026-03-23,152594,Tata Nifty500 Multicap Infrastructure 50:30:20 Index Fund - Direct Plan - IDCW Reinvestment,9.7518
2026-03-23,152595,Tata Nifty500 Multicap Infrastructure 50:30:20 Index Fund - Direct Plan - Growth,9.7518
2026-03-23,152596,Tata Nifty500 Multicap Infrastructure 50:30:20 Index Fund - Regular Plan - Growth,9.6256
2026-03-23,152597,Tata Nifty500 Multicap Infrastructure 50:30:20 Index Fund - Regular Plan - IDCW Payout,9.6256
2026-03-23,152598,Tata Nifty500 Multicap Infrastructure 50:30:20 Index Fund - Direct Plan - IDCW Payout,9.7518
2026-03-23,152599,Tata Nifty500 Multicap Infrastructure 50:30:20 Index Fund - Regular Plan - IDCW Reinvestment,9.6256
2026-03-23,152600,HDFC Manufacturing fund - Growth Option - Direct Plan,10.127
2026-03-23,152601,HDFC Manufacturing fund - IDCW - Regular Plan,9.919
2026-03-23,152602,HDFC Manufacturing fund - Growth Option - Regular Plan,9.919
2026-03-23,152603,HDFC Manufacturing fund - IDCW - Direct Plan,10.127
2026-03-23,152604,Bandhan Innovation Fund - Direct Plan - IDCW,12.058
2026-03-23,152605,Bandhan Innovation Fund - Regular Plan - IDCW,11.713
2026-03-23,152606,Bandhan Innovation Fund - Regular Plan - Growth,11.713
2026-03-23,152607,Bandhan Innovation Fund - Direct Plan - Growth,12.058
2026-03-23,152612,JM Small Cap Fund (Regular) - Growth Option,8.2009
2026-03-23,152613,JM Small Cap Fund (Regular) - IDCW Option,8.2009
2026-03-23,152614,JM Small Cap Fund (Direct) - Growth Option,8.449
2026-03-23,152615,JM Small Cap Fund (Direct) - IDCW Option,8.4491
2026-03-23,152616,Edelweiss Nifty Alpha Low Volatility 30 Index Fund - Direct Plan - Growth,9.0643
2026-03-23,152617,Edelweiss Nifty Alpha Low Volatility 30 Index Fund - Regular Plan - Growth,8.9406
2026-03-23,152618,Edelweiss Nifty Alpha Low Volatility 30 Index Fund - Regular Plan - IDCW Payout,8.9406
2026-03-23,152619,Edelweiss Nifty Alpha Low Volatility 30 Index Fund - Direct Plan - IDCW Payout,9.0643
2026-03-23,152620,Aditya Birla Sun Life Nifty PSE ETF,9.9518
2026-03-23,152625,Baroda BNP Paribas Retirement Fund - Regular plan - Growth option,10.3506
2026-03-23,152626,Baroda BNP Paribas Retirement Fund - Direct plan - IDCW option,10.6754
2026-03-23,152627,Baroda BNP Paribas Retirement Fund - Regular plan - IDCW option,10.3506
2026-03-23,152628,Baroda BNP Paribas Retirement Fund - Direct plan - Growth option,10.6754
2026-03-23,152629,Axis Nifty Bank Index Fund - Direct Plan - Growth Option,10.5865
2026-03-23,152630,Axis Nifty Bank Index Fund - Regular Plan - IDCW Option,10.4226
2026-03-23,152631,Axis Nifty Bank Index Fund - Direct Plan - IDCW Option,10.5865
2026-03-23,152632,Axis Nifty Bank Index Fund - Regular Plan - Growth Option,10.4226
2026-03-23,152633,Groww Nifty Non-Cyclical Consumer Index Fund - Regular Plan - Growth,9.0029
2026-03-23,152634,Mirae Asset Nifty MidSmallcap400 Momentum Quality 100 ETF,42.6322
2026-03-23,152635,Groww Nifty Non-Cyclical Consumer Index Fund - IDCW,9.0019
2026-03-23,152636,Groww Nifty Non-Cyclical Consumer Index Fund - Direct Plan - IDCW,9.1017
2026-03-23,152637,Groww Nifty Non-Cyclical Consumer Index Fund - Direct Plan Growth,9.1018
2026-03-23,152638,Bajaj Finserv Nifty 1D Rate Liquid ETF,1073.9806
2026-03-23,152639,Bajaj Finserv Multi Asset Allocation Fund - Direct Growth,11.5517
2026-03-23,152640,Bajaj Finserv Multi Asset Allocation Fund - Regular IDCW,11.2412
2026-03-23,152641,Bajaj Finserv Multi Asset Allocation Fund - Direct IDCW,11.5517
2026-03-23,152642,Bajaj Finserv Multi Asset Allocation Fund - Regular Growth,11.2412
2026-03-23,152643,WhiteOak Capital Special Opportunities Fund - Regular Growth,11.544
2026-03-23,152644,WhiteOak Capital Special Opportunities Fund - Direct Growth,11.936
2026-03-23,152645,Mirae Asset Nifty MidSmallcap400 Momentum Quality 100 ETF Fund of Fund - Direct Plan - Growth,8.606
2026-03-23,152646,Mirae Asset Nifty MidSmallcap400 Momentum Quality 100 ETF Fund of Fund - Direct Plan - IDCW,8.605
2026-03-23,152647,Mirae Asset Nifty MidSmallcap400 Momentum Quality 100 ETF Fund of Fund - Regular Plan - Growth,8.522
2026-03-23,152648,Mirae Asset Nifty MidSmallcap400 Momentum Quality 100 ETF Fund of Fund - Regular Plan - IDCW,8.526
2026-03-23,152649,Motilal Oswal Multi Cap Fund Regular Plan IDCW,10.8261
2026-03-23,152650,Motilal Oswal Multi Cap Fund Regular Plan Growth,10.8261
2026-03-23,152651,Motilal Oswal Multi Cap Fund-Direct Plan Growth,11.0803
2026-03-23,152652,Motilal Oswal Multi Cap Fund-Direct Plan IDCW,11.0803
2026-03-23,152653,DSP Nifty Bank Index Fund - Regular - Growth,10.4359
2026-03-23,152654,DSP Nifty Bank Index Fund - Direct - Growth,10.5587
2026-03-23,152655,SBI Automotive Opportunities Fund - Direct Plan - Income Distribution Cum Capital Withdrawal Option,10.4036
2026-03-23,152656,SBI Automotive Opportunities Fund - Regular Plan - Income Distribution Cum Capital Withdrawal Option,10.1949
2026-03-23,152657,SBI Automotive Opportunities Fund - Direct Plan - Growth,10.4039
2026-03-23,152658,SBI Automotive Opportunities Fund - Regular Plan - Growth,10.1948
2026-03-23,152659,Aditya Birla Sun Life Crisil IBX Gilt June 2027 Index Fund-Direct Growth,11.4144
2026-03-23,152660,Aditya Birla Sun Life Crisil IBX Gilt June 2027 Index Fund-Regular Growth,11.3552
2026-03-23,152661,Aditya Birla Sun Life Crisil IBX Gilt June 2027 Index Fund-Regular IDCW Payout,11.3552
2026-03-23,152662,Aditya Birla Sun Life Crisil Ibx Gilt June 2027 Index Fund-Direct IDCW Payout,11.415
2026-03-23,152663,Kotak NIFTY 100 Low Volatility 30 Index Fund - Direct plan - Growth option,9.892
2026-03-23,152664,Kotak NIFTY 100 Low Volatility 30 Index Fund - Regular plan - Growth option,9.7812
2026-03-23,152665,Kotak NIFTY 100 Low Volatility 30 Index Fund - Direct plan - IDCW option,9.8921
2026-03-23,152666,Kotak NIFTY 100 Low Volatility 30 Index Fund - Regular plan - IDCW option,9.7812
2026-03-23,152667,Zerodha Nifty 100 ETF,9.6383
2026-03-23,152668,Zerodha Nifty Midcap 150 ETF,9.7391
2026-03-23,152669,Mahindra Manulife Manufacturing Fund - Regular Plan - IDCW,9.0541
2026-03-23,152670,Mahindra Manulife Manufacturing Fund - Direct Plan - IDCW,9.3088
2026-03-23,152671,Mahindra Manulife Manufacturing Fund - Regular Plan - Growth,9.054
2026-03-23,152672,Mahindra Manulife Manufacturing Fund - Direct Plan - Growth,9.3088
2026-03-23,152673,Sundaram Business Cycle Fund Direct Plan IDCW Reinvestment,9.2886
2026-03-23,152674,Sundaram Business Cycle Fund Regular Plan IDCW Payout,9.0368
2026-03-23,152675,Sundaram Business Cycle Fund Regular Plan IDCW Reinvestment,9.0368
2026-03-23,152676,Sundaram Business Cycle Fund Direct Plan IDCW Payout,9.2886
2026-03-23,152677,Sundaram Business Cycle Fund Direct Plan Growth,9.2886
2026-03-23,152678,Sundaram Business Cycle Fund Regular Plan Growth,9.0368
2026-03-23,152679,Helios Financial Services Fund - Direct Plan - Growth Option,10.28
2026-03-23,152680,Helios Financial Services Fund - Direct Plan - IDCW Option,10.28
2026-03-23,152681,Helios Financial Services Fund - Regular Plan - IDCW Option,10.0
2026-03-23,152682,Helios Financial Services Fund - Regular Plan - Growth Option,10.0
2026-03-23,152683,Baroda BNP Paribas Nifty Bank ETF,51.6809
2026-03-23,152684,Aditya Birla Sun Life Quant Fund - Direct Growth,9.12
2026-03-23,152685,Aditya Birla Sun Life Quant Fund - Direct IDCW Payout,9.11
2026-03-23,152686,Aditya Birla Sun Life Quant Fund - Regular Growth,8.9
2026-03-23,152687,Aditya Birla Sun Life Quant Fund - Regular IDCW Payout,8.88
2026-03-23,152688,Canara Robeco Balanced Advantage Fund - Direct Plan - Growth Option,9.72
2026-03-23,152689,Canara Robeco Balanced Advantage Fund - Direct Plan - IDCW Option,9.63
2026-03-23,152690,Canara Robeco Balanced Advantage Fund - Regular Plan - Growth Option,9.5
2026-03-23,152691,Canara Robeco Balanced Advantage Fund - Regular Plan - IDCW Option,9.4
2026-03-23,152692,Motilal Oswal Quant Fund - Regular - Growth,8.7046
2026-03-23,152693,Motilal Oswal Quant Fund - Regular - IDCW,8.0254
2026-03-23,152694,Motilal Oswal Quant Fund - Direct - Growth,9.2193
2026-03-23,152695,Motilal Oswal Quant Fund - Direct - IDCW,8.6697
2026-03-23,152696,Baroda BNP Paribas Manufacturing Fund - Regular Plan - Growth Option,9.5125
2026-03-23,152697,Baroda BNP Paribas Manufacturing Fund - Direct Plan - Growth Option,9.7512
2026-03-23,152698,Baroda BNP Paribas Manufacturing Fund - Direct Plan - IDCW Option,9.7512
2026-03-23,152699,Baroda BNP Paribas Manufacturing Fund - Regular Plan - IDCW Option,9.5125
2026-03-23,152700,Kotak Special Opportunities Fund - Regular Plan - IDCW Option,8.524
2026-03-23,152702,Kotak Special Opportunities Fund - Direct Plan - Growth Option,8.732
2026-03-23,152703,Kotak Special Opportunities Fund - Regular Plan - Growth Option,8.524
2026-03-23,152704,Kotak Special Opportunities Fund - Direct Plan - IDCW Payout Option,8.732
2026-03-23,152710,Edelweiss Business Cycle Fund - Direct Plan - Growth,8.1652
2026-03-23,152711,Motilal Oswal Nifty India Defence Index Fund Regular Plan Growth,9.5815
2026-03-23,152712,Motilal Oswal Nifty India Defence Index Fund Direct Plan Growth,9.6994
2026-03-23,152713,HDFC NIFTY100 Low Volatility 30 Index Fund - Direct Plan,9.4972
2026-03-23,152714,HDFC NIFTY100 Low Volatility 30 Index Fund - Regular Plan,9.4157
2026-03-23,152715,Mirae Asset Nifty EV and New Age Automotive ETF,26.8162
2026-03-23,152716,Bandhan Nifty Total Market Index Fund - Direct Plan - Growth,9.0159
2026-03-23,152717,Bandhan Nifty Total Market Index Fund - Regular Plan - Growth,8.9162
2026-03-23,152718,Mirae Asset Nifty200 Alpha 30 ETF Fund of Fund - Direct Plan - Growth,7.765
2026-03-23,152719,Mirae Asset Nifty200 Alpha 30 ETF Fund of Fund - Direct Plan - IDCW,7.77
2026-03-23,152720,Mirae Asset Nifty200 Alpha 30 ETF Fund of Fund - Regular Plan - Growth,7.709
2026-03-23,152721,Mirae Asset Nifty200 Alpha 30 ETF Fund of Fund - Regular Plan - IDCW,7.703
2026-03-23,152722,Edelweiss Business Cycle Fund - Regular Plan - IDCW Option,7.9498
2026-03-23,152723,Edelweiss Business Cycle Fund - Direct Plan - IDCW Option,8.1652
2026-03-23,152724,Edelweiss Business Cycle Fund - Regular Plan - Growth,7.9498
2026-03-23,152725,SBI Silver ETF,204.5034
2026-03-23,152726,ICICI PRUDENTIAL ENERGY OPPORTUNITIES FUND - Growth,10.16
2026-03-23,152727,ICICI PRUDENTIAL ENERGY OPPORTUNITIES FUND - IDCW,10.16
2026-03-23,152728,ICICI PRUDENTIAL ENERGY OPPORTUNITIES FUND - Direct Plan - Growth,10.36
2026-03-23,152729,ICICI PRUDENTIAL ENERGY OPPORTUNITIES FUND - Direct Plan - IDCW,10.36
2026-03-23,152730,Axis Nifty 500 Index Fund - Regular Plan - Growth Option,8.9189
2026-03-23,152731,Axis Nifty 500 Index Fund - Direct Plan - Growth Option,9.0561
2026-03-23,152732,ADITYA BIRLA SUN LIFE CRISIL BROAD BASED GILT ETF,111.3237
2026-03-23,152733,SBI Silver ETF Fund of Fund- Regular Plan - Growth,21.262
2026-03-23,152734,SBI Silver ETF FOF- Regular Plan - Income Distribution Cum Capital Withdrawal Option (IDCW),21.2627
2026-03-23,152735,SBI Silver ETF Fund of Fund- Direct Plan - Growth,21.3927
2026-03-23,152736,SBI Silver ETF Fund of Fund- Direct Plan - Income Distribution Cum Capital Withdrawal Option (IDCW),21.3926
2026-03-23,152737,Franklin India Multi Cap Fund - Direct - IDCW,9.2714
2026-03-23,152738,Franklin India Multi Cap Fund - Growth,9.0505
2026-03-23,152739,Franklin India Multi Cap Fund - Direct - Growth,9.2714
2026-03-23,152740,Franklin India Multi Cap Fund - IDCW,9.0505
2026-03-23,152741,Shriram Nifty 1D Rate Liquid ETF - Growth,1096.9521
2026-03-23,152742,Tata Nifty India Tourism Index Fund - Direct - Growth,7.5537
2026-03-23,152743,Tata Nifty India Tourism Index Fund - Direct - IDCW Reinvestment,7.5537
2026-03-23,152744,Tata Nifty India Tourism Index Fund - Direct - IDCW Payout,7.5537
2026-03-23,152745,Tata Nifty India Tourism Index Fund - Regular - IDCW Payout,7.4671
2026-03-23,152746,Tata Nifty India Tourism Index Fund - Regular - Growth,7.4671
2026-03-23,152747,Tata Nifty India Tourism Index Fund - Regular - IDCW Reinvestment,7.4671
2026-03-23,152748,ICICI Prudential Nifty Oil & Gas ETF,10.8919
2026-03-23,152749,SBI Nifty50 Equal Weight ETF,29.9176
2026-03-23,152750,NAVI NIFTY 500 MULTICAP 50-25-25 REGULAR PLAN,8.7085
2026-03-23,152751,NAVI NIFTY 500 MULTICAP 50-25-25 DIRECT PLAN,8.8078
2026-03-23,152752,Kotak BSE PSU Index Fund - Regular Plan - Growth,8.985
2026-03-23,152753,Kotak BSE PSU Index Fund - Regular Plan - IDCW Payout and Reinvestment,8.985
2026-03-23,152754,Kotak BSE PSU Index Fund - Direct Plan - IDCW Payout and Reinvestment,9.081
2026-03-23,152755,Kotak BSE PSU Index Fund - Direct Plan - Growth,9.081
2026-03-23,152756,Invesco India Manufacturing Fund - Direct Plan - Growth,9.31
2026-03-23,152757,Invesco India Manufacturing Fund - Direct Plan - IDCW,9.31
2026-03-23,152758,Invesco India Manufacturing Fund - Regular Plan - Growth,9.08
2026-03-23,152759,Invesco India Manufacturing Fund - Regular Plan - IDCW,9.08
2026-03-23,152760,Motilal Oswal Manufacturing Fund - Direct Plan- Growth,10.1708
2026-03-23,152761,Motilal Oswal Manufacturing Fund - Regular Plan - IDCW,9.9372
2026-03-23,152762,Motilal Oswal Manufacturing Fund - Direct Plan - IDCW,10.1702
2026-03-23,152763,Motilal Owsal Manufacturing Fund - Regular Plan - Growth,9.9373
2026-03-23,152764,GROWW NIFTY EV & NEW AGE AUTOMOTIVE ETF,26.7184
2026-03-23,152765,KOTAK NIFTY MIDCAP 50 INDEX FUND-REGULAR PLAN-GROWTH,9.133
2026-03-23,152766,KOTAK NIFTY MIDCAP 50 INDEX FUND-REGULAR PLAN-IDCW PAYOUT AND REINVESTMENT,9.133
2026-03-23,152767,KOTAK NIFTY MIDCAP 50 INDEX FUND-DIRECT PLAN- GROWTH,9.223
2026-03-23,152768,KOTAK NIFTY MIDCAP 50 INDEX FUND-DIRECT PLAN-IDCW PAYOUT AND REINVESTMENT,9.223
2026-03-23,152769,ICICI Prudential Nifty Metal ETF,10.9001
2026-03-23,152770,Groww Nifty EV & New Age Automotive ETF FOF- Direct Plan - Growth,8.2165
2026-03-23,152771,Groww Nifty EV & New Age Automotive ETF FOF - Direct Plan - IDCW,8.2169
2026-03-23,152772,Groww Nifty EV & New Age Automotive ETF FOF - Regular Plan - IDCW,8.1597
2026-03-23,152773,Groww Nifty EV & New Age Automotive ETF FOF - Regular Plan - Growth,8.1596
2026-03-23,152774,SBI Innovative Opportunities Fund - Regular Plan - Growth,8.1564
2026-03-23,152775,SBI Innovative Opportunities Fund - Regular Plan - Income Distribution Cum Capital Withdrawal Option,8.1568
2026-03-23,152776,SBI Innovative Opportunities Fund - Direct Plan - Growth,8.3017
2026-03-23,152777,SBI Innovative Opportunities Fund - Direct Plan - Income Distribution Cum Capital Withdrawal Option,8.3017
2026-03-23,152778,HDFC NIFTY500 Multicap 50:25:25 Index Fund - Direct Plan,8.7307
2026-03-23,152779,HDFC NIFTY500 Multicap 50:25:25 index Fund - Regular Plan,8.6646
2026-03-23,152780,BAJAJ FINSERV LARGE CAP FUND - REGULAR PLAN - GROWTH,9.207
2026-03-23,152781,BAJAJ FINSERV LARGE CAP FUND - DIRECT PLAN - IDCW,9.428
2026-03-23,152782,BAJAJ FINSERV LARGE CAP FUND - REGULAR PLAN - IDCW,9.207
2026-03-23,152783,BAJAJ FINSERV LARGE CAP FUND - DIRECT PLAN - GROWTH,9.428
2026-03-23,152784,Union Multi Asset Allocation Fund- Direct Plan - IDCW Option,11.28
2026-03-23,152785,Union Multi Asset Allocation Fund- Regular Plan - IDCW Option,11.08
2026-03-23,152786,Union Multi Asset Allocation Fund- Regular Plan - Growth Option,11.08
2026-03-23,152787,Union Multi Asset Allocation Fund- Direct Plan - Growth Option,11.28
2026-03-23,152788,Bank of India Business Cycle Fund - Direct Plan - Dividend,8.21
2026-03-23,152789,Bank of India Business Cycle Fund - Direct Plan - Growth,8.21
2026-03-23,152790,Bank of India Business Cycle Fund - Regular Plan - Growth,8.06
2026-03-23,152791,Bank of India Business Cycle Fund - Regular Plan - Dividend,8.06
2026-03-23,152792,Bandhan Nifty Bank Index Fund - Regular Plan - Growth,9.9443
2026-03-23,152793,Bandhan Nifty Bank Index Fund - Direct Plan - Growth,10.0702
2026-03-23,152794,Motilal Oswal Business Cycle Fund-Regular Plan-Growth,9.9433
2026-03-23,152795,Motilal Oswal Business Cycle Fund-Regular Plan-IDCW,9.9433
2026-03-23,152796,Motilal Oswal Business Cycle Fund - Direct Plan- Growth,10.1653
2026-03-23,152797,Motilal Oswal Business Cycle Fund - Direct Plan- IDCW,10.1647
2026-03-23,152798,Aditya Birla Sun Life Nifty India Defence Index Fund-Direct Growth,10.5887
2026-03-23,152799,Aditya Birla Sun Life Nifty India Defence Index Fund-Direct IDCW Payout,10.5892
2026-03-23,152800,Aditya Birla Sun Life Nifty India Defence Index Fund-Regular-Growth,10.4665
2026-03-23,152801,Aditya Birla Sun Life Nifty India Defence Index Fund-Regular IDCW Payout,10.4645
2026-03-23,152802,Aditya Birla Sun Life Crisil 10 Year Gilt ETF,109.9563
2026-03-23,152803,Axis Consumption Fund Direct Plan - IDCW,8.27
2026-03-23,152804,Axis Consumption Fund Regular Plan - Growth,8.09
2026-03-23,152805,Axis Consumption Fund Direct Plan - Growth,8.27
2026-03-23,152806,Axis Consumption Fund Regular Plan - IDCW,8.09
2026-03-23,152807,Baroda BNP Paribas Dividend Yield Fund - Regular Plan - Growth Option,8.7686
2026-03-23,152808,Baroda BNP Paribas Dividend Yield Fund - Regular Plan - IDCW Option,8.7686
2026-03-23,152809,Baroda BNP Paribas Dividend Yield Fund - Direct Plan - IDCW Option,8.9842
2026-03-23,152810,Baroda BNP Paribas Dividend Yield Fund - Direct Plan - Growth Option,8.9842
2026-03-23,152811,Mirae Asset Nifty500 Multicap 50:25:25 ETF,14.3531
2026-03-23,152812,DSP Nifty Top 10 Equal Weight ETF,83.8624
2026-03-23,152813,DSP Nifty Top 10 Equal Weight Index Fund - Regular - Growth,8.5147
2026-03-23,152814,DSP Nifty Top 10 Equal Weight Index Fund - Direct - Growth,8.6073
2026-03-23,152815,PGIM India Multi Cap Fund - Direct Plan - Growth Option,9.01
2026-03-23,152816,PGIM India Multi Cap Fund - Regular Plan - Growth Option,8.78
2026-03-23,152817,PGIM India Multi Cap Fund - Direct Plan - IDCW Option,9.01
2026-03-23,152818,PGIM India Multi Cap Fund - Regular Plan - IDCW Option,8.78
2026-03-23,152821,ITI Large & Midcap Fund - Direct Plan - Growth,8.4645
2026-03-23,152822,ITI Large & Midcap Fund - Regular Plan - IDCW Option,8.2462
2026-03-23,152823,ITI Large & Midcap Fund - Direct Plan - IDCW Option,8.4645
2026-03-23,152824,ITI Large & Midcap Fund - Regular Plan - Growth,8.2462
2026-03-23,152825,Franklin India Ultra Short Duration Fund - Direct - Growth,11.1525
2026-03-23,152826,Franklin India Ultra Short Duration Fund - IDCW,10.5662
2026-03-23,152827,Franklin India Ultra Short Duration Fund - Direct - IDCW,10.6291
2026-03-23,152828,Franklin India Ultra Short Duration Fund - Growth,11.0736
2026-03-23,152829,HSBC India Export Opportunities Fund - Direct Growth,8.9754
2026-03-23,152830,HSBC India Export Opportunities Fund - Regular Growth,8.7936
2026-03-23,152831,HSBC India Export Opportunities Fund - Direct IDCW,8.9753
2026-03-23,152832,HSBC India Export Opportunities Fund - Regular IDCW,8.7936
2026-03-23,152833,Tata Nifty200 Alpha 30 Index Fund - Direct - IDCW Reinvestment,7.5886
2026-03-23,152834,Tata Nifty200 Alpha 30 Index Fund - Regular -Growth,7.5096
2026-03-23,152835,Tata Nifty200 Alpha 30 Index Fund - Regular - IDCW Payout,7.5096
2026-03-23,152836,Tata Nifty200 Alpha 30 Index Fund - Direct -Growth,7.5886
2026-03-23,152837,Tata Nifty200 Alpha 30 Index Fund - Direct - IDCW Payout,7.5886
2026-03-23,152838,Tata Nifty200 Alpha 30 Index Fund - Regular - IDCW Reinvestment,7.5096
2026-03-23,152839,Nippon India Nifty 500 Equal Weight Index Fund - Direct Plan - IDCW Option,8.1307
2026-03-23,152840,Nippon India Nifty 500 Equal Weight Index Fund - Regular Plan - Growth Option,8.0629
2026-03-23,152841,Nippon India Nifty 500 Equal Weight Index Fund - Regular Plan - IDCW Option,8.0629
2026-03-23,152842,Nippon India Nifty 500 Equal Weight Index Fund - Direct Plan - Growth Option,8.1307
2026-03-23,152843,Bandhan BSE Healthcare Index Fund Regular Plan - Growth,9.4135
2026-03-23,152844,Bandhan BSE Healthcare Index Fund Direct Plan - Growth,9.5306
2026-03-23,152845,Groww Nifty India Defence ETF,73.8899
2026-03-23,152846,Motilal Oswal Nifty India Defence ETF,81.2166
2026-03-23,152847,Samco Multi Cap Fund - Direct Plan - Growth,8.09
2026-03-23,152848,Samco Multi Cap Fund - Regular Plan - Growth,7.92
2026-03-23,152849,WhiteOak Capital Arbitrage Fund Direct Plan Growth,11.152
2026-03-23,152850,WhiteOak Capital Arbitrage Fund Regular Plan Growth,11.025
2026-03-23,152851,Franklin India Medium to Long Duration Fund - Direct Growth,10.9548
2026-03-23,152852,Franklin India Medium to Long Duration Fund - Direct - IDCW,10.4494
2026-03-23,152853,Franklin India Medium to Long Duration Fund - Growth,10.8709
2026-03-23,152854,Franklin India Medium to Long Duration Fund - IDCW,10.3816
2026-03-23,152855,Bandhan Nifty Midcap 150 Index Fund-Direct Plan-Growth,8.8547
2026-03-23,152856,Bandhan Nifty Midcap 150 Index Fund-Regular Plan-Growth,8.7616
2026-03-23,152857,Edelweiss Nifty Bank ETF - Growth,51.6925
2026-03-23,152858,UTI Nifty 200 Quality 30 Index Fund - Regular Plan - Growth Option,7.9674
2026-03-23,152859,UTI Nifty 200 Quality 30 Index Fund - Direct Plan - Growth Option,8.0305
2026-03-23,152860,Invesco India Technology Fund - Direct Plan - IDCW,8.11
2026-03-23,152861,Invesco India Technology Fund - Regular Plan - IDCW,7.92
2026-03-23,152862,Invesco India Technology Fund - Regular Plan - Growth,7.92
2026-03-23,152863,Invesco India Technology Fund - Direct Plan - Growth,8.11
2026-03-23,152864,UTI Nifty Private Bank Index Fund - Direct Plan - Growth Option,9.0488
2026-03-23,152865,UTI Nifty Private Bank Index Fund - Regular Plan - Growth Option,8.9783
2026-03-23,152866,Kotak CRISIL -IBX AAA Financial Services Index Sep-2027 Fund-REGULAR PLAN-GROWTH,11.1755
2026-03-23,152867,Kotak CRISIL-IBX AAA Financial Services Index Sep-2027 Fund-REGULAR PLAN-IDCW,11.1755
2026-03-23,152868,Kotak CRISIL -IBX AAA Financial Services Index Sep-2027 Fund-DIRECT PLAN-IDCW,11.2099
2026-03-23,152869,Kotak CRISIL -IBX AAA Financial Services Index Sep-2027 Fund-DIRECT PLAN-GROWTH Option,11.2116
2026-03-23,152870,Kotak Nifty India Tourism Index Fund-Direct-Growth Option,7.11
2026-03-23,152871,Kotak Nifty India Tourism Index Fund-Regular Plan-IDCW Option,7.042
2026-03-23,152872,Kotak Nifty India Tourism Index Fund-Regular plan-Growth,7.042
2026-03-23,152873,Kotak Nifty India Tourism Index Fund-Direct Plan-IDCW Option,7.111
2026-03-23,152874,Motilal Oswal Nifty 500 Momentum 50 ETF,45.4335
2026-03-23,152875,Motilal Oswal Nifty 500 Momentum 50 Index Fund-Direct Plan-Growth,7.1185
2026-03-23,152876,Motilal Oswal Nifty 500 Momentum 50 Index Fund-Regular Plan-Growth,7.0449
2026-03-23,152877,Bandhan Business Cycle Fund - Regular Plan - Growth,8.563
2026-03-23,152878,Bandhan Business Cycle Fund - Direct Plan - Growth,8.76
2026-03-23,152879,Bandhan Business Cycle Fund - Direct Plan - IDCW,8.76
2026-03-23,152880,Bandhan Business Cycle Fund - Regular Plan - IDCW,8.563
2026-03-23,152881,Nippon India Nifty 500 Momentum 50 Index Fund - Direct Plan - Growth Option,7.1506
2026-03-23,152882,Nippon India Nifty 500 Momentum 50 Index Fund - Regular Plan - IDCW Option,7.0852
2026-03-23,152883,Nippon India Nifty 500 Momentum 50 Index Fund - Regular Plan - Growth Option,7.0852
2026-03-23,152884,Nippon India Nifty 500 Momentum 50 Index Fund - Direct Plan - IDCW Option,7.1506
2026-03-23,152885,Axis CRISIL-IBX AAA Bond NBFC - Jun 2027 Index Fund - Regular Plan - IDCW Option,11.1307
2026-03-23,152886,Axis CRISIL-IBX AAA Bond NBFC - Jun 2027 Index Fund - Regular Plan - Growth Option,11.1307
2026-03-23,152887,Axis CRISIL-IBX AAA Bond NBFC - Jun 2027 Index Fund - Direct Plan - Growth Option,11.1851
2026-03-23,152888,Axis CRISIL-IBX AAA Bond NBFC - Jun 2027 Index Fund - Direct Plan - IDCW Option,11.185
2026-03-23,152889,HDFC NIFTY LargeMidcap 250 Index Fund - Growth Option - Direct,8.9356
2026-03-23,152890,HDFC NIFTY LargeMidcap 250 Index Fund - Growth Option,8.8739
2026-03-23,152891,Groww Nifty 1D Rate Liquid ETF,108.3264
2026-03-23,152906,SBI Nifty 500 Index Fund- Regular Plan- Growth,8.5232
2026-03-23,152907,SBI Nifty 500 Index Fund- Regular Plan- Income Distribution Cum Capital Withdrawal (IDCW),8.5229
2026-03-23,152908,SBI Nifty 500 Index Fund- Direct Plan- Growth,8.5848
2026-03-23,152909,SBI Nifty 500 Index Fund- Direct Plan- Income Distribution Cum Capital Withdrawal (IDCW),8.5848
2026-03-23,152910,Kotak MNC Fund-Direct Plan-Growth,10.14
2026-03-23,152911,Kotak MNC Fund-Direct Plan-IDCW Option,10.141
2026-03-23,152912,KotaK MNC Fund-Regular Plan-IDCW OPTION,9.937
2026-03-23,152913,Kotak MNC Fund-Regular Plan- Growth,9.937
2026-03-23,152914,WhiteOak Capital Digital Bharat Fund Regular Plan Growth,8.175
2026-03-23,152915,WhiteOak Capital Digital Bharat Fund Direct Plan Growth,8.383
2026-03-23,152916,Kotak Nifty Midcap 150 Momentum 50 Index Fund-Direct Plan-Growth,8.241
2026-03-23,152917,Kotak Nifty Midcap 150 Momentum 50 Index Fund-Direct Plan-IDCW option,8.241
2026-03-23,152918,Kotak Nifty Midcap 150 Momentum 50 Index Fund-Regular Plan-Growth,8.164
2026-03-23,152919,Kotak Nifty Midcap 150 Momentum 50 Index Fund-Regular plan-IDCW option,8.163
2026-03-23,152920,LIC MF Manufacturing Fund-Direct Plan-Growth,9.4985
2026-03-23,152921,LIC MF Manufacturing Fund-Direct Plan-IDCW,9.4985
2026-03-23,152922,LIC MF Manufacturing Fund-Regular Plan-Growth,9.2733
2026-03-23,152923,LIC MF Manufacturing Fund-Regular Plan-IDCW,9.2733
2026-03-23,152924,Mirae Asset Nifty Metal ETF,10.9096
2026-03-23,152925,Groww Nifty India Defence ETF FOF - Direct Growth,10.8405
2026-03-23,152926,Groww Nifty India Defence ETF FOF - Direct - IDCW,10.8406
2026-03-23,152927,Groww Nifty India Defence ETF FOF - Regular - Growth,10.7763
2026-03-23,152928,Groww Nifty India Defence ETF FOF - Regular - IDCW,10.7751
2026-03-23,152929,Mirae Asset Nifty PSU Bank ETF,82.6147
2026-03-23,152930,Baroda BNP Paribas Nifty200 Momentum 30 Index Fund - Regular Plan - Growth Option,7.1587
2026-03-23,152931,Baroda BNP Paribas Nifty200 Momentum 30 Index Fund - Direct Plan - Growth Option,7.2231
2026-03-23,152932,ICICI Prudential Nifty200 Value 30 ETF,14.3408
2026-03-23,152933,ICICI Prudential Nifty200 Value 30 Index Fund - Direct Plan - IDCW,10.3952
2026-03-23,152934,ICICI Prudential Nifty200 Value 30 Index Fund - Growth,10.3101
2026-03-23,152935,ICICI Prudential Nifty200 Value 30 Index Fund - IDCW,10.3101
2026-03-23,152936,ICICI Prudential Nifty200 Value 30 Index Fund - Direct Plan - Growth,10.3952
2026-03-23,152937,TRUSTMF SMALL CAP FUND -DIRECT PLAN-IDCW,9.77
2026-03-23,152938,TRUSTMF SMALL CAP FUND -REGULAR PLAN- IDCW,9.55
2026-03-23,152939,TRUSTMF SMALL CAP FUND -DIRECT PLAN-GROWTH,9.77
2026-03-23,152940,TRUSTMF SMALL CAP FUND -REGULAR PLAN-GROWTH,9.55
2026-03-23,152941,Helios Large & Mid Cap Fund - Direct Plan - Growth Option,9.79
2026-03-23,152942,Helios Large & Mid Cap Fund - Direct Plan - IDCW Option,9.79
2026-03-23,152943,Helios Large & Mid Cap Fund - Regular Plan - Growth Option,9.57
2026-03-23,152944,Helios Large & Mid Cap Fund - Regular Plan - IDCW Option,9.57
2026-03-23,152945,Aditya Birla Sun Life Crisil-IBX AAA NBFC-HFC Index-Sep 2026 Fund-Regular Growth,11.0914
2026-03-23,152946,Aditya Birla Sun Life Crisil-IBX AAA NBFC-HFC Index-Sep 2026 Fund-Regular IDCW Payout,11.0914
2026-03-23,152947,Aditya Birla Sun Life Crisil-IBX AAA NBFC-HFC Index-Sep 2026 Fund-Direct Growth,11.1396
2026-03-23,152948,Aditya Birla Sun Life Crisil-IBX AAA NBFC-HFC INDEX-Sep 2026 Fund-Direct IDCW Payout,11.1396
2026-03-23,152949,Axis Nifty500 Value 50 Index Fund - Direct Plan - Growth Option,10.5842
2026-03-23,152950,Axis Nifty500 Value 50 Index Fund - Regular Plan - Growth Option,10.4535
2026-03-23,152951,Tata Nifty Capital Markets Index Fund - Direct Plan Growth Option,11.5651
2026-03-23,152952,Tata Nifty Capital Markets Index Fund - Direct Plan IDCW Reinvestment Option,11.5651
2026-03-23,152953,Tata Nifty Capital Markets Index Fund - Direct Plan IDCW Payout Option,11.5651
2026-03-23,152954,Tata Nifty Capital Markets Index Fund - Regular Plan Growth Option,11.461
2026-03-23,152955,Tata Nifty Capital Markets Index Fund - Regular Plan IDCW Reinvestment Option,11.461
2026-03-23,152956,Tata Nifty Capital Markets Index Fund - Regular Plan IDCW Payout Option,11.461
2026-03-23,152957,Groww Gold ETF,13.2786
2026-03-23,152962,WhiteOak Capital ESG Best-In-Class Strategy Fund Direct Plan Growth,9.156
2026-03-23,152963,WhiteOak Capital ESG Best-In-Class Strategy Fund Regular Plan Growth,8.936
2026-03-23,152964,Motilal Oswal Digital India Fund - Direct Plan - Growth,7.765
2026-03-23,152965,Motilal Oswal Digital India Fund - Direct Plan- IDCW,7.7648
2026-03-23,152966,Motilal Oswal Digital India Fund - Regular Plan- Growth,7.6086
2026-03-23,152967,Motilal Oswal Digital India Fund - Regular Plan - IDCW,7.6087
2026-03-23,152968,Mirae Asset Nifty Total Market Index Fund - Direct Plan - Growth,9.1685
2026-03-23,152969,Mirae Asset Nifty Total Market Index Fund - Direct Plan - IDCW,9.1682
2026-03-23,152970,Mirae Asset Nifty Total Market Index Fund - Regular Plan - Growth,9.0798
2026-03-23,152971,Mirae Asset Nifty Total Market Index Fund - Regular Plan - IDCW,9.0795
2026-03-23,152972,Mirae Asset Nifty 50 Index Fund - Direct Plan - Growth,9.3347
2026-03-23,152973,Mirae Asset Nifty 50 Index Fund - Direct Plan - IDCW,9.3348
2026-03-23,152974,Mirae Asset Nifty 50 Index Fund - Regular Plan - Growth,9.2531
2026-03-23,152975,Mirae Asset Nifty 50 Index Fund - Regular Plan - IDCW,9.2525
2026-03-23,152976,Mirae Asset Nifty LargeMidcap 250 Index Fund - Direct Plan - Growth,9.2794
2026-03-23,152977,Mirae Asset Nifty LargeMidcap 250 Index Fund - Direct Plan - IDCW,9.2802
2026-03-23,152978,Mirae Asset Nifty LargeMidcap 250 Index Fund - Regular Plan - Growth,9.1952
2026-03-23,152979,Mirae Asset Nifty LargeMidcap 250 Index Fund - Regular Plan - IDCW,9.1947
2026-03-23,152980,Groww Gold ETF FOF - DIRECT - GROWTH,16.4438
2026-03-23,152981,Edelweiss Nifty500 Multicap Momentum Quality 50 ETF - Growth,36.5354
2026-03-23,152982,Edelweiss Nifty500 Multicap Momentum Quality 50 Index Fund - Direct - IDCW - Payout,7.9949
2026-03-23,152983,Edelweiss Nifty500 Multicap Momentum Quality 50 Index Fund - Regular - IDCW - Payout,7.9202
2026-03-23,152985,Edelweiss Nifty500 Multicap Momentum Quality 50 Index Fund - Direct - Growth,7.9949
2026-03-23,152988,Edelweiss Nifty500 Multicap Momentum Quality 50 Index Fund - Regular - Growth,7.9202
2026-03-23,152990,Bandhan Nifty 500 Value 50 Index Fund Direct Plan - Growth,10.4835
2026-03-23,152991,Bandhan Nifty 500 Value 50 Index Fund Regular Plan - Growth,10.3886
2026-03-23,152992,Nippon India CRISIL - IBX AAA Financial Services - Dec 2026 Index Fund - Direct Plan - Growth Option,11.0716
2026-03-23,152993,Nippon India CRISIL - IBX AAA Financial Services - Dec 2026 Index Fund - Direct Plan - IDCW Option,11.0716
2026-03-23,152994,Nippon India CRISIL - IBX AAA Financial Services - Dec 2026 Index Fund - Regular Plan - Growth Option,11.0406
2026-03-23,152995,Nippon India CRISIL - IBX AAA Financial Services - Dec 2026 Index Fund - Regular Plan - IDCW Option,11.0406
2026-03-23,152996,Nippon India CRISIL - IBX AAA Financial Services - Jan 2028 Index Fund - Direct Plan - Growth Option,11.0886
2026-03-23,152997,Nippon India CRISIL - IBX AAA Financial Services - Jan 2028 Index Fund - Direct Plan - IDCW Option,11.0886
2026-03-23,152998,Nippon India CRISIL - IBX AAA Financial Services - Jan 2028 Index Fund - Regular Plan - Growth Option,11.0543
2026-03-23,152999,Nippon India CRISIL - IBX AAA Financial Services - Jan 2028 Index Fund - Regular Plan - IDCW Option,11.0543
2026-03-23,153000,Baroda BNP Paribas Nifty Midcap 150 Index Fund - Direct Plan - Growth Option,9.3725
2026-03-23,153001,Baroda BNP Paribas Nifty Midcap 150 Index Fund - Regular Plan - Growth Option,9.2835
2026-03-23,153002,Bandhan Nifty 500 Momentum 50 Index Fund Regular Plan-Growth,7.6105
2026-03-23,153003,Bandhan Nifty 500 Momentum 50 Index Fund Direct Plan-Growth,7.6799
2026-03-23,153004,Groww Gold ETF FOF - DIRECT - IDCW,16.4438
2026-03-23,153005,Groww Gold ETF FOF - REGULAR - IDCW,16.3703
2026-03-23,153006,Groww Gold ETF FOF - REGULAR - GROWTH,16.3699
2026-03-23,153007,Mirae Asset Gold ETF Fund of Fund - Direct Plan - Growth,16.962
2026-03-23,153008,Mirae Asset Gold ETF Fund of Fund - Direct Plan - IDCW,16.961
2026-03-23,153009,Mirae Asset Gold ETF Fund of Fund - Regular Plan - Growth,16.843
2026-03-23,153010,Mirae Asset Gold ETF Fund of Fund - Regular Plan - IDCW,16.833
2026-03-23,153011,Zerodha Gold ETF FoF-Direct Plan - Growth Option,17.5424
2026-03-23,153012,SBI Nifty India Consumption Index Fund- Regular Plan- Growth,8.935
2026-03-23,153013,SBI Nifty India Consumption Index Fund- Regular Plan- IDCW Payout,8.9351
2026-03-23,153014,SBI Nifty India Consumption Index Fund- Direct Plan- IDCW Payout,8.9954
2026-03-23,153015,SBI Nifty India Consumption Index Fund- Direct Plan- Growth,8.9954
2026-03-23,153021,Samco Overnight Fund - Unclaimed Redemption Upto 3 years,1075.1682
2026-03-23,153022,Motilal Oswal Nifty MidSmall Healthcare Index Fund-Regular Plan-Growth,9.8374
2026-03-23,153023,Motilal Oswal Nifty MidSmall Healthcare Index Fund- Direct Plan-Growth,9.9011
2026-03-23,153024,Motilal Oswal Nifty MidSmall India Consumption Index Fund-Regular Plan-Growth,8.3044
2026-03-23,153025,Motilal Oswal Nifty MidSmall India Consumption Index Fund - Direct Plan- Growth,8.3589
2026-03-23,153026,Motilal Oswal Nifty MidSmall Financial Services Index Fund-Regular Plan-Growth,11.8591
2026-03-23,153027,Motilal Oswal Nifty MidSmall Financial Services Index Fund - Direct Plan- Growth,11.9377
2026-03-23,153028,Motilal Oswal Nifty MidSmall IT and Telecom Index Fund-Regular Plan-Growth,7.4781
2026-03-23,153029,Motilal Oswal Nifty MidSmall IT and Telecom Index Fund - Direct Plan- Growth,7.5281
2026-03-23,153030,Aditya Birla Sun Life Crisil-IBX AAA Financial Services Index-Sep 2027 Fund-Direct Growth,11.0442
2026-03-23,153031,Aditya Birla Sun Life Crisil-IBX AAA Financial Services Index-Sep 2027 Fund-Direct IDCW Payout,11.0444
2026-03-23,153032,Aditya Birla Sun Life Crisil-IBX AAA Financial Services Index-Sep 2027 Fund-Regular IDCW Payout,10.9996
2026-03-23,153033,Aditya Birla Sun Life Crisil-IBX AAA Financial Services Index-Sep 2027 Fund-Regular Growth,10.9996
2026-03-23,153034,Groww Multicap Fund - Direct - Growth,9.6253
2026-03-23,153035,Shriram Liquid Fund - Direct Plan Growth Option,1086.2315
2026-03-23,153036,Shriram Liquid Fund - Regular Plan Growth Option,1084.1807
2026-03-23,153037,PGIM India Healthcare Fund - Direct Plan - IDCW Option,9.7
2026-03-23,153038,PGIM India Healthcare Fund - Regular Plan - IDCW Option,9.49
2026-03-23,153039,PGIM India Healthcare Fund - Direct Plan - Growth Option,9.7
2026-03-23,153040,PGIM India Healthcare Fund - Regular Plan - Growth Option,9.49
2026-03-23,153041,Franklin India Arbitrage Fund - Direct - IDCW,10.9704
2026-03-23,153042,Franklin India Arbitrage Fund - Growth,10.865
2026-03-23,153043,Franklin India Arbitrage Fund - Direct - Growth,10.9704
2026-03-23,153044,Franklin India Arbitrage Fund - IDCW,10.865
2026-03-23,153045,Mirae Asset Nifty 1D Rate Liquid ETF - Growth,1077.6864
2026-03-23,153046,Invesco India Multi Asset Allocation Fund - Regular Plan - Growth,11.4
2026-03-23,153047,Invesco India Multi Asset Allocation Fund - Direct Plan - Growth,11.59
2026-03-23,153048,Invesco India Multi Asset Allocation Fund - Regular Plan - IDCW,11.4
2026-03-23,153049,Invesco India Multi Asset Allocation Fund - Direct Plan - IDCW,11.59
2026-03-23,153050,Axis CRISIL-IBX AAA Bond Financial Services - Sep 2027 Index Fund - Regular Plan - Growth Option,10.9935
2026-03-23,153051,Axis CRISIL-IBX AAA Bond Financial Services - Sep 2027 Index Fund - Direct Plan - Growth Option,11.0081
2026-03-23,153052,Axis CRISIL-IBX AAA Bond Financial Services - Sep 2027 Index Fund - Direct Plan - IDCW Option,11.0081
2026-03-23,153053,Axis CRISIL-IBX AAA Bond Financial Services - Sep 2027 Index Fund - Regular Plan - IDCW Option,10.9935
2026-03-23,153054,Tata India Innovation Fund- Regular IDCW payout,8.3289
2026-03-23,153055,Tata India Innovation Fund- Direct Growth,8.4973
2026-03-23,153056,Tata India Innovation Fund- Direct IDCW Reinvestment,8.4973
2026-03-23,153057,Tata India Innovation Fund- Direct IDCW payout,8.4973
2026-03-23,153058,Tata India Innovation Fund- Regular IDCW Reinvestment,8.3289
2026-03-23,153059,Tata India Innovation Fund- Regular Growth,8.3289
2026-03-23,153060,Nippon India Nifty Realty Index Fund-Direct Plan- Growth Option,6.1495
2026-03-23,153061,Nippon India Nifty Realty Index Fund-Regular Plan- Growth Option,6.1041
2026-03-23,153062,Nippon India Nifty Realty Index Fund-Regular Plan- IDCW Option,6.1041
2026-03-23,153063,Nippon India Nifty Realty Index Fund-Direct Plan- IDCW Option,6.1495
2026-03-23,153064,Nippon India Nifty Auto Index Fund - Direct Plan- Growth Option,10.1964
2026-03-23,153065,Nippon India Nifty Auto Index Fund - Regular Plan- IDCW Option,10.1267
2026-03-23,153066,Nippon India Nifty Auto Index Fund - Regular Plan- Growth Option,10.1267
2026-03-23,153067,Nippon India Nifty Auto Index Fund - Direct Plan- IDCW Option,10.1964
2026-03-23,153068,ICICI Prudential Equity Minimum Variance Fund - IDCW,9.65
2026-03-23,153069,ICICI Prudential Equity Minimum Variance Fund - Growth,9.65
2026-03-23,153070,ICICI Prudential Equity Minimum Variance Fund - Direct Plan - Growth,9.81
2026-03-23,153071,ICICI Prudential Equity Minimum Variance Fund - Direct Plan - IDCW,9.8
2026-03-23,153072,BAJAJ FINSERV CONSUMPTION FUND - REGULAR - GROWTH,7.874
2026-03-23,153073,BAJAJ FINSERV CONSUMPTION FUND - REGULAR - IDCW,7.874
2026-03-23,153074,BAJAJ FINSERV CONSUMPTION FUND - DIRECT - IDCW,8.045
2026-03-23,153075,BAJAJ FINSERV CONSUMPTION FUND - DIRECT - GROWTH,8.045
2026-03-23,153076,Shriram Multi Sector Rotation Fund - Direct Plan Growth Option,7.1595
2026-03-23,153077,Shriram Multi Sector Rotation Fund - Regular Plan Growth Option,7.0048
2026-03-23,153078,Aditya Birla Sun Life BSE India Infrastructure Index Fund-Direct IDCW Payout,8.4442
2026-03-23,153079,Aditya Birla Sun Life BSE India Infrastructure Index Fund-Regular IDCW Payout,8.3738
2026-03-23,153080,Aditya Birla Sun Life BSE India Infrastructure Index Fund-Regular Growth,8.3735
2026-03-23,153081,Aditya Birla Sun Life BSE India Infrastructure Index Fund-Direct Growth,8.4442
2026-03-23,153082,Axis Momentum Fund - Regular Plan - IDCW Option,7.95
2026-03-23,153083,Axis Momentum Fund - Direct Plan - Growth Option,8.11
2026-03-23,153084,Axis Momentum Fund - Direct Plan - IDCW Option,8.11
2026-03-23,153085,Axis Momentum Fund - Regular Plan - Growth Option,7.95
2026-03-23,153086,UTI Nifty Alpha Low-Volatility 30 Index Fund - Direct Plan - Growth Option,8.7886
2026-03-23,153087,UTI Nifty Alpha Low-Volatility 30 Index Fund - Regular Plan - Growth Option,8.7301
2026-03-23,153088,UTI Nifty Midcap 150 Index Fund - Regular Plan - Growth Option,9.2601
2026-03-23,153089,UTI Nifty Midcap 150 Index Fund - Direct Plan - Growth Option,9.3221
2026-03-23,153090,Samco Arbitrage Fund - Direct Plan - Growth,10.71
2026-03-23,153091,Samco Arbitrage Fund - Regular Plan - Growth,10.56
2026-03-23,153092,Samco Multi Asset Allocation Fund - Direct Plan - Growth,11.67
2026-03-23,153093,Samco Multi Asset Allocation Fund - Regular Plan - Growth,11.43
2026-03-23,153094,Quantum Ethical Fund - Direct Plan Growth Option,8.68
2026-03-23,153095,Quantum Ethical Fund - Regular Plan Growth Option,8.53
2026-03-23,153096,HDFC Nifty India Digital Index Fund - Growth Option - Regular,7.3438
2026-03-23,153097,HDFC Nifty India Digital Index Fund - Growth Option - Direct,7.3894
2026-03-23,153098,Groww Multicap Fund - Direct - IDCW,9.6253
2026-03-23,153099,Groww Multicap Fund - Regular - IDCW,9.4096
2026-03-23,153100,Groww Multicap Fund - Regular - Growth,9.4032
2026-03-23,153101,Franklin India Long Duration Fund - IDCW,10.2834
2026-03-23,153102,Franklin India Long Duration Fund - Direct - Growth,10.5946
2026-03-23,153103,Franklin India Long Duration Fund - Direct - IDCW,10.3095
2026-03-23,153104,Franklin India Long Duration Fund - Growth,10.5278
2026-03-23,153105,Mirae Asset Long Duration Fund - Direct Plan - Growth,10.2002
2026-03-23,153106,Mirae Asset Long Duration Fund - Direct Plan - IDCW,10.1947
2026-03-23,153107,Mirae Asset Long Duration Fund - Regular Plan - Growth,10.134
2026-03-23,153108,Mirae Asset Long Duration Fund - Regular Plan - IDCW,10.134
2026-03-23,153109,Union Active Momentum Fund - Direct Plan - Growth Option,7.71
2026-03-23,153110,Union Active Momentum Fund - Direct Plan - IDCW Option,7.71
2026-03-23,153111,Union Active Momentum Fund - Regular Plan - Growth Option,7.58
2026-03-23,153112,Union Active Momentum Fund - Regular Plan - IDCW Option,7.58
2026-03-23,153113,Bandhan Nifty 200 Quality 30 Index Fund - Regular Plan - Growth,8.5926
2026-03-23,153114,Bandhan Nifty 200 Quality 30 Index Fund - Direct Plan - Growth,8.6654
2026-03-23,153115,Edelweiss CRISIL IBX AAA Financial Services - Jan 2028 Index Fund - Direct - Growth,11.024
2026-03-23,153116,Kotak Transportation & Logistics Fund-Regular-Growth,9.904
2026-03-23,153117,Kotak Transportation & Logistics Fund-Direct -IDCW-PAYOUT & REINVESTMENT,10.104
2026-03-23,153118,Kotak Transportation & Logistics Fund-Direct Growth,10.105
2026-03-23,153119,Kotak Transportation & Logistics Fund-Regular-IDCW Payout & Reinvestment,9.905
2026-03-23,153120,DSP Business Cycle Fund - Regular - IDCW,9.278
2026-03-23,153121,DSP Business Cycle Fund - Direct - Growth,9.459
2026-03-23,153122,DSP Business Cycle Fund - Regular - Growth,9.278
2026-03-23,153123,DSP Business Cycle Fund - Direct - IDCW,9.459
2026-03-23,153124,Aditya Birla Sun Life Conglomerate Fund-Direct Growth,9.43
2026-03-23,153125,Aditya Birla Sun Life Conglomerate Fund-Direct IDCW Payout,9.43
2026-03-23,153126,Aditya Birla Sun Life Conglomerate Fund-Regular IDCW Payout,9.27
2026-03-23,153127,Aditya Birla Sun Life Conglomerate Fund-Regular Growth,9.26
2026-03-23,153128,Edelweiss CRISIL IBX AAA Financial Services - Jan 2028 Index Fund - Direct - IDCW - Payout,11.024
2026-03-23,153129,Edelweiss CRISIL IBX AAA Financial Services - Jan 2028 Index Fund - Regular - IDCW - Payout,10.992
2026-03-23,153130,Edelweiss CRISIL IBX AAA Financial Services - Jan 2028 Index Fund - Regular - Growth,10.992
2026-03-23,153131,Tata BSE Select Business Groups Index Fund - Direct IDCW Payout,9.1922
2026-03-23,153132,Tata BSE Select Business Groups Index Fund - Direct Growth,9.1922
2026-03-23,153133,Tata BSE Select Business Groups Index Fund - Regular IDCW Payout,9.0994
2026-03-23,153134,Tata BSE Select Business Groups Index Fund - Regular Growth,9.0994
2026-03-23,153135,Tata BSE Select Business Groups Index Fund - Direct IDCW Reinvestment,9.1922
2026-03-23,153136,Tata BSE Select Business Groups Index Fund - Regular IDCW Reinvestment,9.0994
2026-03-23,153137,Motilal Oswal Nifty Capital Market Index Fund - Regular Plan - Growth,10.0172
2026-03-23,153138,Motilal Oswal Nifty Capital Market Index Fund - Direct Plan - Growth,10.1016
2026-03-23,153139,Bank of India Consumption Fund - Direct - Growth,9.74
2026-03-23,153140,Bank of India Consumption Fund - Regular - Growth,9.6
2026-03-23,153141,Bank of India Consumption Fund - Regular - IDCW,9.6
2026-03-23,153142,Bank of India Consumption Fund - Direct - IDCW,9.74
2026-03-23,153143,Kotak Nifty 100 Equal Weight index Fund - Direct Plan - IDCW Option,9.621
2026-03-23,153144,Kotak Nifty 100 Equal Weight Index Fund - Regular Plan - IDCW Option,9.562
2026-03-23,153145,Kotak Nifty 100 Equal Weight Index Fund - Regular Plan - Growth,9.561
2026-03-23,153146,Kotak Nifty 100 Equal Weight Index Fund - Direct Plan - Growth,9.621
2026-03-23,153147,Kotak Nifty 50 Equal Weight Index Fund - Direct Plan - IDCW Option,10.073
2026-03-23,153148,Kotak Nifty 50 Equal Weight Index Fund - Regular Plan - Growth,10.008
2026-03-23,153149,Kotak Nifty 50 Equal Weight Index Fund - Regular Plan - IDCW Option,10.008
2026-03-23,153150,Kotak Nifty 50 Equal Weight Index Fund - Direct Plan - Growth,10.071
2026-03-23,153151,SBI Quant Fund- Direct Plan- Income Distribution cum Capital Withdrawal Option (IDCW),9.3118
2026-03-23,153152,SBI Quant Fund- Regular Plan- Income Distribution Cum Capital Withdrawal Option (IDCW),9.1784
2026-03-23,153153,SBI Quant Fund- Regular Plan- Growth,9.1784
2026-03-23,153154,SBI Quant Fund- Direct Plan- Growth,9.312
2026-03-23,153155,BAJAJ FINSERV HEALTHCARE FUND - REGULAR - GROWTH,8.965
2026-03-23,153156,BAJAJ FINSERV HEALTHCARE FUND - DIRECT - IDCW,9.154
2026-03-23,153157,BAJAJ FINSERV HEALTHCARE FUND - DIRECT - GROWTH,9.154
2026-03-23,153158,BAJAJ FINSERV HEALTHCARE FUND - REGULAR - IDCW,8.965
2026-03-23,153159,ICICI Prudential Nifty 500 Index Fund - Direct Plan - IDCW,9.3192
2026-03-23,153160,ICICI Prudential Nifty 500 Index Fund - IDCW,9.2516
2026-03-23,153161,ICICI Prudential Nifty 500 Index Fund - Direct Plan - Growth,9.3194
2026-03-23,153162,ICICI Prudential Nifty 500 Index Fund - Growth,9.2515
2026-03-23,153169,Baroda BNP Paribas Children's Fund - Regular Plan - IDCW Option,9.8655
2026-03-23,153170,Baroda BNP Paribas Children's Fund - Regular Plan - Growth Option,9.8655
2026-03-23,153171,Baroda BNP Paribas Children's Fund - Direct Plan - Growth Option,10.1077
2026-03-23,153172,Axis CRISIL-IBX AAA Bond NBFC-HFC - Jun 2027 Index Fund - Direct Plan - Growth option,10.971
2026-03-23,153173,Axis CRISIL-IBX AAA Bond NBFC-HFC - Jun 2027 Index Fund - Direct Plan - IDCW option,10.9797
2026-03-23,153174,Axis CRISIL-IBX AAA Bond NBFC-HFC - Jun 2027 Index Fund - Regular Plan - Growth option,10.9502
2026-03-23,153175,Axis CRISIL-IBX AAA Bond NBFC-HFC - Jun 2027 Index Fund - Regular Plan - IDCW option,10.9502
2026-03-23,153176,Aditya Birla Sun Life Crisil-IBX Financial Services 3 to 6 months Debt Index Fund-Direct IDCW Payout,10.8932
2026-03-23,153177,Aditya Birla Sun Life Crisil-IBX Financial Services 3 to 6 Months Debt Index Fund-Regular Growth,10.8624
2026-03-23,153178,Aditya Birla Sun Life Crisil-IBX Financial Services 3 to 6 Months  Debt Index Fund-Regular IDCW Payout,10.8624
2026-03-23,153179,Aditya Birla Sun Life Crisil-IBX financial Services 3 to 6 months Debt Index Fund-Direct Growth,10.8931
2026-03-23,153180,Edelweiss BSE Capital Markets & Insurance  ETF - Growth,21.365
2026-03-23,153181,ICICI Prudential Rural Opportunities Fund - Growth,10.15
2026-03-23,153182,ICICI Prudential Rural Opportunities Fund - Direct Plan - IDCW,10.28
2026-03-23,153183,ICICI Prudential Rural Opportunities Fund - IDCW,10.15
2026-03-23,153184,ICICI Prudential Rural Opportunities Fund - Direct Plan - Growth,10.29
2026-03-23,153185,Motilal Oswal Arbitrage Fund-Direct Plan-IDCW,10.9406
2026-03-23,153186,Motilal Oswal Arbitrage Fund-Regular Plan-IDCW,10.8188
2026-03-23,153187,Motilal Oswal Arbitrage Fund-Direct Plan-Growth,10.9406
2026-03-23,153188,Motilal Oswal Arbitrage Fund-Regular Plan-Growth,10.8188
2026-03-23,153189,WhiteOak Capital Quality Equity Fund Direct Plan Growth,9.174
2026-03-23,153190,WhiteOak Capital Quality Equity Fund Regular Plan Growth,8.995
2026-03-23,153191,Mirae Asset Nifty India New Age Consumption ETF,9.7808
2026-03-23,153192,Mirae Asset Nifty India New Age Consumption ETF Fund of Fund - Direct Plan - Growth,8.06
2026-03-23,153193,Mirae Asset Nifty India New Age Consumption ETF Fund of Fund - Direct Plan - IDCW,8.059
2026-03-23,153194,Mirae Asset Nifty India New Age Consumption ETF Fund of Fund - Regular Plan - Growth,8.023
2026-03-23,153195,Mirae Asset Nifty India New Age Consumption ETF Fund of Fund - Regular Plan - IDCW,8.024
2026-03-23,153196,Mirae Asset Small Cap Fund - Direct Plan - Growth,10.284
2026-03-23,153197,Mirae Asset Small Cap Fund - Direct Plan - IDCW,10.284
2026-03-23,153198,Mirae Asset Small Cap Fund - Regular Plan - Growth,10.098
2026-03-23,153199,Mirae Asset Small Cap Fund - Regular Plan - IDCW,10.1
2026-03-23,153200,BAJAJ FINSERV ELSS TAX SAVER FUND - REGULAR - IDCW,9.982
2026-03-23,153201,BAJAJ FINSERV ELSS TAX SAVER FUND - DIRECT - GROWTH,10.188
2026-03-23,153202,BAJAJ FINSERV ELSS TAX SAVER FUND - REGULAR - GROWTH,9.982
2026-03-23,153203,BAJAJ FINSERV ELSS TAX SAVER FUND - DIRECT - IDCW,10.188
2026-03-23,153204,UTI Quant Fund - Direct Plan - Growth Option,9.4338
2026-03-23,153205,UTI Quant Fund - Regular Plan - Growth Option,9.25
2026-03-23,153206,Bajaj Finserv Gilt Fund - Direct - Growth,1034.9416
2026-03-23,153207,Bajaj Finserv Gilt Fund - Direct - IDCW,1034.9416
2026-03-23,153209,Bajaj Finserv Gilt Fund - Regular - IDCW,1025.1214
2026-03-23,153211,Bajaj Finserv Gilt Fund - Regular - Growth,1025.1214
2026-03-23,153212,Bandhan Nifty Alpha Low Volatility 30 Index Fund - Regular Plan - Growth,9.1327
2026-03-23,153213,Bandhan Nifty Alpha Low Volatility 30 Index Fund - Direct Plan - Growth,9.2128
2026-03-23,153214,Edelweiss Consumption Fund - Direct - Growth,9.8947
2026-03-23,153215,Edelweiss Consumption Fund - Regular - IDCW - Payout,9.7139
2026-03-23,153216,DSP BSE SENSEX Next 30 Index Fund - Regular - Growth,10.6212
2026-03-23,153217,DSP BSE SENSEX Next 30 Index Fund - Regular - IDCW,10.6212
2026-03-23,153218,DSP BSE SENSEX Next 30 Index Fund - Direct - IDCW,10.6975
2026-03-23,153219,DSP BSE SENSEX Next 30 Index Fund - Direct - Growth,10.6975
2026-03-23,153220,Kotak Nifty SmallCap 250 Index Fund - Direct - IDCW,9.242
2026-03-23,153221,Kotak Nifty SmallCap 250 Index Fund- Regular - Growth,9.191
2026-03-23,153222,Kotak Nifty SmallCap 250 Index Fund- Regular - IDCW,9.191
2026-03-23,153223,Kotak Nifty SmallCap 250 Index Fund- Direct - Growth,9.242
2026-03-23,153224,Baroda BNP Paribas Energy Opportunities Fund - Regular Plan - ICDW Option,11.1396
2026-03-23,153225,Baroda BNP Paribas Energy Opportunities Fund - Direct Plan - Growth Option,11.3319
2026-03-23,153226,Baroda BNP Paribas Energy Opportunities Fund - Regular Plan - Growth Option,11.1396
2026-03-23,153227,Baroda BNP Paribas Energy Opportunities Fund - Direct Plan - IDCW Option,11.3319
2026-03-23,153228,DSP BSE SENSEX Next 30 ETF,37.2817
2026-03-23,153229,Groww Nifty India Railways PSU ETF,28.1762
2026-03-23,153230,Groww Nifty India Railways PSU Index Fund - Direct Plan - Growth,7.6653
2026-03-23,153231,Groww Nifty India Railways PSU Index Fund - Direct Plan - IDCW,7.6649
2026-03-23,153232,Groww Nifty India Railways PSU Index Fund - Regular Plan - Growth,7.6158
2026-03-23,153233,Groww Nifty India Railways PSU Index Fund - Regular Plan - IDCW,7.6133
2026-03-23,153238,Samco Large Cap Fund - Regular Plan - Growth Option,8.82
2026-03-23,153239,Samco Large Cap Fund - Direct Plan - Growth Option,8.97
2026-03-23,153240,Union Short Duration Fund - Regular Plan - Growth Option,10.7165
2026-03-23,153241,Union Short Duration Fund - Regular Plan - IDCW Option,10.7165
2026-03-23,153242,Union Short Duration Fund - Direct Plan - Growth Option,10.7615
2026-03-23,153243,Union Short Duration Fund - Direct Plan - IDCW Option,10.7615
2026-03-23,153244,Axis Nifty500 Momentum 50 Index Fund - Direct Plan - Growth Option,9.4816
2026-03-23,153245,Axis Nifty500 Momentum 50 Index Fund - Regular Plan - Growth Option,9.3882
2026-03-23,153246,LIC MF Multi Asset Allocation Fund-Direct Plan-Growth,11.0174
2026-03-23,153247,LIC MF Multi Asset Allocation Fund-Direct Plan-IDCW,11.0174
2026-03-23,153248,LIC MF Multi Asset Allocation Fund-Regular Plan-Growth,10.8247
2026-03-23,153249,LIC MF Multi Asset Allocation Fund-Regular Plan-IDCW,10.8247
2026-03-23,153250,SBI Nifty Bank Index Fund-Direct Plan- Growth,10.2642
2026-03-23,153251,SBI Nifty Bank Index Fund- Regular Plan- Income Distribution Cum Capital Withdrawal Option,10.2089
2026-03-23,153252,SBI Nifty Bank Index Fund-Direct Plan- Income Distribution Cum Capital Withdrawal Option,10.2641
2026-03-23,153253,SBI Nifty Bank Index Fund-Regular Plan- Growth,10.209
2026-03-23,153254,Edelweiss Consumption Fund - Direct - IDCW - Payout,9.8947
2026-03-23,153255,Edelweiss Consumption Fund - Regular - Growth,9.7139
2026-03-23,153256,Motilal Oswal Innovation Opportunities Fund- Regular Plan- Growth,10.7263
2026-03-23,153257,Motilal Oswal Innovation Opportunities Fund- Regular Plan- IDCW,10.7265
2026-03-23,153258,Motilal Oswal Innovation Opportunities Fund - Direct Plan- Growth,10.8914
2026-03-23,153259,Motilal Oswal Innovation Opportunities Fund - Direct Plan- IDCW,10.8907
2026-03-23,153260,ITI Bharat Consumption Fund - Direct Plan - Growth,10.0195
2026-03-23,153261,ITI Bharat Consumption Fund - Direct Plan - IDCW Option,9.4874
2026-03-23,153262,ITI Bharat Consumption Fund - Regular Plan - IDCW Option,9.2985
2026-03-23,153263,ITI Bharat Consumption Fund - Regular Plan Plan - Growth,9.8295
2026-03-23,153264,HDFC Nifty100 Quality 30 Index Fund - Direct Plan,9.7688
2026-03-23,153265,HDFC Nifty100 Quality 30 Index Fund - Regular Plan,9.7188
2026-03-23,153266,HSBC Financial Services Fund - Direct Growth,10.9207
2026-03-23,153267,HSBC Financial Services Fund - Regular Growth,10.7547
2026-03-23,153268,HSBC Financial Services Fund - Regular IDCW,10.7547
2026-03-23,153269,HSBC Financial Services Fund - Direct IDCW,10.9205
2026-03-23,153270,UTI Nifty India Manufacturing Index Fund - Direct Plan - Growth Option,10.9304
2026-03-23,153271,UTI Nifty India Manufacturing Index Fund - Regular Plan - Growth Option,10.8732
2026-03-23,153272,UTI Nifty Midsmallcap 400 Momentum Quality 100 Index Fund - Direct Plan - Growth Option,9.736
2026-03-23,153273,UTI Nifty Midsmallcap 400 Momentum Quality 100 Index Fund - Regular Plan - Growth Option,9.6806
2026-03-23,153274,Nippon India Active Momentum Fund-Direct Plan - Growth Option,10.8556
2026-03-23,153276,Nippon India Active Momentum Fund - Regular Plan- Growth Option,10.744
2026-03-23,153277,Nippon India Active Momentum Fund- Direct Plan IDCW Option,10.8556
2026-03-23,153278,Nippon India Active Momentum Fund- Regular Plan- IDCW Option,10.744
2026-03-23,153280,Shriram Unclaimed Redemption Liquid Fund,1071.7352
2026-03-23,153281,Shriram Unclaimed Redemption Stable Scheme Liquid Fund,999.9489
2026-03-23,153282,Shriram Unclaimed IDCW Liquid Fund,1059.0974
2026-03-23,153283,Shriram Unclaimed IDCW Stable Scheme Liquid Fund,999.9512
2026-03-23,153284,Kotak BSE Sensex Index Fund - Regular - Growth,9.638
2026-03-23,153285,Kotak BSE Sensex Index Fund - Regular - IDCW,9.638
2026-03-23,153286,Kotak BSE Sensex Index Fund- Direct - Growth,9.656
2026-03-23,153287,Kotak BSE Sensex Index Fund- Direct - IDCW,9.656
2026-03-23,153288,Invesco India Business Cycle Fund - Regular Plan - Growth,10.97
2026-03-23,153289,Invesco India Business Cycle Fund - Regular Plan - IDCW,10.96
2026-03-23,153290,Invesco India Business Cycle Fund - Direct Plan - IDCW,11.16
2026-03-23,153291,Invesco India Business Cycle Fund - Direct Plan - Growth,11.16
2026-03-23,153293,Bank of India Money Market Fund - Regular - Growth,10.7351
2026-03-23,153294,Bank of India Money Market Fund - Direct - Growth,10.7973
2026-03-23,153295,Bank of India Money Market Fund - Direct - Monthly IDCW,10.0673
2026-03-23,153296,Bank of India Money Market Fund - Direct - Daily IDCW,10.044
2026-03-23,153298,Bank of India Money Market Fund - Regular - Daily IDCW,10.0432
2026-03-23,153299,Bank of India Money Market Fund - Regular - Monthly IDCW,10.0639
2026-03-23,153301,Bank of India Money Market Fund - Regular - Weekly IDCW,10.0552
2026-03-23,153302,Mahindra Manulife Value Fund - Regular Plan - IDCW,10.8651
2026-03-23,153303,Mahindra Manulife Value Fund - Direct Plan - Growth,11.0731
2026-03-23,153304,Mahindra Manulife Value Fund - Regular Plan - Growth,10.8651
2026-03-23,153305,Mahindra Manulife Value Fund - Direct Plan - IDCW,11.0731
2026-03-23,153306,BAJAJ FINSERV MULTI CAP FUND - DIRECT - IDCW,10.117
2026-03-23,153307,BAJAJ FINSERV MULTI CAP FUND - REGULAR - GROWTH,9.952
2026-03-23,153308,BAJAJ FINSERV MULTI CAP FUND - REGULAR - IDCW,9.952
2026-03-23,153309,BAJAJ FINSERV MULTI CAP FUND - DIRECT - GROWTH,10.117
2026-03-23,153310,Kotak CRISIL - IBX AAA Bond Financial Services Index Dec 2026 Fund - Regular - IDCW,10.7849
2026-03-23,153311,Kotak CRISIL - IBX AAA Bond Financial Services Index Dec 2026 Fund - Regular - Growth,10.7849
2026-03-23,153312,Kotak CRISIL - IBX AAA Bond Financial Services Index Dec 2026 Fund - Direct - IDCW,10.8082
2026-03-23,153313,Kotak CRISIL - IBX AAA Bond Financial Services Index Dec 2026 Fund - Direct - Growth,10.8084
2026-03-23,153314,Kotak MSCI India ETF,26.988
2026-03-23,153315,Kotak Nifty 100 Equal Weight ETF,30.292
2026-03-23,153320,SBI Nifty IT Index Fund - Direct Plan - Growth,7.3343
2026-03-23,153321,SBI Nifty IT Index Fund - Direct Plan - Income Distribution Cum Withdrawal Option (IDCW),7.3344
2026-03-23,153322,SBI Nifty IT Index Fund - Regular Plan - Income Distribution Cum Capital Withdrawal Option (IDCW),7.2965
2026-03-23,153323,SBI Nifty IT Index Fund - Regular Plan - Growth,7.2965
2026-03-23,153324,Helios Mid Cap Fund - Direct Plan - IDCW Option,10.99
2026-03-23,153325,Helios Mid Cap Fund - Regular Plan - IDCW Option,10.82
2026-03-23,153326,Helios Mid Cap Fund - Direct Plan - Growth Option,10.99
2026-03-23,153327,Helios Mid Cap Fund - Regular Plan - Growth Plan,10.82
2026-03-23,153328,Groww Nifty 200 ETF FOF - Direct - Growth,10.5317
2026-03-23,153329,Groww Nifty 200 ETF,10.191
2026-03-23,153330,ANGEL ONE NIFTY TOTAL MARKET INDEX FUND DIRECT PLAN GROWTH OPTION,10.4279
2026-03-23,153331,ANGEL ONE NIFTY TOTAL MARKET INDEX FUND REGULAR PLAN GROWTH OPTION,10.3449
2026-03-23,153332,ANGEL ONE NIFTY TOTAL MARKET ETF,10.4366
2026-03-23,153333,Edelweiss CRISIL IBX AAA Bond NBFC HFC Jun 2027 Index Fund - Direct Plan - IDCW Option,10.8516
2026-03-23,153334,Edelweiss CRISIL IBX AAA Bond NBFC HFC Jun 2027 Index Fund - Regular Plan - Growth Option,10.8277
2026-03-23,153335,Edelweiss CRISIL IBX AAA Bond NBFC HFC Jun 2027 Index Fund - Direct Plan - Growth Option,10.8516
2026-03-23,153336,Edelweiss CRISIL IBX AAA Bond NBFC HFC Jun 2027 Index Fund - Regular Plan - IDCW Option,10.8277
2026-03-23,153337,Union Gold ETF,132.9789
2026-03-23,153338,Union Gold ETF Fund of Fund - Regular Plan - Growth Option,15.2851
2026-03-23,153339,Union Gold ETF Fund of Fund - Direct Plan - IDCW Option,15.3285
2026-03-23,153340,Union Gold ETF Fund of Fund - Direct Plan - Growth Option,15.3285
2026-03-23,153341,Union Gold ETF Fund of Fund - Regular Plan - IDCW Option,15.2851
2026-03-23,153342,Groww Nifty 200 ETF FOF - Regular - Growth,10.47
2026-03-23,153343,Groww Nifty 200 ETF FOF - Direct - IDCW,10.5316
2026-03-23,153344,Groww Nifty 200 ETF FOF - Regular - IDCW,10.47
2026-03-23,153345,DSP Nifty Private Bank Index Fund - Direct - IDCW,9.5263
2026-03-23,153346,DSP Nifty Private Bank Index Fund - Regular - IDCW,9.4509
2026-03-23,153347,DSP Nifty Private Bank Index Fund - Regular - Growth,9.9604
2026-03-23,153348,DSP Nifty Private Bank Index Fund - Direct - Growth,10.0363
2026-03-23,153349,Bandhan Nifty Next 50 Index Fund - Regular Plan - Growth,10.7105
2026-03-23,153350,Bandhan Nifty Next 50 Index Fund - Direct Plan - Growth,10.8
2026-03-23,153351,KOTAK NIFTY COMMODITIES INDEX FUND-REGULAR GROWTH,11.269
2026-03-23,153352,KOTAK NIFTY COMMODITIES INDEX FUND-REGULAR-IDCW-PAYOUT & REINVESTMENT,11.268
2026-03-23,153353,Kotak Nifty Commodities Index Fund-Direct Growth,11.299
2026-03-23,153354,KOTAK NIFTY COMMODITIES INDEX FUND-DIRECT-IDCW-PAYOUT & REINVESTMENT,11.3
2026-03-23,153355,WhiteOak Capital Equity Savings Fund Direct Plan Growth,11.078
2026-03-23,153356,WhiteOak Capital Equity Savings Fund Regular Plan Growth,10.91
2026-03-23,153357,360 ONE Gold ETF,132.5909
2026-03-23,153362,Navi Nifty Smallcap 250 Momentum quality index fund- Direct Plan,9.4622
2026-03-23,153363,Navi Nifty Smallcap 250 Momentum quality index fund- Regular Plan,9.3954
2026-03-23,153364,Motilal Oswal Active Momentum Fund- Direct-Growth,10.7294
2026-03-23,153365,Motilal Oswal Active Momentum Fund- Regular- Growth,10.7185
2026-03-23,153366,Motilal Oswal Active Momentum Fund - Regular- IDCW,10.7189
2026-03-23,153367,Motilal Oswal Active Momentum Fund- Direct-IDCW,10.7292
2026-03-23,153368,Franklin India Low Duration Fund-Direct-Growth,10.8063
2026-03-23,153369,Franklin India Low Duration Fund-Direct-IDCW,10.4772
2026-03-23,153370,Franklin India Low Duration Fund-IDCW,10.4296
2026-03-23,153371,Franklin India Low Duration Fund-Growth,10.7437
2026-03-23,153372,Kotak CRISIL-IBX Financial Services 3-6 Months Debt Index Fund-Direct-Growth,10.7035
2026-03-23,153373,Kotak CRISIL-IBX Financial Services 3-6 Months Debt Index Fund-Direct-IDCW,10.7038
2026-03-23,153374,Kotak CRISIL-IBX Financial Services 3-6 Months Debt Index Fund-Regular-IDCW,10.6776
2026-03-23,153375,Kotak CRISIL-IBX Financial Services 3-6 Months Debt Index Fund-Regular-Growth,10.6777
2026-03-23,153376,Unifi Dynamic Asset Allocation Fund - Direct Growth,10.8257
2026-03-23,153377,Unifi Dynamic Asset Allocation Fund - Regular Growth,10.76
2026-03-23,153378,ICICI Prudential BSE Liquid Rate ETF - Growth,1054.5645
2026-03-23,153379,Mirae Asset BSE 200 Equal Weight ETF,11.8905
2026-03-23,153380,Mirae Asset BSE 200 Equal Weight ETF Fund of Fund - Direct Plan - Growth,10.195
2026-03-23,153381,Mirae Asset BSE 200 Equal Weight ETF Fund of Fund - Direct Plan - IDCW,10.192
2026-03-23,153382,Mirae Asset BSE 200 Equal Weight ETF Fund of Fund - Regular Plan - Growth,10.14
2026-03-23,153383,Mirae Asset BSE 200 Equal Weight ETF Fund of Fund - Regular Plan - IDCW,10.14
2026-03-23,153384,Mirae Asset BSE Select IPO ETF,38.3271
2026-03-23,153385,Mirae Asset BSE Select IPO ETF Fund of Fund - Direct Plan - Growth,9.434
2026-03-23,153386,Mirae Asset BSE Select IPO ETF Fund of Fund - Direct Plan - IDCW,9.432
2026-03-23,153387,Mirae Asset BSE Select IPO ETF Fund of Fund - Regular Plan - Growth,9.398
2026-03-23,153388,Mirae Asset BSE Select IPO ETF Fund of Fund - Regular Plan - IDCW,9.383
2026-03-23,153389,Bandhan CRISIL-IBX 10:90 Gilt Plus SDL Index - Dec 2029 Fund-Direct Plan-Growth,10.7247
2026-03-23,153390,Bandhan CRISIL-IBX 10:90 Gilt Plus SDL Index - Dec 2029 Fund-Direct Plan-IDCW,10.7247
2026-03-23,153391,Bandhan CRISIL-IBX 10:90 Gilt Plus SDL Index - Dec 2029 Fund-Regular Plan-Growth,10.6941
2026-03-23,153392,Bandhan CRISIL-IBX 10:90 Gilt Plus SDL Index - Dec 2029 Fund-Regular Plan-IDCW,10.6941
2026-03-23,153393,ICICI Prudential Nifty EV & New Age Automotive ETF FOF - IDCW,10.1616
2026-03-23,153394,ICICI Prudential Nifty EV & New Age Automotive ETF FOF - Direct Plan - Growth,10.2004
2026-03-23,153395,ICICI Prudential Nifty EV & New Age Automotive ETF FOF - Direct Plan - IDCW,10.2005
2026-03-23,153396,ICICI Prudential Nifty EV & New Age Automotive ETF FOF - Growth,10.1616
2026-03-23,153397,ICICI Prudential Nifty EV & New Age Automotive ETF,26.7837
2026-03-23,153398,Kotak Nifty Midcap 150 ETF,19.721
2026-03-23,153399,KOTAK NIFTY MIDCAP 150 INDEX FUND-REGULAR PLAN-GROWTH,9.934
2026-03-23,153400,KOTAK NIFTY MIDCAP 150 INDEX FUND-REGULAR PLAN-IDCW PAYOUT AND REINVESTMENT,9.935
2026-03-23,153401,KOTAK NIFTY MIDCAP 150 INDEX FUND-DIRECT PLAN-GROWTH,9.983
2026-03-23,153402,KOTAK NIFTY MIDCAP 150 INDEX FUND-DIRECT PLAN-IDCW-PAYOUT AND REINVESTMENT,9.983
2026-03-23,153403,HDFC NIFTY 1D RATE LIQUID ETF GROWTH,1053.082
2026-03-23,153404,HDFC Nifty Top 20 Equal Weight Index Fund - Regular Growth,9.3702
2026-03-23,153405,HDFC Nifty Top 20 Equal Weight Index Fund - Direct,9.42
2026-03-23,153406,Motilal Oswal Nifty Capital Market ETF,42.6721
2026-03-23,153407,Bandhan CRISIL-IBX Financial Services 3-6 Months Debt Index Fund - Direct Plan - Growth,10.7001
2026-03-23,153408,Bandhan CRISIL-IBX Financial Services 3-6 Months Debt Index Fund - Regular Plan - Growth,10.6362
2026-03-23,153409,ICICI Prudential CRISIL-IBX Financial Services 3-6 Months Debt Index Fund - Growth,10.677
2026-03-23,153410,ICICI Prudential CRISIL-IBX Financial Services 3-6 Months Debt Index Fund - Direct Plan - Annual IDCW,10.6929
2026-03-23,153411,ICICI Prudential CRISIL-IBX Financial Services 3-6 Months Debt Index Fund - Direct Plan - Growth,10.6929
2026-03-23,153412,ICICI Prudential CRISIL-IBX Financial Services 3-6 Months Debt Index Fund - Annual IDCW,10.677
2026-03-23,153413,Zerodha Silver ETF,21.2205
2026-03-23,153414,Axis Nifty500 Value 50 ETF,30.3174
2026-03-23,153415,360 ONE Silver ETF,205.0795
2026-03-23,153416,Edelweiss Low Duration Fund - Direct Plan Growth,1069.2018
2026-03-23,153417,Edelweiss Low Duration Fund - Regular Plan IDCW Payout,1060.5789
2026-03-23,153418,Edelweiss Low Duration Fund - Direct Plan IDCW Payout,1069.1726
2026-03-23,153419,Edelweiss Low Duration Fund - Regular Plan Growth,1060.5796
2026-03-23,153420,Tata BSE Quality Index Fund Direct plan Growth Option,10.22
2026-03-23,153421,Tata BSE Quality Index Fund Direct plan IDCW Payout Option,10.22
2026-03-23,153422,Tata BSE Quality Index Fund Direct plan IDCW Reinvestment Option,10.22
2026-03-23,153423,Tata BSE Quality Index Fund Regular plan IDCW Reinvestment Option,10.1434
2026-03-23,153424,Tata BSE Quality Index Fund Regular plan IDCW Payout Option,10.1434
2026-03-23,153425,Tata BSE Quality Index Fund Regular plan Growth Option,10.1434
2026-03-23,153426,quant Arbitrage Fund - Growth Option - Direct Plan,10.7195
2026-03-23,153427,quant Arbitrage Fund - IDCW Option - Direct Plan,10.7122
2026-03-23,153428,quant Arbitrage Fund - Growth Option - Regular Plan,10.6592
2026-03-23,153429,quant Arbitrage Fund - IDCW Option - Regular Plan,10.6594
2026-03-23,153431,SBI BSE PSU BANK INDEX FUND- Regular Plan- Income Distribution Cum Capital Withdrawal Option (IDCW),13.071
2026-03-23,153432,SBI BSE PSU BANK INDEX FUND- Direct Plan- Growth,13.133
2026-03-23,153433,SBI BSE PSU BANK INDEX FUND- Direct Plan- Income Distribution Cum Capital Withdrawal Option (IDCW),13.1329
2026-03-23,153434,SBI BSE PSU BANK INDEX FUND- Regular Plan- Growth,13.0692
2026-03-23,153435,SBI BSE PSU BANK ETF,47.3496
2026-03-23,153436,Zerodha Overnight Fund - Direct Plan - Growth Option,10.529
2026-03-23,153437,Bajaj Finserv Overnight Fund - Direct - Unclaimed less than 3 years IDCW Plan,1048.5345
2026-03-23,153438,Bajaj Finserv Overnight Fund - Direct - Unclaimed less than 3 years Redemption Plan,1055.1735
2026-03-23,153441,UTI Income Plus Arbitrage Active Fund of Fund - Regular Plan - Growth Option,10.5378
2026-03-23,153442,UTI Income Plus Arbitrage Active Fund of Fund - Direct Plan - Growth Option,10.5748
2026-03-23,153443,Aditya Birla Sun Life Crisil-IBX Financial Services 9-12 Months Debt Index Fund-Direct Growth,10.6905
2026-03-23,153444,Aditya Birla Sun Life Crisil-IBX Financial Services 9-12 Months Debt Index Fund-Direct IDCW Payout,10.6913
2026-03-23,153445,Aditya Birla Sun Life Crisil-IBX Financial Services 9-12 Months Debt Index Fund-Regular Growth,10.669
2026-03-23,153447,Kotak Energy Opportunities Fund-Direct-Growth,9.726
2026-03-23,153448,Kotak Energy Opportunities Fund-Direct-IDCW-Payout & Reinvestment,9.726
2026-03-23,153449,Kotak Energy Opportunities Fund-Regular-Growth,9.592
2026-03-23,153450,Kotak Energy Opportunities Fund-Regular-IDCW-Payout & Reinvestment,9.592
2026-03-23,153451,ANGEL ONE NIFTY 1D RATE LIQUID ETF - GROWTH,1051.9042
2026-03-23,153452,Groww Nifty 500 Momentum 50 ETF,9.1906
2026-03-23,153453,Groww Nifty 500 Momentum 50 ETF FOF - Direct Plan - Growth,9.14
2026-03-23,153454,Groww Nifty 500 Momentum 50 ETF FOF - Direct Plan - IDCW,9.1501
2026-03-23,153455,Groww Nifty 500 Momentum 50 ETF FOF - Regular Plan - IDCW,9.1024
2026-03-23,153456,Groww Nifty 500 Momentum 50 ETF FOF - Regular Plan- Growth,9.1025
2026-03-23,153457,ICICI Prudential Quality Fund - IDCW,9.39
2026-03-23,153458,ICICI Prudential Quality Fund - Direct Plan - Growth,9.48
2026-03-23,153459,ICICI Prudential Quality Fund - Growth,9.39
2026-03-23,153460,ICICI Prudential Quality Fund - Direct Plan - IDCW,9.48
2026-03-23,153461,Kotak Nifty Top 10 Equal Weight Index Fund-Direct Plan-Growth,8.718
2026-03-23,153462,Kotak Nifty Top 10 Equal Weight Index Fund-Direct Plan-IDCW-Payout and Reinvestment,8.718
2026-03-23,153463,Kotak Nifty Top 10 Equal Weight Index Fund-Regular Plan-Growth,8.663
2026-03-23,153464,Kotak Nifty Top 10 Equal Weight Index Fund-Regular Plan-IDCW Payout and Reinvestment,8.663
2026-03-23,153465,Canara Robeco Multi Asset Allocation Fund - Direct Plan - Growth,10.23
2026-03-23,153466,Canara Robeco Multi Asset Allocation Fund - Regular Plan - Growth,10.1
2026-03-23,153467,Canara Robeco Multi Asset Allocation Fund - Regular Plan - IDCW,10.1
2026-03-23,153468,Canara Robeco Multi Asset Allocation Fund - Direct Plan - IDCW,10.23
2026-03-23,153469,Nippon India Nifty 500 Quality 50 Index Fund - Regular Plan - IDCW Option,9.3818
2026-03-23,153470,Nippon India Nifty 500 Quality 50 Index Fund - Direct Plan - Growth Option,9.4278
2026-03-23,153471,Nippon India Nifty 500 Quality 50 Index Fund - Direct Plan - IDCW Option,9.4278
2026-03-23,153472,Nippon India Nifty 500 Quality 50 Index Fund - Regular Plan - Growth Option,9.3818
2026-03-23,153473,Nippon India Nifty 500 Low Volatility 50 Index Fund - Direct Plan - IDCW Plan,9.9727
2026-03-23,153474,Nippon India Nifty 500 Low Volatility 50 Index Fund - Direct Plan - Growth Option,9.9727
2026-03-23,153475,Nippon India Nifty 500 Low Volatility 50 Index Fund - Regular Plan - Growth Option,9.9235
2026-03-23,153476,Nippon India Nifty 500 Low Volatility 50 Index Fund - Regular Pan - IDCW Option,9.9235
2026-03-23,153477,Groww Gilt Fund - Direct - Growth,9.8557
2026-03-23,153478,Bajaj Finserv Nifty Next 50 Index Fund - Direct - IDCW,9.7692
2026-03-23,153479,Bajaj Finserv Nifty Next 50 Index Fund - Direct - Growth,9.7692
2026-03-23,153480,Bajaj Finserv Nifty Next 50 Index Fund - Regular - Growth,9.7143
2026-03-23,153481,Bajaj Finserv Nifty Next 50 Index Fund - Regular - IDCW,9.7143
2026-03-23,153482,Motilal Oswal Infrastructure Fund-Regular-Growth,11.3632
2026-03-23,153483,Motilal Oswal Infrastructure Fund-Direct-IDCW,11.414
2026-03-23,153484,Motilal Oswal Infrastructure Fund-Direct-Growth,11.414
2026-03-23,153485,Motilal Oswal Infrastructure Fund-Regular-IDCW,11.3632
2026-03-23,153486,DSP Silver ETF Fund of Fund - Regular - Growth,20.6792
2026-03-23,153487,DSP Silver ETF Fund of Fund - Direct - Growth,20.7585
2026-03-23,153488,DSP Silver ETF Fund of Fund - Regular - IDCW,20.6792
2026-03-23,153489,DSP Silver ETF Fund of Fund - Direct - IDCW,20.7585
2026-03-23,153494,Edelweiss BSE Internet Economy Index Fund - Direct Plan - IDCW,9.0631
2026-03-23,153495,Edelweiss BSE Internet Economy Index Fund - Regular Plan - Growth,9.0091
2026-03-23,153496,Edelweiss BSE Internet Economy Index Fund - Regular Plan - IDCW,9.0091
2026-03-23,153497,Edelweiss BSE Internet Economy Index Fund - Direct Plan - Growth,9.0631
2026-03-23,153498,SBI Income Plus Arbitrage Active FOF- Direct Plan- Growth,10.4585
2026-03-23,153499,SBI Income Plus Arbitrage Active FOF- Regular Plan- Income Distribution Cum Capital Withdrawal Option,10.443
2026-03-23,153500,SBI Income Plus Arbitrage Active FOF- Regular Plan- Growth,10.4429
2026-03-23,153501,SBI Income Plus Arbitrage Active FOF- Direct Plan- Income Distribution Cum Capital Withdrawal Option,10.4584
2026-03-23,153502,Groww Gilt Fund - Direct - IDCW,9.8542
2026-03-23,153503,Groww Gilt Fund - Regular - Growth,9.7701
2026-03-23,153504,Groww Gilt Fund - Regular - IDCW,9.7702
2026-03-23,153505,Bajaj Finserv Nifty 50 Index Fund - Direct - IDCW,9.1111
2026-03-23,153506,Bajaj Finserv Nifty 50 Index Fund - Direct - Growth,9.1111
2026-03-23,153507,Bajaj Finserv Nifty 50 Index Fund - Regular - IDCW,9.0605
2026-03-23,153508,Bajaj Finserv Nifty 50 Index Fund - Regular - Growth,9.0605
2026-03-23,153509,Tata Income Plus Arbitrage Active FOF - Direct Plan IDCW Reinvestment Option,10.3987
2026-03-23,153510,Tata Income Plus Arbitrage Active FOF - Regular Plan IDCW Payout Option,10.3533
2026-03-23,153511,Tata Income Plus Arbitrage Active FOF - Regular Plan Growth Option,10.3533
2026-03-23,153512,Tata Income Plus Arbitrage Active FOF - Direct Plan IDCW Payout Option,10.3987
2026-03-23,153513,Tata Income Plus Arbitrage Active FOF - Direct Plan Growth Option,10.3987
2026-03-23,153514,Tata Income Plus Arbitrage Active FOF - Regular Plan IDCW Reinvestment Option,10.3533
2026-03-23,153515,UTI Multi Cap Fund - Direct Plan - Growth Option,9.3175
2026-03-23,153516,UTI Multi Cap Fund - Regular Plan - Growth Option,9.1949
2026-03-23,153517,HDFC CRISIL-IBX Financial Services 3-6 Months Debt Index Fund - Direct Growth Plan,10.5771
2026-03-23,153518,HDFC CRISIL-IBX Financial Services 3-6 Months Debt Index Fund - Regular Growth Plan,10.5614
2026-03-23,153519,Mirae Asset Nifty 50 Equal Weight ETF,298.1844
2026-03-23,153524,Groww Silver ETF,20.4781
2026-03-23,153525,Groww Silver ETF FOF - Direct - Growth,19.5779
2026-03-23,153526,Groww Silver ETF FOF - Direct - IDCW,19.582
2026-03-23,153527,Groww Silver ETF FOF - Regular - Growth,19.5077
2026-03-23,153528,Groww Silver ETF FOF - Regular - IDCW,19.5076
2026-03-23,153529,ANGEL ONE NIFTY 50 INDEX FUND-DIRECT-GROWTH,9.2142
2026-03-23,153530,ANGEL ONE NIFTY 50 INDEX FUND-REGULAR-GROWTH,9.1757
2026-03-23,153531,ANGEL ONE NIFTY 50 ETF,9.2365
2026-03-23,153532,MOTILAL OSWAL NIFTY 50 EQUAL WEIGHT ETF,29.8382
2026-03-23,153533,Samco Large & Mid Cap Fund - Regular Plan - Growth Option,8.56
2026-03-23,153534,Samco Large & Mid Cap Fund - Direct Plan - Growth Option,8.67
2026-03-23,153535,MOTILAL OSWAL NIFTY NEXT 50 ETF,61.133
2026-03-23,153536,Baroda BNP Paribas Income Plus Arbitrage Active FOF Direct Growth,10.4199
2026-03-23,153538,Baroda BNP Paribas Income Plus Arbitrage Active FOF Regular IDCW Payout,10.4026
2026-03-23,153540,Baroda BNP Paribas Income Plus Arbitrage Active FOF Direct IDCW Payout,10.4199
2026-03-23,153541,Baroda BNP Paribas Income Plus Arbitrage Active FOF Regular Growth,10.4026
2026-03-23,153542,Unifi Flexi Cap Fund - Regular Growth,9.0506
2026-03-23,153543,Unifi Flexi Cap Fund - Direct Growth,9.145
2026-03-23,153544,ICICI Prudential Nifty200 Quality 30 Index Fund - Growth,8.8443
2026-03-23,153545,ICICI Prudential Nifty200 Quality 30 Index Fund - IDCW,8.844
2026-03-23,153546,ICICI Prudential Nifty200 Quality 30 Index Fund - Direct Plan - Growth,8.8786
2026-03-23,153547,ICICI Prudential Nifty200 Quality 30 Index Fund - Direct Plan - IDCW,8.8782
2026-03-23,153548,Baroda BNP Paribas Multi Asset Active FOF Regular Growth,10.708
2026-03-23,153549,Baroda BNP Paribas Multi Asset Active FOF Regular ICDW Payout,10.708
2026-03-23,153550,Baroda BNP Paribas Multi Asset Active FOF Direct IDCW Payout,10.7862
2026-03-23,153552,Baroda BNP Paribas Multi Asset Active FOF Direct Growth,10.7862
2026-03-23,153554,SBI Nifty200 Quality 30 Index Fund-Regular Plan- Growth,8.9819
2026-03-23,153555,SBI Nifty200 Quality 30 Index Fund-Direct Plan- Growth,9.0101
2026-03-23,153556,SBI Nifty200 Quality 30 Index Fund- Regular Plan- Income Cum Distribution Withdrawal Option,8.9819
2026-03-23,153557,SBI Nifty200 Quality 30 Index Fund- Direct Plan- Income Distribution Cum Capital Withdrawal Option,9.0102
2026-03-23,153558,Motilal Oswal Services Fund - Direct Plan - Growth,9.1524
2026-03-23,153561,Motilal Oswal Services Fund - Regular Plan - Growth,9.1118
2026-03-23,153562,Motilal Oswal Services Fund - Regular Plan - IDCW,9.1118
2026-03-23,153563,Motilal Oswal Services Fund - Direct Plan - IDCW,9.1524
2026-03-23,153564,Motilal Oswal BSE India Infrastructure ETF,54.8265
2026-03-23,153565,Nippon India BSE Sensex Next 30 Index -Direct Plan - IDCW Payout,9.6237
2026-03-23,153566,Nippon India BSE Sensex Next 30 Index Fund - Regular Plan-Growth Option,9.5991
2026-03-23,153567,Nippon India BSE Sensex Next 30 Index Fund- Direct Plan- Growth Option,9.6237
2026-03-23,153568,Nippon India BSE Sensex Next 30 Index Fund -Regular Plan- IDCW Payout,9.5991
2026-03-23,153569,Nippon India BSE Sensex Next 30 ETF,37.2136
2026-03-23,153570,Unifi Liquid Fund- Direct Growth,1046.1868
2026-03-23,153571,Unifi Liquid Fund- Regular Growth,1045.6949
2026-03-23,153572,Motilal Oswal Nifty India Manufacturing ETF,140.2956
2026-03-23,153573,Union Income Plus Arbitrage Active FOF - Regular Plan - Growth Option,10.1748
2026-03-23,153574,Union Income Plus Arbitrage Active FOF - Regular Plan - IDCW Option,10.1748
2026-03-23,153575,Union Income Plus Arbitrage Active FOF - Direct Plan - Growth Option,10.2115
2026-03-23,153576,Union Income Plus Arbitrage Active FOF - Direct Plan - IDCW Option,10.2115
2026-03-23,153577,Tata Nifty Midcap 150 Index Fund - Direct Plan - IDCW Reinvestment Option,9.2402
2026-03-23,153578,Tata Nifty Midcap 150 Index Fund - Regular Plan - IDCW Reinvestment Option,9.1723
2026-03-23,153579,Tata Nifty Midcap 150 Index Fund - Direct Plan - IDCW Payout Option,9.2402
2026-03-23,153580,Tata Nifty Midcap 150 Index Fund - Regular Plan - Growth Option,9.1723
2026-03-23,153581,Tata Nifty Midcap 150 Index Fund - Direct Plan - Growth Option,9.2402
2026-03-23,153582,Tata Nifty Midcap 150 Index Fund - Regular Plan - IDCW Payout Option,9.1723
2026-03-23,153583,Groww Nifty 500 Low Volatility 50 ETF,9.6355
2026-03-23,153586,Kotak Liquid Fund - Regular Plan - Weekly - Reinvestment & Payout of Income Distribution cum capital withdrawal option,1021.5645
2026-03-23,153588,DSP Nifty IT Index Fund - Regular - Growth,7.5491
2026-03-23,153589,DSP Nifty IT Index Fund - Regular - IDCW,7.5491
2026-03-23,153590,DSP Nifty IT Index Fund - Direct - Growth,7.5904
2026-03-23,153591,DSP Nifty IT Index Fund - Direct - IDCW,7.5904
2026-03-23,153592,DSP Nifty Healthcare Index Fund - Regular - Growth,9.9499
2026-03-23,153593,DSP Nifty Healthcare Index Fund - Direct - IDCW,10.0029
2026-03-23,153594,DSP Nifty Healthcare Index Fund - Direct- Growth,10.0029
2026-03-23,153595,DSP Nifty Healthcare Index Fund - Regular - IDCW,9.9499
2026-03-23,153596,Motilal Oswal BSE 1000 Index Fund - Direct Plan - Growth,8.856
2026-03-23,153597,Motilal Oswal BSE 1000 Index Fund - Regular Plan - Growth,8.8071
2026-03-23,153598,Nippon India Income Plus Arbitrage Active Fund of Fund - Direct Plan-IDCW Payout,10.3959
2026-03-23,153599,Nippon India Income Plus Arbitrage Active Fund of Fund - Regular Plan- IDCW Payout,10.3773
2026-03-23,153600,Nippon India Income Plus Arbitrage Active Fund of Fund- Direct Plan- Growth Option,10.3959
2026-03-23,153601,Nippon India Income Plus Arbitrage Active Fund of Fund -Regular Plan- Growth Option,10.3773
2026-03-23,153602,Baroda BNP Paribas Health and Wellness Fund Regular Growth,8.9862
2026-03-23,153604,Baroda BNP Paribas Health and Wellness Fund Direct Growth,9.1069
2026-03-23,153605,Baroda BNP Paribas Health and Wellness Fund Direct IDCWPayout,9.1069
2026-03-23,153607,Baroda BNP Paribas Health and Wellness Fund Regular IDCWPayout,8.9862
2026-03-23,153608,Motilal Oswal Nifty PSE ETF,97.4991
2026-03-23,153609,BAJAJ FINSERV SMALL CAP FUND - REGULAR - GROWTH,8.3
2026-03-23,153610,BAJAJ FINSERV SMALL CAP FUND - REGULAR - IDCW,8.3
2026-03-23,153611,BAJAJ FINSERV SMALL CAP FUND - DIRECT - IDCW,8.389
2026-03-23,153612,BAJAJ FINSERV SMALL CAP FUND - DIRECT - GROWTH,8.389
2026-03-23,153613,ICICI Prudential Nifty Top 15 Equal Weight Index Fund - Growth,8.812
2026-03-23,153614,ICICI Prudential Nifty Top 15 Equal Weight Index Fund - Direct Plan - Growth,8.8499
2026-03-23,153615,ICICI Prudential Nifty Top 15 Equal Weight Index Fund - IDCW,8.8121
2026-03-23,153616,ICICI Prudential Nifty Top 15 Equal Weight Index Fund - Direct Plan - IDCW,8.8504
2026-03-23,153617,ICICI Prudential Nifty Top 15 Equal Weight ETF,9.2629
2026-03-23,153618,Motilal Oswal Nifty India Tourism ETF,65.5263
2026-03-23,153619,HDFC INNOVATION FUND - REGULAR PLAN - GROWTH OPTION,9.19
2026-03-23,153620,HDFC INNOVATION FUND - DIRECT PLAN - GROWTH OPTION,9.269
2026-03-23,153621,Axis Services Opportunities Fund - Regular Plan - Growth Option,8.37
2026-03-23,153622,Axis Services Opportunities Fund - Direct Plan - IDCW Option,8.45
2026-03-23,153623,Axis Services Opportunities Fund - Regular Plan - IDCW Option,8.37
2026-03-23,153624,Axis Services Opportunities Fund - Direct Plan - Growth Option,8.45
2026-03-23,153625,Groww Nifty India Internet ETF,8.0497
2026-03-23,153626,Groww Nifty India Internet ETF FOF - Direct - Growth,8.0651
2026-03-23,153627,JM Large & Mid Cap Fund (Regular) - Growth Option,9.0024
2026-03-23,153628,JM Large & Mid Cap Fund (Regular) - IDCW,9.0024
2026-03-23,153629,JM Large & Mid Cap Fund (Direct) - Growth Option,9.1071
2026-03-23,153630,JM Large & Mid Cap Fund (Direct) - IDCW,9.1071
2026-03-23,153631,Groww Nifty India Internet ETF FOF - Regular - IDCW,8.0383
2026-03-23,153632,Groww Nifty India Internet ETF FOF - Direct - IDCW,8.0651
2026-03-23,153633,Groww Nifty India Internet ETF FOF - Regular - Growth,8.0384
2026-03-23,153634,Mirae Asset CRISIL-IBX Financial Services 9-12 Months Debt Index Fund - Direct Plan - Growth,10.4159
2026-03-23,153635,Mirae Asset CRISIL-IBX Financial Services 9-12 Months Debt Index Fund - Direct Plan - IDCW,10.4148
2026-03-23,153636,Mirae Asset CRISIL-IBX Financial Services 9-12 Months Debt Index Fund - Regular Plan - Growth,10.4013
2026-03-23,153637,Mirae Asset CRISIL-IBX Financial Services 9-12 Months Debt Index Fund - Regular Plan - IDCW,10.4015
2026-03-23,153638,Mirae Asset Income plus Arbitrage Active FOF - Direct Plan - Growth,10.392
2026-03-23,153639,Mirae Asset Income plus Arbitrage Active FOF - Direct Plan - IDCW,10.391
2026-03-23,153640,Mirae Asset Income plus Arbitrage Active FOF - Regular Plan - Growth,10.372
2026-03-23,153641,Mirae Asset Income plus Arbitrage Active FOF - Regular Plan - IDCW,10.372
2026-03-23,153642,Mirae Asset Nifty India Internet ETF,10.8622
2026-03-23,153643,HDFC INNOVATION FUND - IDCW - DIRECT PLAN,9.269
2026-03-23,153644,TRUSTMF MULTI CAP FUND -DIRECT PLAN-GROWTH,9.39
2026-03-23,153645,TRUSTMF MULTI CAP FUND -REGULAR PLAN-GROWTH,9.28
2026-03-23,153647,HDFC INNOVATION FUND - IDCW - REGULAR PLAN,9.19
2026-03-23,153649,JioBlackRock Money Market Fund - Direct Plan - Growth Option,1041.0508
2026-03-23,153650,JioBlackRock Overnight Fund - Direct Plan - Growth Option,1038.6854
2026-03-23,153651,JioBlackRock Liquid Fund - Direct Plan - Growth Option,1042.6551
2026-03-23,153652,Union Low Duration Fund - Regular Plan - Growth Option,10.3072
2026-03-23,153653,Union Low Duration Fund - Regular Plan - IDCW Option,10.3072
2026-03-23,153654,Union Low Duration Fund - Direct Plan - Growth Option,10.3611
2026-03-23,153655,Union Low Duration Fund - Direct Plan - IDCW Option,10.3611
2026-03-23,153656,Zerodha Silver ETF FoF - Direct Growth,18.3357
2026-03-23,153657,Kotak Nifty200 Quality 30 ETF,18.535
2026-03-23,153658,KOTAK NIFTY 200 QUALITY 30 INDEX FUND - DIRECT PLAN - IDCW - PAYOUT AND REINVESTMENT,8.891
2026-03-23,153659,KOTAK NIFTY 200 QUALITY 30 INDEX FUND - REGULAR PLAN - GROWTH,8.867
2026-03-23,153660,KOTAK NIFTY 200 QUALITY 30 INDEX FUND - DIRECT PLAN - GROWTH,8.891
2026-03-23,153661,KOTAK NIFTY 200 QUALITY 30 INDEX FUND - REGULAR PLAN - IDCW - PAYOUT AND REINVESTMENT,8.867
2026-03-23,153662,SBI Nifty200 Momentum 30 Index Fund- Direct Plan- Growth,8.6716
2026-03-23,153663,SBI Nifty200 Momentum 30 Index Fund- Regular Plan- Growth,8.6482
2026-03-23,153664,SBI Nifty200 Momentum 30 Index Fund- Regular Plan- Income Distribution Cum Capital Withdrawal Option (IDCW),8.6482
2026-03-23,153665,SBI Nifty200 Momentum 30 Index Fund- Direct Plan- Income Cum Distribution Capital Withdrawal Option (IDCW),8.6718
2026-03-23,153666,Sundaram Multi-Factor Fund - Direct - IDCW Reinvestment,9.1994
2026-03-23,153667,Sundaram Multi-Factor Fund - Regular - Growth,9.0982
2026-03-23,153668,Sundaram Multi-Factor Fund - Regular - IDCW Reinvestment,9.0982
2026-03-23,153669,Sundaram Multi-Factor Fund - Direct - Growth,9.1994
2026-03-23,153670,Sundaram Multi-Factor Fund - Direct - IDCW Payout,9.1994
2026-03-23,153671,Sundaram Multi-Factor Fund - Regular - IDCW Payout,9.0982
2026-03-23,153672,Mahindra Manulife Banking & Financial Services Fund - Direct - IDCW,9.5219
2026-03-23,153673,Mahindra Manulife Banking & Financial Services Fund - Regular - IDCW,9.4051
2026-03-23,153674,Mahindra Manulife Banking & Financial Services Fund - Direct - Growth,9.5219
2026-03-23,153675,Mahindra Manulife Banking & Financial Services Fund - Regular - Growth,9.4051
2026-03-23,153676,ICICI Prudential Nifty Private Bank Index Fund - Growth,8.7353
2026-03-23,153679,ICICI Prudential Nifty Private Bank Index Fund - Direct Plan - Growth,8.7686
2026-03-23,153680,Kotak Nifty AAA Bond Financial Services Mar 2028 Index Fund - Direct Plan - Growth,10.3557
2026-03-23,153681,Kotak Nifty AAA Bond Financial Services Mar 2028 Index Fund - Direct Plan - IDCW - Payout & Reinvestment,10.3555
2026-03-23,153682,Kotak Nifty AAA Bond Financial Services Mar 2028 Index Fund - Regular Plan - IDCW - Payout & Reinvestment,10.3405
2026-03-23,153683,Kotak Nifty AAA Bond Financial Services Mar 2028 Index Fund - Regular Plan - Growth,10.3405
2026-03-23,153684,ICICI Prudential Active Momentum Fund - Direct Plan - Growth,9.7
2026-03-23,153685,ICICI Prudential Active Momentum Fund - Growth,9.63
2026-03-23,153688,Tata Liquid Fund - Regular Plan - Weekly IDCW Reinvestment,1039.3369
2026-03-23,153689,Tata Liquid Fund - Direct Plan - Weekly IDCW Reinvestment,1043.8838
2026-03-23,153690,Nippon India MNC Fund- Direct Plan-IDCW Payout,9.6106
2026-03-23,153691,Nippon India MNC Fund- Regular Plan-Growth Option,9.5265
2026-03-23,153692,Nippon India MNC Fund- Regular Plan- IDCW Payout,9.5265
2026-03-23,153693,Nippon India MNC Fund- Direct Plan- Growth Option,9.6106
2026-03-23,153694,Motilal Oswal Nifty Midcap150 Momentum 50 ETF,55.2573
2026-03-23,153695,Invesco India Income Plus Arbitrage Active Fund of Fund - Regular Plan - Growth Plan,1028.7997
2026-03-23,153696,Invesco India Income Plus Arbitrage Active Fund of Fund - Regular Plan - IDCW (Payout / Reinvestment),1028.7998
2026-03-23,153697,Invesco India Income Plus Arbitrage Active Fund of Fund - Direct Plan - Growth,1031.577
2026-03-23,153698,Invesco India Income Plus Arbitrage Active Fund of Fund - Direct Plan - IDCW (Payout / Reinvestment),1031.577
2026-03-23,153699,Groww Nifty 50 ETF,9.0431
2026-03-23,153700,360 ONE Overnight Fund - Regular Plan - Growth,1037.4702
2026-03-23,153701,360 ONE Overnight Fund- Direct Plan - IDCW,1038.0548
2026-03-23,153702,360 ONE Overnight Fund - Regular Plan - IDCW,1037.4702
2026-03-23,153703,360 ONE Overnight Fund - Direct Plan - Growth,1038.0548
2026-03-23,153704,Groww Nifty 50 Index Fund Direct Growth,8.9819
2026-03-23,153705,quant Equity Savings Fund - Growth Option - Direct Plan,9.8205
2026-03-23,153706,quant Equity Savings Fund - IDCW Option - Direct Plan,9.8061
2026-03-23,153707,quant Equity Savings Fund - Growth Option - Regular Plan,9.709
2026-03-23,153708,quant Equity Savings Fund - IDCW Option - Regular Plan,9.7087
2026-03-23,153709,Groww Nifty 50 Index Fund Direct IDCW,8.9819
2026-03-23,153710,Groww Nifty 50 Index Fund Regular Growth,8.9396
2026-03-23,153711,Groww Nifty 50 Index Fund Regular IDCW,8.9396
2026-03-23,153712,Edelweiss Income Plus Arbitrage Active Fund of Funds - Direct Plan Growth,10.3345
2026-03-23,153713,Edelweiss Income Plus Arbitrage Active Fund of Funds - Regular-Growth,10.3155
2026-03-23,153714,Edelweiss Income Plus Arbitrage Active Fund of Fund - Regular - Dividend- Payout,10.3155
2026-03-23,153715,Edelweiss Income Plus Arbitrage Active Fund of Funds - Direct-Dividend-Payout,10.3345
2026-03-23,153716,SBI Nifty100 Low Volatility 30 Index Fund- Regular Plan- Growth,9.2579
2026-03-23,153717,SBI Nifty100 Low Volatility 30 Index Fund- Regular Plan- Income Cum Distribution Capital Withdrawal Option (IDCW),9.2579
2026-03-23,153718,SBI Nifty100 Low Volatility 30 Index Fund- Direct Plan- Growth,9.2817
2026-03-23,153719,SBI Nifty100 Low Volatility 30 Index Fund-Direct  Plan- Income Cum Distribution Capital Withdrawal Option (IDCW),9.2817
2026-03-23,153720,Bandhan Multi-Factor Fund - Direct Plan - IDCW,9.51
2026-03-23,153721,Bandhan Multi-Factor Fund - Regular Plan - Growth,9.413
2026-03-23,153722,Bandhan Multi-Factor Fund - Direct Plan - Growth,9.51
2026-03-23,153723,Bandhan Multi-Factor Fund - Regular Plan - IDCW,9.413
2026-03-23,153724,Motilal Oswal Nifty Alpha 50 ETF,44.6518
2026-03-23,153725,Nippon India Nifty 1D Rate Liquid ETF-Growth,1032.4564
2026-03-23,153726,Bank of India Mid Cap Fund - Regular Plan Growth,8.84
2026-03-23,153727,Bank of India Mid Cap Fund - Regular Plan IDCW,8.84
2026-03-23,153728,Bank of India Mid Cap Fund - Direct Plan Growth,8.9
2026-03-23,153729,Bank of India Mid Cap Fund - Direct Plan IDCW,8.9
2026-03-23,153730,Franklin India Multi Asset Allocation Fund- IDCW,10.0365
2026-03-23,153731,Franklin India Multi Asset Allocation Fund- Direct-Growth,10.1454
2026-03-23,153732,Franklin India Multi Asset Allocation Fund- Direct- IDCW,10.1454
2026-03-23,153733,Franklin India Multi Asset Allocation Fund- Growth,10.0365
2026-03-23,153734,Aditya Birla Sun Life BSE 500 Momentum 50 Index Fund-Regular IDCW Payout,9.1533
2026-03-23,153735,Aditya Birla Sun Life BSE 500 Momentum 50 Index Fund- Regular Growth,9.1533
2026-03-23,153736,Aditya Birla Sun Life BSE 500 Momentum 50 Index Fund-Direct Growth,9.197
2026-03-23,153737,Aditya Birla Sun Life BSE 500 Momentum 50 Index Fund-Direct IDCW Payout,9.1979
2026-03-23,153738,CAPITALMIND FLEXI CAP FUND DIRECT GROWTH,9.4719
2026-03-23,153739,CAPITALMIND FLEXI CAP FUND REGULAR GROWTH,9.3882
2026-03-23,153740,Aditya Birla Sun Life BSE 500 Quality 50 Index Fund - Direct Growth,9.4922
2026-03-23,153741,Aditya Birla Sun Life BSE 500 Quality 50 Index Fund - Direct IDCW Payout,9.4922
2026-03-23,153742,Aditya Birla Sun Life BSE 500 Quality 50 Index Fund - Regular Growth,9.4462
2026-03-23,153743,Aditya Birla Sun Life BSE 500 Quality 50 Index Fund - Regular IDCW Payout,9.4462
2026-03-23,153744,Groww BSE Power ETF,10.1402
2026-03-23,153745,Groww BSE Power ETF FOF Direct Growth,10.3479
2026-03-23,153746,Groww BSE Power ETF FOF Direct IDCW,10.3479
2026-03-23,153747,Groww BSE Power ETF FOF Regular IDCW,10.3181
2026-03-23,153748,Groww BSE Power ETF FOF Regular Growth,10.318
2026-03-23,153749,Motilal Oswal Special Opportunities Fund - Direct - Growth,9.4133
2026-03-23,153750,Motilal Oswal Special Opportunities Fund - Direct- IDCW,9.4133
2026-03-23,153751,Motilal Oswal Special Opportunities Fund-Regular Plan-Growth,9.4076
2026-03-23,153752,Motilal Oswal Special Opportunities Fund-Regular Plan- IDCW,9.4076
2026-03-23,153753,Kotak Active Momentum Fund - Direct Plan - Growth option,9.283
2026-03-23,153754,Kotak Active Momentum Fund - Direct Plan - IDCW - Payout and Reinvestment,9.283
2026-03-23,153755,Kotak Active Momentum Fund - Regular Plan - Growth,9.207
2026-03-23,153756,Kotak Active Momentum Fund - Regular Plan - IDCW - Payout & Reinvestment,9.207
2026-03-23,153757,Zerodha Multi Asset Passive FoF - Direct - Growth,10.3222
2026-03-23,153758,BAJAJ FINSERV EQUITY SAVINGS FUND - DIRECT - GROWTH,10.17
2026-03-23,153769,BAJAJ FINSERV EQUITY SAVINGS FUND - REGULAR - GROWTH,10.11
2026-03-23,153770,BAJAJ FINSERV EQUITY SAVINGS FUND -  DIRECT - IDCW,10.17
2026-03-23,153771,BAJAJ FINSERV EQUITY SAVINGS FUND - REGULAR - IDCW,10.11
2026-03-23,153772,360 ONE Multi Asset Allocation Fund - Regular Plan - Growth,11.267
2026-03-23,153773,360 ONE Multi Asset Allocation Fund - Direct Plan - IDCW,11.3742
2026-03-23,153774,360 ONE Multi Asset Allocation Fund - Direct Plan - Growth,11.3742
2026-03-23,153775,360 ONE Multi Asset Allocation Fund - Regular Plan - IDCW,11.267
2026-03-23,153776,Edelweiss Multi Asset Omni Fund of Fund- Direct Plan - Growth,10.3074
2026-03-23,153777,Edelweiss Multi Asset Omni Fund of Fund- Direct Plan - IDCW,10.3074
2026-03-23,153778,Edelweiss Multi Asset Omni Fund of Fund- Regular Plan - IDCW,10.2308
2026-03-23,153779,Edelweiss Multi Asset Omni Fund of Fund- Regular Plan - Growth,10.2308
2026-03-23,153780,Motilal Oswal Gold ETF,134.4058
2026-03-23,153781,Kotak Nifty Alpha 50 Index Fund - Direct Plan - Growth,8.707
2026-03-23,153782,Kotak Nifty Alpha 50 Index Fund - Direct Plan - IDCW - Payout & Reinvestment,8.707
2026-03-23,153783,Kotak Nifty Alpha 50 Index Fund - Regular Plan - IDCW - Payout & Reinvestment,8.676
2026-03-23,153784,Kotak Nifty Alpha 50 Index Fund - Regular Plan - Growth,8.676
2026-03-23,153785,Groww Nifty Next 50 ETF,61.4931
2026-03-23,153786,Groww Nifty Next 50 Index Fund Direct Growth,9.0763
2026-03-23,153787,JioBlackRock Nifty 50 Index Fund - Direct Plan - Growth Option,9.0591
2026-03-23,153788,JioBlackRock Nifty Midcap 150 Index Fund - Direct Plan - Growth Option,9.1449
2026-03-23,153789,JioBlackRock Nifty Next 50 Index Fund - Direct Plan - Growth Option,9.1236
2026-03-23,153790,JioBlackRock Nifty Smallcap 250 Index Fund - Direct Plan - Growth Option,8.4235
2026-03-23,153791,JioBlackRock Nifty 8-13 yr G-Sec Index Fund - Direct Plan - Growth Option,10.1711
2026-03-23,153794,Baroda BNP Paribas Gold ETF Fund of Funds Regular Growth,13.3392
2026-03-23,153795,Baroda BNP Paribas Gold ETF Fund of Funds Direct Growth,13.3577
2026-03-23,153796,SBI Nifty 1D Rate Liquid ETF - Growth,1031.6034
2026-03-23,153797,Groww Nifty Next 50 Index Fund Direct IDCW,9.0763
2026-03-23,153798,Groww Nifty Next 50 Index Fund Regular Growth,9.0397
2026-03-23,153799,Groww Nifty Next 50 Index Fund Regular IDCW,9.0397
2026-03-23,153800,DSP Nifty500 Flexicap Quality 30 Index Fund - Direct - IDCW,8.6754
2026-03-23,153801,DSP Nifty500 Flexicap Quality 30 Index Fund - Direct - Growth,8.6754
2026-03-23,153802,DSP Nifty500 Flexicap Quality 30 Index Fund - Regular - Growth,8.6418
2026-03-23,153803,DSP Nifty500 Flexicap Quality 30 Index Fund - Regular - IDCW,8.6418
2026-03-23,153804,TRUSTMF ARBITRAGE FUND -DIRECT PLAN-GROWTH,10.3738
2026-03-23,153805,TRUSTMF ARBITRAGE FUND -REGULAR PLAN-GROWTH,10.3265
2026-03-23,153806,Nippon India Nifty India Manufacturing Index Fund- Direct Plan- Growth Option,9.8008
2026-03-23,153807,Nippon India Nifty India Manufacturing Index - Direct Plan- IDCW Option,9.8008
2026-03-23,153808,Nippon India Nifty India Manufacturing Index- Regular Plan-IDCW Option,9.7696
2026-03-23,153809,Nippon India Nifty India Manufacturing Index-Regular Plan-Growth Option,9.7696
2026-03-23,153810,Nippon India Nifty India Manufacturing ETF,140.9458
2026-03-23,153811,Zerodha Nifty 8-13 Yr G-Sec ETF,29.7294
2026-03-23,153812,Mirae Asset Gold Silver Passive FoF - Direct Plan - Growth,15.109
2026-03-23,153813,Mirae Asset Gold Silver Passive FoF - Direct Plan - IDCW,15.107
2026-03-23,153814,Mirae Asset Gold Silver Passive FoF - Regular Plan - Growth,15.056
2026-03-23,153815,Mirae Asset Gold Silver Passive FoF - Regular Plan - IDCW,15.053
2026-03-23,153816,Mirae Asset Multi Factor Passive FOF - Direct Plan - Growth,9.473
2026-03-23,153817,Mirae Asset Multi Factor Passive FOF - Direct Plan - IDCW,9.471
2026-03-23,153818,Mirae Asset Multi Factor Passive FOF - Regular Plan - Growth,9.443
2026-03-23,153819,Mirae Asset Multi Factor Passive FOF - Regular Plan - IDCW,9.429
2026-03-23,153820,Motilal Oswal Silver ETF,206.5092
2026-03-23,153821,Groww Multi Asset Allocation Fund Direct Growth,9.5114
2026-03-23,153822,Union Diversified Equity All Cap Active FOF - Regular Plan - Growth Option,8.8443
2026-03-23,153823,Union Diversified Equity All Cap Active FOF - Regular Plan - IDCW Option,8.8443
2026-03-23,153824,Union Diversified Equity All Cap Active FOF - Direct Plan - Growth Option,8.8892
2026-03-23,153825,Union Diversified Equity All Cap Active FOF - Direct Plan - IDCW Option,8.8892
2026-03-23,153826,ANGEL ONE GOLD ETF,12.6859
2026-03-23,153827,ANGEL ONE GOLD ETF FOF- DIRECT GROWTH,12.2453
2026-03-23,153828,ANGEL ONE GOLD ETF FOF - REGULAR GROWTH,12.2127
2026-03-23,153829,Axis Nifty500 Quality 50 Index Fund - Direct Plan - Growth Option,8.6816
2026-03-23,153830,Axis Nifty500 Quality 50 Index Fund - Regular Plan - Growth Option,8.6399
2026-03-23,153831,SBI Dynamic Asset Allocation Active FoF - Regular Plan - Growth,9.4703
2026-03-23,153832,SBI Dynamic Asset Allocation Active FoF - Direct Plan - Growth,9.5224
2026-03-23,153833,SBI Dynamic Asset Allocation Active FoF- Direct Plan- Income Cum Distribution Capital Withdrawal Option,9.5218
2026-03-23,153834,SBI Dynamic Asset Allocation Active FoF - Regular Plan - Income Distribution Cum Capital Withdrawal Option,9.4703
2026-03-23,153837,Zerodha Nifty Smallcap 100 ETF,8.5447
2026-03-23,153838,Bandhan BSE India Sector Leaders Index Fund - Direct Plan - Growth,8.7204
2026-03-23,153839,Bandhan BSE India Sector Leaders Index Fund - Regular Plan - Growth,8.6879
2026-03-23,153841,Edelweiss Nifty LargeMidcap 250 ETF - Growth,14.5929
2026-03-23,153844,Baroda BNP Paribas Business Conglomerates Fund Regular Growth Option,8.9481
2026-03-23,153845,Baroda BNP Paribas Business Conglomerates Fund Direct IDCW Payout Option,9.0253
2026-03-23,153846,Baroda BNP Paribas Business Conglomerates Fund Regular IDCW Payout Option,8.9481
2026-03-23,153847,Baroda BNP Paribas Business Conglomerates Fund Direct Growth Option,9.0253
2026-03-23,153850,Groww Multi Asset Allocation Fund Regular IDCW,9.4286
2026-03-23,153851,Groww Multi Asset Allocation Fund Regular Growth,9.4284
2026-03-23,153852,Groww Multi Asset Allocation Fund Direct IDCW,9.5088
2026-03-23,153853,Tata Nifty Next 50 Index Fund - Direct Plan IDCW Reinvestment Option,9.0305
2026-03-23,153854,Tata Nifty Next 50 Index Fund - Direct Plan IDCW Payout Option,9.0305
2026-03-23,153855,Tata Nifty Next 50 Index Fund - Regular Plan Growth Option,8.9926
2026-03-23,153856,Tata Nifty Next 50 Index Fund - Regular Plan IDCW Reinvestment Option,8.9926
2026-03-23,153857,Tata Nifty Next 50 Index Fund - Regular Plan IDCW Payout Option,8.9926
2026-03-23,153858,Tata Nifty Next 50 Index Fund - Direct Plan Growth Option,9.0305
2026-03-23,153859,JioBlackRock Flexi Cap Fund - Direct Plan - Growth Option,8.9
2026-03-23,153860,HDFC Diversified Equity All Cap Active FOF - Direct Plan - Growth Plan,9.0576
2026-03-23,153861,HDFC Diversified Equity All Cap Active FOF - Regular Plan - Growth Plan,9.0121
2026-03-23,153862,HDFC Diversified Equity All Cap Active FOF - IDCW - Direct Plan,9.0576
2026-03-23,153863,HDFC Diversified Equity All Cap Active FOF - IDCW - Regular Plan,9.0121
2026-03-23,153864,ICICI Prudential Conglomerate Fund - IDCW,8.87
2026-03-23,153865,ICICI Prudential Conglomerate Fund - Growth,8.87
2026-03-23,153866,ICICI Prudential Conglomerate Fund - Direct Plan - IDCW,8.91
2026-03-23,153867,ICICI Prudential Conglomerate Fund - Direct Plan - Growth,8.91
2026-03-23,153868,Samco Small Cap Fund - Direct Plan,8.94
2026-03-23,153869,Samco Small Cap Fund - Regular Plan,8.9
2026-03-23,153870,THE WEALTH COMPANY FLEXI CAP FUND - REGULAR GROWTH,8.7865
2026-03-23,153871,THE WEALTH COMPANY FLEXI CAP FUND - REGULAR IDCW,8.7864
2026-03-23,153872,THE WEALTH COMPANY FLEXI CAP FUND - DIRECT GROWTH,8.8629
2026-03-23,153873,THE WEALTH COMPANY FLEXI CAP FUND - DIRECT IDCW,8.8625
2026-03-23,153874,DSP Nifty500 Flexicap Quality 30 ETF,8.9567
2026-03-23,153875,Kotak CRISIL-IBX Financial Services 9 to 12 Months Debt Index Fund - Direct - Growth,10.2568
2026-03-23,153876,Kotak CRISIL-IBX Financial Services 9 to 12 Months Debt Index Fund - Direct - IDCW,10.2569
2026-03-23,153877,Kotak CRISIL-IBX Financial Services 9 to 12 Months Debt Index Fund - Regular - Growth,10.2466
2026-03-23,153878,Kotak CRISIL-IBX Financial Services 9 to 12 Months Debt Index Fund - Regular - IDCW,10.2446
2026-03-23,153879,Axis CRISIL-IBX Financial Services 3-6 Months Debt Index Fund - Direct Plan - Growth option,10.2879
2026-03-23,153880,Axis CRISIL-IBX Financial Services 3-6 Months Debt Index Fund - Regular Plan - Growth option,10.2806
2026-03-23,153881,Axis CRISIL-IBX Financial Services 3-6 Months Debt Index Fund - Regular Plan - IDCW option,10.2802
2026-03-23,153882,Axis CRISIL-IBX Financial Services 3-6 Months Debt Index Fund - Direct Plan - IDCW option,10.2879
2026-03-23,153883,THE WEALTH COMPANY LIQUID FUND DIRECT GROWTH,1026.734
2026-03-23,153884,THE WEALTH COMPANY LIQUID FUND DIRECT MONTHLY IDCW,1005.9444
2026-03-23,153885,THE WEALTH COMPANY LIQUID FUND REGULAR WEEKLY IDCW,1002.0
2026-03-23,153886,THE WEALTH COMPANY LIQUID FUND REGULAR DAILY IDCW,1002.0
2026-03-23,153887,THE WEALTH COMPANY LIQUID FUND DIRECT DAILY ICDW,1002.0
2026-03-23,153888,THE WEALTH COMPANY LIQUID FUND REGULAR GROWTH,1026.0555
2026-03-23,153889,THE WEALTH COMPANY LIQUID FUND DIRECT WEEKLY,1002.0001
2026-03-23,153890,THE WEALTH COMPANY LIQUID FUND REGULAR MONTHLY IDCW,1005.7696
2026-03-23,153891,THE WEALTH COMPANY ARBITRAGE FUND DIRECT GROWTH,10.2928
2026-03-23,153892,THE WEALTH COMPANY ARBITRAGE FUND REGULAR GROWTH,10.2638
2026-03-23,153893,THE WEALTH COMPANY ARBITRAGE FUND DIRECT IDCW,10.2921
2026-03-23,153894,THE WEALTH COMPANY ARITRAGE FUND REGULAR IDCW,10.2635
2026-03-23,153895,THE WEALTH COMPANY ETHICAL FUND DIRECT GROWTH,8.5765
2026-03-23,153896,THE WEALTH COMPANY ETHICAL FUND REGULAR IDCW,8.5216
2026-03-23,153897,THE WEALTH COMPANY ETHICAL FUND REGULAR GROWTH,8.5219
2026-03-23,153898,THE WEALTH COMPANY ETHICAL FUND DIRECT IDCW,8.577
2026-03-23,153899,Groww Nifty Realty ETF,7.4266
2026-03-23,153900,Invesco India Consumption Fund - Direct Plan - Growth,8.46
2026-03-23,153901,Invesco India Consumption Fund - Direct Plan - IDCW,8.46
2026-03-23,153902,Invesco India Consumption Fund - Regular Plan - Growth Plan,8.4
2026-03-23,153903,Invesco India Consumption Fund - Regular Plan - IDCW Plan,8.4
2026-03-23,153904,Kotak Nifty 200 Momentum 30 ETF,27.294
2026-03-23,153905,Zerodha Nifty 50 ETF,8.9677
2026-03-23,153906,Zerodha Nifty 50 Index Fund - Direct Plan - Growth,8.9467
2026-03-23,153907,Groww Nifty Capital Markets ETF,8.9558
2026-03-23,153908,Groww Nifty Capital Markets ETF FOF Direct Growth,9.125
2026-03-23,153909,Helios Small Cap Fund - Regular Plan - Growth Option,8.32
2026-03-23,153910,Helios Small Cap Fund - Direct Plan - IDCW Option,8.36
2026-03-23,153911,Helios Small Cap Fund - Regular Plan - IDCW Option,8.32
2026-03-23,153912,Helios Small Cap Fund - Direct Plan - Growth Option,8.36
2026-03-23,153913,Motilal Oswal Consumption Fund-Direct-Growth,8.0814
2026-03-23,153914,Motilal Oswal Consumption Fund-Direct-IDCW,8.0814
2026-03-23,153915,Motilal Oswal Consumption Fund-Regular-IDCW,8.0287
2026-03-23,153916,Motilal Oswal Consumption Fund-Regular-Growth,8.0287
2026-03-23,153917,Groww Nifty Capital Markets ETF FOF Direct IDCW,9.125
2026-03-23,153918,Groww Nifty Capital Markets ETF FOF Regular Growth,9.1104
2026-03-23,153919,Groww Nifty Capital Markets ETF FOF Regular IDCW,9.1104
2026-03-23,153920,Edelweiss Nifty 1D Rate Liquid ETF - Growth,1023.4087
2026-03-23,153921,Kotak Gold Silver Passive FOF - Direct Plan - Growth,13.382
2026-03-23,153922,Kotak Gold Silver Passive FOF - Regular Plan - Growth,13.367
2026-03-23,153923,Groww Nifty Smallcap250 ETF,8.2083
2026-03-23,153924,Axis Income Plus Arbitrage Passive FOF - Direct Plan - Growth Option,10.1984
2026-03-23,153925,Axis Income Plus Arbitrage Passive FOF - Direct Plan - IDCW Option,10.1984
2026-03-23,153926,Axis Income Plus Arbitrage Passive FOF - Regular Plan - IDCW Option,10.1855
2026-03-23,153927,Axis Income Plus Arbitrage Passive FOF - Regular Plan - Growth Option,10.1853
2026-03-23,153928,Motilal Oswal Nifty 100 ETF,23.1522
2026-03-23,153929,Bandhan Silver ETF,209.5494
2026-03-23,153930,Bandhan Gold ETF,135.7454
2026-03-23,153931,Motilal Oswal Nifty Energy ETF,34.9509
2026-03-23,153932,Zerodha BSE SENSEX Index Fund,8.7209
2026-03-23,153933,Choice Gold ETF,134.8108
2026-03-23,153934,Kotak Nifty Chemicals ETF,25.123
2026-03-23,153935,Bajaj Finserv Banking and Financial Services Fund - Regular - Growth,8.744
2026-03-23,153936,Bajaj Finserv Banking and Financial Services Fund - Regular - IDCW,8.744
2026-03-23,153937,Bajaj Finserv Banking and Financial Services Fund - Direct - Growth,8.79
2026-03-23,153938,Bajaj Finserv Banking and Financial Services Fund - Direct - IDCW,8.79
2026-03-23,153939,Groww Nifty Midcap 150 Index Fund Direct Growth,8.7109
2026-03-23,153940,Groww Nifty Midcap 150 ETF,194.8858
2026-03-23,153941,Franklin India Multi-Factor Fund- IDCW,8.7589
2026-03-23,153942,Franklin India Multi-Factor Fund- Direct- Growth,8.805
2026-03-23,153943,Franklin India Multi-Factor Fund- Growth,8.7589
2026-03-23,153944,Franklin India Multi-Factor Fund- Direct- IDCW,8.805
2026-03-23,153945,Mirae Asset Nifty Energy ETF,34.9697
2026-03-23,153946,Mirae Asset Nifty Smallcap 250 ETF,14.2382
2026-03-23,153947,Edelweiss BSE Sensex ETF - Growth,72.7169
2026-03-23,153948,LIC MF Consumption Fund-Direct Plan-Growth,8.5395
2026-03-23,153949,LIC MF Consumption Fund-Direct Plan-IDCW,8.5395
2026-03-23,153950,LIC MF Consumption Fund-Regular Plan-Growth,8.4926
2026-03-23,153951,LIC MF Consumption Fund-Regular Plan-IDCW,8.4926
2026-03-23,153952,Groww Nifty Midcap 150 Index fund Direct IDCW,8.7108
2026-03-23,153953,Groww Nifty Midcap 150 Index Fund Regular Growth,8.6902
2026-03-23,153954,Groww Nifty Midcap 150 Index Fund Regular IDCW,8.6903
2026-03-23,153955,ANGEL ONE NIFTY TOTAL MARKET MOMENTUM QUALITY 50 INDEX FUND - REGULAR GROWTH,8.7045
2026-03-23,153956,ANGEL ONE NIFTY TOTAL MARKET MOMENTUM QUALITY 50 INDEX FUND - DIRECT GROWTH,8.7251
2026-03-23,153957,ANGEL ONE NIFTY TOTAL MARKET MOMENTUM QUALITY 50 ETF,8.7313
2026-03-23,153958,HDFC BSE India Sector Leaders Index Fund - Regular Plan - Growth Option,8.535
2026-03-23,153959,HDFC BSE India Sector Leaders India Fund - Direct Plan - Growth Option,8.5484
2026-03-23,153960,Axis Multi-Asset Active FoF - Direct Plan - Growth,9.5562
2026-03-23,153961,Axis Multi-Asset Active FoF - Direct Plan - IDCW,9.5562
2026-03-23,153962,Axis Multi-Asset Active FoF - Regular Plan - IDCW,9.5272
2026-03-23,153963,Axis Multi-Asset Active FoF - Regular Plan - Growth,9.5272
2026-03-23,153964,Parag Parikh Flexi Cap Fund - Direct Plan - IDCW,86.5919
2026-03-23,153965,Parag Parikh Flexi Cap Fund - Regular Plan - IDCW,79.11
2026-03-23,153966,Edelweiss Nifty 50 ETF - Growth,22.5326
2026-03-23,153967,Kotak Rural Opportunities Fund - Direct Plan - IDCW Divdend - Payouout & Reinvestment,9.151
2026-03-23,153968,Kotak Rural Opportunities Fund - Regular Plan - IDCW Dividend - Payout & Reinvestment,9.106
2026-03-23,153969,Kotak Rural Opportunities Fund - Regular Plan - Growth,9.106
2026-03-23,153970,Kotak Rural Opportunities Fund - Direct Plan - Growth,9.151
2026-03-23,153971,Bandhan Healthcare Fund - Direct Plan - IDCW,9.176
2026-03-23,153972,Bandhan Healthcare Fund - Direct Plan - Growth,9.176
2026-03-23,153973,Bandhan Healthcare Fund - Regular Plan - IDCW,9.127
2026-03-23,153974,Bandhan Healthcare Fund - Regular Plan - Growth,9.127
2026-03-23,153975,DSP MSCI INDIA ETF,26.7392
2026-03-23,153977,Old Bridge Arbitrage Fund Regular Growth,10.2159
2026-03-23,153979,Old Bridge Arbitrage Fund Direct Growth,10.2473
2026-03-23,153980,Old Bridge Arbitrage Fund Regular IDCW,10.2159
2026-03-23,153981,Old Bridge Arbitrage Fund - Direct - IDCW,10.2473
2026-03-23,153982,Groww Money Market Fund Direct Growth,10.1688
2026-03-23,153983,Mirae Asset Infrastructure Fund - Direct Plan - Growth,9.252
2026-03-23,153984,Mirae Asset Infrastructure Fund - Direct Plan - IDCW,9.252
2026-03-23,153985,Mirae Asset Infrastructure Fund - Regular Plan - Growth,9.204
2026-03-23,153986,Mirae Asset Infrastructure Fund - Regular Plan - IDCW,9.206
2026-03-23,153987,PGIM India Multi Asset Allocation Fund - Direct Plan - Growth Option,9.61
2026-03-23,153988,PGIM India Multi Asset Allocation Fund - Regular Plan - Growth Option,9.56
2026-03-23,153989,PGIM India Multi Asset Allocation Fund - Regular Plan - IDCW Option,9.56
2026-03-23,153990,PGIM India Multi Asset Allocation Fund - Direct Plan - IDCW Option,9.61
2026-03-23,153991,Groww Money Market Fund Direct IDCW,10.1688
2026-03-23,153992,Groww Money Market Fund Regular Growth,10.1499
2026-03-23,153993,Groww Money Market Fund Regular IDCW,10.15
2026-03-23,153999,The Wealth Company Multi Asset Allocation Fund - Direct Growth,9.7492
2026-03-23,154000,The Wealth Company Multi Asset Allocation Fund - Direct IDCW,9.7484
2026-03-23,154001,The Wealth Company Multi Asset Allocation Fund - Regular IDCW,9.6966
2026-03-23,154002,The Wealth Company Multi Asset Allocation Fund - Regular Growth,9.7038
2026-03-23,154003,Motilal Oswal BSE Select IPO ETF,38.376
2026-03-23,154005,Mahindra Manulife Income Plus Arbitrage Active FOF - Regular - IDCW,10.1193
2026-03-23,154006,Mahindra Manulife Income Plus Arbitrage Active FOF - Regular - Growth,10.1193
2026-03-23,154007,Mahindra Manulife Income Plus Arbitrage Active FOF  - Direct - Growth,10.136
2026-03-23,154008,Mahindra Manulife Income Plus Arbitrage Active FOF - Direct - IDCW,10.136
2026-03-23,154010,Capitalmind Liquid Fund - Regular-Growth,1019.4284
2026-03-23,154011,Capitalmind Liquid Fund - Direct-Growth,1020.077
2026-03-23,154012,DSP Nifty Midcap 150 Index Fund - Regular - Growth,8.8629
2026-03-23,154013,DSP Nifty Midcap 150 Index Fund - Regular - IDCW,8.8629
2026-03-23,154014,DSP Nifty Midcap 150 Index Fund - Direct - Growth,8.8809
2026-03-23,154015,DSP Nifty Midcap 150 Index Fund - Direct - IDCW,8.8809
2026-03-23,154016,DSP Nifty Smallcap 250 Index Fund - Regular - Growth,8.7257
2026-03-23,154017,DSP Nifty Smallcap 250 Index Fund - Regular - IDCW,8.7257
2026-03-23,154018,DSP Nifty Smallcap 250 Index Fund - Direct - Growth,8.743
2026-03-23,154019,DSP Nifty Smallcap 250 Index Fund - Direct - IDCW,8.743
2026-03-23,154020,Union Consumption Fund - Direct Plan - Growth Option,8.38
2026-03-23,154021,Union Consumption Fund - Direct Plan - IDCW Option,8.38
2026-03-23,154022,Union Consumption Fund - Regular Plan - Growth Option,8.35
2026-03-23,154023,Union Consumption Fund - Regular Plan - IDCW Option,8.35
2026-03-23,154024,DSP Nifty Smallcap 250 ETF,14.2293
2026-03-23,154025,DSP Nifty Midcap 150 ETF,19.4641
2026-03-23,154026,Navi Nifty Midsmall 400 Index Fund - Regular - Growth,8.8896
2026-03-23,154027,Navi Nifty midsmallcap 400 Index Fund- Direct - Growth,8.9098
2026-03-23,154028,Groww Multi Asset Omni FOF Direct Growth,9.0475
2026-03-23,154029,Kotak Nifty500 Momentum 50 Index Fund - Direct Plan - IDCW - Payout & Investment,8.672
2026-03-23,154030,Kotak Nifty500 Momentum 50 Index Fund - Regular Plan - Growth,8.664
2026-03-23,154031,Kotak Nifty500 Momentum 50 Index Fund - Regular Plan - IDCW - Payout & Reinvestment,8.664
2026-03-23,154032,Kotak Nifty500 Momentum 50 Index Fund - Direct Plan - Growth,8.672
2026-03-23,154033,Motilal Oswal Nifty Services Sector ETF,28.7064
2026-03-23,154034,Groww Nifty Metal ETF,10.3033
2026-03-23,154041,Abakkus Flexi Cap Fund - Regular - Growth,9.109
2026-03-23,154042,Abakkus Flexi Cap Fund - Regular - IDCW,9.109
2026-03-23,154043,Abakkus Flexi Cap Fund - Direct - Growth,9.14
2026-03-23,154045,Abakkus Flexi Cap Fund - Direct - IDCW,9.144
2026-03-23,154047,Abakkus Liquid Fund - Regular Plan - Growth,101.4384
2026-03-23,154048,Abakkus Liquid Fund - Regular Plan - Monthly IDCW Reinvestment,100.1305
2026-03-23,154049,Abakkus Liquid Fund - Direct Plan - Daily IDCW Reinvestment,100.0183
2026-03-23,154050,Abakkus Liquid Fund - Direct Plan - Weekly IDCW Reinvestment,100.0197
2026-03-23,154051,Abakkus Liquid Fund - Direct Plan - Growth,101.4612
2026-03-23,154052,Abakkus Liquid Fund - Direct Plan - Quarterly IDCW Reinvestment,101.4605
2026-03-23,154053,Abakkus Liquid Fund - Regular Plan - Daily IDCW Reinvestment,100.02
2026-03-23,154054,Abakkus Liquid Fund - Regular Plan - Quarterly IDCW Reinvestment,101.4387
2026-03-23,154055,Abakkus Liquid Fund - Direct Plan - Monthly IDCW Reinvestment,100.1318
2026-03-23,154056,Abakkus Liquid Fund - Regular Plan - Weekly IDCW Reinvestment,100.0248
2026-03-23,154057,Groww Multi Asset Omni FOF Regular Growth,9.0214
2026-03-23,154058,Groww Multi Asset Omni FOF Direct IDCW,9.0475
2026-03-23,154059,Groww Multi Asset Omni FOF Regular IDCW,9.0214
2026-03-23,154060,Mirae Asset Nifty Top 20 Equal Weight ETF,8.2329
2026-03-23,154061,Mirae Asset BSE 500 Dividend Leaders 50 ETF,33.3036
2026-03-23,154062,Motilal Oswal Nifty MNC ETF,27.8466
2026-03-23,154063,Groww Small Cap Fund-Direct-Growth,9.2389
2026-03-23,154064,Tata BSE Multicap Consumption 50:30:20 Index Fund - Regular Plan Growth Option,8.3693
2026-03-23,154065,Tata BSE Multicap Consumption 50:30:20 Index Fund - Regular Plan IDCW Payout Option,8.3693
2026-03-23,154066,Tata BSE Multicap Consumption 50:30:20 Index Fund - Direct Plan Growth Option,8.3853
2026-03-23,154067,Tata BSE Multicap Consumption 50:30:20 Index Fund - Regular Plan IDCW Reinvestment Option,8.3693
2026-03-23,154068,Tata BSE Multicap Consumption 50:30:20 Index Fund - Direct Plan IDCW Reinvestment Option,8.3853
2026-03-23,154069,Tata BSE Multicap Consumption 50:30:20 Index Fund - Direct Plan IDCW Payout Option,8.3853
2026-03-23,154070,JioBlackRock Overnight Fund - Unclaimed Redemption - Upto 3 years - Growth Option,1015.6773
2026-03-23,154072,Edelweiss Silver ETF Fund of Fund - Direct Plan Growth Option,8.9393
2026-03-23,154075,Edelweiss Silver ETF Fund of Fund - Regular Plan Growth Option,8.9292
2026-03-23,154076,JioBlackRock Arbitrage Fund - Direct Plan - Growth Option,10.2043
2026-03-23,154077,Axis Gold and Silver Passive FOF - Regular Plan - Growth,9.5687
2026-03-23,154078,Axis Gold and Silver Passive FOF - Direct Plan - Growth,9.5784
2026-03-23,154079,JioBlackRock Short Duration Fund - Direct Plan - Growth Option,1006.7919
2026-03-23,154081,JioBlackRock Low Duration Fund - Direct Plan - Growth Option,1009.3666
2026-03-23,154082,JioBlackRock Sector Rotation Fund - Direct Plan - Growth Option,8.8715
2026-03-23,154083,quant Overnight Fund - Unclaimed IDCW Greater than 3 years,10.0
2026-03-23,154084,quant Overnight Fund - Unclaimed Redemption Less than 3 years,10.1284
2026-03-23,154085,quant Overnight Fund - Unclaimed Redemption Greater than 3 years,10.0
2026-03-23,154086,quant Overnight Fund - Unclaimed IDCW Less than 3 years,10.1323
2026-03-23,154087,DSP Nifty Next 50 ETF,61.4885
2026-03-23,154088,DSP Nifty 500 Index Fund - Direct - Growth,8.595
2026-03-23,154089,DSP Nifty 500 Index Fund - Direct - IDCW,8.595
2026-03-23,154090,DSP Nifty 500 Index Fund - Regular - Growth,8.5809
2026-03-23,154091,DSP Nifty 500 Index Fund - Regular - IDCW,8.5809
2026-03-23,154092,The Wealth Company Gold ETF,135.3492
2026-03-23,154093,Bank of India Banking & Financial Services Fund - Direct Plan - Growth,8.94
2026-03-23,154094,Bank of India Banking & Financial Services Fund - Direct Plan - IDCW,8.94
2026-03-23,154095,Bank of India Banking & Financial Services Fund - Regular Plan - Growth,8.93
2026-03-23,154096,Bank of India Banking & Financial Services Fund - Regular Plan - IDCW,8.93
2026-03-23,154097,Kotak Dividend Yield Fund - Direct - Growth,8.92
2026-03-23,154098,Kotak Dividend Yield Fund - Regular IDCW,8.899
2026-03-23,154099,Kotak Dividend Yield Fund - Regular -Growth,8.899
2026-03-23,154100,Kotak Dividend Yield Fund - Direct - IDCW,8.92
2026-03-23,154101,Kotak Nifty Next 50 ETF,61.651
2026-03-23,154102,Groww Small Cap Fund-Regular-Growth,9.2143
2026-03-23,154103,Groww Small Cap Fund-Regular-IDCW,9.2143
2026-03-23,154104,Groww Small Cap Fund - Direct-IDCW,9.2388
2026-03-23,154105,Edelweiss Financial Services Fund - Direct Plan - IDCW Option,8.5968
2026-03-23,154106,Edelweiss Financial Services Fund - Regular Plan - IDCW Option,8.5828
2026-03-23,154107,Edelweiss Financial Services Fund - Regular Plan - Growth Option,8.5828
2026-03-23,154108,Edelweiss Financial Services Fund - Direct Plan - Growth Option,8.5968
2026-03-23,154109,Zerodha Nifty Short Duration G-Sec Index Fund - Direct Plan - Growth Option,1004.7802
2026-03-23,154111,Groww Nifty Chemicals ETF,25.1107
2026-03-23,154112,Motilal Oswal Diversified Equity Flexicap Passive Fund of Funds- Direct - Growth,9.0708
2026-03-23,154113,Motilal Oswal Diversified Equity Flexicap Passive Fund of funds- Regular Growth,9.0625
2026-03-23,154114,Samco Mid Cap Fund - Direct Plan,8.81
2026-03-23,154115,Samco Mid Cap Fund - Regular Plan,8.8
2026-03-23,154119,Mahindra Manulife Innovation Opportunities Fund - Regular - IDCW,9.1847
2026-03-23,154120,Mahindra Manulife Innovation Opportunities Fund - Regular - Growth,9.1846
2026-03-23,154121,Mahindra Manulife Innovation Opportunities Fund - Direct - Growth,9.2107
2026-03-23,154122,Mahindra Manulife Innovation Opportunities Fund - Direct - IDCW,9.2107
2026-03-23,154123,Sundaram Income Plus Arbitrage Active FoF Fund-Direct-Growth,10.0954
2026-03-23,154124,Sundaram Income Plus Arbitrage Active FoF Fund-Direct-IDCW Payout,10.0954
2026-03-23,154125,Sundaram Income Plus Arbitrage Active FoF Fund-Regular-IDCW Payout,10.0893
2026-03-23,154127,Sundaram Income Plus Arbitrage Active FoF Fund-Regular-Growth,10.0893
2026-03-23,154129,Bandhan Gold ETF FOF-Direct-Growth,8.7005
2026-03-23,154130,Bandhan Gold ETF FOF-Regular-Growth,8.6935
2026-03-23,154131,THE WEALTH COMPANY GOLD ETF FOF DIRECT GROWTH,8.625
2026-03-23,154132,THE WEALTH COMPANY GOLD ETF FOF DIRECT IDCW,8.6249
2026-03-23,154133,THE WEALTH COMPANY GOLD ETF FOF REGULAR GROWTH,8.6196
2026-03-23,154134,THE WEALTH COMPANY GOLD ETF FOF REGULAR IDCW,8.6196
2026-03-23,154135,Bandhan Silver ETF FOF-Regular-Growth,6.5657
2026-03-23,154136,Bandhan Silver ETF FOF-Direct-Growth,6.571
2026-03-23,154137,Motilal Oswal Financial Services Fund- Regular-Growth,8.9312
2026-03-23,154139,Motilal Oswal Financial Services Fund- Regular-IDCW-,8.9312
2026-03-23,154140,Motilal Oswal Financial Services Fund- Direct- IDCW,8.9438
2026-03-23,154142,Motilal Oswal Financial Services Fund- Direct Growth,8.9438
2026-03-23,154143,Shriram Money Market Fund - Regular Plan Growth Option,1008.3453
2026-03-23,154144,Shriram Money Market Fund - Direct Plan Growth Option,1008.6876
2026-03-23,154145,Kotak Nifty200 Value 30 Index Fund - Direct - Growth,9.096
2026-03-23,154146,Kotak Nifty200 Value 30 Index Fund - Direct - IDCW,9.096
2026-03-23,154147,Kotak Nifty200 Value 30 Index Fund - Regular - IDCW,9.092
2026-03-23,154148,Kotak Nifty200 Value 30 Index Fund - Regular - Growth,9.092
2026-03-23,154149,Kotak Services Fund - Direct - Growth,9.758
2026-03-23,154150,Kotak Services Fund - Direct - IDCW,9.758
2026-03-23,154151,Kotak Services Fund - Regular - Growth,9.748
2026-03-23,154152,Kotak Services Fund - Regular - IDCW,9.747
2026-03-23,154153,Parag Parikh Large Cap Fund - Regular Plan - IDCW,8.7852
2026-03-23,154154,Parag Parikh Large Cap Fund - Regular Plan - Growth,8.7853
2026-03-23,154155,Parag Parikh Large Cap Fund - Direct Plan - Growth,8.7898
2026-03-23,154156,Parag Parikh Large Cap Fund - Direct Plan - IDCW,8.7898
2026-03-23,154157,ITI Business Cycle Fund- Direct Plan- Growth,9.7219
2026-03-23,154158,ITI Business Cycle Fund- Direct Plan-IDCW,9.7219
2026-03-23,154159,ITI Business Cycle Fund- Regular Plan- Growth,9.7144
2026-03-23,154160,ITI Business Cycle Fund- Regular Plan- IDCW,9.7144
2026-03-23,154161,WhiteOak Capital Consumption Opportunities Fund Direct Plan Growth,8.642
2026-03-23,154162,WhiteOak Capital Consumption Opportunities Fund Regular Plan Growth,8.626
2026-03-23,154163,Groww Nifty PSE ETF,96.3148
2026-03-23,154164,Groww Nifty PSE ETF FOF Direct Growth,9.2762
2026-03-23,154165,DSP Multi Asset Omni Fund of Funds - Regular - Growth,9.3662
2026-03-23,154166,DSP Multi Asset Omni Fund of Funds - Direct - IDCW,9.3717
2026-03-23,154167,DSP Multi Asset Omni Fund of Funds - Direct - Growth,9.3717
2026-03-23,154168,DSP Multi Asset Omni Fund of Funds - Regular - IDCW,9.3662
2026-03-23,154169,Mirae Asset Nifty 500 Healthcare ETF,17.673
2026-03-23,154170,Axis BSE India Sectors Leaders Index Fund- Regular Plan- Growth Option,8.637
2026-03-23,154171,Axis BSE India Sectors Leaders Index Fund- Direct Plan- Growth Option,8.6453
2026-03-23,154172,Groww Nifty PSE ETF FOF Direct IDCW,9.2762
2026-03-23,154173,Groww Nifty PSE ETF FOF Regular Growth,9.273
2026-03-23,154174,Groww Nifty PSE ETF FOF Regular IDCW,9.273
2026-03-23,154175,SBI Quality Fund - Regular Plan - Growth,9.0929
2026-03-23,154176,SBI Quality Fund - Regular Plan - Income Distribution Cum Capital Withdrawal,9.0929
2026-03-23,154177,SBI Quality Fund - Direct Plan - Growth,9.1039
2026-03-23,154178,SBI Quality Fund - Direct Plan - Income Distribution Cum Capital Withdrawal,9.104
2026-03-23,154179,HDFC Nifty India Consumption Index Fund - Direct Growth Plan,8.6667
2026-03-23,154180,HDFC Nifty India Consumption Index  Fund - Regular Growth Plan,8.6633
2026-03-23,154181,Mirae Asset Nifty India Infrastructure & Logistics ETF,10.2454
2026-03-23,154182,Mirae Asset BSE India Defence ETF,60.6027
2026-03-23,154183,The Wealth Company Balanced Advantage Fund - Regular Growth,9.4184
2026-03-23,154184,The Wealth Company Balanced Advantage Fund - Regular IDCW,9.4183
2026-03-23,154185,The Wealth Company Balanced Advantage Fund - Direct Growth,9.4367
2026-03-23,154186,The Wealth Company Balanced Advantage Fund - Direct IDCW,9.4365
2026-03-23,154187,Mirae Asset BSE India Defence ETF FOF - Direct Plan - Growth,8.993
2026-03-23,154188,Mirae Asset BSE India Defence ETF FOF - Direct Plan - IDCW,8.992
2026-03-23,154189,Mirae Asset BSE India Defence ETF FOF - Regular Plan - Growth,8.988
2026-03-23,154190,Mirae Asset BSE India Defence ETF FOF - Regular Plan - IDCW,8.988
2026-03-23,154191,Baroda BNP Paribas Best-in-Class Strategy Fund - Regular - IDCW Payout Option,9.8491
2026-03-23,154193,Baroda BNP Paribas Best-in-Class Strategy Fund - Direct - IDCW Payout Option,9.8579
2026-03-23,154194,Baroda BNP Paribas Best-in-Class Strategy Fund - Regular - Growth Option,9.8491
2026-03-23,154195,Baroda BNP Paribas Best-in-Class Strategy Fund - Direct - Growth Option,9.8579
2026-03-23,154197,UTI Nifty500 Shariah Index Fund - Direct Plan Growth Option,9.0007
2026-03-23,154198,UTI Nifty500 Shariah Index Fund - Regular Plan Growth Option,8.9972
2026-03-23,154199,Groww BSE Hospitals ETF,43.9054
2026-03-23,154200,Groww BSE Hospitals ETF FOF Direct Growth,9.2199
2026-03-23,154201,Bajaj Finserv Low Duration Fund - Regular - IDCW,1002.3052
2026-03-23,154202,Bajaj Finserv Low Duration Fund - Direct - IDCW,1002.991
2026-03-23,154203,Bajaj Finserv Low Duration Fund - Regular - Growth,1002.3052
2026-03-23,154204,Bajaj Finserv Low Duration Fund - Direct - Growth,1002.991
2026-03-23,154205,ANGEL ONE SILVER ETF,7.9946
2026-03-23,154206,ANGEL ONE SILVER ETF FOF -DIRECT GROWTH,7.263
2026-03-23,154207,ANGEL ONE SILVER ETF FOF -REGULAR GROWTH,7.2608
2026-03-23,154208,Edelweiss Gold ETF Fund of Fund Direct Plan Growth Option,8.3396
2026-03-23,154209,Edelweiss Gold ETF Fund of Fund Regular Plan Growth Option,8.3373
2026-03-23,154212,Capitalmind Multi Asset Allocation Fund-Direct-IDCW,9.9501
2026-03-23,154213,Capitalmind Multi Asset Allocation Fund-Regular-IDCW,9.947
2026-03-23,154214,Abakkus Small Cap Fund - Regular  Plan - Growth,9.921
2026-03-23,154215,Abakkus Small Cap Fund - Direct Plan - Growth,9.924
2026-03-23,154216,Mirae Asset Nifty Metal ETF FOF - Direct Plan - Growth,8.734
2026-03-23,154217,Mirae Asset Nifty Metal ETF FOF - Direct Plan - IDCW,8.784
2026-03-23,154218,Mirae Asset Nifty Metal ETF FOF - Regular Plan - Growth,8.729
2026-03-23,154219,Mirae Asset Nifty Metal ETF FOF - Regular Plan - IDCW,8.729
2026-03-23,154220,Aditya Birla Sun Life MSCI India ETF,26.7004
2026-03-23,154221,Groww BSE Hospitals ETF FOF Direct IDCW,9.2201
2026-03-23,154222,Groww BSE Hospitals ETF FOF Regular IDCW,9.2178
2026-03-23,154223,Groww BSE Hospitals ETF FOF Regular Growth,9.2178
2026-03-23,154224,Aditya Birla Sun Life BSE Top 10 Banks ETF,153.6988
2026-03-23,154225,Old Bridge Flexi Cap Fund Direct Growth,9.87
2026-03-23,154226,Old Bridge Flexi Cap Fund Regular Growth,9.86
2026-03-23,154227,Old Bridge Flexi Cap Fund Regular IDCW,9.86
2026-03-23,154228,Old Bridge Flexi Cap Fund Direct IDCW,9.87
2026-03-23,154231,Capitalmind Multi Asset Allocation Fund-Regular-Growth,9.947
2026-03-23,154232,Capitalmind Multi Asset Allocation Fund-Direct-Growth,9.9501
2026-03-23,154233,Capitalmind Arbitrage Fund-regular-Growth,10.0229
2026-03-23,154234,Capitalmind Arbitrage Fund-Direct-IDCW,10.0246
2026-03-23,154235,Capitalmind Arbitrage Fund-Regular-IDCW,10.0229
2026-03-23,154236,Capitalmind Arbitrage Fund-Direct-Growth,10.0246
2026-03-23,154237,SBI Nifty Midcap 150 Momentum 50 ETF,54.4735
2026-03-23,154238,Motilal Oswal Multi Factor Passive Fund of Funds - Regular,9.3196
2026-03-23,154239,Motilal Oswal Multi Factor Passive Fund of Funds - Direct,9.3214
2026-03-23,154240,Axis Fixed Maturity Plan - Series 129 (108 Days) - Direct Plan - Growth,10.0425
2026-03-23,154241,Axis Fixed Maturity Plan - Series 129 (108 Days) - Regular Plan - Growth,10.0413
2026-03-23,154242,Axis Fixed Maturity Plan - Series 129 (108 Days) - Regular Plan - IDCW,10.0413
2026-03-23,154243,Axis Fixed Maturity Plan - Series 129 (108 Days) - Direct Plan - IDCW,10.0425
2026-03-23,154244,LIC MF Technology Fund-Direct Plan-Growth,10.0013
2026-03-23,154245,LIC MF Technology Fund-Direct Plan-IDCW,10.0013
2026-03-23,154246,LIC MF Technology Fund-Regular Plan-IDCW,9.996
2026-03-23,154247,LIC MF Technology Fund-Regular Plan-Growth,9.996
2026-03-23,154248,Canara Robeco Banking and Financials Services Fund - Regular Plan - Growth,9.89
2026-03-23,154249,Canara Robeco Banking and Financials Services Fund - Regular Plan - IDCW,9.89
2026-03-23,154250,Canara Robeco Banking and Financials Services Fund - Direct Plan - Growth,9.89
2026-03-23,154251,Canara Robeco Banking and Financials Services Fund - Direct Plan - IDCW,9.89
2026-03-23,154252,Nippon India CRISIL-IBX Financial Services 9-12 Months Debt Index Fund -Direct Plan - Growth Option,10.0177
2026-03-23,154253,Nippon India CRISIL-IBX Financial Services 9-12 Months Debt Index Fund -Direct Plan-IDCW Option,10.0177
2026-03-23,154254,Nippon India CRISIL-IBX Financial Services 9-12 Months Debt Index Fund -Regular Plan - IDCW Option,10.0165
2026-03-23,154255,Nippon India CRISIL-IBX Financial Services 9-12 Months Debt Index Fund -Regular Plan - Growth Option,10.0165
2026-03-23,154256,DSP BSE Top 10 Banks ETF,15.3756
2026-03-23,154257,Helios Arbitrage Fund - Direct Growth,10.01
2026-03-23,154258,Helios Arbitrage Fund - Regular Growth,10.01
2026-03-23,154259,Helios Arbitrage Fund - Direct IDCW,10.01
2026-03-23,154260,Helios Arbitrage Fund - Regular IDCW,10.01
2026-03-23,154261,HDFC INCOME PLUS ARBITRAGE OMNI FOF - GROWTH OPTION -REGULAR PLAN,9.9906
2026-03-23,154262,HDFC INCOME PLUS ARBITRAGE OMNI FOF - GROWTH OPTION - DIRECT PLAN,9.9916
2026-03-23,154263,HDFC INCOME PLUS ARBITRAGE OMNI FOF - IDCW OPTION - DIRECT PLAN,9.9916
2026-03-23,154264,HDFC INCOME PLUS ARBITRAGE OMNI FOF - IDCW OPTION - REGULAR PLAN,9.9906
2026-03-23,154265,ICICI Prudential Diversified Equity All Cap Active FOF - Growth,9.9532
2026-03-23,154266,ICICI Prudential Diversified Equity All Cap Active FOF - Direct Plan - Growth,9.9532
2026-03-23,154271,Nippon India CRISIL-IBX Financial Services 3-6 Months Debt Index Fund- Direct Plan- Growth Option,10.0155
2026-03-23,154272,Nippon India CRISIL-IBX Financial Services 3-6 Months Debt Index Fund- Direct Plan-IDCW Option,10.0155
2026-03-23,154273,Nippon India CRISIL-IBX Financial Services 3-6 Months Debt Index Fund- Regular Plan- IDCW Option,10.0149
2026-03-23,154274,Nippon India CRISIL-IBX Financial Services 3-6 Months Debt Index Fund- Regular Plan- Growth Option,10.0149
2026-03-23,154275,Kotak Multi Factor Passive FOF - Direct- Growth,9.975
2026-03-23,154276,Kotak Multi Factor Passive FOF - Regular- Growth,9.975
2026-03-23,154290,Axis Fixed Maturity Plan - Series 130 (92 Days) - Regular Plan - Growth,10.0171
2026-03-23,154291,Axis Fixed Maturity Plan - Series 130 (92 Days) - Regular Plan - IDCW,10.0171
2026-03-23,154292,Axis Fixed Maturity Plan - Series 130 (92 Days) - Direct Plan - Growth,10.0176
2026-03-23,154293,Axis Fixed Maturity Plan - Series 130 (92 Days) - Direct Plan - IDCW,10.0176
2026-03-23,154299,Mirae Asset Nifty 500 Value 50 ETF,14.894
