date,scheme_code,scheme_name,nav
2026-06-30,100033,Aditya Birla Sun Life Large & Mid Cap Fund - Regular Growth,925.33
2026-06-30,100034,Aditya Birla Sun Life Large & Mid Cap Fund -Regular - IDCW,134.77
2026-06-30,100037,Aditya Birla Sun Life Income Fund - Regular - Quarterly IDCW,13.0992
2026-06-30,100038,Aditya Birla Sun Life Income Fund - Growth - Regular Plan,130.096
2026-06-30,100046,Aditya Birla Sun Life Liquid Fund -Daily IDCW,100.195
2026-06-30,100047,Aditya Birla Sun Life Liquid Fund - Growth,447.2825
2026-06-30,100051,Aditya Birla Sun Life Liquid Fund -weekly IDCW,100.2894
2026-06-30,100057,Aditya Birla Sun Life Govenment Securities Fund -Regular - Quarterly IDCW,10.9264
2026-06-30,100058,Aditya Birla Sun Life Government Securities Fund  - Growth - Regular Plan,82.8196
2026-06-30,100063,Aditya Birla Sun Life MNC Fund - Regular - IDCW,206.59
2026-06-30,100064,Aditya Birla Sun Life MNC Fund - Growth - Regular Plan,1284.6
2026-06-30,100077,DSP Bond Fund - IDCW,11.6269
2026-06-30,100078,DSP Bond Fund - Growth,86.2425
2026-06-30,100079,DSP Bond Fund - IDCW - Monthly,11.1886
2026-06-30,100080,DSP Flexi Cap Fund - Regular Plan - IDCW,58.136
2026-06-30,100081,DSP Aggressive Hybrid Fund- Regular Plan - Growth,350.207
2026-06-30,100082,DSP Aggressive Hybrid Fund- Regular Plan - IDCW,26.876
2026-06-30,100084,DSP Gilt Fund - Regular Plan - Growth,99.4882
2026-06-30,100085,DSP Gilt Fund - Regular Plan - IDCW,12.8940
2026-06-30,100086,DSP Gilt Fund - Regular Plan - IDCW - Monthly,10.8832
2026-06-30,100087,DSP Savings Fund - Regular Plan - Growth,56.0229
2026-06-30,100088,DSP Savings Fund - Regular Plan - IDCW,12.4697
2026-06-30,100089,DSP Savings Fund - Regular Plan - IDCW - Monthly,11.0110
2026-06-30,100119,HDFC Balanced Advantage Fund - Growth Plan,519.403
2026-06-30,100120,HDFC Balanced Advantage Fund - IDCW Plan,36.272
2026-06-30,100123,HDFC Income Fund - Quarterly IDCW Option,11.5301
2026-06-30,100124,HDFC Income Fund - Growth Option,60.653
2026-06-30,100174,quant ELSS Tax Saver Fund - IDCW Option - Regular Plan,55.6527
2026-06-30,100175,quant ELSS Tax Saver Fund - Growth Option - Regular Plan,400.7789
2026-06-30,100176,quant Small Cap Fund - IDCW Option - Regular Plan,224.4509
2026-06-30,100177,quant Small Cap Fund - Growth - Regular Plan,282.2381
2026-06-30,100218,JM Large Cap Fund (Regular) - IDCW,29.1825
2026-06-30,100219,JM Large Cap Fund (Regular) - Growth Option,150.3293
2026-06-30,100220,JM Aggressive Hybrid Fund (Regular) - IDCW,32.3408
2026-06-30,100221,JM Aggressive Hybrid Fund (Regular) -Growth Option,115.6307
2026-06-30,100222,JM Medium to Long Duration Fund (Regular) - Quarterly IDCW,21.9238
2026-06-30,100223,JM Medium to Long Duration Fund (Regular) - Growth Option,64.4806
2026-06-30,100233,JM Liquid Fund (Regular) - Weekly IDCW,11.0035
2026-06-30,100234,JM Liquid Fund - Growth Option,75.6395
2026-06-30,100244,JM Liquid Fund (Regular) - Quarterly IDCW,42.8127
2026-06-30,100247,JM Liquid Fund (Regular) - Super Institutional Plan - Growth Option,43.4905
2026-06-30,100254,JM Value Fund (Regular) - Growth Option,94.7041
2026-06-30,100264,Kotak Gilt-Investment Regular-Payout of Income Distribution cum capital withdrawal option,19.0546
2026-06-30,100265,Kotak Gilt-Investment Regular-Growth,97.5145
2026-06-30,100280,Kotak Gilt-Investment  Provident Fund and Trust-Payout of Income Distribution cum capital withdrawal option,11.8483
2026-06-30,100281,Kotak Gilt-Investment  Provident Fund and Trust-Growth,99.7643
2026-06-30,100286,Kotak Aggressive Hybrid Fund - Regular Plan - IDCW - Payout & Reinvestment of Income Distribution cum capital withdrawal option,37.823
2026-06-30,100299,Kotak Bond Fund - Regular Plan Growth,79.9421
2026-06-30,100300,Kotak Bond Fund - Regular Plan - Standard IDCW Option,48.9781
2026-06-30,100312,LIC MF Flexi Cap Fund-Regular Plan-IDCW,32.3921
2026-06-30,100313,LIC MF Flexi Cap Fund-Regular Plan-Growth,102.6491
2026-06-30,100314,LIC MF Medium to Long Duration Fund-Regular Plan-IDCW,16.5867
2026-06-30,100315,LIC MF Medium to Long Duration Fund-Regular Plan-Growth,75.6705
2026-06-30,100316,LIC MF Gilt Fund-Regular Plan-IDCW,17.5124
2026-06-30,100317,LIC MF Gilt Fund-Regular Plan-Growth,60.7542
2026-06-30,100318,LIC MF Gilt Fund-PF Plan-IDCW,22.7065
2026-06-30,100319,LIC MF Gilt Fund-PF Plan-Growth,35.0895
2026-06-30,100321,LIC MF Aggressive Hybrid Fund-Regular Plan-IDCW,14.8949
2026-06-30,100323,LIC MF Aggressive Hybrid Fund-Regular Plan-Growth,196.8151
2026-06-30,100325,LIC MF ULIS (5 Yrs. Single Premium)-Regular Plan-IDCW Reinvestment,36.2595
2026-06-30,100332,LIC MF Large Cap Fund-Regular Plan-IDCW,31.9638
2026-06-30,100348,ICICI Prudential Large & Mid Cap Fund - IDCW,29.60
2026-06-30,100349,ICICI Prudential Large & Mid Cap Fund - Growth,1008.67
2026-06-30,100351,ICICI Prudential FMCG Fund - IDCW,76.44
2026-06-30,100352,ICICI Prudential FMCG Fund - Growth,413.55
2026-06-30,100353,ICICI Prudential ELSS Tax Saver Fund - IDCW,21.12
2026-06-30,100354,ICICI Prudential ELSS Tax Saver Fund - Growth,927.21
2026-06-30,100355,ICICI Prudential Equity & Debt Fund - Monthly IDCW,43.23
2026-06-30,100356,ICICI Prudential Equity & Debt Fund - Growth,403.63
2026-06-30,100363,ICICI Prudential Technology Fund - Growth,162.02
2026-06-30,100365,ICICI Prudential Long Term Bond Fund - Growth,92.8095
2026-06-30,100367,ICICI Prudential Long Term Bond Fund - Quarterly IDCW,12.5148
2026-06-30,100368,ICICI Prudential Gilt Fund - IDCW,17.7489
2026-06-30,100369,ICICI Prudential Gilt Fund - Growth,108.3420
2026-06-30,100375,NIPPON INDIA GROWTH MID CAP FUND - IDCW Option,119.9327
2026-06-30,100376,Nippon India Growth Mid Cap Fund-Growth Plan-Bonus Option,742.3959
2026-06-30,100377,Nippon India Growth Mid Cap Fund-Growth Plan-Growth Option,4459.6077
2026-06-30,100378,Nippon India Vision Large & Midcap Fund - IDCW Option,61.3984
2026-06-30,100379,Nippon India Vision Large & Midcap Fund-GROWTH PLAN-Bonus Option,248.8151
2026-06-30,100380,Nippon India Vision Large & Midcap Fund-GROWTH PLAN-Growth Option,1477.2801
2026-06-30,100383,NIPPON INDIA MEDIUM TO LONG DURATION FUND - MONTHLY IDCW Option,10.9117
2026-06-30,100384,NIPPON INDIA MEDIUM TO LONG DURATION  FUND - QUARTERLY IDCW Option,13.2875
2026-06-30,100385,NIPPON INDIA MEDIUM TO LONG DURATION  FUND - HALF YEARLY IDCW Option,12.7905
2026-06-30,100386,NIPPON INDIA MEDIUM TO LONG DURATION  FUND - ANNUAL IDCW Option,13.0888
2026-06-30,100387,Nippon India Medium to Long Duration  Fund - Growth Plan Growth Option,93.1071
2026-06-30,100388,Nippon India Medium to Long Duration  Fund - Growth Plan Bonus Option,26.7676
2026-06-30,100414,Tata Aggressive Hybrid Fund- Regular Plan - Growth Option,436.5509
2026-06-30,100415,Tata Ethical Fund-Regular Plan - Growth Option,350.0798
2026-06-30,100470,Franklin India Large Cap Fund - IDCW,41.6584
2026-06-30,100471,Franklin India Large Cap Fund-Growth,992.0750
2026-06-30,100472,Franklin India Mid Cap Fund - IDCW,84.4347
2026-06-30,100473,Franklin India Mid Cap Fund-Growth,2745.1547
2026-06-30,100474,Tata ELSS Fund- Regular Plan - Payout of IDCW Option,94.1850
2026-06-30,100475,Tata Large Cap Fund -Regular Plan - Growth Option,501.9740
2026-06-30,100476,Taurus Flexi Cap Fund - Regular Plan - Growth,222.43
2026-06-30,100477,Taurus Mid Cap Fund - Regular Plan - Growth,117.12
2026-06-30,100480,Taurus ELSS Tax Saver Fund - Regular Plan - Growth,176.23
2026-06-30,100484,Franklin India Index Fund- NSE Nifty 50 Index Fund - Growth,193.2714
2026-06-30,100493,Franklin India Government Securities Fund - Growth,61.0629
2026-06-30,100494,Franklin India Government Securities Fund - IDCW,10.6877
2026-06-30,100496,Templeton India Value Fund - Growth Plan,698.7842
2026-06-30,100497,Templeton India Value Fund - IDCW,92.0105
2026-06-30,100519,Franklin India Flexi Cap Fund - IDCW,61.3434
2026-06-30,100520,Franklin India Flexi Cap Fund - Growth,1585.3930
2026-06-30,100521,Franklin India Technology Fund - IDCW,37.2904
2026-06-30,100522,Franklin India Technology Fund-Growth,432.6869
2026-06-30,100524,Franklin INDIA OPPORTUNITIES FUND - IDCW,37.2159
2026-06-30,100525,Franklin India ELSS Tax Saver Fund - IDCW,59.7224
2026-06-30,100526,Franklin India ELSS Tax Saver Fund-Growth,1413.3570
2026-06-30,100527,Franklin India Corporate Debt Fund - Plan A - Annual - IDCW,16.8728
2026-06-30,100528,Franklin India Corporate Debt Fund - Growth,105.7150
2026-06-30,100529,Franklin India Corporate Debt Fund - Plan B - Monthly - IDCW,15.2107
2026-06-30,100530,Franklin India Corporate Debt Fund - Plan B - Quarterly - IDCW,11.9827
2026-06-30,100531,Franklin India Corporate Debt Fund - Plan B - Half yearly - IDCW,12.5812
2026-06-30,100535,Franklin India Retirement Fund - IDCW,16.5631
2026-06-30,100536,Franklin India Retirement Fund - Growth,218.1458
2026-06-30,100537,Franklin India Liquid Fund - Regular Plan - Weekly - IDCW,1245.2682
2026-06-30,100538,Franklin India Liquid Fund - Regular Plan - Growth,6245.6505
2026-06-30,100541,Franklin India Liquid Fund - Regular Plan - Daily - IDCW,1509.0075
2026-06-30,100546,Franklin India Liquid Fund - Super Institutional Plan - Growth,4180.0843
2026-06-30,100547,Franklin India Liquid Fund - Super Institutional Plan - Daily - IDCW,1000.0000
2026-06-30,100548,Franklin India Liquid Fund - Super Institutional Plan - Weekly - IDCW,1037.9545
2026-06-30,100549,Franklin India Aggressive Hybrid Fund - IDCW,28.1980
2026-06-30,100550,Franklin India Aggressive Hybrid Fund - Growth Plan,265.8075
2026-06-30,100593,CANARA ROBECO ELSS TAX SAVER - REGULAR PLAN -IDCW (Payout),47.2400
2026-06-30,100596,CANARA ROBECO GILT FUND - REGULAR PLAN - IDCW (Payout/Reinvestment),14.7397
2026-06-30,100597,CANARA ROBECO GILT FUND - REGULAR PLAN - GROWTH OPTION,76.7437
2026-06-30,100600,CANARA ROBECO CONSERVATIVE HYBRID FUND - REGULAR PLAN - MONTHLY IDCW (Payout/Reinvestment),12.3283
2026-06-30,100601,CANARA ROBECO CONSERVATIVE HYBRID FUND - REGULAR PLAN - GROWTH OPTION,98.8527
2026-06-30,100602,Sundaram Medium Duration Fund (Formerly Known as Sundaram Medium Term Bond Fund) Regular Plan-Income Distribution cum Capital Withdrawal(IDCW),13.3053
2026-06-30,100603,Sundaram Medium Duration Fund (Formerly Known as Sundaram Medium Term Bond Fund) Regular Plan - Growth,71.5440
2026-06-30,100614,Sundaram Value Fund Regular Plan - Income Distribution cum Capital Withdrawal (IDCW),15.0448
2026-06-30,100630,quant Multi Cap Fund-IDCW Option - Regular Plan,75.0476
2026-06-30,100631,quant Multi Cap Fund-GROWTH OPTION - Regular Plan,656.2242
2026-06-30,100638,SBI Medium to Long Duration Fund - Regular Plan - Half Yearly - Income Distribution cum Capital Withdrawal Option (IDCW),19.3010
2026-06-30,100639,SBI Medium to Long Duration Fund-REGULAR PLAN-Growth,73.7912
2026-06-30,100640,SBI Medium to Long Duration Fund-REGULAR PLAN-Bonus,44.7108
2026-06-30,100641,SBI ULTRA SHORT DURATION FUND - REGULAR PLAN - GROWTH,6351.3835
2026-06-30,100643,SBI Technology Opportunities Fund - Regular Plan - Income Distribution cum Capital Withdrawal Option (IDCW),106.7541
2026-06-30,100644,SBI Healthcare Opportunities Fund - Regular Plan - Income Distribution cum Capital Withdrawal Option (IDCW),310.4791
2026-06-30,100645,SBI Consumption Opportunities Fund - Regular Plan - Income Distribution cum Capital Withdrawal Option (IDCW),170.5251
2026-06-30,100646,UTI - Unit Linked Insurance Plan,42.0121
2026-06-30,100650,UTI Large Cap Fund - Regular Plan - IDCW,51.0909
2026-06-30,100651,UTI Large Cap Fund - Regular Plan - Growth Option,259.2742
2026-06-30,100663,UTI Large & Mid Cap Fund - Regular Plan - IDCW,89.2452
2026-06-30,100664,UTI Large & Mid Cap Fund - Regular Plan - Growth Option,183.1961
2026-06-30,100668,UTI Flexi Cap Fund - Regular Plan - IDCW,203.2075
2026-06-30,100669,UTI - Flexi Cap Fund-Growth Option,307.3609
2026-06-30,100678,UTI Children's Hybrid Fund - Regular Plan,40.3242
2026-06-30,100682,UTI Retirement Fund - Regular Plan,50.4471
2026-06-30,100684,UTI Aggressive Hybrid Fund - Regular Plan - Growth,404.0947
2026-06-30,100685,UTI Aggressive Hybrid Fund - Regular Plan - IDCW,39.6182
2026-06-30,100723,UTI MMF-Discontinued - Regular Plan -Growth,7595.0208
2026-06-30,100724,UTI MMF- Discontinued - Regular Plan - Flexi Dividend Option,4098.1565
2026-06-30,100725,UTI MMF- Discontinued - Regular Plan - Periodic Dividend Option,2647.8486
2026-06-30,100739,UTI MNC Fund - Regular Plan - IDCW,202.5153
2026-06-30,100740,UTI - MNC Fund - Regular Plan - Growth Option,392.7876
2026-06-30,100741,UTI Medium to Long Duration Fund- Regular Plan - Growth,76.0387
2026-06-30,100742,UTI Medium to Long Duration Fund - Regular Plan - Quarterly IDCW,19.5295
2026-06-30,100784,Sundaram Banking & PSU Fund (Formerly Known as Sundaram Banking and PSU Debt Fund) Regular Plan - Growth,45.4914
2026-06-30,100786,Sundaram Corporate Bond Fund Regular Plan - Income Distribution cum Capital Withdrawal (IDCW ),18.9324
2026-06-30,100789,Sundaram Corporate Bond Fund Regular Plan- Growth,42.3386
2026-06-30,100793,Sundaram Banking & PSU Fund (Formerly Known as Sundaram Banking and PSU Debt Fund) Regular Plan - Income Distribution cum Capital Withdrawal (IDCW),11.5284
2026-06-30,100794,Sundaram Small Cap Fund Regular Plan - Income Distribution cum Capital Withdrawal (IDCW),36.5776
2026-06-30,100795,Sundaram Small Cap Fund Regular Plan - Growth,286.1217
2026-06-30,100806,UTI Healthcare Fund - Regular Plan - IDCW,252.0622
2026-06-30,100807,UTI Healthcare Fund - Regular Plan - Growth Option,326.142
2026-06-30,100813,UTI Overnight Fund - Regular Plan - Periodic IDCW,1901.9984
2026-06-30,100814,UTI - Overnight  Fund - Regular Plan - Growth Option,3692.0165
2026-06-30,100820,UTI ELSS Tax Saver Fund - Regular Plan - IDCW,38.0978
2026-06-30,100821,UTI ELSS Tax Saver Fund - Regular Plan - Growth Option,199.4222
2026-06-30,100822,UTI Nifty 50 Index Fund - Regular Plan - Growth Option,165.0937
2026-06-30,100823,UTI Nifty 50 Index Fund - Regular Plan - IDCW,83.174
2026-06-30,100833,Kotak Liquid Fund - Regular  - Daily Reinvestment of Income Distribution cum capital withdrawal option,1269.6297
2026-06-30,100835,Kotak Liquid Fund - Regular Plan - Growth,5607.6809
2026-06-30,100837,Nippon India Liquid Fund - Retail Option - Growth Plan,6001.0394
2026-06-30,100838,NIPPON INDIA LIQUID FUND - RETAIL Plan - WEEKLY IDCW OPTION,1035.6668
2026-06-30,100842,NIPPON INDIA LIQUID FUND - RETAIL Plan - DAILY IDCW OPTION,1524.2800
2026-06-30,100843,NIPPON INDIA LIQUID FUND - RETAIL plan - MONTHLY IDCW OPTION,1328.0908
2026-06-30,100844,NIPPON INDIA LIQUID FUND - RETAIL Plan - QUARTERLY IDCW OPTION,1215.7994
2026-06-30,100851,Nippon India Liquid Fund -Growth Plan,6772.5149
2026-06-30,100852,NIPPON INDIA LIQUID FUND - DAILY IDCW OPTION,1528.7400
2026-06-30,100853,NIPPON INDIA LIQUID FUND - WEEKLY IDCW OPTION,1532.5523
2026-06-30,100855,NIPPON INDIA LIQUID FUND - MONTHLY IDCW OPTION,1585.7971
2026-06-30,100856,Nippon India Corporate Bond Fund - Growth Plan - Growth Option,63.4801
2026-06-30,100857,NIPPON INDIA CORPORATE BOND FUND - MONTHLY IDCW Option,11.7084
2026-06-30,100858,NIPPON INDIA CORPORATE BOND FUND - QUARTERLY IDCW Option,12.0270
2026-06-30,100859,Nippon India Corporate Bond Fund - Growth Plan - Bonus Option,45.3371
2026-06-30,100864,LIC MF ELSS Tax Saver-Regular Plan-IDCW,30.5886
2026-06-30,100865,LIC MF ELSS Tax Saver-Regular Plan-Growth,146.1172
2026-06-30,100868,HDFC Liquid Fund - Growth Plan,5444.5542
2026-06-30,100874,HDFC Liquid Fund - IDCW Plan Weekly,1031.6764
2026-06-30,100875,HDFC Liquid Fund - IDCW Daily,1019.82
2026-06-30,100876,HDFC Liquid Fund - IDCW Monthly,1026.9471
2026-06-30,100900,HDFC Childrens Fund - Growth Plan,288.497
2026-06-30,100915,SBI Contra Fund - Regular Plan - Income Distribution cum Capital Withdrawal Option (IDCW),64.4987
2026-06-30,100927,SBI Conservative Hybrid Fund - Regular Plan - Monthly Income Distribution cum Capital Withdrawal Option (IDCW),21.4410
2026-06-30,100928,SBI Conservative Hybrid Fund - Regular Plan - Quarterly Income Distribution cum Capital Withdrawal Option (IDCW),22.0216
2026-06-30,100929,SBI Conservative Hybrid Fund - Regular Plan - Annual Income Distribution cum Capital Withdrawal Option (IDCW),26.9330
2026-06-30,100948,Franklin India Conservative Hybrid Fund - Growth,92.1277
2026-06-30,100949,Franklin India Conservative Hybrid Fund - Plan A - Monthly - IDCW,12.5916
2026-06-30,100950,Franklin India Conservative Hybrid Fund - Plan A - Quarterly - IDCW,11.6144
2026-06-30,100968,SBI Conservative Hybrid Fund - Regular Plan - Growth,76.3545
2026-06-30,100999,SBI Gilt Fund - Regular Plan - Income Distribution cum Capital Withdrawal Option (IDCW),21.0397
2026-06-30,101001,SBI GILT FUND - REGULAR PLAN - GROWTH,68.4223
2026-06-30,101002,SBI CONSTANT MATURITY 10 Year GILT FUND - REGULAR PLAN - GROWTH,66.5509
2026-06-30,101003,SBI Constant Maturity 10 Year Gilt Fund - Regular Plan - Income Distribution cum Capital Withdrawal Option (IDCW),21.6446
2026-06-30,101042,Tata Gilt Securities Fund -Regular Plan- Growth Option,80.4774
2026-06-30,101044,Franklin India Floating Rate Fund - IDCW,10.1603
2026-06-30,101048,Franklin India Floating Rate Fund - Growth Plan,43.2779
2026-06-30,101049,Tata Gilt Securities Fund - Regular Plan - Payout of IDCW Option,22.3090
2026-06-30,101065,quant Mid Cap Fund - Growth Option - Regular Plan,221.5055
2026-06-30,101066,quant Mid Cap Fund - IDCW Option - Regular Plan,78.7459
2026-06-30,101069,quant Aggressive Hybrid Fund-IDCW Option - Regular Plan,64.4876
2026-06-30,101070,quant Aggressive Hybrid Fund - Growth Option - Regular Plan,467.5472
2026-06-30,101071,quant Multi Asset Allocation Fund - IDCW Option - Regular Plan,153.0482
2026-06-30,101072,quant Multi Asset Allocation Fund-GROWTH OPTION - Regular Plan,166.9569
2026-06-30,101078,JM Liquid Fund (Regular) - Daily IDCW,10.4302
2026-06-30,101083,HDFC Gilt Fund - Growth Plan,57.5436
2026-06-30,101084,HDFC Gilt Fund - IDCW Plan,12.293
2026-06-30,101127,ICICI Prudential Children's Fund - Regular Plan,326.36
2026-06-30,101143,ICICI Prudential Multi-Asset Fund - IDCW,34.3632
2026-06-30,101144,ICICI Prudential Multi-Asset Fund - Growth,800.0633
2026-06-30,101161,Nippon India Multi Cap Fund-Growth Plan-Growth Option,301.2992
2026-06-30,101162,Nippon India Multi Cap Fund-Growth Plan-Bonus Option,301.2992
2026-06-30,101163,NIPPON INDIA MULTI CAP FUND - IDCW Option,59.3533
2026-06-30,101165,ICICI Prudential Short Term Fund - Monthly IDCW,12.2739
2026-06-30,101169,SBI Children's Fund - Savings Plan - REGULAR PLAN - GROWTH,117.8228
2026-06-30,101181,JM Medium to Long Duration Fund (Regular) - Bonus Option- Principal Units,26.3809
2026-06-30,101184,LIC MF Liquid Fund-Regular Plan-Daily IDCW,1000.1751
2026-06-30,101185,LIC MF Liquid Fund-Regular Plan-Growth,5015.7809
2026-06-30,101187,Baroda BNP Paribas GILT FUND - Regular Plan - Growth Option,44.1335
2026-06-30,101188,Baroda BNP Paribas GILT FUND - Regular Plan - IDCW Option,26.1954
2026-06-30,101198,LIC MF BSE Sensex Index Fund-Regular Plan-IDCW,49.055
2026-06-30,101199,LIC MF BSE Sensex Index Fund-Regular Plan-Growth,143.119
2026-06-30,101200,LIC MF Nifty 50 Index Fund-Regular Plan-IDCW,48.6334
2026-06-30,101201,LIC MF Nifty 50 Index Fund-Regular Plan-Growth,131.8345
2026-06-30,101206,SBI OVERNIGHT FUND - REGULAR PLAN - GROWTH,4375.3087
2026-06-30,101209,Taurus Large Cap Fund - Regular Plan - Growth,154.09
2026-06-30,101222,Tata Aggressive Hybrid Fund- Regular Plan - Periodic Payout of IDCW Option,77.7328
2026-06-30,101228,ICICI Prudential Multicap Fund - Growth,847.41
2026-06-30,101262,Nippon India Power & Infra Fund-Growth Plan -Growth Option,384.2248
2026-06-30,101263,Nippon India Power & Infra Fund-Growth Plan-Bonus Option,384.2248
2026-06-30,101264,NIPPON INDIA POWER & INFRA FUND - IDCW Option,66.8133
2026-06-30,101271,LIC MF Children's Fund-Regular Plan-Growth,33.2531
2026-06-30,101281,HDFC BSE Sensex Index Fund - Growth Plan,712.1458
2026-06-30,101295,SBI ESG Exclusionary Strategy Fund - Regular Plan - Income Distribution cum Capital Withdrawal Option (IDCW),73.7134
2026-06-30,101303,DSP Short Term Fund - Regular Plan - Regular Plan - IDCW - Weekly,10.2155
2026-06-30,101304,DSP Short Term Fund - Regular Plan - Growth,49.1431
2026-06-30,101305,DSP Short Term Fund - Regular Plan - IDCW,12.2930
2026-06-30,101306,DSP Short Term Fund - IDCW - Monthly,11.6397
2026-06-30,101313,Aditya Birla Sun Life Nifty 50 Index Fund -REGULAR - IDCW,24.302
2026-06-30,101314,Aditya Birla Sun Life Nifty 50 Index Fund - Growth - Regular Plan,242.6952
2026-06-30,101317,Aditya Birla Sun Life Savings Fund - Growth - Regular Plan,583.8275
2026-06-30,101349,ICICI Prudential Nifty 50 Index Fund - Cumulative Option,241.3956
2026-06-30,101351,ICICI Prudential All Seasons Bond Fund - Weekly IDCW,10.9910
2026-06-30,101356,Franklin India Money Market Fund Retail Option - Quarterly - IDCW,11.1235
2026-06-30,101357,Franklin India Money Market Fund - Growth Option,53.4348
2026-06-30,101373,Kotak Bond Short Term Plan-(Growth),54.9311
2026-06-30,101407,Baroda BNP Paribas LIQUID FUND-Defunct Plan- IDCW Option,3873.5032
2026-06-30,101408,Baroda BNP Paribas LIQUID FUND- Defunct Plan -Growth Option,4694.6574
2026-06-30,101491,Tata Childrens Fund -Regular Plan-Growth Option,56.3738
2026-06-30,101525,HDFC Nifty 50 Index Fund - Growth Plan,227.5893
2026-06-30,101530,SBI Large & Midcap Fund - Regular Plan - Income Distribution cum Capital Withdrawal Option (IDCW),290.8065
2026-06-30,101538,Sundaram Mid Cap Fund Regular Plan - Income Distribution cum Capital Withdrawal (IDCW),67.8589
2026-06-30,101539,Sundaram Mid Cap Fund Regular Plan - Growth,1466.0412
2026-06-30,101547,Tata Short Term Bond Fund- Regular Plan - Monthly Payout of IDCW Option,22.6928
2026-06-30,101548,Tata Short Term Bond Fund -Regular Plan- Growth Option,50.2492
2026-06-30,101549,JM Liquid Fund (Regular) - Bonus Option - Principal Units,24.22
2026-06-30,101551,SBI Equity Hybrid Fund - Regular Plan - Income Distribution cum Capital Withdrawal Option (IDCW),66.1583
2026-06-30,101585,HDFC Equity Savings Fund - GROWTH PLAN,67.109
2026-06-30,101586,HDFC Equity Savings Fund - IDCW PLAN,12.252
2026-06-30,101587,CANARA ROBECO INCOME FUND - REGULAR PLAN - QUARTERLY IDCW (Payout/Reinvestment),14.6504
2026-06-30,101588,CANARA ROBECO INCOME FUND - REGULAR PLAN - GROWTH OPTION,56.9549
2026-06-30,101591,Aditya Birla Sun Life Midcap Fund -REGULAR - IDCW,57.95
2026-06-30,101592,Aditya Birla Sun Life MIDCAP Fund-Growth,830.95
2026-06-30,101593,HSBC Large Cap Fund - Regular IDCW,41.6143
2026-06-30,101594,HSBC Large Cap Fund - Regular Growth,469.7712
2026-06-30,101617,ICICI Prudential Savings Fund - Weekly IDCW,105.5004
2026-06-30,101618,ICICI Prudential Savings Fund - Daily IDCW,105.7358
2026-06-30,101619,ICICI Prudential Savings Fund - Growth,579.8507
2026-06-30,101635,DSP Large Cap Fund - Regular Plan - Growth,454.645
2026-06-30,101636,DSP Large Cap Fund - Regular Plan - IDCW,23.181
2026-06-30,101656,Franklin India Dynamic Asset Allocation Active Fund of Funds-Growth,165.5800
2026-06-30,101657,Franklin India Dynamic Asset Allocation Active Fund of funds - IDCW,40.7782
2026-06-30,101659,Tata Nifty 50 Index Fund -Regular Plan,148.9079
2026-06-30,101665,Nippon India Short Duration  Fund-Growth Plan,55.9736
2026-06-30,101667,NIPPON INDIA SHORT DURATION FUND - MONTHLY IDCW Option,11.5328
2026-06-30,101669,NIPPON INDIA SHORT DURATION FUND - QUARTERLY IDCW OPTION,14.9366
2026-06-30,101672,Tata Value Fund - Regular Plan -Growth Option,343.8751
2026-06-30,101685,HSBC Medium to Long Duration Fund - Regular Growth,43.7912
2026-06-30,101686,HSBC Medium to Long Duration Fund - Regular Quarterly IDCW,10.6734
2026-06-30,101705,ICICI Prudential BSE Sensex ETF,877.8044
2026-06-30,101706,ICICI Prudential Multicap Fund - IDCW,34.12
2026-06-30,101714,Tata Liquid Fund- Regular Plan - Daily Reinvestment of IDCW Option,1001.6283
2026-06-30,101737,Aditya Birla Sun Life Dividend Yield Fund -REGULAR - IDCW,24.93
2026-06-30,101738,Aditya Birla Sun Life Dividend Yield Fund - Growth - Regular Plan,446.16
2026-06-30,101746,Tata S&P BSE Sensex Index Fund -Regular Plan,192.6575
2026-06-30,101758,ICICI Prudential Short Term Fund - Growth Option,64.0644
2026-06-30,101762,HDFC Flexi Cap Fund - Growth Plan,2001.393
2026-06-30,101763,HDFC Flexi Cap Fund - IDCW Plan,72.321
2026-06-30,101764,HDFC Value Fund - Growth Plan,765.341
2026-06-30,101765,HDFC Value Fund - IDCW Plan,35.639
2026-06-30,101766,Tata Infrastructure Fund-Regular Plan- Growth Option,183.2458
2026-06-30,101802,ICICI Prudential Floating Interest Fund - Growth,452.9502
2026-06-30,101804,ICICI Prudential Floating Interest Fund - Daily IDCW,100.8760
2026-06-30,101805,JM Dynamic Bond Fund (Regular) - IDCW,43.3145
2026-06-30,101806,JM Dynamic Bond Fund (Regular) - Growth Option,43.1791
2026-06-30,101816,Aditya Birla Sun Life Regular Savings Fund - REGULAR - MONTHLY IDCW,16.4525
2026-06-30,101818,Aditya Birla Sun Life Regular Savings Fund - Growth / Payment - Regular Plan,69.9319
2026-06-30,101823,Tata Large & Mid Cap Fund Regular Plan - Payout of IDCW Option,73.5706
2026-06-30,101824,Tata Large & Mid Cap Fund- Regular Plan - Growth Option,495.8901
2026-06-30,101829,LIC MF Low Duration Fund-Regular Plan-Monthly IDCW,14.3972
2026-06-30,101830,LIC MF Low Duration Fund-Regular Plan-Growth,41.9261
2026-06-30,101833,Tata Ethical Fund- Regular Plan - Payout of IDCW Option,136.9279
2026-06-30,101834,UTI - Master Equity Plan Unit Scheme,218.1283
2026-06-30,101837,DSP Credit Risk Fund - Regular Plan -Growth,54.7670
2026-06-30,101838,DSP Credit Risk Fund - Regular Plan - IDCW - Weekly,11.1461
2026-06-30,101839,DSP Credit Risk Fund - Regular Plan - IDCW,12.5498
2026-06-30,101840,DSP Credit Risk Fund - Regular Plan - IDCW - Daily,11.1243
2026-06-30,101843,Aditya Birla Sun Life Short Term Fund - REGULAR - IDCW,15.0679
2026-06-30,101844,Aditya Birla Sun Life Short Term Fund - Growth - Regular Plan,50.4366
2026-06-30,101847,Tata Money Market Fund-Regular Plan - Growth Option,5030.9969
2026-06-30,101852,TATA Infrastructure Fund Regular Plan - Payout of IDCW Option,79.9964
2026-06-30,101853,Sundaram Value Fund Regular Plan - Growth,211.0051
2026-06-30,101862,Nippon India Banking & Financial Services Fund-Growth Plan-Growth Option,646.0478
2026-06-30,101863,Nippon India Banking & Financial Services Fund-Growth Plan-Bonus Option,646.0478
2026-06-30,101864,Nippon India Banking & Financial Services Fund - IDCW Option,68.5007
2026-06-30,101866,LIC MF Conservative Hybrid Fund-Regular Plan-Monthly IDCW,12.7412
2026-06-30,101867,LIC MF Conservative Hybrid Fund-Regular Plan-Quarterly IDCW,14.5651
2026-06-30,101868,LIC MF Conservative Hybrid Fund-Regular Plan-Yearly IDCW,11.8654
2026-06-30,101869,LIC MF Conservative Hybrid Fund-Regular Plan-Growth,83.9422
2026-06-30,101872,HDFC Dynamic Debt Fund - Growth Option,93.0935
2026-06-30,101873,HDFC Dynamic Debt Fund - Quarterly IDCW Option,12.7366
2026-06-30,101874,HDFC Dynamic Debt Fund - Half Yearly IDCW Option,11.9337
2026-06-30,101875,HDFC Dynamic Debt Fund - Yearly IDCW Option,13.7787
2026-06-30,101892,Kotak Money market Fund - (Monthly Payout of Income Distribution cum capital withdrawal option),1060.9866
2026-06-30,101893,Kotak Money Market Fund - (Growth),4784.4374
2026-06-30,101922,CANARA ROBECO FLEXICAP FUND - REGULAR PLAN - GROWTH OPTION,336.7100
2026-06-30,101923,CANARA ROBECO FLEXICAP FUND - REGULAR PLAN - IDCW (Payout/Reinvestment),58.6400
2026-06-30,101932,SBI GILT FUND -  GROWTH - PF (Regular) Option,43.9358
2026-06-30,101934,SBI GILT FUND -  GROWTH - PF (Fixed Period - 3 Yrs) Option,41.0407
2026-06-30,101950,SBI Gilt Fund - Income Distribution cum Capital Withdrawal Option (IDCW) - PF (Fixed Period - 1 Yr),21.1385
2026-06-30,101951,SBI Gilt Fund - Income Distribution cum Capital Withdrawal Option (IDCW) - PF (Fixed Period - 2 Yrs),21.3918
2026-06-30,101952,SBI Gilt Fund - Income Distribution cum Capital Withdrawal Option (IDCW) - PF (Fixed Period - 3 Yrs),20.7411
2026-06-30,101973,Aditya Birla Sun Life Money Manager Fund - Daily IDCW,100.02
2026-06-30,101974,Aditya Birla Sun Life Money Manager Fund - WEEKLY IDCW,100.1428
2026-06-30,101976,Aditya Birla Sun Life Money Manager Fund - Growth,394.1876
2026-06-30,101979,HDFC ELSS Tax saver - Growth Plan,1349.86
2026-06-30,101980,HDFC ELSS Tax saver - IDCW Plan,65.513
2026-06-30,101986,Tata Money Market Fund- Regular Plan - Daily Reinvestment of IDCW Option,1114.5200
2026-06-30,101989,HDFC Medium Term Debt Fund - Growth Option,59.9079
2026-06-30,101990,HDFC Medium Term Debt Fund - Fornightly IDCW Option,10.1309
2026-06-30,101993,HDFC Money Market Fund - Growth Option,6088.6589
2026-06-30,101994,HDFC Money Market Fund - Daily IDCW Option,1063.64
2026-06-30,101995,HDFC Money Market Fund - Weekly IDCW Option,1063.0686
2026-06-30,101996,HDFC Overnight Fund - Growth Option,4001.1201
2026-06-30,101997,HDFC Overnight Fund - IDCW Option (Daily),1042.66
2026-06-30,102000,HDFC Large Cap Fund - Growth Option - Regular Plan,1113.673
2026-06-30,102001,HDFC Large Cap Fund - IDCW Option - Regular Plan,51.002
2026-06-30,102007,UTI-  Liquid Cash Plan- Discontinued -Regular Plan Periodic Dividend Option,113.866
2026-06-30,102008,UTI-  Liquid Cash Plan- Discontinued - Regular Plan - Monthly Dividend Option,106.9696
2026-06-30,102009,UTI-  Liquid Cash Plan- Discontinued - Regular Plan -Growth,413.239
2026-06-30,102010,UTI Liquid Fund - Regular Plan - Daily IDCW (Reinvestment),119.8739
2026-06-30,102011,UTI Liquid Fund - Regular Plan - Monthly IDCW,113.2604
2026-06-30,102012,UTI-  Liquid Cash Plan - Regular Plan - Growth Option,455.3898
2026-06-30,102013,UTI Liquid Fund - Regular Plan - Weekly IDCW,105.4492
2026-06-30,102020,Baroda BNP Paribas MULTI CAP FUND - Regular Plan - Growth Option,289.6214
2026-06-30,102021,Baroda BNP Paribas MULTI CAP FUND - Regular Plan - IDCW Option,50.9862
2026-06-30,102036,Tata Large Cap Fund- Regular Plan - Payout of IDCW Option,100.6305
2026-06-30,102053,SBI MEDIUM DURATION FUND - REGULAR PLAN - GROWTH,54.4323
2026-06-30,102054,SBI Medium Duration Fund - Regular Plan - Income Distribution cum Capital Withdrawal Option (IDCW),21.0995
2026-06-30,102133,ICICI Prudential Multi Sector Passive FOF - Growth,166.9787
2026-06-30,102134,ICICI Prudential Multi Sector Passive FOF - IDCW,130.0974
2026-06-30,102135,ICICI Prudential Aggressive Hybrid Active FOF - Growth,220.9154
2026-06-30,102136,ICICI Prudential Aggressive Hybrid Active FOF - IDCW,171.2510
2026-06-30,102137,ICICI Prudential Dynamic Asset Allocation Active FOF - Growth,123.3175
2026-06-30,102138,ICICI Prudential Dynamic Asset Allocation Active FOF - IDCW,94.7687
2026-06-30,102139,ICICI Prudential Income Plus Arbitrage Omni FOF - Growth,66.4364
2026-06-30,102140,ICICI Prudential Income plus Arbitrage Omni FOF - IDCW,50.9793
2026-06-30,102141,ICICI Prudential Diversified Debt Strategy Active FOF - Growth,47.7172
2026-06-30,102142,Sundaram Consumption Fund(Formerly Known as Sundaram Rural and Consumption Fund Regular Plan - Growth),90.1052
2026-06-30,102143,ICICI Prudential Diversified Debt Strategy Active FOF - IDCW,41.6217
2026-06-30,102147,HDFC Hybrid Debt Fund - Growth Plan,84.0196
2026-06-30,102148,HDFC Hybrid Debt Fund - IDCW Monthly,13.5021
2026-06-30,102149,HDFC Hybrid Debt Fund - IDCW Quarterly,14.2028
2026-06-30,102172,Nippon India Conservative Hybrid  Fund-Growth Plan,61.5143
2026-06-30,102173,NIPPON INDIA CONSERVATIVE HYBRID  FUND - MONTHLY IDCW Option,11.3014
2026-06-30,102174,NIPPON INDIA CONSERVATIVE HYBRID  FUND - QUARTERLY IDCW Option,12.2265
2026-06-30,102205,SBI Dynamic Bond Fund - REGULAR PLAN - Growth,37.3469
2026-06-30,102206,SBI Dynamic Bond Fund - Regular Plan - Income Distribution cum Capital Withdrawal Option (IDCW),19.5793
2026-06-30,102251,HSBC Flexi Cap Fund - Regular IDCW,42.1423
2026-06-30,102252,HSBC Flexi Cap Fund - Regular Growth,225.498
2026-06-30,102260,HSBC Conservative Hybrid Fund - Regular Monthly IDCW,12.9665
2026-06-30,102261,HSBC Conservative Hybrid Fund - Regular Quarterly IDCW,16.9858
2026-06-30,102262,HSBC Conservative Hybrid Fund - Regular Growth,63.8108
2026-06-30,102266,UTI Children's Equity Fund - Regular Plan - IDCW,80.0986
2026-06-30,102267,UTI Children's Equity Fund - Regular Plan - Growth Option,80.0938
2026-06-30,102272,SBI NIFTY INDEX FUND - REGULAR PLAN - GROWTH,211.9072
2026-06-30,102273,SBI Nifty Index Fund - Regular Plan - Income Distribution cum Capital Withdrawal Option (IDCW),108.7208
2026-06-30,102326,Tata Mid Cap Fund-Regular Plan - IDCW Option,119.9397
2026-06-30,102328,Tata Mid Cap Fund Regular Plan- Growth Option,452.5028
2026-06-30,102330,ICICI Prudential Regular Savings Fund - Plan - Growth,78.8334
2026-06-30,102331,ICICI Prudential Regular Savings Fund - Plan - Monthly IDCW,13.9168
2026-06-30,102393,UTI Mid Cap Fund - Regular Plan - IDCW,144.8955
2026-06-30,102394,UTI Mid Cap Fund-Growth Option,306.1977
2026-06-30,102395,UTI Infrastructure Fund-Growth Option,145.4923
2026-06-30,102396,UTI Infrastructure Fund - Regular Plan - IDCW,76.0406
2026-06-30,102397,UTI Transportation and Logistics Fund - Regular Plan - IDCW,129.2616
2026-06-30,102398,UTI-Transportation and Logistics  Fund-Growth Option,280.3274
2026-06-30,102401,UTI Banking and Financial Services Fund - Regular Plan - Growth Option,196.2663
2026-06-30,102402,UTI Banking and Financial Services Fund - Regular Plan - IDCW,76.3859
2026-06-30,102414,SBI CONTRA FUND - REGULAR PLAN -GROWTH,371.9535
2026-06-30,102428,Tata Value Fund Regular Plan - Payout of IDCW-Option B(10%),115.1039
2026-06-30,102431,Nippon India Pharma Fund-Growth Plan-Growth Option,557.4174
2026-06-30,102432,Nippon India Pharma Fund-Growth Plan-Bonus Option,557.4174
2026-06-30,102433,NIPPON INDIA PHARMA FUND - IDCW Option,120.3710
2026-06-30,102434,DSP India T.I.G.E.R. Fund - Regular Plan - Growth,361.574
2026-06-30,102435,DSP India T.I.G.E.R. Fund - Regular Plan - IDCW,31.338
2026-06-30,102442,Franklin India Liquid Fund - Institutional Plan - Weekly - IDCW,1055.5571
2026-06-30,102443,Franklin India Liquid Fund - Institutional Plan - Daily - IDCW,1000.0000
2026-06-30,102448,DSP Regular Savings Fund- Regular Plan - Growth,60.8120
2026-06-30,102450,DSP Regular Savings Fund - Regular Plan - IDCW - Monthly,10.9999
2026-06-30,102451,DSP Regular Savings Fund - Regular Plan - IDCW - Quarterly,11.2539
2026-06-30,102452,HDFC Low Duration  Fund - Growth,61.2317
2026-06-30,102453,HDFC Low Duration  Fund - Weekly IDCW,10.0668
2026-06-30,102503,SBI  SAVINGS FUND - REGULAR PLAN - GROWTH,43.9968
2026-06-30,102504,SBI Savings Fund - Regular Plan - Income Distribution cum Capital Withdrawal Option (IDCW),17.3480
2026-06-30,102505,SBI CREDIT RISK FUND - REGULAR PLAN - GROWTH,49.0800
2026-06-30,102506,SBI Credit Risk Fund - Regular Plan - Income Distribution cum Capital Withdrawal Option (IDCW),22.1883
2026-06-30,102509,UTI Gilt Fund - Regular Plan - IDCW,39.3794
2026-06-30,102510,UTI - GILT FUND - Regular Plan - Growth Option,65.6874
2026-06-30,102511,UTI - GILT FUND -Discontinued PF Plan -Dividend Option,26.882
2026-06-30,102512,UTI - GILT FUND - Discontinued PF Plan - Growth Option,48.8407
2026-06-30,102514,UTI - GILT FUND - Discontinued PF Plan Prescribed Date Auto Redemption Option,48.8679
2026-06-30,102528,ICICI Prudential MidCap Fund - Growth,337.07
2026-06-30,102529,ICICI Prudential MidCap Fund - IDCW,43.68
2026-06-30,102531,UTI Ultra Short Duration Fund - Regular Plan - Weekly IDCW (Reinvestment),1421.8432
2026-06-30,102532,UTI Ultra Short Duration Fund - Regular Plan - Growth Option,4492.8504
2026-06-30,102533,UTI Conservative Hybrd Fund - Regular Plan - Monthly Payment Option,70.657
2026-06-30,102534,UTI Conservative Hybrid Fund - Regular Plan - Flexi IDCW,44.6692
2026-06-30,102535,UTI Conservative Hybrid Fund - Regular Plan - Growth Option,70.6208
2026-06-30,102536,UTI Conservative Hybrid Fund - Regular Plan - Monthly IDCW,16.9809
2026-06-30,102538,UTI Low Duration Fund - Discontinued - Annaul Dividend Option,3588.2324
2026-06-30,102539,UTI Low Duration Fund - Discontinued Bonus Option,4451.508
2026-06-30,102540,UTI Low Duration Fund - Discontinued Growth Option,6678.0189
2026-06-30,102541,UTI Low Duration Fund - Discontinued - Quarterly Dividend Option,2361.2615
2026-06-30,102544,UTI Low Duration Fund - Regular Plan - Growth Option,3775.768
2026-06-30,102545,UTI Low Duration Fund - Regular Plan - Bonus Option,3155.7386
2026-06-30,102573,Kotak Multi Asset Omni FOF - Payout of Income Distribution cum capital withdrawal option,246.34
2026-06-30,102574,Kotak Multi Asset Omni FOF - Growth- Regular,253.071
2026-06-30,102591,Kotak Savings Fund -Growth,45.4943
2026-06-30,102592,Kotak Savings Fund -Monthly Payout of Income Distribution cum capital withdrawal option,10.7671
2026-06-30,102594,ICICI Prudential Value Fund (erstwhile Value Discovery Fund) - Growth,458.51
2026-06-30,102595,ICICI Prudential Value Fund (erstwhile Value Discovery Fund) - IDCW,34.68
2026-06-30,102672,Tata Liquid Fund -Regular Plan - Growth Option,4370.5748
2026-06-30,102673,Nippon India Floater Fund - Growth Plan-Growth Option,47.9896
2026-06-30,102675,NIPPON INDIA FLOATER FUND - MONTHLY IDCW Option,11.1707
2026-06-30,102676,NIPPON INDIA FLOATER FUND - DAILY IDCW REINVESTMENT Option,10.2843
2026-06-30,102677,NIPPON INDIA FLOATER FUND - WEEKLY IDCW Option,10.2871
2026-06-30,102741,ICICI Prudential Medium Term Bond Fund - Growth,48.2006
2026-06-30,102751,Nippon India Consumption Fund-Growth Plan-Growth Option,186.8670
2026-06-30,102752,Nippon India Consumption Fund-Growth Plan-Bonus Option,186.8670
2026-06-30,102753,NIPPON INDIA CONSUMPTION FUND - IDCW Option,33.7715
2026-06-30,102756,SBI FOCUSED FUND - REGULAR PLAN -GROWTH,384.7974
2026-06-30,102760,HDFC Focused Fund - GROWTH PLAN,229.372
2026-06-30,102761,HDFC Focused Fund - IDCW PLAN,23.321
2026-06-30,102765,SBI Focused Fund - Regular Plan - Income Distribution cum Capital Withdrawal Option (IDCW),70.3828
2026-06-30,102766,Aditya Birla Sun Life Dynamic Bond Fund -Regular - Quarterly IDCW,10.9076
2026-06-30,102767,Aditya Birla Sun Life Dynamic Bond Fund - Growth - Regular Plan,48.9772
2026-06-30,102823,SBI HEALTHCARE OPPORTUNITIES FUND - REGULAR PLAN -GROWTH,492.8655
2026-06-30,102846,Nippon India Balanced Advantage Fund-Growth Plan-Growth Option,181.4328
2026-06-30,102847,Nippon India Balanced Advantage Fund-Growth Plan-Bonus Option,181.4328
2026-06-30,102848,NIPPON INDIA BALANCED ADVANTAGE FUND - IDCW Option,31.5602
2026-06-30,102849,Nippon India Dynamic Bond Fund-Growth Plan-Growth Option,39.2336
2026-06-30,102851,NIPPON INDIA DYNAMIC BOND FUND - IDCW Option,26.3894
2026-06-30,102860,SBI Savings Fund - Regular Plan Weekly Income Distribution cum Capital Withdrawal Option (IDCW),16.2227
2026-06-30,102874,Kotak-Small Cap Fund - Payout of Income Distribution cum capital withdrawal option,115.836
2026-06-30,102875,Kotak-Small Cap Fund - Growth,265.516
2026-06-30,102883,Franklin India Large & Mid Cap Fund - Growth Plan,185.9420
2026-06-30,102884,Franklin India Large & Mid Cap Fund - IDCW,19.2916
2026-06-30,102885,SBI EQUITY HYBRID FUND - REGULAR PLAN -Growth,312.2066
2026-06-30,102913,CANARA ROBECO SAVINGS FUND - REGULAR PLAN - GROWTH OPTION,44.7782
2026-06-30,102914,CANARA ROBECO SAVINGS FUND - REGULAR PLAN - IDCW (Payout/Reinvestment),40.1119
2026-06-30,102915,CANARA ROBECO SAVINGS FUND - REGULAR PLAN - WEEKLY IDCW (Payout/Reinvestment),10.2867
2026-06-30,102920,CANARA ROBECO LARGE AND MID CAP FUND - REGULAR PLAN - GROWTH OPTION,249.8100
2026-06-30,102921,CANARA ROBECO LARGE AND MID CAP FUND - REGULAR PLAN - IDCW (Payout/Reinvestment),81.1400
2026-06-30,102941,SBI MIDCAP FUND - REGULAR PLAN - GROWTH,240.7937
2026-06-30,102942,SBI Midcap Fund - Regular Plan - Income Distribution cum Capital Withdrawal Option (IDCW),98.3917
2026-06-30,102947,HDFC Hybrid Equity Fund - IDCW Plan,15.049
2026-06-30,102948,HDFC Hybrid Equity Fund - Growth Plan,113.028
2026-06-30,103024,SBI LARGE & MIDCAP FUND- REGULAR PLAN -Growth,643.6818
2026-06-30,103025,UTI Dividend Yield Fund - Regular Plan - IDCW,32.8809
2026-06-30,103026,UTI-Dividend Yield Fund.-Growth,174.6995
2026-06-30,103034,SBI MNC FUND - REGULAR PLAN -GROWTH,392.1611
2026-06-30,103039,Kotak Contra Fund - Regular Plan - IDCW - Payout & Re-investment of Income Distribution cum capital withdrawal option,52.305
2026-06-30,103040,Kotak Contra Fund - Regular Plan - Growth,151.743
2026-06-30,103048,Nippon India Money Market Fund-Growth Plan-Growth Option,4421.5709
2026-06-30,103050,NIPPON INDIA MONEY MARKET FUND - DAILY IDCW Option,1007.0257
2026-06-30,103051,NIPPON INDIA MONEY MARKET FUND - WEEKLY IDCW Option,1007.6371
2026-06-30,103052,NIPPON INDIA MONEY MARKET FUND - MONTHLY IDCW Option,1024.6836
2026-06-30,103085,Nippon India Value Fund- Growth Plan,223.3826
2026-06-30,103086,NIPPON INDIA VALUE FUND - IDCW Option,41.4714
2026-06-30,103097,UTI Value Fund - Regular Plan - IDCW,47.5356
2026-06-30,103098,UTI Value Fund - Regular Plan - Growth Option,163.1135
2026-06-30,103110,Aditya Birla Sun Life Consumption Fund -Regular - IDCW,35.17
2026-06-30,103111,Aditya Birla Sun Life Consumption Fund-Growth Option,202.69
2026-06-30,103114,SBI MNC Fund - Regular Plan - Income Distribution cum Capital Withdrawal Option (IDCW),119.8021
2026-06-30,103130,HDFC Multi-Asset Fund - IDCW Option,16.756
2026-06-30,103131,HDFC Multi-Asset Fund - Growth Option,73.624
2026-06-30,103140,SBI Overnight Fund - Regular Plan - Weekly Income Distribution cum Capital Withdrawal Option (IDCW),1399.2064
2026-06-30,103145,SBI COMMA Fund - REGULAR PLAN - Growth,114.6346
2026-06-30,103146,SBI Comma Fund - Regular Plan - Income Distribution cum Capital Withdrawal Option (IDCW),65.0675
2026-06-30,103149,ICICI Prudential Infrastructure Fund - Growth,204.06
2026-06-30,103150,ICICI Prudential Infrastructure Fund - IDCW,28.73
2026-06-30,103151,Franklin India Opportunities Fund - Growth,259.4512
2026-06-30,103154,Aditya Birla Sun Life Equity Hybrid'95 Fund -Regular - IDCW,168.74
2026-06-30,103155,Aditya Birla Sun Life Equity Hybrid'95 Fund - Regular Plan-Growth,1512.71
2026-06-30,103158,Tata Treasury Advantage Fund Regular Plan - Weekly Payout of IDCW Option,1008.0658
2026-06-30,103159,Tata Treasury Advantage Fund - Regular Plan - Growth Option,4176.8519
2026-06-30,103160,Tata Treasury Advantage Fund Regular Plan - Daily Reinvestment of IDCW Option,1003.5288
2026-06-30,103164,Aditya Birla Sun Life ELSS Tax Saver Fund-Regular - IDCW,187.03
2026-06-30,103165,Aditya Birla Sun Life Flexi Cap Fund -Regular - IDCW,162.02
2026-06-30,103166,Aditya Birla Sun Life Flexi Cap Fund - Growth - Regular Plan,1880.72
2026-06-30,103167,Aditya Birla Sun Life Digital India Fund -Regular - IDCW,34.33
2026-06-30,103168,Aditya Birla Sun Life Digital India Fund - Growth - Regular Plan,138.38
2026-06-30,103173,Aditya Birla Sun Life Large Cap Fund-Regular - IDCW,37.78
2026-06-30,103174,Aditya Birla Sun Life Large Cap Fund-Growth,507.65
2026-06-30,103178,Aditya Birla Sun Life Corporate Bond Fund - Growth - Regular Plan,119.2515
2026-06-30,103183,Aditya Birla Sun Life Corporate Bond Fund -REGULAR - MONTHLY IDCW,12.6712
2026-06-30,103192,Aditya Birla Sun Life Low Duration Fund -Regular- Growth Plan,694.4551
2026-06-30,103193,Aditya Birla Sun Life Low Duration Fund -REGULAR - WEEKLY IDCW,101.0012
2026-06-30,103196,Nippon India ELSS Tax Saver Fund-Growth Plan-Growth Option,130.7897
2026-06-30,103197,NIPPON INDIA ELSS TAX SAVER FUND - IDCW Option,33.9721
2026-06-30,103215,SBI Flexicap Fund - REGULAR PLAN -Growth Option,106.7164
2026-06-30,103216,SBI Flexicap Fund - Regular Plan - Income Distribution cum Capital Withdrawal Option (IDCW),47.7852
2026-06-30,103225,quant Liquid Fund - Growth Option - Regular Plan,43.6654
2026-06-30,103226,quant Liquid Fund-Daily IDCW Option - Regular Plan,12.6475
2026-06-30,103227,quant Liquid Fund - Weekly IDCW Option - Regular Plan,14.5048
2026-06-30,103228,quant Liquid Fund - Monthly IDCW Option - Regular Plan,15.1472
2026-06-30,103233,Kotak Large & Midcap Fund - IDCW-Regular,60.746
2026-06-30,103234,Kotak Large & Midcap Fund - Growth-Regular,348.188
2026-06-30,103308,Aditya Birla Sun Life Focused Fund -Regular - IDCW,24.4591
2026-06-30,103309,Aditya Birla Sun Life Focused Fund -Growth Option,143.2574
2026-06-30,103312,ICICI Prudential Exports & Services Fund - Growth,165.81
2026-06-30,103313,ICICI Prudential Exports & Services Fund - IDCW,37.37
2026-06-30,103338,Kotak ELSS Tax Saver Fund-Payout of Income Distribution cum capital withdrawal option,42.783
2026-06-30,103339,Kotak ELSS Tax Saver Fund-Growth,114.318
2026-06-30,103340,ICICI Prudential Liquid Fund - Growth,410.6942
2026-06-30,103342,ICICI Prudential Liquid Fund - Weekly IDCW,100.2254
2026-06-30,103343,ICICI Prudential Liquid Fund - Daily IDCW,100.1513
2026-06-30,103347,DSP Liquidity Fund - Regular Plan - Growth,3963.6232
2026-06-30,103348,DSP Liquidity Fund - Regular Plan - IDCW - Weekly,1002.7575
2026-06-30,103349,DSP Liquidity Fund- Regular Plan - IDCW - Daily,1001.4663
2026-06-30,103360,Franklin India Small Cap Fund-Growth,175.4122
2026-06-30,103361,Franklin India Small Cap Fund - IDCW,43.8488
2026-06-30,103389,CANARA ROBECO INFRASTRUCTURE FUND - REGULAR PLAN - IDCW (Payout/Reinvestment),65.5100
2026-06-30,103390,CANARA ROBECO INFRASTRUCTURE FUND - REGULAR PLAN - GROWTH OPTION,170.6600
2026-06-30,103400,SBI Multi Asset Allocation Fund - Regular Plan - Monthly Income Distribution cum Capital Withdrawal Option (IDCW),29.6675
2026-06-30,103401,SBI Multi Asset Allocation Fund - Regular Plan - Quarterly Income Distribution cum Capital Withdrawal Option (IDCW),29.6386
2026-06-30,103408,SBI MULTI ASSET ALLOCATION FUND - REGULAR PLAN - GROWTH,66.3465
2026-06-30,103409,SBI Multi Asset Allocation Fund - Regular Plan - Annual Income Distribution cum Capital Withdrawal Option (IDCW),37.5178
2026-06-30,103475,Aditya Birla Sun Life Infrastructure Fund -  Regular - IDCW,29.41
2026-06-30,103476,Aditya Birla Sun Life Infrastructure Fund-Growth,107.09
2026-06-30,103490,Quantum Value Fund - Direct Plan Growth Option,123.52
2026-06-30,103491,Quantum Value Fund - Direct Plan IDCW,123.77
2026-06-30,103504,SBI Large Cap FUND-REGULAR PLAN GROWTH,93.6061
2026-06-30,103616,SBI Large Cap Fund - Regular Plan - Income Distribution cum Capital Withdrawal Option (IDCW),53.2510
2026-06-30,103633,ICICI Prudential Money Market Fund Option - Growth,404.2486
2026-06-30,103634,ICICI Prudential Money Market Fund Option - Daily IDCW,100.1295
2026-06-30,103635,ICICI Prudential Money Market Fund Option - Weekly IDCW,100.7534
2026-06-30,103678,Franklin India Dividend Yield Fund-Growth Plan,135.2635
2026-06-30,103679,Franklin India Dividend Yield Fund - IDCW,23.4729
2026-06-30,103734,Quantum Liquid Fund - Direct Plan Growth Option,37.2885
2026-06-30,103735,Quantum Liquid Fund - Direct Plan Monthly IDCW,10.0210
2026-06-30,103736,Quantum Liquid Fund - Direct Plan Daily IDCW,10.0109
2026-06-30,103743,Sundaram Consumption Fund (Formerly Known as Sundaram Rural and Consumption Fund Regular Plan - Income Distribution cum Capital Withdrawal (IDCW),23.5497
2026-06-30,103780,JM Arbitrage Fund (Regular) - Growth Option,34.3743
2026-06-30,103781,JM Arbitrage Fund (Regular) - IDCW,15.9543
2026-06-30,103819,DSP Large & Mid Cap Fund - Regular Plan - Growth,617.480
2026-06-30,103820,DSP Large & Mid Cap Fund - Regular Plan - IDCW,36.134
2026-06-30,103883,SBI ELSS Tax Saver Fund - Regular Plan - Income Distribution cum Capital Withdrawal Option (IDCW),88.1744
2026-06-30,103884,SBI Ultra Short Duration Fund - Regular Plan - Weekly Income Distribution cum Capital Withdrawal Option (IDCW),1266.9182
2026-06-30,103885,Aditya Birla Sun Life Liquid Fund -Regular - IDCW,103.6949
2026-06-30,104074,UTI Arbitrage Fund - Regular Plan - IDCW,20.96
2026-06-30,104075,UTI Arbitrage Fund - Regular Plan - Growth Option,37.1021
2026-06-30,104138,DSP Ultra Short Fund - Regular Plan - Growth,3608.7782
2026-06-30,104139,DSP Ultra Short Fund - Regular Plan - IDCW - Weekly Reinvest,1006.6960
2026-06-30,104140,DSP Ultra Short Fund - Regular Plan - IDCW - Daily Reinvest,1005.4914
2026-06-30,104457,SBI Arbitrage Opportunities Fund - Regular Plan - Gr,35.7929
2026-06-30,104458,SBI Arbitrage Opportunities Fund - Regular Plan - Income Distribution cum Capital Withdrawal Option (IDCW),18.8231
2026-06-30,104481,DSP Midcap Fund - Regular Plan - Growth,152.641
2026-06-30,104482,DSP Midcap Fund - Regular Plan - IDCW,29.074
2026-06-30,104484,Invesco India Liquid Fund - Daily IDCW (Reinvestment),1002.7594
2026-06-30,104485,Invesco India Liquid Fund - Weekly IDCW (Reinvestment),1019.2805
2026-06-30,104486,Invesco India Liquid Fund - Growth,3815.1996
2026-06-30,104488,Invesco India Liquid Fund - Regular - Growth,3361.2782
2026-06-30,104489,Invesco India Liquid Fund - Regular - Weekly IDCW (Reinvestment),1004.768
2026-06-30,104492,Invesco India Liquid Fund - Monthly IDCW (Payout / Reinvestment),1003.819
2026-06-30,104513,quant Large & Mid Cap Fund - Growth Option,123.8439
2026-06-30,104514,quant Large & Mid Cap Fund - IDCW Option - Regular Plan,75.5942
2026-06-30,104523,SBI ESG Exclusionary Strategy Fund - Regular Plan - Growth,235.6983
2026-06-30,104559,CANARA ROBECO SAVINGS FUND - REGULAR PLAN - DAILY IDCW (Reinvestment),10.2600
2026-06-30,104635,Invesco India ELSS Tax Saver Fund - Regular Plan - IDCW Payout,23.86
2026-06-30,104636,Invesco India ELSS Tax Saver Fund - Regular Plan - Growth,121.91
2026-06-30,104637,Nippon India Focused Fund -Growth Plan -Growth Option,121.8501
2026-06-30,104638,NIPPON INDIA FOCUSED  FUND - IDCW OPTION,32.6216
2026-06-30,104681,ICICI Prudential Arbitrage Fund - IDCW,15.3945
2026-06-30,104683,ICICI Prudential Arbitrage Fund - Growth,36.3148
2026-06-30,104685,ICICI Prudential Balanced Advantage Fund - Growth,77.17
2026-06-30,104686,ICICI Prudential Balanced Advantage Fund - IDCW,18.01
2026-06-30,104722,Invesco India Low Duration Fund - Regular - Weekly IDCW (Reinvestment),1445.6723
2026-06-30,104723,Invesco India Low Duration Fund - Regular - Monthly IDCW (Reinvestment),1434.3223
2026-06-30,104725,Invesco India Low Duration Fund - Weekly IDCW (Payout / Reinvestment),1342.4909
2026-06-30,104726,Invesco India Low Duration Fund - Growth,4015.9443
2026-06-30,104728,Invesco India Low Duration Fund - Regular - Growth,3554.6726
2026-06-30,104729,Invesco India Low Duration Fund - Monthly IDCW (Payout / Reinvestment),1463.593
2026-06-30,104772,DSP ELSS Tax Saver Fund - Regular Plan - Growth,138.066
2026-06-30,104773,DSP ELSS Tax Saver Fund - Regular Plan - IDCW,21.938
2026-06-30,104907,Kotak Midcap Fund - Regular Plan - IDCW -Payout & Re-investment of Income Distribution cum capital withdrawal option,78.998
2026-06-30,104908,Kotak Midcap Fund - Regular Plan - Growth,143.835
2026-06-30,105000,Sundaram Large and Midcap Regular Plan - Income Distribution cum Capital Withdrawal (IDCW),30.0131
2026-06-30,105001,Sundaram Large and Midcap Fund Regular Plan - Growth,88.9286
2026-06-30,105024,Invesco India Low Duration Fund - Regular Daily IDCW (Reinvestment),1767.9909
2026-06-30,105025,Invesco India Low Duration Fund - Daily IDCW (Reinvestment),1017.9524
2026-06-30,105067,Franklin India INDEX FUND- NSE NIFTY 50 INDEX FUND - IDCW,167.1314
2026-06-30,105080,SBI Ultra Short Duration Fund - Regular Plan - Daily Income Distribution cum Capital Withdrawal Option (IDCW),2392.2847
2026-06-30,105185,Invesco India Short Duration Fund - Regular Plan - Growth,3762.1862
2026-06-30,105187,Invesco India Short Duration Fund - Plan B - Monthly IDCW (Payout / Reinvestment),2450.7689
2026-06-30,105189,Invesco India Short Duration Fund - Plan B - Growth,3737.7647
2026-06-30,105190,Invesco India Short Duration Fund - Regular Plan - Weekly IDCW (Reinvestment),1019.8881
2026-06-30,105191,Invesco India Short Duration Fund - Regular Plan - Monthly IDCW (Payout / Reinvestment),1049.5529
2026-06-30,105192,Invesco India Short Duration Fund - Plan B - Weekly IDCW (Reinvestment),1016.3909
2026-06-30,105274,SBI Liquid Fund - Institutional - Growth,4377.4836
2026-06-30,105275,SBI Liquid Fund - Institutional Daily Income Distribution cum Capital Withdrawal Option (IDCW),1406.3270
2026-06-30,105280,SBI Liquid Fund - REGULAR PLAN -Growth,4336.4789
2026-06-30,105281,SBI Liquid Fund - Regular Plan - Daily Income Distribution cum Capital Withdrawal Option (IDCW),1140.7391
2026-06-30,105282,SBI Liquid Fund - Regular Plan - Weekly Income Distribution cum Capital Withdrawal Option (IDCW),1380.3719
2026-06-30,105283,SBI Liquid Fund - Regular Plan - Fortnightly Income Distribution cum Capital Withdrawal Option (IDCW),1423.1511
2026-06-30,105417,Taurus Infrastructure Fund - Regular Plan - Growth,64.93
2026-06-30,105418,Taurus Infrastructure Fund - Regular Plan - Payout of Income Distribution cum Capital Withdrawal option,60.98
2026-06-30,105459,Invesco India Contra Fund - Regular Plan - IDCW (Payout / Reinvestment),48.31
2026-06-30,105460,Invesco India Contra Fund - Regular Plan - Growth,131.88
2026-06-30,105463,UTI GOLD Exchange Traded Fund,118.1762
2026-06-30,105503,Invesco India Midcap Fund - Regular Plan - Growth Option,195.1
2026-06-30,105504,Invesco India Midcap Fund - Regular Plan - IDCW (Payout / Reinvestment),60.8
2026-06-30,105543,HDFC Low Duration  Fund - Monthly IDCW,10.1469
2026-06-30,105548,HDFC Low Duration  Fund - Daily IDCW,10.1428
2026-06-30,105578,UTI Low Duration Fund - Discontinued - Periodic Dividend Plan,1076.9144
2026-06-30,105603,Invesco India Arbitrage Fund - Regular Plan - Growth Option,33.7942
2026-06-30,105604,Invesco India Arbitrage Fund - Regular Plan - IDCW (Payout / Reinvestment),18.0354
2026-06-30,105605,UTI Low Duration Fund - Regular Plan - Daily IDCW (Reinvestment),1455.2627
2026-06-30,105627,UTI Low Duration Fund - Regular Plan - Weekly IDCW,1458.9443
2026-06-30,105628,SBI ELSS Tax Saver FUND - REGULAR PLAN- GROWTH,434.9133
2026-06-30,105637,JM Dynamic Bond Fund (Regular) - Weekly IDCW,10.5475
2026-06-30,105639,JM Dynamic Bond Fund (Regular) - Daily IDCW,10.055
2026-06-30,105658,UTI Low Duration Fund - Regular Plan - Monthly IDCW,1484.3983
2026-06-30,105659,UTI Low Duration Fund - Discontinued Flexi Dividend Plan,1095.9755
2026-06-30,105667,DSP Strategic Bond Fund - Regular Plan - IDCW - Monthly,1074.5852
2026-06-30,105668,DSP Strategic Bond Fund - Regular Plan - IDCW,1278.6498
2026-06-30,105669,DSP Strategic Bond Fund - Regular Plan - Growth,3464.8405
2026-06-30,105670,UTI Low Duration Fund - Discontinued Monthly Dividend Option,1018.3734
2026-06-30,105689,Nippon India Interval Fund-Quarterly Interval Fund Series-II-Growth Option,38.1238
2026-06-30,105692,NIPPON INDIA QUARTERLY INTERVAL FUND - SERIES II - IDCW Option,13.3680
2026-06-30,105757,HDFC Mid Cap Fund - IDCW Plan,51.36
2026-06-30,105758,HDFC Mid Cap Fund - Growth Plan,204.713
2026-06-30,105804,Aditya Birla Sun Life Small Cap Fund - GROWTH,95.2692
2026-06-30,105805,Aditya Birla Sun Life Small Cap Fund -Regular - IDCW,39.4281
2026-06-30,105816,Franklin India Focused Equity Fund - IDCW,33.3437
2026-06-30,105817,Franklin India Focused Equity Fund - Growth Plan,100.3890
2026-06-30,105822,LIC MF Banking & PSU Fund-Regular Plan-Daily IDCW,11.7914
2026-06-30,105823,LIC MF Banking & PSU Fund-Regular Plan-Growth,36.752
2026-06-30,105856,LIC MF Banking & PSU Fund-Regular Plan-Monthly IDCW,13.7549
2026-06-30,105857,LIC MF Banking & PSU Fund-Regular Plan-Weekly IDCW,10.4296
2026-06-30,105875,DSP Flexi Cap Fund - Regular Plan - Growth,102.463
2026-06-30,105878,DSP Strategic Bond Fund - Regular Plan - IDCW - Weekly,1060.5519
2026-06-30,105887,Aditya Birla Sun Life Savings Fund-Regular - weekly IDCW,100.4982
2026-06-30,105888,Aditya Birla Sun Life Savings Fund-Regular - DAILY IDCW,100.0287
2026-06-30,105967,Kotak Arbitrage Fund - Regular Plan - IDCW - Payout & Re-investment of Income Distribution cum capital withdrawal option,10.7075
2026-06-30,105968,Kotak Arbitrage Fund - Regular Plan - Growth,39.6778
2026-06-30,105989,DSP Small Cap Fund - Regular - Growth,217.965
2026-06-30,106095,SBI Infrastructure Fund - Regular Plan - Income Distribution cum Capital Withdrawal Option (IDCW),45.4917
2026-06-30,106096,SBI INFRASTRUCTURE FUND -  REGULAR PLAN - GROWTH,51.1383
2026-06-30,106143,Invesco India Large & Mid Cap Fund - Regular Plan - IDCW (Payout / Reinvestment),43.79
2026-06-30,106144,Invesco India Large & Mid Cap Fund - Regular Plan - Growth,108.25
2026-06-30,106166,CANARA ROBECO EQUITY HYBRID FUND - REGULAR PLAN - GROWTH OPTION,362.4400
2026-06-30,106167,CANARA ROBECO EQUITY HYBRID FUND - REGULAR PLAN - MONTHLY IDCW (Payout/Reinvestment),91.1400
2026-06-30,106168,JM Value Fund (Regular) - IDCW,66.1307
2026-06-30,106169,quant Infrastructure Fund - IDCW Option - Regular Plan,41.6275
2026-06-30,106170,quant Infrastructure Fund - Growth Option,41.7207
2026-06-30,106171,Invesco India Corporate Bond Fund - Regular Plan - Monthly IDCW (Payout / Reinvestment),1923.2414
2026-06-30,106172,Invesco India Corporate Bond Fund - Regular Plan - Quarterly IDCW (Payout / Reinvestment),1165.3602
2026-06-30,106177,Invesco India Corporate Bond Fund - Regular Plan - Growth,3355.4671
2026-06-30,106179,Invesco India Corporate Bond Fund - Regular Plan - Annual IDCW (Payout / Reinvestment),1335.7535
2026-06-30,106183,UTI Annual Interval Fund - I - Regular Plan - Growth Option,36.1594
2026-06-30,106185,UTI Annual Interval Fund - I - ( Instn Growth Option ),37.6134
2026-06-30,106186,UTI Annual Interval Fund - I - Regular Plan - IDCW,11.0019
2026-06-30,106193,KOTAK GOLD ETF,117.2108
2026-06-30,106212,SBI LOW DURATION FUND - REGULAR PLAN - GROWTH,3696.6267
2026-06-30,106213,SBI Low Duration Fund - Regular Plan - Daily Income Distribution cum Capital Withdrawal Option (IDCW),1439.8885
2026-06-30,106214,SBI Low Duration Fund - Regular Plan - Weekly Income Distribution cum Capital Withdrawal Option (IDCW),1439.8753
2026-06-30,106215,SBI Low Duration Fund - Regular Plan - Fornightly Income Distribution cum Capital Withdrawal Option (IDCW),1465.0906
2026-06-30,106216,SBI Low Duration Fund - Regular Plan - Monthly Income Distribution cum Capital Withdrawal Option (IDCW),1621.2918
2026-06-30,106217,SBI Short Horizon Debt Fund - Ultra Short Term Fund - Institutional Plan - Growth,3761.8194
2026-06-30,106221,SBI Short Horizon Debt Fund - Ultra Short Term Fund - Institutional Plan - Daily Income Distribution cum Capital Withdrawal Option (IDCW),1440.2275
2026-06-30,106222,SBI Short Horizon Debt Fund - Ultra Short Term Fund- Institutional Plan - Weekly Income Distribution cum Capital Withdrawal Option (IDCW),1436.6523
2026-06-30,106227,SBI SHORT HORIZON DEBT FUND-SHORT TERM FUND - RETAIL - GROWTH,38.4383
2026-06-30,106228,SBI Short Horizon Debt Fund - Short Term Fund - Retail Dividend - Weekly Income Distribution cum Capital Withdrawal Option (IDCW),15.9449
2026-06-30,106229,SBI Short Horizon Debt Fund - Short Term Fund - Retail Dividend - Monthly Income Distribution cum Capital Withdrawal Option (IDCW),17.6058
2026-06-30,106230,SBI Short Horizon Debt Fund - Short Term Fund - Retail Dividend - Fortnightly Income Distribution cum Capital Withdrawal Option (IDCW),15.9689
2026-06-30,106231,SBI SHORT TERM DEBT FUND - REGULAR PLAN -GROWTH,33.9736
2026-06-30,106232,SBI Short Term Debt Fund - Regular Plan Weekly Income Distribution cum Capital Withdrawal Option (IDCW),15.4039
2026-06-30,106233,SBI Short Term Debt Fund - Regular Plan - Monthly Income Distribution cum Capital Withdrawal Option (IDCW),18.7826
2026-06-30,106234,SBI Short Term Debt Fund - Regular Plan Fortnightly Income Distribution cum Capital Withdrawal Option (IDCW),15.3887
2026-06-30,106235,Nippon India Large Cap  Fund- Growth Plan -Growth Option,89.3882
2026-06-30,106236,NIPPON INDIA LARGE CAP FUND - IDCW Option,26.1343
2026-06-30,106240,Nippon India Large Cap Fund- Growth Plan Bonus Option,89.3882
2026-06-30,106260,NIPPON INDIA GROWTH MID CAP FUND - INSTITUTIONAL Plan - IDCW Option,1359.2922
2026-06-30,106316,Invesco India Balanced Advantage Fund - Regular Plan - IDCW (Payout / Reinvestment),17.33
2026-06-30,106317,Invesco India Balanced Advantage Fund - Regular Plan - Growth,52.01
2026-06-30,106369,Sundaram Global Brand Theme-Equity Active FOF - Regular IDCW,33.6057
2026-06-30,106370,Sundaram Global Brand Theme-Equity Active FOF - Regular Growth,41.5715
2026-06-30,106383,UTI Short Duration Fund - Discontinued Regular Option - Dividend Sub Option,24.9364
2026-06-30,106384,UTI Short Duration Fund - Discontinued Regular Option -Growth Sub Option,47.1701
2026-06-30,106425,UTI India Consumer Fund - Regular Plan - Growth Option,55.8814
2026-06-30,106426,UTI India Consumer Fund - Regular Plan - IDCW,48.848
2026-06-30,106441,Kotak Global Emerging Market Overseas Equity Omni FOF- Growth,40.823
2026-06-30,106442,Kotak Global Emerging Market Overseas Equity Omni FOF - Payout of Income Distribution cum capital withdrawal option,40.826
2026-06-30,106596,DSP World Gold Mining Overseas Equity Omni FoF - Regular Plan - IDCW,29.8490
2026-06-30,106597,DSP World Gold Mining Overseas Equity Omni FoF - Regular Plan - Growth,49.2738
2026-06-30,106624,UTI Short Duration Fund - Regular Plan - Growth Option,33.5095
2026-06-30,106653,Invesco India Infrastructure Fund - Regular Plan - IDCW (Payout / Reinvestment),44.68
2026-06-30,106654,Invesco India Infrastructure Fund - Regular Plan - Growth Option,69.52
2026-06-30,106793,HDFC ARBITRAGE FUND - Regular Plan -Growth Option,32.437
2026-06-30,106822,ICICI Prudential Smallcap Fund - IDCW,33.07
2026-06-30,106823,ICICI Prudential Smallcap Fund - Growth,89.08
2026-06-30,106838,HDFC Floating Rate Debt Fund - Daily IDCW Option,10.0809
2026-06-30,106839,HDFC Floating Rate Debt Fund - Monthly IDCW Option,10.1545
2026-06-30,106840,HDFC Floating Rate Debt Fund - Weekly IDCW Option,10.0501
2026-06-30,106841,HDFC Floating Rate Debt Fund - Growth Option,53.2707
2026-06-30,106871,LIC MF Large Cap Fund-Regular Plan-Growth,52.9257
2026-06-30,106872,Aditya Birla Sun Life International Equity Fund - Regular - IDCW,22.3671
2026-06-30,106873,Aditya Birla Sun Life International Equity Fund - Growth - Regular Plan,52.4866
2026-06-30,106929,Kotak Nifty PSU Bank ETF,850.9928
2026-06-30,106978,Franklin Asian Equity Fund - IDCW,21.3975
2026-06-30,106979,Franklin Asian Equity Fund - Growth Plan,45.3320
2026-06-30,106980,UTI Short Duration Fund - Regular Plan - Quarterly IDCW,17.3401
2026-06-30,107287,JM ELSS Tax Saver Fund (Regular) - IDCW,49.8446
2026-06-30,107288,JM ELSS Tax Saver Fund (Regular) - Growth option,49.8453
2026-06-30,107352,Invesco India Multicap Fund - Regular Plan - IDCW (Payout / Reinvestment),116.45
2026-06-30,107353,Invesco India Multicap Fund - Regular Plan - Growth Option,128.43
2026-06-30,107409,JM Focused Fund (Regular) - IDCW,19.7942
2026-06-30,107410,JM Focused Fund (Regular) - Growth Option,19.7949
2026-06-30,107471,Invesco India Gilt Fund - Regular Plan - Monthly IDCW (Reinvestment),1650.1743
2026-06-30,107472,Invesco India Gilt Fund - Regular Plan - Quarterly IDCW (Payout / Reinvestment),1335.7087
2026-06-30,107476,Invesco India Gilt Fund - Regular Plan - Annual IDCW (Payout / Reinvestment),1179.4268
2026-06-30,107477,Invesco India Gilt Fund - Regular Plan - Growth,2929.6272
2026-06-30,107524,HDFC Infrastructure Fund - Growth Plan,48.023
2026-06-30,107525,HDFC Infrastructure Fund - IDCW Plan,20.595
2026-06-30,107578,Mirae Asset Large Cap Fund - Growth Plan,110.539
2026-06-30,107579,Mirae Asset Large Cap Fund Regular IDCW,28.313
2026-06-30,107693,Quantum Gold ETF,116.3559
2026-06-30,107700,Mirae Asset Low Duration Fund - Regular Plan - Daily IDCW,1005.1646
2026-06-30,107701,Mirae Asset Low Duration Fund - Regular Plan - Weekly IDCW,1109.4591
2026-06-30,107702,Mirae Asset Low Duration Fund - Regular Plan - Quarterly IDCW,1027.8065
2026-06-30,107704,Mirae Asset Low Duration Fund - Regular Plan - Monthly IDCW,1089.9211
2026-06-30,107705,Mirae Asset Low Duration Fund - Regular Plan - Growth,2394.6295
2026-06-30,107745,Aditya Birla Sun Life ELSS Tax Saver Fund - Growth Option,60.96
2026-06-30,107763,LIC MF Infrastructure Fund-Regular Plan-Growth,55.0377
2026-06-30,107764,LIC MF Infrastructure Fund-Regular Plan-IDCW,55.0392
2026-06-30,107988,HSBC Global Emerging Markets Fund - Growth,35.1133
2026-06-30,107989,HSBC Global Emerging Markets Fund - IDCW,24.772
2026-06-30,108166,Aditya Birla Sun Life Value Fund - Regular - IDCW,43.7332
2026-06-30,108167,Aditya Birla Sun Life Value Fund - Growth Option,132.8444
2026-06-30,108202,DSP Natural Resources And New Energy Fund - Regular - Growth,105.025
2026-06-30,108203,DSP Natural Resources And New Energy Fund - Regular Plan - IDCW,30.859
2026-06-30,108249,Nippon India Quant Fund -Growth Plan - Growth Option,72.0947
2026-06-30,108252,NIPPON INDIA QUANT FUND - IDCW Option,38.4331
2026-06-30,108258,Nippon India Quant Fund -Growth Plan -Bonus Option,72.0947
2026-06-30,108272,Aditya Birla Sun Life Banking & PSU Debt Fund  - REGULAR - IDCW,149.2618
2026-06-30,108273,Aditya Birla Sun Life Banking & PSU Debt Fund - Regular Plan-Growth,386.6705
2026-06-30,108274,Aditya Birla Sun Life Banking & PSU Debt Fund  - REGULAR - Quarterly IDCW,102.2662
2026-06-30,108377,Invesco India Financial Services Fund - Regular Plan -  IDCW (Payout / Reinvestment),75.29
2026-06-30,108378,Invesco India Financial Services Fund - Regular Plan - Growth,147.64
2026-06-30,108402,Taurus ELSS Tax Saver Fund - Regular Plan - Payout of Income Distribution cum Capital Withdrawal option,82.56
2026-06-30,108403,Taurus Large Cap Fund - Regular Plan - Payout of Income Distribution cum Capital Withdrawal option,67.50
2026-06-30,108465,ICICI Prudential Large Cap Fund (erstwhile Bluechip Fund)  - IDCW,29.00
2026-06-30,108466,ICICI Prudential Large Cap Fund (erstwhile Bluechip Fund)  - Growth,107.56
2026-06-30,108479,Quantum Nifty 50 ETF,262.2079
2026-06-30,108511,Kotak Dynamic Bond Fund Regular Plan Growth,39.3924
2026-06-30,108544,Bandhan Income Plus Arbitrage Active FOF - Regular Plan - Quarterly IDCW,12.8182
2026-06-30,108545,Bandhan Income Plus Arbitrage Active FOF - Regular Plan - Growth,46.3917
2026-06-30,108546,Bandhan Income Plus Arbitrage Active FOF - Regular Plan - Half Yearly IDCW,13.1415
2026-06-30,108547,Bandhan Income Plus Arbitrage Active FOF - Regular Plan - Annual IDCW,14.7258
2026-06-30,108557,Bandhan Gilt Fund - Regular Plan - Quarterly IDCW,12.0854
2026-06-30,108558,Bandhan Gilt Fund - Regular - Plan B - Half Yearly IDCW,11.8045
2026-06-30,108559,Bandhan Gilt Fund - Regular Plan - Annual IDCW,11.6871
2026-06-30,108561,BANDHAN Dynamic Bond Fund - Regular Plan B - Quarterly IDCW,11.7047
2026-06-30,108592,Bandhan Focused Fund - Regular Plan - Growth,87.426
2026-06-30,108593,Bandhan Focused Fund - Regular Plan - IDCW,18.722
2026-06-30,108594,BANDHAN Flexi Cap Fund - Regular Plan - Growth,207.724
2026-06-30,108595,BANDHAN Flexi Cap Fund - Regular Plan - IDCW,46.492
2026-06-30,108596,Bandhan Large & Mid Cap Fund - Regular Plan - Growth,138.620
2026-06-30,108597,Bandhan Large & Mid Cap Fund - Regular Plan - IDCW,27.416
2026-06-30,108632,BANDHAN Low Duration Fund - Regular Plan - Growth,40.9434
2026-06-30,108633,BANDHAN Low Duration Fund - Regular Plan - Daily IDCW,10.1015
2026-06-30,108634,BANDHAN Low Duration Fund - Regular Plan - Weekly IDCW,10.1274
2026-06-30,108635,BANDHAN Low Duration Fund - Regular Plan - Monthly IDCW,10.1086
2026-06-30,108644,Bandhan Gilt Fund with 10 year constant duration Fund - Regular Plan - Monthly IDCW,10.4162
2026-06-30,108646,Bandhan Gilt Fund with 10 year constant duration Fund - Regular Plan - Quarterly IDCW,11.5771
2026-06-30,108650,BANDHAN Money Market Fund - Regular Plan - Daily IDCW,10.0994
2026-06-30,108675,BANDHAN Dynamic Bond Fund - Regular Plan B - Annual IDCW,11.6661
2026-06-30,108690,BANDHAN LIQUID Fund - Regular Plan - Growth,3350.1571
2026-06-30,108691,BANDHAN LIQUID Fund - Regular Plan - Weekly IDCW,1002.6273
2026-06-30,108692,BANDHAN LIQUID Fund - Regular Plan - Daily IDCW,1001.4161
2026-06-30,108693,BANDHAN LIQUID Fund - Regular Plan - Monthly IDCW,1001.5244
2026-06-30,108701,Bandhan Money Market Fund - Regular Plan - Weekly IDCW,10.1384
2026-06-30,108713,Bandhan Short Duration Fund - Regular Plan - Fortnightly IDCW,10.5010
2026-06-30,108727,Bandhan Medium Duration Fund - Regular Plan - Monthly IDCW,10.2370
2026-06-30,108728,Bandhan Medium Duration Fund - Regular Plan - Growth,48.3451
2026-06-30,108729,Bandhan Medium Duration Fund - Regular Plan - Fortnightly IDCW,10.3658
2026-06-30,108730,Bandhan Medium Duration Fund - Regular Plan - Bi-Monthly IDCW,10.4858
2026-06-30,108731,Bandhan Medium Duration Fund - Regular Plan - Daily IDCW,10.2872
2026-06-30,108753,Bandhan Gilt Fund with 10 year constant duration Fund - Regular Plan - Growth,48.3268
2026-06-30,108756,BANDHAN Money Market Fund - Regular Plan - Growth,42.9388
2026-06-30,108757,BANDHAN Money Market Fund - Regular Plan - Monthly IDCW,10.2567
2026-06-30,108763,Bandhan Medium to Long Duration Fund - Regular Plan - Half-yearly IDCW,12.2532
2026-06-30,108764,Bandhan Medium to Long Duration Fund - Regular Plan - Quarterly IDCW,12.2206
2026-06-30,108765,Bandhan Medium to Long Duration Fund - Regular Plan - Growth,68.1920
2026-06-30,108766,Bandhan Medium to Long Duration Fund - Regular Plan - Annual IDCW,12.0047
2026-06-30,108767,Bandhan Short Duration Fund - Regular Plan - Monthly IDCW,10.3666
2026-06-30,108768,Bandhan Short Duration Fund - Regular Plan - Growth,60.7624
2026-06-30,108799,BANDHAN Large Cap Fund - Regular Plan - Growth,76.458
2026-06-30,108800,BANDHAN Large Cap Fund - Regular Plan - IDCW,21.076
2026-06-30,108845,BANDHAN Arbitrage Fund - Regular Plan - Growth,34.2414
2026-06-30,108847,BANDHAN Arbitrage Fund - Regular Plan - Monthly IDCW,10.6891
2026-06-30,108908,Bandhan Value Fund - Regular Plan - IDCW,36.501
2026-06-30,108909,Bandhan Value Fund - Regular Plan - Growth,146.032
2026-06-30,108992,BANDHAN Equity Savings Fund - Regular Plan - Monthly IDCW,10.836
2026-06-30,108995,BANDHAN Equity Savings Fund - Regular Plan - Growth,32.186
2026-06-30,109010,Kotak BSE Sensex ETF,83.7664
2026-06-30,109058,Sundaram Financial Services Opportunities Fund Regular Plan - Income Distribution cum Capital Withdrawal (IDCW),29.0701
2026-06-30,109059,Sundaram Financial Services Opportunities Fund Regular Plan - Growth,108.4719
2026-06-30,109254,BANK OF INDIA Liquid Fund- Regular Plan- Growth,3197.7213
2026-06-30,109255,BANK OF INDIA Liquid Fund- Regular Plan- Weekly IDCW,1005.6960
2026-06-30,109264,BANK OF INDIA Ultra Short Duration Fund- Regular Plan- Weekly IDCW,1005.5404
2026-06-30,109269,BANK OF INDIA Ultra Short Duration Fund- Regular Plan- Growth,3351.0125
2026-06-30,109274,quant Focused Fund - IDCW Option - Regular Plan,67.7337
2026-06-30,109275,quant Focused Fund - Growth Option - Regular Plan,91.095
2026-06-30,109349,CANARA ROBECO LIQUID FUND - REGULAR PLAN - DAILY IDCW (Reinvestment),1005.5000
2026-06-30,109350,CANARA ROBECO LIQUID FUND - REGULAR PLAN - WEEKLY IDCW (Payout/Reinvestment),1002.1695
2026-06-30,109351,CANARA ROBECO LIQUID FUND - REGULAR PLAN - MONTHLY IDCW (Payout/Reinvestment),1002.1955
2026-06-30,109353,CANARA ROBECO LIQUID FUND - REGULAR PLAN - GROWTH OPTION,3340.2372
2026-06-30,109366,CANARA ROBECO ULTRA SHORT TERM FUND - REGULAR PLAN - WEEKLY IDCW (Payout/Reinvestment),1243.4322
2026-06-30,109370,CANARA ROBECO ULTRA SHORT TERM FUND - REGULAR PLAN - MONTHLY IDCW (Payout/Reinvestment),1002.5530
2026-06-30,109371,CANARA ROBECO ULTRA SHORT TERM FUND - REGULAR PLAN - GROWTH OPTION,4023.4205
2026-06-30,109372,CANARA ROBECO ULTRA SHORT TERM FUND - REGULAR PLAN - DAILY IDCW (Reinvestment),1240.7100
2026-06-30,109445,ICICI Prudential Banking and Financial Services Fund -  Growth,132.02
2026-06-30,109446,ICICI Prudential Banking and Financial Services Fund -  IDCW,25.20
2026-06-30,109472,NIPPON INDIA CORPORATE BOND FUND - DAILY IDCW Option,17.0959
2026-06-30,109473,NIPPON INDIA CORPORATE BOND FUND - WEEKLY IDCW Option,17.0959
2026-06-30,109501,UTI Ultra Short Duration Fund - Regular Plan - Daily IDCW (Reinvestment),1049.835
2026-06-30,109522,JM Flexicap Fund (Regular) - Growth option,97.1636
2026-06-30,109523,JM Flexicap Fund (Regular) - IDCW,74.8721
2026-06-30,109716,Nippon India Gilt  Fund -P F Option-Automatic Annual Reinvest Option,32.9519
2026-06-30,109717,Nippon India Gilt  Fund - Institutional Plan-Growth Plan -Growth Option,40.0590
2026-06-30,109720,Nippon India Gilt  Fund -Growth Plan - Growth Option,39.2959
2026-06-30,109721,Nippon India Gilt  Fund -P F Option-Defined Maturity Date Option,39.2959
2026-06-30,109723,NIPPON INDIA GILT  FUND - MONTHLY IDCW Option,10.7964
2026-06-30,109724,Nippon India Gilt  Fund-P F Option-Automatic Capital Appreciation Payout Option,39.2959
2026-06-30,109740,ICICI Prudential Bond Fund - Growth,42.2790
2026-06-30,109741,ICICI Prudential Bond Fund - IDCW Monthly,11.5800
2026-06-30,109743,ICICI Prudential Bond Fund - IDCW Quarterly,11.5746
2026-06-30,109830,quant Flexi Cap Fund - Growth Option - Regular Plan,108.4045
2026-06-30,109831,quant Flexi Cap Fund - IDCW Option - Regular Plan,77.4788
2026-06-30,110282,Aditya Birla Sun Life Banking & PSU Debt Fund  - REGULAR - MONTHLY IDCW,112.677
2026-06-30,110598,BANK OF INDIA Large & Mid Cap Fund Regular Plan- Quarterly IDCW,33.47
2026-06-30,110599,BANK OF INDIA Large & Mid Cap Fund Eco Plan- Growth,101.74
2026-06-30,110601,BANK OF INDIA Large & Mid Cap Fund Eco Plan-Bonus,101.74
2026-06-30,110603,BANK OF INDIA Large & Mid Cap Fund Regular Plan- Growth,91.91
2026-06-30,110604,BANK OF INDIA Large & Mid Cap Fund Eco Plan-Quarterly IDCW,28.70
2026-06-30,110606,BANK OF INDIA Large & Mid Cap Fund Regular Plan-Bonus,91.90
2026-06-30,110607,BANK OF INDIA Large & Mid Cap Fund Regular Plan- Regular IDCW,27.43
2026-06-30,110608,BANK OF INDIA Large & Mid Cap Fund Eco Plan-Regular IDCW,28.49
2026-06-30,111343,Bandhan Gilt Fund with 10 year constant duration Fund - Regular Plan - Weekly IDCW,10.3548
2026-06-30,111521,Aditya Birla Sun Life Dynamic Bond Fund -REGULAR - MONTHLY IDCW,10.7454
2026-06-30,111523,BANDHAN Dynamic Bond Fund - Regular Plan B - IDCW,13.7884
2026-06-30,111524,BANDHAN Dynamic Bond Fund - Regular Plan B - Growth,36.0611
2026-06-30,111525,Bandhan Gilt Fund - Regular Plan - Growth,37.8741
2026-06-30,111527,Bandhan Gilt Fund - Regular Plan - IDCW,14.2730
2026-06-30,111545,ICICI Prudential Floating Interest Fund - Weekly IDCW,102.3520
2026-06-30,111549,Quantum ELSS Tax Saver Fund - Direct Plan Growth Option,123.44
2026-06-30,111550,Quantum ELSS Tax Saver Fund - Direct Plan IDCW,122.64
2026-06-30,111569,BANDHAN ELSS Tax Saver Fund - Regular Plan - Growth,153.217
2026-06-30,111570,BANDHAN ELSS Tax Saver Fund - Regular Plan - IDCW,30.946
2026-06-30,111585,BANK OF INDIA Short Term Income Fund-Regular Plan- Growth,28.1974
2026-06-30,111589,BANK OF INDIA Short Term Income Fund-Regular Plan- Monthly IDCW,14.4696
2026-06-30,111590,BANK OF INDIA Short Term Income Fund-Regular Plan- Quarterly IDCW,14.2592
2026-06-30,111599,UTI Multi Asset Allocation Fund - Regular Plan - Growth Option,77.3993
2026-06-30,111602,UTI Multi Asset Allocation Fund - Regular Plan - IDCW,29.2048
2026-06-30,111638,Edelweiss ELSS Tax Saver Fund - Regular Plan - Growth Option,113.05
2026-06-30,111639,Edelweiss ELSS Tax Saver Fund - Regular Plan - IDCW Option,30.26
2026-06-30,111640,Taurus Flexi Cap Fund - Regular Plan - Payout of Income Distribution cum Capital Withdrawal option,107.94
2026-06-30,111642,Taurus Mid Cap Fund - Regular Plan - Payout of Income Distribution cum Capital Withdrawal option,104.40
2026-06-30,111644,Mirae Asset Liquid Fund - Regular Plan - Weekly IDCW,1154.2090
2026-06-30,111645,Mirae Asset Liquid Fund - Regular Plan - Monthly IDCW,1153.9690
2026-06-30,111646,Mirae Asset Liquid Fund - Regular Plan - Growth,2908.1218
2026-06-30,111647,Mirae Asset Liquid Fund - Regular - Daily IDCW,1066.4347
2026-06-30,111675,LIC MF Low Duration Fund-Regular Plan-Weekly IDCW,14.3776
2026-06-30,111676,LIC MF Low Duration Fund-Regular Plan-Daily IDCW,11.0672
2026-06-30,111704,Baroda BNP Paribas LIQUID FUND - Regular Plan - GROWTH OPTION,3188.8003
2026-06-30,111705,Baroda BNP Paribas LIQUID FUND - Regular Plan - WEEKLY IDCW OPTION,1001.2542
2026-06-30,111707,Baroda BNP Paribas LIQUID FUND - Regular Plan - DAILY IDCW OPTION,1001.2536
2026-06-30,111708,BANK OF INDIA ELSS Tax Saver -Regular Plan-IDCW,31.60
2026-06-30,111709,BANK OF INDIA ELSS Tax Saver -ECO Plan-Growth,177.92
2026-06-30,111710,BANK OF INDIA ELSS Tax Saver -Regular Plan- Growth,164.06
2026-06-30,111711,BANK OF INDIA ELSS Tax Saver -ECO Plan-IDCW,29.53
2026-06-30,111712,BANK OF INDIA Conservative Hybrid Fund-Regular Plan-Growth,35.1181
2026-06-30,111713,BANK OF INDIA Conservative Hybrid Fund-Regular Plan-Quarterly IDCW,18.7396
2026-06-30,111714,BANK OF INDIA Conservative Hybrid Fund-Regular Plan-Annual IDCW,17.0477
2026-06-30,111715,BANK OF INDIA Conservative Hybrid Fund-ECO Plan-Growth,36.4725
2026-06-30,111716,BANK OF INDIA Conservative Hybrid Fund-Regular Plan-Monthly IDCW,18.0803
2026-06-30,111717,BANK OF INDIA Conservative Hybrid Fund-ECO Plan-Monthly IDCW,27.6274
2026-06-30,111722,CANARA ROBECO ELSS TAX SAVER - REGULAR PLAN - GROWTH OPTION,176.6200
2026-06-30,111743,Nippon India Low Duration Fund - Retail Plan - Growth Plan -Bonus Option,2819.7219
2026-06-30,111744,NIPPON INDIA LOW DURATION FUND - RETAIL Plan - DAILY IDCW Option,1012.1988
2026-06-30,111745,NIPPON INDIA LOW DURATION FUND - RETAIL Plan - WEEKLY IDCW Option,1012.2451
2026-06-30,111746,Nippon India Low Duration Fund -Growth Plan -Bonus Option,2306.8730
2026-06-30,111747,NIPPON INDIA LOW DURATION FUND - DAILY IDCW Option,1012.1998
2026-06-30,111748,Nippon India Low Duration Fund - Retail Plan - Growth Plan - Growth Option,3784.9472
2026-06-30,111749,NIPPON INDIA LOW DURATION FUND - MONTHLY IDCW Option,1033.6515
2026-06-30,111750,NIPPON INDIA LOW DURATION FUND - QUARTERLY IDCW Option,1020.0538
2026-06-30,111751,NIPPON INDIA LOW DURATION FUND - RETAIL Plan - MONTHLY IDCW Option,1035.4910
2026-06-30,111752,NIPPON INDIA LOW DURATION FUND - RETAIL Plan - QUARTERLY IDCW Option,1019.7613
2026-06-30,111753,Nippon India Low Duration Fund- Growth Plan - Growth Option,3973.1594
2026-06-30,111754,NIPPON INDIA LOW DURATION FUND - WEEKLY IDCW Option,1012.0645
2026-06-30,111786,DSP Strategic Bond Fund - Regular Plan - IDCW - Daily,1068.7997
2026-06-30,111787,Taurus Ethical Fund - Regular Plan - Growth,123.18
2026-06-30,111788,Taurus Ethical Fund - Regular Plan - Payout of Income Distribution cum Capital Withdrawal option,83.27
2026-06-30,111803,Aditya Birla Sun Life Medium Term Plan - Growth - Regular Plan,43.5091
2026-06-30,111809,Aditya Birla Sun Life Medium Term Plan - REGULAR - Quarterly IDCW,13.669
2026-06-30,111811,Aditya Birla Sun Life Medium Term Plan - REGULAR - HALFYEARLY IDCW,14.0482
2026-06-30,111812,Aditya Birla Sun Life Medium Term Plan - Regular - IDCW,16.5182
2026-06-30,111903,Taurus Ethical Fund -  Regular Plan - Bonus Option,123.16
2026-06-30,111935,Edelweiss Large Cap Fund -Plan B - Growth option,82.34
2026-06-30,111936,Edelweiss Large Cap Fund - Regular Plan - IDCW Option,25.79
2026-06-30,111937,Edelweiss Large Cap Fund -Plan C - Growth option,81.26
2026-06-30,111938,Edelweiss Large Cap Fund - Plan B - IDCW Option,80.33
2026-06-30,111939,Edelweiss Large Cap Fund - Plan C - IDCW Option,66.42
2026-06-30,111940,Edelweiss Large Cap Fund - Regular Plan - Growth Option,81.84
2026-06-30,111954,SBI Gold ETF,119.7849
2026-06-30,111957,ICICI Prudential Focused Equity Fund - Growth,93.15
2026-06-30,111958,ICICI Prudential Focused Equity Fund - IDCW,27.44
2026-06-30,111962,CANARA ROBECO DYNAMIC BOND FUND - REGULAR PLAN - GROWTH OPTION,29.7209
2026-06-30,111963,CANARA ROBECO DYNAMIC BOND FUND - REGULAR PLAN - IDCW (Payout/Reinvestment),13.2612
2026-06-30,111970,BANK OF INDIA Ultra Short Duration Fund- Regular Plan- Daily IDCW,1005.0000
2026-06-30,111971,BANK OF INDIA Liquid Fund- Regular Plan- Daily IDCW,1005.0000
2026-06-30,111987,ICICI Prudential Corporate Bond Fund - Growth,31.7987
2026-06-30,111991,ICICI Prudential Corporate Bond Fund - Monthly IDCW,10.5741
2026-06-30,111992,ICICI Prudential Corporate Bond Fund -Quarterly IDCW,11.3446
2026-06-30,112012,Edelweiss Aggressive Hybrid Fund- Plan B-Growth Option,63.48
2026-06-30,112013,Edelweiss Aggressive Hybrid Fund  - Plan B - IDCW Option,64.28
2026-06-30,112038,Quantum Diversified Equity All Cap Active FOF - Direct Plan IDCW,84.855
2026-06-30,112039,Quantum Diversified Equity All Cap Active FOF - Direct Plan Growth Option,85.067
2026-06-30,112076,UTI Money Market Fund - Regular Plan - Daily IDCW (Reinvestment),1066.8811
2026-06-30,112077,UTI MMF - Regular Plan - Growth Option,3286.8327
2026-06-30,112083,UTI Ultra Short Duration Fund - Discontinued - INSTN GROWTH OPTION,3219.2852
2026-06-30,112087,Aditya Birla Sun Life Arbitrage Fund-Regular - IDCW,11.0378
2026-06-30,112088,Aditya BIRLA SUN LIFE ARBITRAGE FUND - REGULAR PLAN - GROWTH,28.1009
2026-06-30,112089,Kotak Flexicap Fund - Payout of Income Distribution cum capital withdrawal option,51.379
2026-06-30,112090,Kotak Flexicap Fund - Growth,85.086
2026-06-30,112092,Franklin Build India Fund Growth Plan,147.6769
2026-06-30,112093,Franklin Build India Fund - IDCW,42.0397
2026-06-30,112096,ICICI Prudential All Seasons Bond Fund - Growth,39.0943
2026-06-30,112097,ICICI Prudential All Seasons Bond Fund - IDCW,24.3110
2026-06-30,112098,Invesco India Largecap Fund - Regular Plan - Growth,70.64
2026-06-30,112099,Invesco India Largecap Fund - Regular Plan - IDCW (Payout / Reinvestment),26.17
2026-06-30,112108,Edelweiss Aggressive Hybrid Fund - Regular Plan - Growth Option,64.15
2026-06-30,112109,Edelweiss Aggressive Hybrid Fund - Regular Plan - IDCW Option,25.66
2026-06-30,112117,Edelweiss Balanced Advantage Fund - Regular Plan - Growth Option,52.06
2026-06-30,112118,Edelweiss Balanced Advantage Fund - Regular Plan - Quarterly - IDCW Option,20.91
2026-06-30,112120,Invesco India Money Market Fund - Regular - Growth,2842.2567
2026-06-30,112122,Invesco India Money Market Fund - Regular - Monthly IDCW (Payout / Reinvestment),1509.6042
2026-06-30,112123,Invesco India Money Market Fund - Growth,3239.1372
2026-06-30,112125,Invesco India Money Market Fund - Monthly IDCW (Payout / Reinvestment),1018.3294
2026-06-30,112126,DSP Global Clean Energy Overseas Equity Omni FoF - Regular Plan - Growth,29.9398
2026-06-30,112127,DSP Global Clean Energy Overseas Equity Omni FoF - Regular Plan - IDCW,20.8175
2026-06-30,112152,CANARA ROBECO CONSUMPTION FUND - REGULAR PLAN - GROWTH OPTION,104.7200
2026-06-30,112153,CANARA ROBECO CONSUMPTION FUND - REGULAR PLAN - IDCW (Payout/Reinvestment),44.9900
2026-06-30,112171,Invesco India PSU Equity Fund - Regular Plan - Growth,65.26
2026-06-30,112173,Invesco India PSU Equity Fund - Regular Plan - IDCW (Payout / Reinvestment),39.99
2026-06-30,112210,Axis Liquid Fund - Regular Plan - Growth Option,3091.9822
2026-06-30,112211,Axis Liquid Fund - Regular Plan - Daily IDCW,1001.4516
2026-06-30,112212,Axis Liquid Fund - Regular Plan - Weekly IDCW,1002.7305
2026-06-30,112213,Axis Liquid Fund - Regular Plan - Monthly IDCW,1002.5325
2026-06-30,112214,Axis Treasury Advantage Fund - Regular Plan - Growth Option,3291.6267
2026-06-30,112215,Axis Treasury Advantage Fund - Regular Plan - Daily IDCW,1013.2484
2026-06-30,112216,Axis Treasury Advantage Fund - Regular Plan - Weekly IDCW,1012.2801
2026-06-30,112217,Axis Treasury Advantage Fund - Regular Plan - Monthly IDCW,1011.5687
2026-06-30,112218,Tata Value Fund - Regular Plan - Payout of IDCW-Option A(5%),127.9147
2026-06-30,112277,Axis Large Cap Fund - Regular Plan - Growth,58.98
2026-06-30,112278,Axis Large Cap Fund - Regular Plan - IDCW,17.27
2026-06-30,112293,DSP World Mining Overseas Equity Omni FoF - Regular Plan - Growth,29.6414
2026-06-30,112322,Axis ELSS Tax Saver Fund - Regular Plan - IDCW,23.2556
2026-06-30,112323,Axis ELSS Tax Saver Fund - Regular Plan - Growth,94.9818
2026-06-30,112327,Bandhan Conservative Hybrid Passive FOF - Regular Plan - Growth,34.6229
2026-06-30,112328,Bandhan Conservative Hybrid Passive FOF - Regular Plan - IDCW,16.7898
2026-06-30,112329,Bandhan Multi-Asset Passive FOF - Regular Plan - Growth,41.2403
2026-06-30,112330,Bandhan Multi-Asset Passive FOF - Regular Plan - IDCW,20.2081
2026-06-30,112331,Bandhan Aggressive Hybrid Passive FOF - Regular Plan - IDCW,26.6997
2026-06-30,112332,Bandhan Aggressive Hybrid Passive FOF - Regular Plan - Growth,48.9236
2026-06-30,112340,NIPPON INDIA LIQUID FUND - QUARTERLY IDCW OPTION,1005.9811
2026-06-30,112341,NIPPON INDIA MONEY MARKET FUND - QUARTERLY IDCW Option,1016.3316
2026-06-30,112342,ICICI Prudential Banking and PSU Debt Fund - Growth,34.7436
2026-06-30,112347,DSP World Mining Overseas Equity Omni FoF - Regular Plan - IDCW,26.8152
2026-06-30,112351,Kotak Nifty 50 ETF,264.2841
2026-06-30,112352,BANDHAN Conservative Hybrid Fund - Regular Plan - IDCW,11.1767
2026-06-30,112353,BANDHAN Conservative Hybrid Fund - Regular Plan - Growth,32.6527
2026-06-30,112354,Axis Short Duration Fund - Regular Plan - Growth Option,32.8551
2026-06-30,112355,Axis Short Duration Fund - Regular Plan - Monthly IDCW,10.0861
2026-06-30,112356,Aditya Birla Sun Life Short Term Fund - REGULAR - Quarterly IDCW,10.4155
2026-06-30,112359,BANK OF INDIA Manufacturing & Infrastructure Fund-Growth,65.43
2026-06-30,112360,BANK OF INDIA Manufacturing & Infrastructure Fund-Quarterly IDCW,42.47
2026-06-30,112361,BANK OF INDIA Manufacturing & Infrastructure Fund-Regular IDCW,41.70
2026-06-30,112368,Invesco India Gold Exchange Traded Fund,122.1326
2026-06-30,112369,Axis Short Duration Fund - Regular Plan - Weekly IDCW,10.4084
2026-06-30,112378,CANARA ROBECO CONSERVATIVE HYBRID FUND - REGULAR PLAN - QUARTERLY IDCW (Payout/Reinvestment),13.3858
2026-06-30,112635,UTI Money Market Fund - Regular Plan - Weekly IDCW,1112.76
2026-06-30,112636,Navi Liquid Fund-Regular Plan-Growth Option,30.0126
2026-06-30,112645,Navi Liquid Fund - Regular Plan Daily IDCW,10.0162
2026-06-30,112646,Navi Liquid Fund - Regular Plan Weekly IDCW,10.0079
2026-06-30,112647,Navi Liquid Fund - Regular Plan Monthly IDCW,10.0216
2026-06-30,112712,Axis Liquid Fund - Retail Plan - Daily IDCW,1001.4296
2026-06-30,112713,Axis Liquid Fund - Retail Plan - Growth Option,2817.4290
2026-06-30,112714,Axis Liquid Fund - Retail Plan - Monthly IDCW,1002.0756
2026-06-30,112715,Axis Liquid Fund - Retail Plan - Weekly IDCW,1001.3725
2026-06-30,112717,Axis Treasury Advantage Fund - Retail Plan - Growth Option,3086.0844
2026-06-30,112718,Axis Treasury Advantage Fund - Retail Plan - Monthly IDCW,1011.5703
2026-06-30,112719,Axis Treasury Advantage Fund - Retail Plan - Weekly IDCW,1012.2792
2026-06-30,112720,Axis Treasury Advantage Fund - Retail Plan - Daily IDCW,1012.4736
2026-06-30,112721,Axis Short Duration Fund - Retail Plan - Growth Option,32.4752
2026-06-30,112722,Axis Short Duration Fund - Retail Plan - Weekly IDCW,10.2385
2026-06-30,112723,Axis Short Duration Fund - Retail Plan - Monthly IDCW,10.0631
2026-06-30,112868,Sundaram Conservative Hybrid Fund (Formerly Known as Sundaram Debt Oriented Hybrid Fund) Regular Plan - Growth,29.2549
2026-06-30,112870,Sundaram Conservative Hybrid Fund (Formerly Known as Sundaram Debt Oriented Hybrid Fund) Regular Plan -Income Distribution cum Capital Withdrawal (IDCW),18.2690
2026-06-30,112877,BANDHAN Nifty 50 Index Fund - Regular Plan - Growth,51.5429
2026-06-30,112878,BANDHAN Nifty 50 Index Fund - Regular Plan - IDCW,46.7814
2026-06-30,112901,DSP Focused Fund - Regular Plan - Growth,54.696
2026-06-30,112923,SBI PSU Fund - Regular Plan - Income Distribution cum Capital Withdrawal Option (IDCW),34.5964
2026-06-30,112924,Axis Conservative Hybrid Fund - Regular Plan - Growth Option,30.4277
2026-06-30,112925,Axis Conservative Hybrid Fund - Regular Plan - Quarterly IDCW,10.3721
2026-06-30,112926,Axis Conservative Hybrid Fund - Regular Plan - Half Yearly IDCW,12.7227
2026-06-30,112927,Axis Conservative Hybrid Fund - Regular Plan - Annual IDCW,13.6789
2026-06-30,112931,Mirae Asset Large & Midcap Fund - Regular Plan - IDCW,47.518
2026-06-30,112932,Mirae Asset Large & Midcap Fund - Regular Plan - Growth,154.491
2026-06-30,112936,Nippon India Aggressive Hybrid Fund - Growth Plan,105.9630
2026-06-30,112937,NIPPON INDIA AGGRESSIVE HYBRID FUND - IDCW Option,26.4769
2026-06-30,112938,Nippon India Credit Risk Fund  - Growth Plan,37.7172
2026-06-30,112939,Nippon India Credit Risk Fund  - Institutional Growth Plan,39.6946
2026-06-30,112941,NIPPON INDIA CREDIT RISK FUND - QUARTERLY IDCW Option,13.0645
2026-06-30,112942,NIPPON INDIA FLOATER FUND - QUARTERLY IDCW Option,11.0218
2026-06-30,112948,Taurus Nifty 50 Index Fund - Regular Plan - Growth,45.3460
2026-06-30,112949,Taurus Nifty 50 Index Fund - Regular Plan - Payout of Income Distribution cum Capital Withdrawal option,28.9118
2026-06-30,112957,ICICI Prudential Nifty Next 50 Index Fund - Growth,62.8772
2026-06-30,112958,ICICI Prudential Nifty Next 50 Index Fund -IDCW,62.8764
2026-06-30,113032,DSP Focused Fund - Regular Plan - IDCW,20.187
2026-06-30,113036,Baroda BNP Paribas Short Duration Fund - Regular Plan - Growth Option,30.8130
2026-06-30,113037,Baroda BNP Paribas Short Duration Fund - Regular Plan - Monthly IDCW Option,10.1786
2026-06-30,113047,HDFC Short Term  Debt Fund - Growth Option,34.0022
2026-06-30,113048,HDFC Short Term  Debt Fund - Fortnightly IDCW Option,10.2254
2026-06-30,113049,HDFC Gold ETF - Growth Option,119.9904
2026-06-30,113064,Axis Multi Asset Allocation Fund - Regular Plan - Growth Option,43.9992
2026-06-30,113065,Axis Multi Asset Allocation Fund - Regular Plan - Monthly IDCW,19.2880
2026-06-30,113069,Motilal Oswal Nifty 50 ETF,249.3801
2026-06-30,113070,HDFC Corporate Bond Fund - Growth Option,34.3483
2026-06-30,113071,HDFC Corporate Bond Fund - Quarterly IDCW Option,10.5702
2026-06-30,113076,ICICI Prudential Gold ETF,120.2926
2026-06-30,113077,UTI Dynamic Bond Fund - Regular Plan - Growth Option,32.3153
2026-06-30,113078,UTI Dynamic Bond Fund - Regular Plan - Quarterly IDCW,17.5954
2026-06-30,113097,ICICI Prudential Regular Savings Fund - Plan - Quarterly IDCW,12.1667
2026-06-30,113098,ICICI Prudential Regular Savings Fund - Plan - Half Yearly IDCW,13.0901
2026-06-30,113099,SBI PSU Fund - REGULAR PLAN -Growth,34.6005
2026-06-30,113134,Tata Aggressive Hybrid Fund- Regular Plan - Monthly Payout of IDCW Option,82.2194
2026-06-30,113137,ICICI Prudential Medium Term Bond Fund - Quarterly IDCW,11.0394
2026-06-30,113144,CANARA ROBECO SAVINGS FUND - REGULAR PLAN - MONTHLY IDCW (Payout/Reinvestment),10.2868
2026-06-30,113153,DSP Small Cap Fund - Regular - IDCW,59.723
2026-06-30,113169,Bandhan Medium Duration Fund - Regular Plan - Quarterly IDCW,11.2051
2026-06-30,113177,Nippon India Small Cap Fund - Growth Plan - Growth Option,180.3414
2026-06-30,113178,Nippon India Small Cap Fund - Growth Plan - Bonus Option,180.3414
2026-06-30,113179,NIPPON INDIA SMALL CAP FUND - IDCW Option,92.7009
2026-06-30,113218,ICICI Prudential All Seasons Bond Fund - Annual IDCW,11.5118
2026-06-30,113221,CANARA ROBECO LARGE CAP FUND - REGULAR PLAN - GROWTH OPTION,60.6700
2026-06-30,113222,CANARA ROBECO LARGE CAP FUND - REGULAR PLAN - IDCW (Payout/Reinvestment),28.0200
2026-06-30,113269,Nippon India Index Fund - BSE Sensex Plan - Growth Plan - Growth Option,39.0805
2026-06-30,113270,Nippon India Index Fund - BSE Sensex Plan - Growth Plan - Bonus Option,39.0805
2026-06-30,113271,NIPPON INDIA INDEX FUND - BSE SENSEX PLAN - QUARTERLY - IDCW Option,30.8078
2026-06-30,113294,NIPPON INDIA INDEX FUND - BSE SENSEX PLAN - HALF YEARLY - IDCW Option,30.8147
2026-06-30,113295,NIPPON INDIA INDEX FUND - BSE SENSEX PLAN - ANNUAL - IDCW Option,30.8041
2026-06-30,113296,Nippon India Index Fund - Nifty 50 Plan - Growth Plan - Growth Option,40.6917
2026-06-30,113297,Nippon India Index Fund - Nifty 50 Plan - Growth Plan - Bonus Option,40.6917
2026-06-30,113298,NIPPON INDIA INDEX FUND - NIFTY 50 PLAN - QUARTERLY - IDCW Option,32.0905
2026-06-30,113299,NIPPON INDIA INDEX FUND - NIFTY 50 PLAN - HALF YEARLY - IDCW Option,32.0918
2026-06-30,113300,NIPPON INDIA INDEX FUND - NIFTY 50 PLAN - ANNUAL - IDCW Option,31.9853
2026-06-30,113307,Aditya Birla Sun Life Low Duration Fund -Regular - DAILY IDCW,100.0001
2026-06-30,113345,Nippon India Arbitrage Fund - Growth Plan - Growth Option,28.0767
2026-06-30,113346,NIPPON INDIA ARBITRAGE FUND - IDCW Option,16.8263
2026-06-30,113361,BANDHAN Conservative Hybrid Fund - Regular Plan - Quarterly IDCW,13.4229
2026-06-30,113403,ICICI Prudential All Seasons Bond Fund - Quarterly IDCW,12.0403
2026-06-30,113434,Axis Gold ETF,117.0753
2026-06-30,114239,ICICI Prudential Credit Risk Fund - Growth,34.3999
2026-06-30,114240,ICICI Prudential Credit Risk Fund - Quarterly IDCW,11.2863
2026-06-30,114297,SBI Overnight Fund - Regular Plan - Daily Income Distribution cum Capital Withdrawal Option (IDCW),1370.3365
2026-06-30,114348,SBI Savings Fund - Regular Plan Daily Income Distribution cum Capital Withdrawal Option (IDCW),14.3416
2026-06-30,114359,Invesco India Ultra Short Duration Fund - Regular Plan - Growth,2864.44
2026-06-30,114360,Invesco India Ultra Short Duration Fund - Regular Plan - Quarterly IDCW (Payout / Reinvestment),1111.9356
2026-06-30,114361,Invesco India Ultra Short Duration Fund - Regular Plan - Annual IDCW (Payout / Reinvestment),1144.8743
2026-06-30,114362,Invesco India Ultra Short Duration Fund - Regular Plan - Monthly IDCW (Payout / Reinvestment),1011.5292
2026-06-30,114456,Motilal Oswal Nifty Midcap 100 ETF,66.6102
2026-06-30,114457,Kotak Large Cap Fund - Payout of Income Distribution cumcapital withdrawal option,72.153
2026-06-30,114458,Kotak Large Cap Fund - Growth,558.964
2026-06-30,114476,BANDHAN Infrastructure Fund - Regular Plan - Growth,50.415
2026-06-30,114477,BANDHAN Infrastructure Fund - Regular Plan - IDCW,37.573
2026-06-30,114564,Axis Midcap Fund - Regular Plan - Growth,119.18
2026-06-30,114565,Axis Midcap Fund - Regular Plan - IDCW,40.63
2026-06-30,114616,Nippon India Gold Savings Fund-Growth plan- Growth Option,53.3494
2026-06-30,114617,NIPPON INDIA GOLD SAVINGS FUND - IDCW Option,53.3494
2026-06-30,114757,Kotak Gold Fund Payout of Income Distribution cum capital withdrawal option,53.587
2026-06-30,114758,Kotak Gold Fund Growth,53.5881
2026-06-30,114858,Kotak Debt Hybrid - Monthly Payout of Income Distribution cum capital withdrawal option,12.2902
2026-06-30,114859,Kotak Debt Hybrid - Growth,59.6522
2026-06-30,114930,Mirae Asset Great Consumer Fund Regular IDCW,25.305
2026-06-30,114931,Mirae Asset Great Consumer Fund - Regular Plan - Growth option,90.321
2026-06-30,114984,Motilal Oswal Nasdaq 100 ETF (MOFN100),279.9161
2026-06-30,115068,Axis Dynamic Bond Fund - Regular Plan - Growth Option,31.4916
2026-06-30,115069,Axis Dynamic Bond Fund - Regular Plan - Quarterly IDCW,11.5414
2026-06-30,115077,CANARA ROBECO SHORT DURATION FUND - REGULAR PLAN - GROWTH OPTION,26.7080
2026-06-30,115078,CANARA ROBECO SHORT DURATION FUND - REGULAR PLAN - MONTHLY IDCW (Payout/Reinvestment),15.7800
2026-06-30,115079,CANARA ROBECO SHORT DURATION FUND - REGULAR PLAN - QUARTERLY IDCW (Payout/Reinvestment),15.3885
2026-06-30,115091,ICICI Prudential Ultra Short Term Fund - Quarterly IDCW,10.9967
2026-06-30,115092,ICICI Prudential Ultra Short Term Fund - Growth,29.4700
2026-06-30,115094,ICICI Prudential Ultra Short Term Fund - Monthly IDCW,10.7559
2026-06-30,115116,HSBC Brazil Fund-Growth,9.8923
2026-06-30,115117,HSBC Brazil Fund - IDCW,9.8923
2026-06-30,115127,Aditya Birla Sun Life Gold ETF,123.5189
2026-06-30,115131,Axis Dynamic Bond Fund - Regular Plan - Half Yearly IDCW,11.9735
2026-06-30,115132,Quantum Gold ETF FOF - Direct Plan Growth Option,53.6946
2026-06-30,115270,Union Flexi Cap Fund - Growth Option,51.58
2026-06-30,115284,Invesco India Nifty 50 Exchange Traded Fund,2731.7492
2026-06-30,115290,Union Flexi Cap Fund - IDCW Option,28.75
2026-06-30,115294,ICICI Prudential Technology Fund - IDCW,50.60
2026-06-30,115398,Union Liquid Fund - Growth Option,2670.5934
2026-06-30,115399,Union Liquid Fund - Fortnightly IDCW Option,1002.3194
2026-06-30,115400,Union Liquid Fund - Monthly IDCW Option,1001.8063
2026-06-30,115401,Union Liquid Fund - Daily IDCW Option,1001.4576
2026-06-30,115402,Union Liquid Fund - Weekly IDCW Option,1001.6114
2026-06-30,115458,Invesco India Low Duration Fund - Discretionary IDCW (Payout / Reinvestment),4110.1553
2026-06-30,115464,Tata Treasury Advantage Fund Regular Plan - Periodic Payout of IDCW Option,2647.4038
2026-06-30,115483,UTI Low Duration Fund - Regular Plan - Quarterly IDCW,1438.7258
2026-06-30,115489,BANDHAN LIQUID Fund - Regular Plan - Periodic IDCW,1446.3943
2026-06-30,115505,ICICI Prudential Liquid Fund - IDCW Others,190.8692
2026-06-30,115510,ICICI Prudential Floating Interest Fund - IDCW Others,199.9442
2026-06-30,115511,ICICI Prudential Savings Fund - IDCW Others,194.3567
2026-06-30,115512,Aditya Birla Sun Life Nifty 50 ETF,27.9245
2026-06-30,115515,Invesco India Money Market Fund - Daily IDCW (Reinvestment),1000.29
2026-06-30,115676,SBI GOLD FUND REGULAR PLAN - GROWTH,40.8526
2026-06-30,115677,SBI Gold Fund - Regular Plan - Income Distribution cum Capital Withdrawal Option (IDCW),40.8588
2026-06-30,115833,ICICI Prudential Gold ETF FOF - Growth,43.1906
2026-06-30,115834,ICICI Prudential Gold ETF FOF - IDCW,43.1915
2026-06-30,115874,Bandhan Income Plus Arbitrage Active FOF - Regular Plan - Fortnightly IDCW,12.2038
2026-06-30,115897,Axis Gold Fund - Regular Plan - Growth Option,40.5296
2026-06-30,115898,Axis Gold Fund - Regular Plan - IDCW,40.5801
2026-06-30,115934,HDFC Gold ETF Fund of Fund - Growth Option,41.6346
2026-06-30,115942,Tata Retirement Savings Fund - Progressive Plan -Regular Plan-Growth Option,67.3215
2026-06-30,115943,Tata Retirement Savings Fund- Moderate Plan-Regular Plan-Growth Option,66.5418
2026-06-30,115944,Tata Retirement Savings Fund- Conservative Plan-Regular Plan-Growth Option,32.6610
2026-06-30,115991,Groww Liquid Fund (formerly known as Indiabulls Liquid Fund) - Regular Plan - Growth Option,2684.0059
2026-06-30,115992,Groww Liquid Fund (formerly known as Indiabulls Liquid Fund)- Regular Plan- - Income Distribution cum capital withdrawal Option (Reinvestment),1002.0894
2026-06-30,115993,Groww Liquid Fund (formerly known as Indiabulls Liquid Fund)- Regular Plan- Weekly - Income Distribution cum capital withdrawal Option (Payout & Reinvestment),1002.4504
2026-06-30,115994,Groww Liquid Fund (formerly known as Indiabulls Liquid) Fund- Regular Plan- Fortnightly - Income Distribution cum capital withdrawal Option (Payout & Reinvestment),1003.062
2026-06-30,115995,Groww Liquid Fund (formerly known as Indiabulls Liquid Fund)- Regular Plan- Monthly - Income Distribution cum capital withdrawal Option (Payout & Reinvestment),1007.8476
2026-06-30,116020,BANDHAN Low Duration Fund - Regular Plan - Periodic IDCW,13.5952
2026-06-30,116051,Union ELSS Tax Saver Fund - Growth Option,64.83
2026-06-30,116052,Union ELSS Tax Saver Fund - IDCW Option,36.24
2026-06-30,116075,Invesco India Gold ETF Fund of Fund - Regular Plan - IDCW (Payout / Reinvestment),39.1294
2026-06-30,116077,Invesco India Gold ETF Fund of Fund - Regular Plan - Growth,39.125
2026-06-30,116109,Invesco India Corporate Bond Fund - Regular Plan - Discretionary IDCW (Payout / Reinvestment),3525.2912
2026-06-30,116110,Invesco India Short Duration Fund- Regular Plan - Discretionary IDCW (Payout / Reinvestment),2806.4295
2026-06-30,116174,ICICI Prudential Banking and PSU Debt Fund - Quarterly IDCW,11.1545
2026-06-30,116413,BANDHAN Low Duration Fund - Regular Plan - Quarterly IDCW,11.1697
2026-06-30,116470,Axis Gilt Fund - Regular Plan - Regular IDCW,10.1342
2026-06-30,116471,Axis Gilt Fund - Regular Plan - Growth Option,26.8148
2026-06-30,116472,Axis Gilt Fund - Regular Plan - Half Yearly IDCW,12.1366
2026-06-30,116484,PGIM India Dynamic Bond Fund - Dividend Option - Quarterly,1045.975
2026-06-30,116485,PGIM India Dynamic Bond Fund - Growth Option,2709.5027
2026-06-30,116488,Invesco India Money Market Fund - Regular Plan - Daily IDCW (Reinvestment),1008.6058
2026-06-30,116547,Groww Largecap Fund (formerly known as Indiabulls Blue Chip Fund) - Regular Plan- Growth Option,42.55
2026-06-30,116548,Groww Largecap Fund (formerly known as Indiabulls Bluechip Fund)- Regular Plan- - Income Distribution cum capital withdrawal Option (Payout & Reinvestment),23.98
2026-06-30,116555,Union Dynamic Bond Fund - Growth Option,23.7509
2026-06-30,116556,Union Dynamic Bond Fund - IDCW Option,15.8347
2026-06-30,116632,Franklin U.S. Opportunities Equity Active Fund of Funds - IDCW,93.3136
2026-06-30,116633,Franklin U.S. Opportunities Equity Active Fund of Funds - Growth,93.3136
2026-06-30,116653,Invesco India Money Market Fund - Discretionary IDCW (Payout / Reinvestment),3242.436
2026-06-30,116795,Aditya Birla Sun Life Gold Fund-REGULAR - IDCW,40.5681
2026-06-30,116796,Aditya Birla Sun Life Gold Fund-Growth,40.57
2026-06-30,116894,Axis Strategic Bond Fund - Regular Plan - Growth Option,29.9343
2026-06-30,116895,Axis Strategic Bond Fund - Regular Plan - Quarterly IDCW,10.1934
2026-06-30,116896,Axis Strategic Bond Fund - Regular Plan - Half Yearly IDCW,10.5346
2026-06-30,117061,DSP Credit Risk Fund - Regular Plan - IDCW - Monthly,11.2560
2026-06-30,117062,DSP Credit Risk Fund - Regular Plan - IDCW - Quarterly,11.4910
2026-06-30,117063,DSP Ultra Short Fund - Regular Plan - IDCW - Monthly,1080.0625
2026-06-30,117312,Taurus Banking & Financial Services Fund - Regular Plan - Growth,53.75
2026-06-30,117313,Taurus Banking & Financial Services Fund - Regular Plan - Payout of Income Distribution cum Capital Withdrawal option,48.12
2026-06-30,117446,Axis Banking & PSU Debt Fund - Regular Plan - Growth option,2787.7493
2026-06-30,117447,Axis Banking & PSU Debt Fund - Regular Plan - Daily IDCW,1039.1303
2026-06-30,117448,Axis Banking & PSU Debt Fund - Regular Plan - Weekly IDCW,1039.5759
2026-06-30,117449,Axis Banking & PSU Debt Fund - Regular Plan - Monthly IDCW,1035.5890
2026-06-30,117547,Baroda BNP Paribas Banking and Financial Services Fund - Regular - IDCW Option,19.9648
2026-06-30,117549,Baroda BNP Paribas Banking and Financial Services Fund - Regular - Growth Option,48.6847
2026-06-30,117559,Axis Focused Fund - Regular Plan - IDCW,17.70
2026-06-30,117560,Axis Focused Fund - Regular Plan - Growth Option,53.67
2026-06-30,117608,Quantum Multi Asset Active FOF - Direct Plan Growth Option,36.6550
2026-06-30,117619,ICICI Prudential US Bluechip Equity Fund - IDCW,73.51
2026-06-30,117620,ICICI Prudential US Bluechip Equity Fund - Growth,73.51
2026-06-30,117691,DSP US Specific Equity Omni FoF - Regular Plan - Growth Option,93.8868
2026-06-30,117692,DSP US Specific Equity Omni FoF - Regular Plan - IDCW,42.4545
2026-06-30,117715,Kotak Credit Risk Fund - Regular Plan - Standard Income Distribution cum capital withdrawal option,13.7198
2026-06-30,117716,Kotak Credit Risk Fund - Growth,31.548
2026-06-30,117867,Bandhan Income Plus Arbitrage Active FOF - Regular Plan - Weekly IDCW,12.3984
2026-06-30,117868,Bandhan Income Plus Arbitrage Active FOF - Regular Plan - Daily IDCW,12.3727
2026-06-30,117973,Invesco India Short Duration Fund - Regular Plan - Daily IDCW (Reinvestment),1036.8661
2026-06-30,117974,NIPPON INDIA DYNAMIC BOND FUND - QUARTERLY IDCW Option,10.3270
2026-06-30,117981,UTI Credit Risk Fund  - Regular Plan - Growth Option,18.1463
2026-06-30,117982,UTI Credit Risk Fund - Regular Plan - Quarterly IDCW,12.8896
2026-06-30,117995,DSP Ultra Short Fund - Regular Plan - IDCW - Payout,1120.8784
2026-06-30,117998,Kotak Dynamic Bond Fund Regular Plan - Standard Income Distribution cum capital withdrawal option,14.8409
2026-06-30,118211,SBI Credit Risk Fund - Regular Plan - Daily Income Distribution cum Capital Withdrawal Option (IDCW),16.2443
2026-06-30,118232,Invesco India Banking and PSU Fund - Regular Plan - Growth Option,2389.9681
2026-06-30,118233,Invesco India Banking and PSU Fund - Regular Plan - Monthly IDCW (Payout / Reinvestment),1062.2742
2026-06-30,118234,Invesco India Banking and PSU Fund - Regular Plan - Daily IDCW (Reinvestment),1051.369
2026-06-30,118267,CANARA ROBECO INFRASTRUCTURE FUND - DIRECT PLAN - GROWTH OPTION,194.2000
2026-06-30,118268,CANARA ROBECO INFRASTRUCTURE FUND - DIRECT PLAN - IDCW (Payout/Reinvestment),92.7200
2026-06-30,118269,CANARA ROBECO LARGE CAP FUND - DIRECT PLAN - GROWTH OPTION,70.8600
2026-06-30,118270,CANARA ROBECO LARGE CAP FUND - DIRECT PLAN - IDCW (Payout/Reinvestment),51.6500
2026-06-30,118271,CANARA ROBECO EQUITY HYBRID FUND - DIRECT PLAN - MONTHLY IDCW (Payout/Reinvestment),129.2600
2026-06-30,118272,CANARA ROBECO EQUITY HYBRID FUND - DIRECT PLAN - GROWTH OPTION,414.4600
2026-06-30,118273,CANARA ROBECO CONSUMPTION FUND - DIRECT PLAN - GROWTH OPTION,121.8300
2026-06-30,118274,CANARA ROBECO CONSUMPTION FUND - DIRECT PLAN - IDCW (Payout/Reinvestment),83.1400
2026-06-30,118275,CANARA ROBECO FLEXICAP FUND - DIRECT PLAN - GROWTH OPTION,381.7000
2026-06-30,118276,CANARA ROBECO FLEXICAP FUND - DIRECT PLAN - IDCW (Payout/Reinvestment),90.1000
2026-06-30,118277,CANARA ROBECO LARGE AND MID CAP FUND - DIRECT PLAN - IDCW (Payout/Reinvestment),124.6500
2026-06-30,118278,CANARA ROBECO LARGE AND MID CAP FUND - DIRECT PLAN - GROWTH OPTION,288.8400
2026-06-30,118281,CANARA ROBECO INCOME FUND - DIRECT PLAN - QUARTERLY IDCW (Payout/Reinvestment),16.8823
2026-06-30,118282,CANARA ROBECO INCOME FUND - DIRECT PLAN - GROWTH OPTION,64.5874
2026-06-30,118283,CANARA ROBECO DYNAMIC BOND FUND - DIRECT PLAN - IDCW (Payout/Reinvestment),14.9531
2026-06-30,118284,CANARA ROBECO DYNAMIC BOND FUND - DIRECT PLAN - GROWTH OPTION,33.1312
2026-06-30,118285,CANARA ROBECO ELSS TAX SAVER - DIRECT PLAN - GROWTH OPTION,199.5000
2026-06-30,118286,CANARA ROBECO ELSS TAX SAVER - DIRECT PLAN - IDCW (Payout),77.3500
2026-06-30,118291,CANARA ROBECO SAVINGS FUND - DIRECT PLAN - GROWTH OPTION,46.1402
2026-06-30,118292,CANARA ROBECO SAVINGS FUND - DIRECT PLAN - IDCW (Payout/Reinvestment),41.2202
2026-06-30,118293,CANARA ROBECO SAVINGS FUND - DIRECT PLAN - DAILY IDCW (Reinvestment),10.2600
2026-06-30,118294,CANARA ROBECO SAVINGS FUND - DIRECT PLAN - WEEKLY IDCW (Payout/Reinvestment),10.2871
2026-06-30,118295,CANARA ROBECO SAVINGS FUND - DIRECT PLAN - MONTHLY IDCW (Payout/Reinvestment),10.2872
2026-06-30,118298,CANARA ROBECO GILT FUND - DIRECT PLAN - IDCW (Payout/Reinvestment),16.1946
2026-06-30,118299,CANARA ROBECO GILT FUND - DIRECT PLAN - GROWTH OPTION,83.2597
2026-06-30,118304,CANARA ROBECO LIQUID FUND - DIRECT PLAN - IDCW (Payout/Reinvestment),2405.9816
2026-06-30,118305,CANARA ROBECO LIQUID FUND - DIRECT PLAN - GROWTH OPTION,3362.0591
2026-06-30,118306,CANARA ROBECO LIQUID FUND - DIRECT PLAN - MONTHLY IDCW (Payout/Reinvestment),1002.3530
2026-06-30,118307,CANARA ROBECO LIQUID FUND - DIRECT PLAN - DAILY IDCW (Reinvestment),1005.5000
2026-06-30,118308,CANARA ROBECO LIQUID FUND - DIRECT PLAN - WEEKLY IDCW (Payout/Reinvestment),1002.1792
2026-06-30,118309,CANARA ROBECO CONSERVATIVE HYBRID FUND - DIRECT PLAN - GROWTH OPTION,114.6799
2026-06-30,118310,CANARA ROBECO CONSERVATIVE HYBRID FUND - DIRECT PLAN - QUARTERLY IDCW (Payout/Reinvestment),16.0635
2026-06-30,118311,CANARA ROBECO CONSERVATIVE HYBRID FUND - DIRECT PLAN - MONTHLY IDCW (Payout/Reinvestment),16.0101
2026-06-30,118315,CANARA ROBECO ULTRA SHORT TERM FUND - DIRECT PLAN - DAILY IDCW (Reinvestment),1240.7100
2026-06-30,118316,CANARA ROBECO ULTRA SHORT TERM FUND - DIRECT PLAN - WEEKLY IDCW (Payout/Reinvestment),1243.5475
2026-06-30,118317,CANARA ROBECO ULTRA SHORT TERM FUND - DIRECT PLAN - GROWTH OPTION,4304.5856
2026-06-30,118318,CANARA ROBECO ULTRA SHORT TERM FUND - DIRECT PLAN - MONTHLY IDCW (Payout/Reinvestment),1002.6468
2026-06-30,118319,CANARA ROBECO ULTRA SHORT TERM FUND - DIRECT PLAN - IDCW (Payout/Reinvestment),2463.5760
2026-06-30,118320,CANARA ROBECO SHORT DURATION FUND - DIRECT PLAN - GROWTH OPTION,29.3198
2026-06-30,118321,CANARA ROBECO SHORT DURATION FUND - DIRECT PLAN - MONTHLY IDCW (Payout/Reinvestment),18.4349
2026-06-30,118322,CANARA ROBECO SHORT DURATION FUND - DIRECT PLAN - QUARTERLY IDCW (Payout/Reinvestment),17.2010
2026-06-30,118363,BANDHAN LIQUID Fund -Direct Plan-Periodic IDCW,1364.7605
2026-06-30,118364,BANDHAN LIQUID Fund -Direct Plan-Growth,3387.6383
2026-06-30,118365,BANDHAN LIQUID Fund -Direct Plan -Monthly IDCW,1007.6846
2026-06-30,118366,BANDHAN LIQUID Fund -Direct Plan-Daily IDCW,1001.6663
2026-06-30,118367,BANDHAN LIQUID Fund -Direct Plan -Weekly IDCW,1008.3935
2026-06-30,118368,BANDHAN Low Duration Fund-Direct Plan-Daily IDCW,10.1111
2026-06-30,118369,BANDHAN Low Duration Fund-Direct Plan-Quarterly IDCW,11.1112
2026-06-30,118370,BANDHAN Low Duration Fund-Direct Plan-Periodic IDCW,13.7808
2026-06-30,118371,BANDHAN Low Duration Fund-Direct Plan-Growth,42.0705
2026-06-30,118372,BANDHAN Low Duration Fund-Direct Plan-Monthly IDCW,10.1220
2026-06-30,118373,BANDHAN Low Duration Fund-Direct Plan-Weekly IDCW,10.1160
2026-06-30,118383,Bandhan Money Market Fund -Direct Plan-Daily IDCW,10.0994
2026-06-30,118384,Bandhan Money Market Fund -Direct Plan-Growth,46.6133
2026-06-30,118385,Bandhan Money Market Fund -Direct Plan-Monthly IDCW,10.1925
2026-06-30,118386,Bandhan Money Market Fund -Direct Plan-Weekly IDCW,10.1161
2026-06-30,118387,Bandhan Gilt Fund with 10 year constant duration Fund - Direct Plan - Growth,49.2422
2026-06-30,118388,Bandhan Gilt Fund with 10 year constant duration Fund - Direct Plan - Quarterly IDCW,11.8766
2026-06-30,118389,Bandhan Gilt Fund with 10 year constant duration Fund - Direct Plan - Weekly IDCW,18.0171
2026-06-30,118390,Bandhan Gilt Fund with 10 year constant duration Fund - Direct Plan - Monthly IDCW,10.4554
2026-06-30,118393,Bandhan Medium to Long Duration Fund - Direct Plan - Annual IDCW,16.4488
2026-06-30,118394,Bandhan Medium to Long Duration Fund - Direct Plan - Growth,75.1129
2026-06-30,118395,Bandhan Medium to Long Duration Fund - Direct Plan - Half Yearly IDCW,13.1965
2026-06-30,118396,Bandhan Medium to Long Duration Fund - Direct Plan - Quarterly IDCW,12.8099
2026-06-30,118399,Bandhan Medium Duration Fund - Direct Plan - Bi Monthly IDCW,10.8125
2026-06-30,118400,Bandhan Medium Duration Fund - Direct Plan - Daily IDCW,10.4246
2026-06-30,118401,Bandhan Medium Duration Fund - Direct Plan - Growth,53.0618
2026-06-30,118402,Bandhan Medium Duration Fund - Direct Plan - Monthly IDCW,10.4689
2026-06-30,118403,Bandhan Medium Duration Fund - Direct Plan - Quarterly IDCW,11.4048
2026-06-30,118405,Bandhan Short Duration Fund - Direct Plan - Fortnightly IDCW,10.4590
2026-06-30,118406,Bandhan Short Duration Fund - Direct Plan - Monthly IDCW,10.3791
2026-06-30,118407,Bandhan Short Duration Fund - Direct Plan - Growth,65.3732
2026-06-30,118408,Bandhan Income Plus Arbitrage Active FOF - Direct Plan - Annual IDCW,15.0170
2026-06-30,118409,Bandhan Income Plus Arbitrage Active FOF - Direct Plan - Daily IDCW,12.4404
2026-06-30,118410,Bandhan Income Plus Arbitrage Active FOF - Direct Plan - Growth,48.9009
2026-06-30,118411,Bandhan Income Plus Arbitrage Active FOF - Direct Plan - Half Yearly IDCW,16.2324
2026-06-30,118412,Bandhan Income Plus Arbitrage Active FOF - Direct Plan - Weekly IDCW,12.4639
2026-06-30,118413,Bandhan Income Plus Arbitrage Active FOF - Direct Plan - Quarterly IDCW,12.9193
2026-06-30,118414,Bandhan Income Plus Arbitrage Active FOF - Direct Plan - Fortnightly IDCW,12.4439
2026-06-30,118415,BANDHAN Dynamic Bond Fund-Direct Plan-Annual IDCW,12.2037
2026-06-30,118416,BANDHAN Dynamic Bond Fund-Direct Plan-Growth,40.4259
2026-06-30,118417,BANDHAN Dynamic Bond Fund-Direct Plan-IDCW,17.3558
2026-06-30,118418,BANDHAN Dynamic Bond Fund-Direct Plan-Quarterly IDCW,13.7192
2026-06-30,118419,Bandhan Large & Mid Cap Fund - Direct Plan - Growth,163.352
2026-06-30,118420,Bandhan Large & Mid Cap Fund - Direct Plan - IDCW,36.339
2026-06-30,118421,Bandhan Focused Fund - Direct Plan - Growth,104.206
2026-06-30,118422,Bandhan Focused Fund - Direct Plan - IDCW,33.375
2026-06-30,118423,BANDHAN Flexi Cap Fund-Direct Plan-IDCW,50.995
2026-06-30,118424,BANDHAN Flexi Cap Fund-Direct Plan-Growth,228.683
2026-06-30,118462,Franklin India Large Cap Fund - Direct - IDCW,48.6264
2026-06-30,118463,Bandhan Gilt Fund - Direct Plan - IDCW,15.8846
2026-06-30,118464,Bandhan Gilt Fund - Direct Plan - Growth,41.1979
2026-06-30,118465,Bandhan Gilt Fund - Direct Plan - Half Yearly IDCW,12.8198
2026-06-30,118466,Bandhan Gilt Fund - Direct Plan - Quarterly IDCW,11.7831
2026-06-30,118467,Bandhan Gilt Fund - Direct Plan - Annual IDCW,12.8205
2026-06-30,118468,BANDHAN Infrastructure Fund-Direct Plan-IDCW,46.367
2026-06-30,118469,BANDHAN Infrastructure Fund-Direct Plan-Growth,59.609
2026-06-30,118472,BANDHAN ELSS Tax Saver Fund - Direct Plan - IDCW,41.149
2026-06-30,118473,BANDHAN ELSS Tax Saver Fund - Direct Plan - Growth,177.815
2026-06-30,118474,BANDHAN Arbitrage Fund-Direct Plan- Growth,37.3272
2026-06-30,118475,BANDHAN Arbitrage Fund-Direct Plan-Monthly IDCW,10.7368
2026-06-30,118476,BANDHAN Equity Savings Fund-Direct Plan-Monthly IDCW,11.480
2026-06-30,118477,BANDHAN Equity Savings Fund-Direct Plan-Growth,36.040
2026-06-30,118478,BANDHAN Large Cap Fund-Direct Plan-IDCW,27.946
2026-06-30,118479,BANDHAN Large Cap Fund-Direct Plan-Growth,88.785
2026-06-30,118480,Bandhan Value Fund - Direct Plan - IDCW,48.309
2026-06-30,118481,Bandhan Value Fund - Direct Plan - Growth,167.262
2026-06-30,118482,BANDHAN Nifty 50 Index Fund-Direct Plan-Growth,53.3224
2026-06-30,118483,BANDHAN Nifty 50 Index Fund-Direct Plan-IDCW,48.4642
2026-06-30,118484,Bandhan Aggressive Hybrid Passive FOF - Direct Plan - IDCW,36.5925
2026-06-30,118485,Bandhan Aggressive Hybrid Passive FOF - Direct Plan - Growth,53.1556
2026-06-30,118486,Bandhan Conservative Hybrid Passive FOF - Direct Plan - Growth,37.2356
2026-06-30,118487,Bandhan Conservative Hybrid Passive FOF - Direct Plan - IDCW,17.5967
2026-06-30,118488,Bandhan Multi-Asset Passive FOF - Direct Plan - IDCW,21.2881
2026-06-30,118489,Bandhan Multi-Asset Passive FOF - Direct Plan - Growth,44.3180
2026-06-30,118490,BANDHAN Conservative Hybrid Fund-Direct Plan-IDCW,13.1912
2026-06-30,118491,BANDHAN Conservative Hybrid Fund-Direct Plan-Growth,36.8913
2026-06-30,118492,BANDHAN Conservative Hybrid Fund-Direct Plan-Quarterly IDCW,16.1136
2026-06-30,118493,Templeton India Value Fund - Direct - IDCW,106.8711
2026-06-30,118494,Templeton India Value Fund - Direct - Growth,787.9191
2026-06-30,118497,Franklin India Government Securities Fund - Direct - IDCW,11.8442
2026-06-30,118498,Franklin India Government Securities Fund - Direct - Growth,67.2779
2026-06-30,118505,Franklin India Money Market Fund Retail Option - Direct - Quarterly - IDCW,11.6521
2026-06-30,118506,Franklin India Money Market Fund - Direct - Growth,55.2949
2026-06-30,118507,Franklin India Floating Rate Fund - Direct - IDCW,10.0592
2026-06-30,118508,Franklin India Floating Rate Fund - Direct - Growth,47.5792
2026-06-30,118509,Franklin India Large & Mid cap Fund - Direct - IDCW,22.2512
2026-06-30,118510,Franklin India Large & Mid Cap Fund - Direct - Growth,205.6140
2026-06-30,118524,Franklin India Small Cap Fund - Direct - IDCW,51.9997
2026-06-30,118525,Franklin India Small Cap Fund - Direct - Growth,200.0799
2026-06-30,118526,Franklin India Dividend Yield Fund - Direct - IDCW,26.7119
2026-06-30,118527,Franklin India Dividend Yield Fund - Direct - Growth,149.2017
2026-06-30,118531,Franklin India Large Cap Fund- Direct - Growth,1105.9018
2026-06-30,118532,Franklin India Mid Cap Fund - Direct - IDCW,102.2408
2026-06-30,118533,Franklin India Mid Cap Fund - Direct - Growth,3108.8812
2026-06-30,118534,Franklin India Flexi Cap Fund - Direct - IDCW,68.7567
2026-06-30,118535,Franklin India Flexi Cap Fund - Direct - Growth,1778.2095
2026-06-30,118536,Franklin India Technology Fund - Direct - IDCW,41.9172
2026-06-30,118537,Franklin India Technology Fund - Direct - Growth,481.0138
2026-06-30,118538,Franklin INDIA OPPORTUNITIES FUND - Direct - IDCW,42.2242
2026-06-30,118539,Franklin India Opportunities Fund - Direct - Growth,289.5381
2026-06-30,118540,Franklin India ELSS Tax Saver Fund - Direct - Growth,1587.3695
2026-06-30,118541,Franklin India ELSS Tax Saver Fund - Direct - IDCW,69.5081
2026-06-30,118542,Franklin India Dynamic Asset Allocation Active Fund of funds - Direct - IDCW,48.4861
2026-06-30,118543,Franklin India Dynamic Asset Allocation Active Fund Of Funds - Direct - Growth,188.7760
2026-06-30,118546,Franklin India Aggressive Hybrid Fund - Direct - Growth,307.0563
2026-06-30,118547,Franklin India Aggressive Hybrid Fund - Direct - IDCW,33.7756
2026-06-30,118548,Franklin India Retirement Fund - Direct - Growth,240.8043
2026-06-30,118549,Franklin India Retirement Fund - Direct - IDCW,18.3170
2026-06-30,118550,Franklin U.S. Opportunities Equity Active Fund of Funds - Direct - IDCW,106.3735
2026-06-30,118551,Franklin U.S. Opportunities Equity Active Fund of Funds - Direct - Growth,106.3735
2026-06-30,118556,Franklin Build India Fund - Direct - IDCW,51.2474
2026-06-30,118557,Franklin Build India Fund - Direct - Growth,171.4365
2026-06-30,118558,Franklin Asian Equity Fund - Direct - IDCW,22.8818
2026-06-30,118559,Franklin Asian Equity Fund - Direct - Growth,49.9726
2026-06-30,118563,Franklin India Focused Equity Fund - Direct - IDCW,39.7141
2026-06-30,118564,Franklin India Focused Equity Fund - Direct - Growth,113.9208
2026-06-30,118569,Franklin India Corporate Debt Fund - Direct - GROWTH,115.0809
2026-06-30,118570,Franklin India Corporate Debt Fund - Plan A - Direct - Annual - IDCW,18.9392
2026-06-30,118571,Franklin India Corporate Debt Fund - Plan A - Direct - Monthly - IDCW,16.9767
2026-06-30,118572,Franklin India Corporate Debt Fund - Plan A - Direct - Quarterly - IDCW,13.5714
2026-06-30,118573,Franklin India Corporate Debt Fund - Plan A - Direct - Half yearly - IDCW,14.8488
2026-06-30,118574,Franklin India Conservative Hybrid Fund - Direct - GROWTH,101.8819
2026-06-30,118575,Franklin India Conservative Hybrid Fund - Plan A - Direct - Monthly - IDCW,14.3394
2026-06-30,118576,Franklin India Conservative Hybrid Fund - Plan A - Direct - Quarterly - IDCW,13.4510
2026-06-30,118577,Franklin India Liquid Fund - Super Institutional - Direct - Growth,4217.3358
2026-06-30,118578,Franklin India Liquid Fund - Super Institutional Plan - Direct - Daily - IDCW,1002.8152
2026-06-30,118579,Franklin India Liquid Fund - Super Institutional Plan - Direct - Weekly - IDCW,1022.8083
2026-06-30,118580,Franklin India INDEX FUND- NSE Nifty 50 Index Fund - Direct - IDCW,177.4806
2026-06-30,118581,Franklin India INDEX FUND- NSE NIFTY 50 INDEX FUND- Direct - Growth,203.7363
2026-06-30,118585,Nippon India Arbitrage Fund - Direct Plan Growth Plan - Growth Option,30.5478
2026-06-30,118587,NIPPON INDIA ARBITRAGE FUND - DIRECT Plan - IDCW Option,18.8089
2026-06-30,118588,Nippon India Banking & Financial Services Fund - Direct Plan Growth Plan - Bonus Option,711.6994
2026-06-30,118589,Nippon India Banking & Financial Services Fund - Direct Plan Growth Plan - Growth Option,711.6994
2026-06-30,118591,Nippon India Banking & Financial Services Fund- DIRECT Plan - IDCW Option,103.3694
2026-06-30,118614,Edelweiss Balanced Advantage Fund - Direct Plan - Quarterly - IDCW Option,28.72
2026-06-30,118615,Edelweiss Balanced Advantage Fund -Direct Plan-Growth Option,59.85
2026-06-30,118616,Edelweiss Large Cap Fund - Direct Plan - IDCW Option,37.61
2026-06-30,118617,Edelweiss Large Cap Fund - Direct Plan-Growth option,95.29
2026-06-30,118619,Edelweiss ELSS Tax Saver Fund - Direct Plan - IDCW Option,45.91
2026-06-30,118620,Edelweiss ELSS Tax Saver Fund - Direct Plan-Growth Option,135.78
2026-06-30,118624,Edelweiss Aggressive Hybrid Fund-Direct Plan-Growth Option,74.93
2026-06-30,118625,Edelweiss Aggressive Hybrid Fund  - Direct Plan - IDCW Option,32.5
2026-06-30,118632,Nippon India Large Cap Fund - Direct Plan Growth Plan - Growth Option,100.4828
2026-06-30,118633,Nippon India Large Cap Fund - Direct Plan Growth Plan - Bonus Option,100.4828
2026-06-30,118634,NIPPON INDIA LARGE CAP FUND - DIRECT Plan - IDCW Option,39.9660
2026-06-30,118650,Nippon India Multi Cap Fund - Direct Plan Growth Plan - Growth Option,333.0095
2026-06-30,118651,Nippon India Multi Cap Fund - Direct Plan Growth Plan - Bonus Option,333.0095
2026-06-30,118652,NIPPON INDIA MULTI CAP FUND - DIRECT Plan - IDCW Option,86.1663
2026-06-30,118654,NIPPON INDIA FLOATER FUND - DIRECT Plan - DAILY IDCW Option,10.3060
2026-06-30,118655,NIPPON INDIA FLOATER FUND - DIRECT Plan - MONTHLY IDCW Option,11.3732
2026-06-30,118656,Nippon India Floater Fund  - Direct Plan Growth Plan - Growth Option,50.6427
2026-06-30,118660,NIPPON INDIA FLOATER  FUND - DIRECT Plan - WEEKLY IDCW Option,10.2905
2026-06-30,118661,NIPPON INDIA FLOATER FUND - DIRECT Plan - QUARTERLY IDCW Option,10.9201
2026-06-30,118662,NIPPON INDIA GOLD SAVINGS FUND - Direct Plan - IDCW Option,55.8926
2026-06-30,118663,Nippon India Gold Savings Fund - Direct Plan Growth Plan - Growth Option,55.8926
2026-06-30,118665,Nippon India Growth Mid Cap Fund - Direct Plan Growth Plan - Bonus Option,817.7269
2026-06-30,118666,NIPPON INDIA GROWTH MID CAP FUND - DIRECT Plan - IDCW Option,190.9165
2026-06-30,118668,Nippon India Growth Mid Cap Fund - Direct Plan Growth Plan - Growth Option,4922.0185
2026-06-30,118669,Nippon India Gilt  Fund - Direct Plan - P F Option - Automatic Capital Appreciation Payout Option,44.5293
2026-06-30,118670,NIPPON INDIA GILT  FUND - Direct Plan - MONTHLY IDCW Option,11.7620
2026-06-30,118672,Nippon India Gilt  Fund - Direct Plan Growth Plan - Growth Option,44.6450
2026-06-30,118673,Nippon India Gilt  Fund - Direct Plan - P F Option - Defined Maturity Date Option,44.7656
2026-06-30,118674,Nippon India Gilt Fund - Direct Plan - P F Option - Automatic Annual Reinvest Option,24.1645
2026-06-30,118675,Nippon India Vision Large & Mid Cap Fund - Direct Plan Growth Plan - Bonus Option,270.9989
2026-06-30,118676,NIPPON INDIA VISION LARGE & MID CAP  FUND - DIRECT Plan - IDCW Option,70.0313
2026-06-30,118678,Nippon India Vision Large & Mid Cap Fund - Direct Plan Growth Plan - Growth Option,1598.4194
2026-06-30,118679,Nippon India Medium to Long Duration  Fund - Direct Plan Growth Plan-Bonus Option,30.0071
2026-06-30,118680,NIPPON INDIA MEDIUM TO LONG DURATION  FUND - Direct Plan - ANNUAL IDCW Option,14.3767
2026-06-30,118681,NIPPON INDIA MEDIUM TO LONG DURATION  FUND - Direct Plan - HALF YEARLY IDCW Option,13.7870
2026-06-30,118683,NIPPON INDIA MEDIUM TO LONG DURATION  FUND - Direct Plan - MONTHLY IDCW Option,11.5489
2026-06-30,118684,NIPPON INDIA MEDIUM TO LONG DURATION FUND - Direct Plan - QUARTERLY IDCW Option,14.0179
2026-06-30,118687,Nippon India Medium to Long Duration Fund - Direct Plan Growth Plan - Growth Option,105.0080
2026-06-30,118689,NIPPON INDIA QUARTERLY INTERVAL FUND - SERIES II - Direct Plan - IDCW Option,13.4177
2026-06-30,118691,Nippon India Quarterly Interval Fund - Series II - Direct Plan Growth Plan - Growth,38.7201
2026-06-30,118692,Nippon India Focused Fund - Direct Plan Growth Plan - Growth Option,134.9436
2026-06-30,118693,NIPPON INDIA FOCUSED  FUND - DIRECT Plan - IDCW Option,44.9966
2026-06-30,118695,NIPPON INDIA LIQUID FUND - DIRECT Plan - DAILY IDCW OPTION,1528.7400
2026-06-30,118696,NIPPON INDIA LIQUID FUND - DIRECT Plan - MONTHLY IDCW OPTION,1589.1320
2026-06-30,118698,NIPPON INDIA LIQUID FUND - DIRECT Plan - QUARTERLY IDCW OPTION,1006.3241
2026-06-30,118700,NIPPON INDIA LIQUID FUND - DIRECT Plan - WEEKLY IDCW OPTION,1532.5847
2026-06-30,118701,Nippon India Liquid Fund - Direct Plan Growth Plan - Growth Option,6868.4019
2026-06-30,118702,Nippon India Low Duration Fund - Direct Plan Growth Plan - Bonus Option,2461.8466
2026-06-30,118703,NIPPON INDIA LOW DURATION FUND - DIRECT Plan - DAILY IDCW Option,1012.2892
2026-06-30,118704,NIPPON INDIA LOW DURATION FUND - DIRECT Plan - MONTHLY IDCW Option,1041.8427
2026-06-30,118705,NIPPON INDIA LOW DURATION FUND - DIRECT Plan - QUARTERLY IDCW Option,1020.2748
2026-06-30,118706,NIPPON INDIA LOW DURATION FUND - DIRECT Plan - WEEKLY IDCW Option,1012.2050
2026-06-30,118709,Nippon India Low Duration Fund - Direct Plan Growth Plan - Growth Option,4238.0215
2026-06-30,118715,Nippon India Money Market Fund - Direct Plan Growth Plan - Bonus Option,2637.9058
2026-06-30,118716,NIPPON INDIA MONEY MARKET FUND - DIRECT Plan - QUARTERLY IDCW Option,1016.3166
2026-06-30,118717,NIPPON INDIA MONEY MARKET FUND - DIRECT Plan - WEEKLY IDCW Option,1007.6193
2026-06-30,118718,NIPPON INDIA MONEY MARKET FUND - DIRECT Plan - DAILY IDCW Option,1006.9324
2026-06-30,118719,Nippon India Money Market Fund - Direct Plan Growth Plan - Growth Option,4486.0723
2026-06-30,118720,NIPPON INDIA MONEY MARKET FUND - DIRECT Plan - MONTHLY IDCW Option,1024.9902
2026-06-30,118722,Nippon India Consumption Fund - Direct Plan Growth Plan - Bonus,212.6376
2026-06-30,118724,Nippon India Consumption Fund - Direct Plan Growth Plan - Growth Option,212.6376
2026-06-30,118725,NIPPON INDIA CONSUMPTION FUND - DIRECT Plan - IDCW Option,52.0822
2026-06-30,118726,Nippon India Conservative Hybrid  Fund - Direct Plan Growth Plan - Growth Option,68.4089
2026-06-30,118727,NIPPON INDIA CONSERVATIVE HYBRID  FUND - DIRECT Plan - MONTHLY IDCW Option,11.7448
2026-06-30,118729,NIPPON INDIA CONSERVATIVE HYBRID  FUND - DIRECT Plan - QUARTERLY IDCW Option,12.8695
2026-06-30,118736,Nippon India Balanced Advantage Fund - Direct Plan Growth Plan - Growth Option,207.7930
2026-06-30,118738,NIPPON INDIA BALANCED ADVANTAGE FUND - DIRECT Plan - IDCW Option,45.7099
2026-06-30,118740,NIPPON INDIA INDEX FUND - NIFTY 50 PLAN - DIRECT Plan - QUARTERLY - IDCW Option,35.0200
2026-06-30,118741,Nippon India Index Fund - Nifty 50 Plan - Direct Plan Growth Plan - Growth Option,43.9647
2026-06-30,118742,Nippon India Index Fund - Nifty 50 Plan - Direct Plan Growth Plan - Bonus Option,43.9647
2026-06-30,118743,NIPPON INDIA INDEX FUND - NIFTY 50 PLAN - DIRECT Plan - ANNUAL - IDCW Option,35.0784
2026-06-30,118745,NIPPON INDIA INDEX FUND - NIFTY 50 PLAN - DIRECT Plan - HALF YEARLY - IDCW Option,35.0279
2026-06-30,118747,Nippon India Dynamic Bond Fund - Direct Plan Growth Plan - Growth Option,42.2573
2026-06-30,118749,NIPPON INDIA DYNAMIC BOND FUND - Direct Plan - QUARTERLY IDCW Option,10.4274
2026-06-30,118750,NIPPON INDIA DYNAMIC BOND FUND - Direct Plan - IDCW Option,30.5299
2026-06-30,118756,NIPPON INDIA PHARMA FUND - DIRECT Plan - IDCW Option,171.3601
2026-06-30,118758,Nippon India Pharma Fund - Direct Plan Growth Plan - Bonus Option,626.1360
2026-06-30,118759,Nippon India Pharma Fund - Direct Plan Growth Plan - Growth Option,626.1360
2026-06-30,118760,NIPPON INDIA POWER & INFRA FUND - DIRECT Plan - IDCW Option,76.8731
2026-06-30,118762,Nippon India Power & Infra Fund - Direct Plan Growth Plan - Bonus Option,419.3814
2026-06-30,118763,Nippon India Power & Infra Fund - Direct Plan Growth Plan - Growth Option,419.3814
2026-06-30,118767,NIPPON INDIA QUANT FUND - DIRECT Plan - IDCW Option,44.9984
2026-06-30,118769,Nippon India Quant Fund - Direct Plan Growth Plan - Growth Option,78.4420
2026-06-30,118770,Nippon India Quant Fund - Direct Plan Growth Plan - Bonus Option,78.4420
2026-06-30,118775,NIPPON INDIA SMALL CAP FUND - Direct Plan - IDCW Option,108.2307
2026-06-30,118777,Nippon India Small Cap Fund - Direct Plan Growth Plan - Bonus Option,203.5082
2026-06-30,118778,Nippon India Small Cap Fund - Direct Plan Growth Plan - Growth Option,203.5082
2026-06-30,118780,Nippon India Credit Risk Fund - Direct Plan - Growth Plan,41.8233
2026-06-30,118781,NIPPON INDIA CREDIT RISK FUND - DIRECT Plan - QUARTERLY IDCW Option,13.6650
2026-06-30,118782,NIPPON INDIA VALUE FUND - DIRECT Plan - IDCW Option,65.0375
2026-06-30,118784,Nippon India Value Fund - Direct Plan Growth Plan,246.2697
2026-06-30,118785,Nippon India Index Fund - BSE Sensex Plan - Direct Plan Growth Plan - Bonus Option,41.5300
2026-06-30,118786,NIPPON INDIA INDEX FUND - BSE SENSEX PLAN - DIRECT Plan - ANNUAL - IDCW Option,33.0355
2026-06-30,118788,NIPPON INDIA INDEX FUND - BSE SENSEX PLAN - DIRECT Plan - HALF YEARLY - IDCW Option,32.9927
2026-06-30,118790,NIPPON INDIA INDEX FUND - BSE SENSEX PLAN - DIRECT Plan - QUARTERLY - IDCW Option,33.0378
2026-06-30,118791,Nippon India Index Fund - BSE Sensex Plan - Direct Plan Growth Plan - Growth Option,41.5301
2026-06-30,118793,NIPPON INDIA AGGRESSIVE HYBRID FUND - DIRECT Plan - IDCW Option,37.6201
2026-06-30,118794,Nippon India Aggressive Hybrid Fund  - Direct Plan Growth Plan,120.4075
2026-06-30,118796,Nippon India Short Duration Fund - Direct Plan Growth Plan - Growth Option,61.1607
2026-06-30,118797,NIPPON INDIA SHORT DURATION FUND - Direct Plan - MONTHLY IDCW Option,11.7514
2026-06-30,118800,NIPPON INDIA SHORT DURATION FUND - Direct Plan - QUARTERLY IDCW OPTION,15.2976
2026-06-30,118801,NIPPON INDIA ELSS TAX SAVER FUND - DIRECT Plan - IDCW Option,45.7278
2026-06-30,118803,Nippon India ELSS Tax Saver Fund - Direct Plan Growth Plan - Growth Option,144.4814
2026-06-30,118807,Nippon India Corporate Bond Fund - Direct Plan Growth Plan - Bonus,47.7497
2026-06-30,118808,NIPPON INDIA CORPORATE BOND FUND - DIRECT Plan - DAILY IDCW Option,17.0959
2026-06-30,118809,NIPPON INDIA CORPORATE BOND FUND - DIRECT Plan - MONTHLY IDCW Option,11.8407
2026-06-30,118811,NIPPON INDIA CORPORATE BOND FUND - DIRECT Plan - QUARTERLY IDCW Option,12.1862
2026-06-30,118812,NIPPON INDIA CORPORATE BOND FUND - DIRECT Plan - WEEKLY IDCW Option,17.0959
2026-06-30,118814,Nippon India Corporate Bond Fund - Direct Plan Growth Plan - Growth Option,66.8811
2026-06-30,118825,Mirae Asset Large Cap Fund - Direct Plan - Growth,125.749
2026-06-30,118826,Mirae Asset Large Cap Fund Direct IDCW,65.640
2026-06-30,118834,Mirae Asset Large & Midcap Fund - Direct Plan - Growth,175.396
2026-06-30,118835,Mirae Asset Large & Midcap Fund - Direct Plan - IDCW,82.246
2026-06-30,118837,Mirae Asset Great Consumer Fund - Direct Plan - Growth,109.096
2026-06-30,118838,Mirae Asset Great Consumer Fund Direct IDCW,65.503
2026-06-30,118840,Mirae Asset Low Duration Fund - Direct Plan - Growth,2624.2133
2026-06-30,118841,Mirae Asset Low Duration Fund - Direct Plan - Monthly IDCW,1162.6682
2026-06-30,118842,Mirae Asset Low Duration Fund - Direct Plan - Quarterly IDCW,1031.5527
2026-06-30,118843,Mirae Asset Low Duration Fund - Direct Plan - Daily IDCW,1208.9337
2026-06-30,118844,Mirae Asset Low Duration Fund - Direct Plan - Weekly IDCW,1458.2616
2026-06-30,118859,Mirae Asset Liquid Fund - Direct Plan - Growth,2961.4688
2026-06-30,118860,Mirae Asset Liquid Fund - Direct Plan -Monthly IDCW,1136.3075
2026-06-30,118861,Mirae Asset Liquid Fund - Direct Plan -Daily IDCW,1075.8332
2026-06-30,118862,Mirae Asset Liquid Fund - Direct Plan - Weekly IDCW,1217.9801
2026-06-30,118866,Taurus ELSS Tax Saver Fund - Direct Plan - Growth,193.24
2026-06-30,118867,Taurus ELSS Tax Saver Fund - Direct Plan - Payout of Income Distribution cum Capital Withdrawal option,89.06
2026-06-30,118868,Taurus Banking & Financial Services Fund - Direct Plan - Growth,60.50
2026-06-30,118869,Taurus Banking & Financial Services Fund - Direct Plan - Payout of Income Distribution cum Capital Withdrawal option,59.80
2026-06-30,118870,Taurus Large Cap Fund - Direct Plan - Growth,163.33
2026-06-30,118871,Taurus Large Cap Fund - Direct Plan - Payout of Income Distribution cum Capital Withdrawal option,71.95
2026-06-30,118872,Taurus Mid Cap Fund - Direct Plan - Growth,124.19
2026-06-30,118873,Taurus Mid Cap Fund - Direct Plan - Payout of Income Distribution cum Capital Withdrawal option,110.32
2026-06-30,118876,Taurus Ethical Fund - Direct Plan - Growth,140.65
2026-06-30,118877,Taurus Ethical Fund - Direct Plan - Payout of Income Distribution cum Capital Withdrawal option,94.41
2026-06-30,118878,Taurus Ethical Fund-Direct Plan-Bonus Option #,46.09
2026-06-30,118879,Taurus Infrastructure Fund - Direct Plan - Growth,70.04
2026-06-30,118880,Taurus Infrastructure Fund - Direct Plan - Payout of Income Distribution cum Capital Withdrawal option,65.23
2026-06-30,118881,Taurus Nifty 50 Index Fund - Direct Plan - Growth,48.4237
2026-06-30,118882,Taurus Nifty 50 Index Fund - Direct Plan - Payout of Income Distribution cum Capital Withdrawal option,45.3190
2026-06-30,118883,Taurus Flexi Cap Fund - Direct Plan - Growth,231.56
2026-06-30,118884,Taurus Flexi Cap Fund - Direct Plan -  Payout of Income Distribution cum Capital Withdrawal option,116.83
2026-06-30,118901,HSBC Liquid Fund - Regular Daily IDCW,1001.3789
2026-06-30,118902,HSBC Liquid Fund - Regular Growth,2766.6336
2026-06-30,118903,HSBC Liquid Fund - Regular Monthly IDCW,1003.534
2026-06-30,118904,HSBC Liquid Fund - Regular Weekly IDCW,1107.4561
2026-06-30,118906,HSBC Liquid Fund - IDCW,1019.3
2026-06-30,118907,HSBC Liquid Fund - Growth,3991.7108
2026-06-30,118908,HSBC Liquid Fund - Weekly IDCW,1001.2958
2026-06-30,118909,HSBC Liquid Fund - Institutional Daily IDCW,1562.8262
2026-06-30,118921,DSP Bond Fund - Direct Plan - IDCW - Monthly,11.2929
2026-06-30,118922,DSP Bond Fund - Direct Plan - IDCW,11.7487
2026-06-30,118924,DSP Bond Fund - Direct Plan - Growth,91.9083
2026-06-30,118934,HDFC Value Fund - IDCW Option - Direct Plan,44.568
2026-06-30,118935,HDFC Value Fund - Growth Option - Direct Plan,861.549
2026-06-30,118942,HDFC Low Duration  Fund - Direct Plan - Growth,66.8026
2026-06-30,118943,HDFC Low Duration  Fund - Direct Plan - Monthly IDCW,10.1495
2026-06-30,118944,HDFC Low Duration  Fund - Direct Plan - Weekly IDCW,10.0669
2026-06-30,118945,HDFC Low Duration  Fund - Direct Plan - Daily IDCW,10.0655
2026-06-30,118949,HDFC Focused Fund - IDCW Option - Direct Plan,31.219
2026-06-30,118950,HDFC Focused Fund - Growth Option - Direct Plan,262.511
2026-06-30,118954,HDFC Flexi Cap Fund - IDCW Option - Direct Plan,89.024
2026-06-30,118955,HDFC Flexi Cap Fund - Growth Option - Direct Plan,2201.717
2026-06-30,118959,HDFC Floating Rate Debt Fund - Direct Plan - Daily IDCW,10.0809
2026-06-30,118960,HDFC Floating Rate Debt Fund - Direct Plan - Monthly IDCW,10.1546
2026-06-30,118961,HDFC Floating Rate Debt Fund - Direct Plan - Growth Option,54.4667
2026-06-30,118962,HDFC Floating Rate Debt Fund - Direct Plan - Weekly IDCW,10.0503
2026-06-30,118968,HDFC Balanced Advantage Fund - Growth Plan - Direct Plan,564.487
2026-06-30,118969,HDFC Balanced Advantage Fund - IDCW Plan - Direct Plan,43.089
2026-06-30,118978,HDFC Infrastructure Fund - IDCW Option - Direct Plan,32.767
2026-06-30,118979,HDFC Infrastructure Fund - Growth Option - Direct Plan,53.545
2026-06-30,118986,HDFC Corporate Bond Fund - Quarterly IDCW Option - Direct Plan,10.4631
2026-06-30,118987,HDFC Corporate Bond Fund - Growth Option - Direct Plan,35.1869
2026-06-30,118988,HDFC Mid Cap Fund - IDCW Option - Direct Plan,80.52
2026-06-30,118989,HDFC Mid Cap Fund - Growth Option - Direct Plan,226.765
2026-06-30,118992,DSP Regular Savings Fund - Direct Plan - IDCW - Monthly,14.1646
2026-06-30,118993,DSP Regular Savings Fund - Direct Plan - IDCW - Quarterly,13.9211
2026-06-30,118994,DSP Regular Savings Fund - Direct Plan - Growth,68.9190
2026-06-30,119015,HDFC Short Term  Debt Fund - Fortnightly IDCW - Direct Plan,10.3324
2026-06-30,119016,HDFC Short Term  Debt Fund - Growth Option - Direct Plan,35.2043
2026-06-30,119017,HDFC Large Cap Fund - IDCW Option - Direct Plan,61.344
2026-06-30,119018,HDFC Large Cap Fund - Growth Option - Direct Plan,1211.25
2026-06-30,119019,DSP Aggressive Hybrid Fund - Direct Plan - Growth,397.744
2026-06-30,119020,DSP Aggressive Hybrid Fund - Direct Plan - IDCW,70.672
2026-06-30,119028,DSP Natural Resources and New Energy Fund - Direct Plan - Growth,118.119
2026-06-30,119029,DSP Natural Resources and New Energy Fund - Direct Plan - IDCW,37.357
2026-06-30,119053,Tata Aggressive Hybrid Fund -Direct Plan- Growth Option,494.5070
2026-06-30,119057,Tata Aggressive Hybrid Fund- Direct Plan - Monthly Payout of IDCW Option,99.1624
2026-06-30,119058,Tata Aggressive Hybrid Fund- Direct Plan - Periodic Payout of IDCW Option,97.0868
2026-06-30,119059,HDFC ELSS Tax saver - IDCW Option - Direct Plan,91.642
2026-06-30,119060,HDFC ELSS Tax saver - Growth Option - Direct Plan,1466.127
2026-06-30,119061,HDFC Hybrid Equity Fund - IDCW Option - Direct Plan,17.522
2026-06-30,119062,HDFC Hybrid Equity Fund - Growth Option - Direct Plan,123.288
2026-06-30,119063,HDFC Nifty 50 Index Fund - Direct Plan,233.0091
2026-06-30,119065,HDFC BSE Sensex Index Fund - Direct Plan,730.4568
2026-06-30,119066,HDFC Childrens Fund - Direct Plan,322.425
2026-06-30,119068,HDFC Income Fund - Quarterly IDCW- Direct Plan,12.9268
2026-06-30,119069,HDFC Income Fund - Growth Option - Direct Plan,67.4952
2026-06-30,119070,DSP Midcap Fund - Direct Plan - IDCW,68.384
2026-06-30,119071,DSP Midcap Fund - Direct Plan - Growth,171.243
2026-06-30,119072,HDFC Dynamic Debt Fund - Half Yearly IDCW - Direct Plan,14.0401
2026-06-30,119073,HDFC Dynamic Debt Fund - Quarterly IDCW - Direct Plan,14.2544
2026-06-30,119074,HDFC Dynamic Debt Fund - Yearly IDCW - Direct Plan,15.4254
2026-06-30,119075,HDFC Dynamic Debt Fund - Growth Option - Direct Plan,103.4558
2026-06-30,119076,DSP Flexi Cap Fund - Direct Plan - Growth,115.060
2026-06-30,119077,DSP Flexi Cap Fund - Direct Plan - IDCW,84.586
2026-06-30,119080,HDFC Medium Term Debt Fund - Fortnightly IDCW Opt - Direct Plan,10.1317
2026-06-30,119081,HDFC Medium Term Debt Fund - Growth Option - Direct Plan,65.4352
2026-06-30,119082,DSP Credit Risk Fund - Direct Plan - Growth,60.2571
2026-06-30,119083,DSP Credit Risk Fund - Direct Plan - IDCW,12.6310
2026-06-30,119084,DSP Credit Risk Fund - Direct Plan -  IDCW - Monthly,11.1930
2026-06-30,119085,DSP Credit Risk Fund - Direct Plan - IDCW - Quarterly,11.5592
2026-06-30,119086,DSP Credit Risk Fund - Direct Plan - IDCW - Weekly,11.1475
2026-06-30,119087,DSP Credit Risk Fund - Direct Plan - IDCW - Daily,11.1243
2026-06-30,119088,HDFC Liquid Fund - IDCW Weekly - Direct Plan,1031.679
2026-06-30,119089,HDFC Liquid Fund - IDCW Daily - Direct Plan,1019.82
2026-06-30,119090,HDFC Liquid Fund - IDCW Monthly - Direct Plan,1026.9498
2026-06-30,119091,HDFC Liquid Fund - Growth Option - Direct Plan,5508.3669
2026-06-30,119092,HDFC Money Market Fund - Growth Option - Direct Plan,6220.8373
2026-06-30,119093,HDFC Money Market Fund - Daily IDCW Option - Direct Plan,1063.64
2026-06-30,119094,HDFC Money Market Fund - Weekly IDCW Option -Direct Plan,1063.0741
2026-06-30,119095,DSP Focused Fund - Direct Plan - IDCW,39.897
2026-06-30,119096,DSP Focused Fund - Direct Plan - Growth,61.702
2026-06-30,119099,DSP Gilt Fund - Direct Plan - Growth,106.6315
2026-06-30,119100,DSP Gilt Fund - Direct Plan - IDCW - Monthly,10.9285
2026-06-30,119101,DSP Gilt Fund - Direct Plan - IDCW,13.0316
2026-06-30,119106,DSP Savings Fund - Direct Plan - Growth,57.8683
2026-06-30,119107,DSP Savings Fund - Direct Plan - IDCW - Monthly,11.0453
2026-06-30,119108,DSP Savings Fund - Direct Plan - IDCW,12.5108
2026-06-30,119109,HDFC Overnight Fund - Daily IDCW Option - Direct Plan,1042.66
2026-06-30,119110,HDFC Overnight Fund - Growth Option - Direct Plan,4043.6042
2026-06-30,119115,HDFC Gilt Fund - IDCW Option - Direct Plan,13.1183
2026-06-30,119116,HDFC Gilt Fund - Growth Option - Direct Plan,60.8378
2026-06-30,119118,HDFC Hybrid Debt Fund - Growth Option - Direct Plan,89.8667
2026-06-30,119119,HDFC Hybrid Debt Fund - IDCW Monthly - Direct Plan,15.2383
2026-06-30,119120,HDFC Hybrid Debt Fund - IDCW Quarterly - Direct Plan,16.0343
2026-06-30,119123,DSP Liquidity Fund - Direct Plan - IDCW - Weekly,1002.7699
2026-06-30,119124,DSP Liquidity Fund - Direct Plan - IDCW - Daily,1001.4663
2026-06-30,119125,DSP Liquidity Fund - Direct Plan - Growth,4012.7860
2026-06-30,119128,HDFC Equity Savings Fund - Growth Option - Direct Plan,75.798
2026-06-30,119129,HDFC Equity Savings Fund - IDCW Option - Direct Plan,14.923
2026-06-30,119130,HDFC Multi-Asset Fund - IDCW Option - Direct Plan,21.145
2026-06-30,119131,HDFC Multi-Asset Fund - Growth Option - Direct Plan,82.983
2026-06-30,119132,HDFC Gold ETF Fund of Fund - Direct Plan,43.7198
2026-06-30,119133,Groww Largecap Fund (formerly known as Indiabulls Blue Chip Fund) - Direct Plan - Growth Option,51.67
2026-06-30,119134,Groww Largecap Fund (formerly known as Indiabulls Bluechip Fund)- Direct Plan- - Income Distribution cum capital withdrawal Option (Payout & Reinvestment),29.92
2026-06-30,119135,Groww Liquid Fund ( formerly known as Indiabulls Liquid )Fund - Direct Plan - Growth Option,2719.567
2026-06-30,119136,Groww Liquid Fund (formerly known as Indiabulls Liquid Fund) - Direct Plan- - Income Distribution cum capital withdrawal Option ( Reinvestment),1002.0907
2026-06-30,119137,Groww Liquid Fund (formerly known as Indiabulls Liquid Fund)- Direct Plan- Weekly - Income Distribution cum capital withdrawal Option (Payout & Reinvestment),1002.4527
2026-06-30,119138,Groww Liquid Fund (formerly known as Indiabulls Liquid Fund)- Direct Plan- Fortnightly - Income Distribution cum capital withdrawal Option (Payout & Reinvestment),1003.0642
2026-06-30,119139,Groww Liquid Fund (formerly known as Indiabulls Liquid Fund)- Direct Plan- Monthly - Income Distribution cum capital withdrawal Option (Payout & Reinvestment),1035.7523
2026-06-30,119159,Tata Large Cap Fund- Direct Plan - Payout of IDCW Option,123.4115
2026-06-30,119160,Tata Large Cap Fund -Direct Plan Growth Option,581.7990
2026-06-30,119161,Navi Liquid Fund - Direct Plan Monthly IDCW - Payout,10.0218
2026-06-30,119162,Navi Liquid Fund - Direct Plan Weekly IDCW - Payout,10.0076
2026-06-30,119163,Navi Liquid Fund - Direct Plan Daily IDCW - ReInvestment,10.0129
2026-06-30,119164,Navi Liquid Fund-Direct Plan-Growth Option,30.2956
2026-06-30,119171,Tata Ethical Fund- Direct Plan - Payout of IDCW Option,216.2138
2026-06-30,119172,Tata Ethical Fund -Direct Plan- Growth Option,404.3772
2026-06-30,119177,Tata Mid Cap Fund - Direct Plan- IDCW Option,166.8195
2026-06-30,119178,Tata Mid Cap Fund - Direct Plan- Growth Option,520.4251
2026-06-30,119201,Tata Large & Mid Cap Fund Direct Plan - Payout of IDCW Option,105.5657
2026-06-30,119202,Tata Large & MId Cap Fund -Direct Plan- Growth Option,571.3381
2026-06-30,119203,DSP Ultra Short Fund - Direct Plan - IDCW - Daily,1005.3951
2026-06-30,119204,DSP Ultra Short Fund - Direct Plan - IDCW - Monthly,1088.2390
2026-06-30,119205,DSP Ultra Short Fund - Direct Plan - Growth,3952.0853
2026-06-30,119206,DSP Ultra Short Fund - Direct Plan - IDCW,1132.6681
2026-06-30,119207,DSP Ultra Short Fund - Direct Plan - IDCW - Weekly,1006.7938
2026-06-30,119212,DSP Small Cap Fund - Direct Plan - Growth,241.556
2026-06-30,119213,DSP Small Cap Fund - Direct Plan - IDCW,66.301
2026-06-30,119218,DSP Large & Mid Cap Fund - Direct Plan - Growth,696.705
2026-06-30,119219,DSP Large & Mid Cap Fund - Direct Plan - IDCW,103.913
2026-06-30,119222,DSP Short Term Fund - Direct Plan - IDCW,12.2662
2026-06-30,119223,DSP Short Term Fund - Direct Plan - IDCW - Weekly,10.2164
2026-06-30,119224,DSP Short Term Fund - Direct Plan - IDCW - Monthly,11.7351
2026-06-30,119226,DSP Short Term Fund - Direct Plan - Growth,53.7227
2026-06-30,119231,Tata Value Fund -Direct Plan Growth Option,390.8545
2026-06-30,119232,Tata Value Fund- Direct Plan -Payout of IDCW-Option A(5%),143.6179
2026-06-30,119233,Tata Value Fund- Direct Plan - Payout of IDCW -Option B(10%),132.8281
2026-06-30,119236,DSP Strategic Bond Fund - Direct Plan - IDCW - Monthly,1084.3681
2026-06-30,119238,DSP Strategic Bond Fund - Direct Plan - IDCW,2532.5762
2026-06-30,119239,DSP Strategic Bond Fund - Direct Plan - Growth,3717.1350
2026-06-30,119241,DSP ELSS Tax Saver Fund - Direct Plan - IDCW,91.702
2026-06-30,119242,DSP ELSS Tax Saver Fund - Direct Plan - Growth,154.692
2026-06-30,119243,Tata Infrastructure Fund -Direct Plan -Growth Option,200.9690
2026-06-30,119244,Tata Infrastructure Fund- Direct Plan - Payout of IDCW Option,98.4346
2026-06-30,119247,DSP India T.I.G.E.R. Fund - Direct Plan - Growth,397.141
2026-06-30,119248,DSP India T.I.G.E.R. Fund - Direct Plan - IDCW,58.434
2026-06-30,119249,DSP Large Cap Fund - Direct Plan - IDCW,26.795
2026-06-30,119250,DSP Large Cap Fund - Direct Plan - Growth,501.426
2026-06-30,119251,Tata Retirement Savings Fund- Progressive Plan -Direct Plan-Growth Option,82.8750
2026-06-30,119252,DSP US Specific Equity Omni FoF - Direct Plan - Growth,103.7501
2026-06-30,119253,DSP US Specific Equity Omni FoF - Direct Plan - IDCW,82.5548
2026-06-30,119255,Tata Retirement Savings Fund- Moderate Plan -Direct Plan-Growth Option,80.2878
2026-06-30,119256,Tata Retirement Savings Fund- Conservative Plan-Direct Plan-Growth Option,38.6727
2026-06-30,119275,DSP Global Clean Energy Overseas Equity Omni FoF Direct Plan - Growth,31.6995
2026-06-30,119276,DSP Global Clean Energy Overseas Equity Omni FoF - Direct Plan - IDCW,22.1137
2026-06-30,119277,DSP World Gold Mining Overseas Equity Omni FoF - Direct Plan - Growth,53.0178
2026-06-30,119278,DSP World Gold Mining Overseas Equity Omni FoF - Direct Plan - IDCW,31.7353
2026-06-30,119279,DSP World Mining Overseas Equity Omni FoF - Direct Plan - Growth,32.0985
2026-06-30,119280,DSP World Mining Overseas Equity Omni FoF - Direct Plan - IDCW,28.9912
2026-06-30,119281,Tata ELSS Fund- Direct Plan - Payout of IDCW Option,230.1872
2026-06-30,119287,Tata S&P BSE Sensex Index Fund - Direct Plan,204.4633
2026-06-30,119288,Tata Nifty 50 Index Fund -Direct Plan,161.9838
2026-06-30,119292,Union Flexi Cap Fund - Direct Plan - Growth Option,58.03
2026-06-30,119293,Union Flexi Cap Fund - Direct Plan - IDCW Option,46.87
2026-06-30,119300,BANK OF INDIA Large & Mid Cap Fund Direct Plan- Bonus,55.19
2026-06-30,119301,Union Liquid Fund - Direct Plan - Daily IDCW Option,1001.5520
2026-06-30,119302,Union Liquid Fund - Direct Plan - Monthly IDCW Option,1002.2457
2026-06-30,119303,Union Liquid Fund - Direct Plan - Growth Option,2706.0422
2026-06-30,119304,Union Liquid Fund - Direct Plan - Weekly IDCW Option,1001.3499
2026-06-30,119305,Union Liquid Fund - Direct Plan - Fortnightly IDCW Option,1002.3455
2026-06-30,119306,Union ELSS Tax Saver Fund - Direct Plan - IDCW Option,71.01
2026-06-30,119307,Union ELSS Tax Saver Fund - Direct Plan - Growth Option,71.01
2026-06-30,119310,Union Dynamic Bond Fund - Direct Plan - IDCW Option,16.8524
2026-06-30,119311,Union Dynamic Bond Fund - Direct Plan - Growth Option,25.1592
2026-06-30,119312,Tata Childrens Fund-Direct Plan-Growth Option,63.0520
2026-06-30,119333,Baroda BNP Paribas Banking and Financial Services Fund - Direct - Growth Option,55.3465
2026-06-30,119334,Baroda BNP Paribas Banking and Financial Services Fund - Direct - IDCW Option,23.1977
2026-06-30,119340,Baroda BNP Paribas GILT FUND - Direct Plan - IDCW Option,35.6563
2026-06-30,119341,Baroda BNP Paribas GILT FUND - Direct Plan - Growth Option,48.5709
2026-06-30,119346,BANK OF INDIA Large & Mid Cap Fund Direct Plan-Regular IDCW,29.24
2026-06-30,119349,BANK OF INDIA Large & Mid Cap Fund Direct  Plan- Quarterly IDCW,29.68
2026-06-30,119350,BANK OF INDIA Large & Mid Cap Fund Direct Plan-Growth,106.90
2026-06-30,119351,BANK OF INDIA ELSS Tax Saver -Direct Plan- Growth,193.28
2026-06-30,119352,BANK OF INDIA ELSS Tax Saver -Direct Plan-IDCW,77.19
2026-06-30,119353,Baroda BNP Paribas MULTI CAP FUND - Direct Plan - IDCW Option,54.7086
2026-06-30,119354,Baroda BNP Paribas MULTI CAP FUND - Direct Plan - Growth Option,328.3309
2026-06-30,119363,BANK OF INDIA Manufacturing & Infrastructure Fund-Direct Plan-Regular IDCW,73.35
2026-06-30,119364,BANK OF INDIA Manufacturing & Infrastructure Fund-Direct Plan-Growth,77.74
2026-06-30,119365,BANK OF INDIA Manufacturing & Infrastructure Fund-Direct Plan-Quarterly IDCW,76.41
2026-06-30,119368,BANK OF INDIA Liquid Fund- Direct Plan- Daily IDCW,1005.0000
2026-06-30,119369,BANK OF INDIA Liquid Fund- Direct Plan- Growth,3230.8457
2026-06-30,119370,BANK OF INDIA Liquid Fund- Direct Plan- Weekly IDCW,1005.6977
2026-06-30,119379,BANK OF INDIA Ultra Short Duration Fund- Direct Plan- Growth,3484.8028
2026-06-30,119380,BANK OF INDIA Ultra Short Duration Fund- Direct Plan- Daily IDCW,1005.0001
2026-06-30,119381,BANK OF INDIA Ultra Short Duration Fund- Direct Plan- Weekly IDCW,1005.5533
2026-06-30,119382,BANK OF INDIA Short Term Income Fund-Direct Plan- Growth,30.8303
2026-06-30,119383,BANK OF INDIA Short Term Income Fund-Direct Plan- Monthly IDCW,14.9893
2026-06-30,119384,BANK OF INDIA Short Term Income Fund-Direct Plan- Quarterly IDCW,14.2129
2026-06-30,119393,BANK OF INDIA Conservative Hybrid Fund Fund-Direct Plan-Growth,37.9045
2026-06-30,119394,BANK OF INDIA Conservative Hybrid Fund-Direct Plan-Monthly IDCW,16.8843
2026-06-30,119395,BANK OF INDIA Conservative Hybrid  Fund-Direct Plan-Quarterly IDCW,18.6231
2026-06-30,119396,BANK OF INDIA Conservative Hybrid Fund-Direct Plan-Annual IDCW,17.2716
2026-06-30,119399,Baroda BNP Paribas Short Duration Fund - Direct Plan - Monthly IDCW Option,10.4647
2026-06-30,119400,Baroda BNP Paribas Short Duration Fund - Direct Plan - Growth Option,33.6537
2026-06-30,119414,Baroda BNP Paribas LIQUID FUND - DIRECT PLAN - DAILY IDCW OPTION,1002.0849
2026-06-30,119415,Baroda BNP Paribas LIQUID FUND - DIRECT PLAN - GROWTH OPTION,3232.7044
2026-06-30,119416,Baroda BNP Paribas LIQUID FUND - DIRECT PLAN - WEEKLY IDCW OPTION,1220.9545
2026-06-30,119421,Tata Money Market Fund- Direct Plan - Daily Reinvestment of IDCW Option,1114.5200
2026-06-30,119424,Tata Money Market Fund- Direct Plan- Growth Option,5137.7278
2026-06-30,119433,Aditya Birla Sun Life Large & Mid Cap Fund -Direct - IDCW,208.67
2026-06-30,119436,Aditya Birla Sun Life Large & Mid Cap Fund - Growth - Direct Plan,1036.88
2026-06-30,119496,Aditya Birla Sun Life Short Term Fund - DIRECT - IDCW,11.0441
2026-06-30,119497,Aditya Birla Sun Life Short Term Fund-Quarterly-IDCW-Direct,10.927
2026-06-30,119498,Aditya Birla Sun Life Short Term Fund - Growth - Direct Plan,54.9086
2026-06-30,119499,Aditya Birla Sun Life Savings Fund-DIRECT - WEEKLY IDCW,100.5674
2026-06-30,119500,Aditya Birla Sun Life Savings Fund-DIRECT - DAILY IDCW,100.0719
2026-06-30,119501,Aditya Birla Sun Life Savings Fund - Growth - Direct Plan,595.7921
2026-06-30,119502,Aditya Birla Sun Life Dynamic Bond Fund -Direct - Quarterly IDCW,11.2283
2026-06-30,119503,Aditya Birla Sun Life Dynamic Bond Fund -DIRECT - MONTHLY IDCW,11.251
2026-06-30,119505,Aditya Birla Sun Life Dynamic Bond Fund - Growth - Direct Plan,52.8464
2026-06-30,119506,Aditya Birla Sun Life Dividend Yield Fund -DIRECT - IDCW,45.6
2026-06-30,119507,Aditya Birla Sun Life Dividend Yield Fund - Growth - Direct Plan,493.9
2026-06-30,119511,Aditya Birla Sun Life Money Manager Fund - Growth - Direct Plan,399.8797
2026-06-30,119512,Aditya Birla Sun Life Money Manager Fund - Direct - weekly IDCW,100.1432
2026-06-30,119513,Aditya Birla Sun Life Money Manager Fund - Direct - daily IDCW,100.02
2026-06-30,119514,Aditya Birla Sun Life Infrastructure Fund - Growth - Direct Plan,119.11
2026-06-30,119515,Aditya Birla Sun Life Infrastructure Fund -  Direct - IDCW,49.92
2026-06-30,119516,Aditya Birla Sun Life International Equity Fund - Direct - IDCW,52.9692
2026-06-30,119517,Aditya Birla Sun Life International Equity Fund - Growth - Direct Plan,56.8613
2026-06-30,119522,Aditya Birla Sun Life Low Duration Fund -Direct - weekly IDCW,101.1277
2026-06-30,119523,Aditya Birla Sun Life Low duration Fund - Growth - Direct Plan,775.4549
2026-06-30,119524,Aditya Birla Sun Life Low Duration Fund -Direct - daily IDCW,100.0001
2026-06-30,119525,Aditya Birla Sun Life Arbitrage Fund-DIRECT - IDCW,11.472
2026-06-30,119526,Aditya Birla Sun Life Arbitrage Fund - Growth - Direct Plan,30.5069
2026-06-30,119527,Aditya Birla Sun Life Large Cap Fund-DIRECT - IDCW,90.79
2026-06-30,119528,Aditya Birla Sun Life Large Cap Fund - Growth - Direct Plan,564.52
2026-06-30,119532,Aditya Birla Sun Life Corporate Bond Fund -DIRECT - MONTHLY IDCW,12.893
2026-06-30,119533,Aditya Birla Sun Life Corporate Bond Fund - Growth - Direct Plan,121.5012
2026-06-30,119538,Aditya Birla Sun Life Medium Term Plan - Direct - IDCW,18.1577
2026-06-30,119539,Aditya Birla Sun Life Medium Term Plan - Growth - Direct Plan,47.6637
2026-06-30,119540,Aditya Birla Sun Life Medium Term Plan - DIRECT - HALF YEARLY IDCW,15.0191
2026-06-30,119541,Aditya Birla Sun Life Medium Term Plan - DIRECT - Quarterly IDCW,14.419
2026-06-30,119543,Aditya Birla Sun Life ELSS Tax Saver Fund-DIRECT - IDCW,430.53
2026-06-30,119544,Aditya Birla Sun Life ELSS Tax Saver Fund - Growth - Direct Plan,68.5
2026-06-30,119548,Sundaram Value Fund Direct Plan - Income Distribution cum Capital Withdrawal (IDCW),18.3810
2026-06-30,119549,Sundaram Value Fund Direct Plan - Growth,224.6614
2026-06-30,119550,Aditya Birla Sun Life Banking & PSU Debt Fund- Direct Plan-Growth,402.669
2026-06-30,119551,Aditya Birla Sun Life Banking & PSU Debt Fund  - DIRECT - IDCW,106.6225
2026-06-30,119552,Aditya Birla Sun Life Banking & PSU Debt Fund  - DIRECT - MONTHLY IDCW,117.383
2026-06-30,119553,Aditya Birla Sun Life Banking & PSU Debt Fund  - Direct - Quarterly IDCW,104.6597
2026-06-30,119556,Aditya Birla Sun Life Small Cap Fund - Growth - Direct Plan,109.2085
2026-06-30,119557,Aditya Birla Sun Life Small Cap Fund -Direct - IDCW,76.6557
2026-06-30,119563,Aditya Birla Sun Life Focused Fund -Direct - IDCW,58.1204
2026-06-30,119564,Aditya Birla Sun Life Focused Fund - Growth - Direct Plan,162.7976
2026-06-30,119565,Sundaram Large and Midcap Direct Plan - Income Distribution cum Capital Withdrawal (IDCW),34.8542
2026-06-30,119566,Sundaram Large and Midcap Fund Direct Plan - Growth,101.0363
2026-06-30,119567,SBI Arbitrage Opportunities Fund - Direct Plan - Income Distribution cum Capital Withdrawal Option (IDCW),20.6642
2026-06-30,119568,Aditya Birla Sun Life Liquid Fund - Growth - Direct Plan,453.2856
2026-06-30,119569,Aditya Birla Sun Life Liquid Fund -Direct - daily IDCW,100.195
2026-06-30,119570,Aditya Birla Sun Life Liquid Fund -Direct - weekly IDCW,100.2875
2026-06-30,119571,Aditya Birla Sun Life Liquid Fund -DIRECT - IDCW,136.3315
2026-06-30,119574,SBI Arbitrage Opportunities Fund - Direct Plan - Gr,38.2448
2026-06-30,119581,Sundaram Mid Cap Fund Direct Plan - Growth,1613.5025
2026-06-30,119582,Sundaram Mid Cap Fund Direct Plan - Income Distribution cum Capital Withdrawal (IDCW),75.7657
2026-06-30,119585,SBI Large Cap Fund - Direct Plan - Income Distribution cum Capital Withdrawal Option (IDCW),67.7228
2026-06-30,119588,Sundaram Small Cap Fund Direct Plan - Income Distribution cum Capital Withdrawal (IDCW),42.0544
2026-06-30,119589,Sundaram Small Cap Fund Direct Plan - Growth,320.0221
2026-06-30,119590,Aditya Birla Sun Life Consumption Fund -DIRECT - IDCW,45.04
2026-06-30,119591,Aditya Birla Sun Life Consumption Fund - Growth - Direct Plan,234.09
2026-06-30,119594,Sundaram Consumption Fund (Formerly Known asSundaram Rural and Consumption Fund Direct Plan - Income Distribution cum Capital Withdrawal (IDCW),26.4920
2026-06-30,119595,Sundaram Consumption Fund (Formerly Known as Sundaram Rural and Consumption Fund Direct Plan - Growth),99.6208
2026-06-30,119596,Sundaram Financial Services Opportunities Fund Direct Plan - Income Distribution cum Capital Withdrawal (IDCW),33.7997
2026-06-30,119597,Sundaram Financial Services Opportunities Fund Direct Plan - Growth,123.9447
2026-06-30,119598,SBI Large Cap FUND-DIRECT PLAN -GROWTH,104.3504
2026-06-30,119601,Sundaram Global Brand Theme-Equity Active FOF - Direct IDCW,38.5446
2026-06-30,119602,Sundaram Global Brand Theme-Equity Active FOF - Direct Growth,45.9279
2026-06-30,119604,SBI Equity Hybrid Fund - Direct Plan - Income Distribution cum Capital Withdrawal Option (IDCW),101.5398
2026-06-30,119605,Aditya Birla Sun Life Government Securities Fund - Growth - Direct Plan,89.5496
2026-06-30,119606,Aditya Birla Sun Life Govenment Securities Fund -DIRECT - Quarterly IDCW,11.7267
2026-06-30,119609,SBI EQUITY HYBRID FUND - DIRECT PLAN - Growth,347.0034
2026-06-30,119613,SBI Comma Fund - Direct Plan - Income Distribution cum Capital Withdrawal Option (IDCW),71.0023
2026-06-30,119619,Aditya Birla Sun Life Midcap Fund -DIRECT - IDCW,99.62
2026-06-30,119620,Aditya Birla Sun Life Midcap Fund - Growth - Direct Plan,933.01
2026-06-30,119621,Sundaram Corporate Bond Fund Direct Plan - Growth,43.8913
2026-06-30,119625,Sundaram Banking & PSU Fund (Formerly Known as Sundaram Banking and PSU Debt Fund) Direct Plan - Growth,46.2077
2026-06-30,119626,Sundaram Banking & PSU Fund (Formerly Known as Sundaram Banking and PSU Debt Fund) Direct Plan - Income Distribution cum Capital Withdrawal (IDCW),11.5035
2026-06-30,119630,Sundaram Corporate Bond Fund Direct Plan-Income Distribution cum Capital Withdrawal(IDCW),19.5929
2026-06-30,119635,Sundaram Conservative Hybrid Fund (Formerly Known as Sundaram Debt Oriented Hybrid Fund) Direct Plan - Growth,32.4909
2026-06-30,119637,Sundaram Conservative Hybrid Fund (Formerly Known as Sundaram Debt Oriented Hybrid Fund) Direct Plan -Income Distribution cum Capital Withdrawal (IDCW),20.4127
2026-06-30,119646,Aditya Birla Sun Life MNC Fund - Growth - Direct Plan,1438.95
2026-06-30,119647,Aditya Birla Sun Life MNC Fund - DIRECT - IDCW,428.45
2026-06-30,119648,Aditya Birla Sun Life Nifty 50 Index Fund - Growth - Direct Plan,248.7224
2026-06-30,119649,Aditya Birla Sun Life Nifty 50 Index Fund -DIRECT - IDCW,25.1963
2026-06-30,119655,Aditya Birla Sun Life Income Fund - Direct - Quarterly IDCW,14.1264
2026-06-30,119657,Aditya Birla Sun Life Income Fund - Growth - Direct Plan,140.9027
2026-06-30,119658,Aditya Birla Sun Life Value Fund - Direct - IDCW,80.4548
2026-06-30,119659,Aditya Birla Sun Life Value Fund - Growth - Direct Plan,150.7561
2026-06-30,119670,SBI Dynamic Bond Fund - Direct Plan - Income Distribution cum Capital Withdrawal Option (IDCW),22.9944
2026-06-30,119671,SBI Dynamic Bond Fund - DIRECT PLAN - Growth,41.1673
2026-06-30,119672,Sundaram Medium Duration Fund (Formerly Known as Sundaram Medium Term Bond Fund) Direct Plan-Income Distribution cum Capital Withdrawal (IDCW),27.2892
2026-06-30,119675,Sundaram Medium Duration Fund (Formerly Known as Sundaram Medium Term Bond Fund) Direct Plan - Growth,80.5376
2026-06-30,119695,SBI Infrastructure Fund - Direct Plan - Income Distribution cum Capital Withdrawal Option (IDCW),49.2756
2026-06-30,119700,SBI INFRASTRUCTURE FUND -  DIRECT PLAN - GROWTH,55.6778
2026-06-30,119705,SBI COMMA Fund - DIRECT PLAN - Growth,124.7742
2026-06-30,119706,SBI Gilt Fund - Direct Plan - Income Distribution cum Capital Withdrawal Option (IDCW),23.2398
2026-06-30,119707,SBI GILT FUND - DIRECT PLAN - GROWTH,72.8166
2026-06-30,119708,SBI ESG Exclusionary Strategy Fund - Direct Plan - Income Distribution cum Capital Withdrawal Option (IDCW),93.2290
2026-06-30,119709,SBI ESG Exclusionary Strategy Fund - Direct Plan -Growth,259.6940
2026-06-30,119710,SBI MNC Fund - Direct Plan - Income Distribution cum Capital Withdrawal Option (IDCW),155.2096
2026-06-30,119711,SBI MNC FUND - DIRECT PLAN -GROWTH,434.8034
2026-06-30,119712,SBI Medium to Long Duration Fund-DIRECT PLAN - Bonus,48.6225
2026-06-30,119713,SBI Medium to Long Duration Fund - Direct Plan - Half Yearly - Income Distribution cum Capital Withdrawal Option (IDCW),22.7491
2026-06-30,119714,SBI Medium to Long Duration Fund-DIRECT PLAN -Growth,80.1803
2026-06-30,119715,SBI Midcap Fund - Direct Plan - Income Distribution cum Capital Withdrawal Option (IDCW),154.1942
2026-06-30,119716,SBI MIDCAP FUND - DIRECT PLAN - GROWTH,271.9711
2026-06-30,119717,SBI Flexicap Fund - Direct Plan - Income Distribution cum Capital Withdrawal Option (IDCW),60.0407
2026-06-30,119718,SBI Flexicap Fund - DIRECT PLAN - Growth Option,120.1224
2026-06-30,119719,SBI Children's Fund - Savings Plan - DIRECT PLAN - GROWTH,128.8861
2026-06-30,119720,SBI Large & Midcap Fund - Direct Plan - Income Distribution cum Capital Withdrawal Option (IDCW),366.7870
2026-06-30,119721,SBI LARGE & MIDCAP FUND -DIRECT PLAN -Growth,703.7088
2026-06-30,119722,SBI ELSS Tax Saver Fund - Direct Plan - Income Distribution cum Capital Withdrawal Option (IDCW),117.1205
2026-06-30,119723,SBI ELSS Tax Saver FUND - DIRECT PLAN -GROWTH,472.8536
2026-06-30,119724,SBI Contra Fund - Direct Plan - Income Distribution cum Capital Withdrawal Option (IDCW),86.3680
2026-06-30,119727,SBI FOCUSED FUND - DIRECT PLAN -GROWTH,435.1767
2026-06-30,119730,SBI Consumption Opportunities Fund - Direct Plan - Income Distribution cum Capital Withdrawal Option (IDCW),229.7461
2026-06-30,119731,SBI Technology Opportunities Fund - Direct Plan - Income Distribution cum Capital Withdrawal Option (IDCW),144.7697
2026-06-30,119732,SBI PSU Fund - DIRECT PLAN - GROWTH,38.4619
2026-06-30,119733,SBI PSU Fund - Direct Plan - Income Distribution cum Capital Withdrawal Option (IDCW),38.4057
2026-06-30,119734,Kotak Bond Fund - Direct Plan - Standard IDCW option,30.1634
2026-06-30,119735,Kotak Bond Fund - Growth - Direct,90.6262
2026-06-30,119739,Kotak Bond Short Term Plan-(Growth) - Direct,60.9067
2026-06-30,119740,Kotak Credit Risk Fund - Direct Plan - Standard Income Distribution cum capital withdrawal option,26.8996
2026-06-30,119741,Kotak Credit Risk Fund - Growth - Direct,35.8139
2026-06-30,119746,Kotak Money Market Fund - (Growth) - Direct,4836.744
2026-06-30,119747,Kotak Money Market Fund - (Monthly Payout of Income Distribution cum capital withdrawal option) - Direct,1286.3385
2026-06-30,119750,Kotak Savings Fund-Growth - Direct,47.8786
2026-06-30,119751,Kotak Savings Fund-Monthly Payout of Income Distribution cum capital withdrawal option - Direct,20.6434
2026-06-30,119753,Kotak Dynamic Bond Fund - Direct Plan - Standard Income Distribution cum capital withdrawal option,15.1934
2026-06-30,119755,Kotak Dynamic Bond Fund - Growth - Direct,43.2914
2026-06-30,119757,Kotak Gilt-Investment  Provident Fund and Trust-Growth - Direct,114.4984
2026-06-30,119758,Kotak Gilt-Investment Regular-Payout of Income Distribution cum capital withdrawal option - Direct,24.5994
2026-06-30,119759,Kotak Gilt-Investment Regular-Growth - Direct,111.7891
2026-06-30,119764,Kotak Liquid Fund - Direct Plan - Daily Reinvestment of Income Distribution cum capital withdrawal option,1222.81
2026-06-30,119766,Kotak Liquid Fund - Direct Plan - Growth,5667.5004
2026-06-30,119767,Kotak Aggressive Hybrid Fund - Direct Plan - IDCW - Payout & Reinvestment of Income Distribution cum  capital withdrawal option,46.898
2026-06-30,119768,Kotak Contra Fund - Direct Plan - IDCW -Payout & Re-investment of Income Distribution cum capital withdrawal option- Direct,64.452
2026-06-30,119769,Kotak Contra Fund - Direct Plan - Growth,181.122
2026-06-30,119770,Kotak  Arbitrage Fund - Direct Plan - IDCW -Payout &  Reinvestment of Income Distribution cum capital withdrawal option,11.1888
2026-06-30,119771,Kotak Arbitrage Fund - Direct Plan - Growth,42.6584
2026-06-30,119772,Kotak ELSS Tax Saver Fund-Payout of Income Distribution cum capital withdrawal option - Direct,56.704
2026-06-30,119773,Kotak ELSS Tax Saver Fund-Growth - Direct,135.367
2026-06-30,119774,Kotak Midcap Fund  - Direct Plan - IDCW - Payout & Re-investment of Income Distribution cum capital withdrawal option,100.148
2026-06-30,119775,Kotak Midcap Fund - Direct Plan - Growth,168.093
2026-06-30,119776,Kotak Multi Asset Omni FOF - Direct Payout of Income Distribution cum capital withdrawal option,269.235
2026-06-30,119777,Kotak Multi Asset Omni FOF - Direct Growth - Direct,274.168
2026-06-30,119778,Kotak Global Emerging Market Overseas Equity Omni FOF - Payout of Income Distribution cum capital withdrawal option - Direct,44.69
2026-06-30,119779,Kotak Global Emerging Market overseas Equity Omni FOF - Growth - Direct,44.502
2026-06-30,119780,Kotak Gold Fund Payout of Income Distribution cum capital withdrawal option- Direct,56.6347
2026-06-30,119781,Kotak Gold Fund Growth - Direct,56.6352
2026-06-30,119782,SBI Healthcare Opportunities Fund - Direct Plan - Income Distribution cum Capital Withdrawal Option (IDCW),395.8933
2026-06-30,119783,SBI HEALTHCARE OPPORTUNITIES FUND - DIRECT PLAN -GROWTH,569.8190
2026-06-30,119784,SBI Ultra Short Duration Fund - Direct Plan - Daily Income Distribution cum Capital Withdrawal Option (IDCW),2421.7943
2026-06-30,119788,SBI GOLD FUND- DIRECT PLAN - GROWTH,42.8263
2026-06-30,119789,SBI Gold Fund - Direct Plan - Income Distribution cum Capital Withdrawal Option (IDCW),42.7647
2026-06-30,119792,SBI Credit Risk Fund - Direct Plan - Daily Income Distribution cum Capital Withdrawal Option (IDCW),16.9267
2026-06-30,119793,SBI Credit Risk Fund - Direct Plan - Income Distribution cum Capital Withdrawal Option (IDCW),24.8240
2026-06-30,119798,SBI CREDIT RISK FUND - DIRECT PLAN -GROWTH,53.3438
2026-06-30,119799,SBI Liquid Fund - Direct Plan - Weekly Income Distribution cum Capital Withdrawal Option (IDCW),1387.2901
2026-06-30,119800,SBI Liquid Fund - DIRECT PLAN -Growth,4385.1436
2026-06-30,119804,SBI Liquid Fund - Direct Paln - Fortnightly Income Distribution cum Capital Withdrawal Option (IDCW),1431.9700
2026-06-30,119805,SBI Liquid Fund - Direct Plan - Daily Income Distribution cum Capital Withdrawal Option (IDCW),1144.0484
2026-06-30,119810,SBI Low Duration Fund - Direct Plan - Daily Income Distribution cum Capital Withdrawal Option (IDCW),1489.6863
2026-06-30,119811,SBI Low Duration Fund - Direct Plan - Fortnightly Income Distribution cum Capital Withdrawal Option (IDCW),1515.7291
2026-06-30,119812,SBI LOW DURATION FUND - DIRECT PLAN - GROWTH,3864.4141
2026-06-30,119813,SBI Short Term Debt Fund - Direct Plan - Monthly Income Distribution cum Capital Withdrawal Option (IDCW),20.2129
2026-06-30,119815,SBI Short Term Debt Fund - Direct Plan Fortnightly Income Distribution cum Capital Withdrawal Option (IDCW),24.4149
2026-06-30,119816,SBI SHORT TERM DEBT FUND - DIRECT PLAN -GROWTH,36.2486
2026-06-30,119817,SBI Short Term Debt Fund - Direct Plan Weekly Income Distribution cum Capital Withdrawal Option (IDCW),15.8779
2026-06-30,119818,SBI Low Duration Fund - Direct Plan - Monthly Income Distribution cum Capital Withdrawal Option (IDCW),1717.2609
2026-06-30,119819,SBI Low Duration Fund - Direct Plan - Weekly Income Distribution cum Capital Withdrawal Option (IDCW),1491.8672
2026-06-30,119820,SBI Savings Fund - Direct Plan - Income Distribution cum Capital Withdrawal Option (IDCW),18.7853
2026-06-30,119821,SBI  SAVINGS FUND - DIRECT PLAN - GROWTH,47.3933
2026-06-30,119822,SBI Savings Fund - Direct Plan Daily Income Distribution cum Capital Withdrawal Option (IDCW),14.7988
2026-06-30,119823,SBI Savings Fund - Direct Plan Weekly Income Distribution cum Capital Withdrawal Option (IDCW),16.9439
2026-06-30,119824,SBI MEDIUM DURATION FUND - DIRECT PLAN - GROWTH,59.1228
2026-06-30,119825,SBI Medium Duration Fund - Direct Plan - Income Distribution cum Capital Withdrawal Option (IDCW),22.9821
2026-06-30,119826,SBI Nifty Index Fund - Direct Plan - Income Distribution cum Capital Withdrawal Option (IDCW),114.3986
2026-06-30,119827,SBI NIFTY INDEX FUND - DIRECT PLAN - GROWTH,222.7231
2026-06-30,119828,SBI ULTRA SHORT DURATION FUND - DIRECT PLAN - GROWTH,6476.6449
2026-06-30,119829,SBI Ultra Short Duration Fund - Direct Plan - Weekly Income Distribution cum Capital Withdrawal Option (IDCW),1274.9244
2026-06-30,119831,SBI Overnight Fund - Direct Plan - Daily Income Distribution cum Capital Withdrawal Option (IDCW),1376.6583
2026-06-30,119832,SBI Overnight Fund - Direct Plan - Weekly Income Distribution cum Capital Withdrawal Option (IDCW),1405.7627
2026-06-30,119833,SBI OVERNIGHT FUND - DIRECT PLAN - GROWTH,4435.2784
2026-06-30,119834,SBI Focused Fund - Direct Plan - Income Distribution cum Capital Withdrawal Option (IDCW),106.0483
2026-06-30,119835,SBI CONTRA FUND - DIRECT PLAN - GROWTH,409.2425
2026-06-30,119836,SBI Conservative Hybrid Fund  - Direct Plan - Quarterly Income Distribution cum Capital Withdrawal Option (IDCW),25.6019
2026-06-30,119837,SBI Conservative Hybrid Fund - Direct Plan - Annual Income Distribution cum Capital Withdrawal Option (IDCW),33.4153
2026-06-30,119838,SBI Conservative Hybrid Fund - Direct Plan - Monthly Income Distribution cum Capital Withdrawal Option (IDCW),28.1178
2026-06-30,119839,SBI Conservative Hybrid Fund - Direct Plan - Growth,83.7931
2026-06-30,119840,SBI Multi Asset Allocation Fund - Direct Plan - Annual Income Distribution cum Capital Withdrawal Option (IDCW),42.2304
2026-06-30,119841,SBI Multi Asset Allocation Fund - Direct Plan - Monthly Income Distribution cum Capital Withdrawal Option (IDCW),33.2820
2026-06-30,119842,SBI Multi Asset Allocation Fund - Direct Plan - Quarterly Income Distribution cum Capital Withdrawal Option (IDCW),35.2076
2026-06-30,119843,SBI MULTI ASSET ALLOCATION FUND - DIRECT PLAN - GROWTH,74.1226
2026-06-30,119861,Tata Liquid Fund- Direct Plan-Growth Option,4428.2939
2026-06-30,119862,Tata Liquid Fund- Direct Plan - Daily Reinvestment of IDCW Option,1001.6283
2026-06-30,119863,Tata Treasury Advantage Fund - Direct Plan - Growth Option,4309.9379
2026-06-30,119864,Tata Treasury Advantage Fund Direct Plan - Daily Reinvestment of IDCW Option,1003.5316
2026-06-30,119865,Tata Treasury Advantage Fund Direct Plan - Weekly Payout of IDCW Option,1008.0658
2026-06-30,119949,Tata Short Term Bond Fund - Direct Plan - Growth Option,56.0584
2026-06-30,119950,Tata Short Term Bond Fund Direct Plan - Monthly Payout of IDCW Option,25.4626
2026-06-30,119953,Tata Gilt Securities Fund- Direct Plan - Growth Option,91.0837
2026-06-30,119954,Tata Gilt Securities Fund - Direct Plan - Payout of IDCW Option,25.6477
2026-06-30,119957,Tata Treasury Advantage Fund Direct Plan - Periodic Payout of IDCW Option,2733.6633
2026-06-30,120029,HSBC Large Cap Fund - Direct IDCW,39.3561
2026-06-30,120030,HSBC Large Cap Fund - Direct Growth,525.9981
2026-06-30,120035,HSBC Brazil Fund - Growth Direct,10.8741
2026-06-30,120036,HSBC Brazil Fund - IDCW Direct Plan,10.8647
2026-06-30,120037,HSBC Liquid Fund - Direct Daily IDCW,1001.576
2026-06-30,120038,HSBC Liquid Fund -  Growth Direct,2794.9904
2026-06-30,120039,HSBC Liquid Fund - Direct Monthly IDCW,1039.1756
2026-06-30,120040,HSBC Liquid Fund - Direct Weekly IDCW,1195.1444
2026-06-30,120043,HSBC Global Emerging Market Fund - Growth Direct,38.6195
2026-06-30,120044,HSBC Global Emerging Markets Fund - IDCW Direct Plan,30.4482
2026-06-30,120045,HSBC Flexi Cap Fund - Direct IDCW,46.1428
2026-06-30,120046,HSBC Flexi Cap Fund - Direct Growth,253.3266
2026-06-30,120059,HSBC Medium to Long Duration Fund - Direct Growth,48.9069
2026-06-30,120073,HSBC Conservative Hybrid Fund - Direct Growth,72.0651
2026-06-30,120074,HSBC Conservative Hybrid Fund - Direct Monthly IDCW,17.4661
2026-06-30,120075,HSBC Conservative Hybrid Fund - Direct Quarterly IDCW,15.0339
2026-06-30,120084,PGIM India Dynamic Bond Fund - Direct Plan-Growth Option,3114.9672
2026-06-30,120086,PGIM India Dynamic Bond Fund - Direct Plan-Quarterly Dividend Option,1164.8943
2026-06-30,120101,HSBC Medium to Long Duration Fund - Direct Quarterly IDCW,10.5036
2026-06-30,120136,SBI Constant Maturity 10 Year Gilt Fund - Direct Plan - Income Distribution cum Capital Withdrawal Option (IDCW),22.5796
2026-06-30,120137,SBI CONSTANT MATURITY 10 YEAR GILT FUND - DIRECT PLAN - GROWTH,69.4150
2026-06-30,120152,Kotak Large Cap  Fund - Growth - Direct,649.754
2026-06-30,120153,Kotak Large Cap Fund - Payout of Income Distribution cum capital withdrawal option - Direct,85.932
2026-06-30,120154,Kotak Debt Hybrid - Growth - Direct,69.6583
2026-06-30,120155,Kotak Debt Hybrid - Monthly Payout of Income Distribution cum capital withdrawal option - Direct,13.5138
2026-06-30,120157,Kotak Large & Midcap Fund - IDCW-Direct,71.224
2026-06-30,120158,Kotak Large & Midcap Fund - Direct- Growth,403.628
2026-06-30,120163,Kotak-Small Cap Fund - Payout of Income Distribution cum capital withdrawal option - Direct,138.291
2026-06-30,120164,Kotak-Small Cap Fund - Growth - Direct,314.849
2026-06-30,120165,Kotak Flexicap Fund - Payout of Income Distribution cum capital withdrawal option- Direct,59.007
2026-06-30,120166,Kotak Flexicap Fund - Growth - Direct,96.62
2026-06-30,120185,ICICI Prudential US Bluechip Equity Fund - Direct Plan -  IDCW,82.72
2026-06-30,120186,ICICI Prudential US Bluechip Equity Fund - Direct Plan -  Growth,82.73
2026-06-30,120188,ICICI Prudential Liquid Fund - Direct Plan - Daily IDCW,100.1513
2026-06-30,120190,ICICI Prudential Liquid Fund - Direct Plan - Weekly IDCW,100.2508
2026-06-30,120191,ICICI Prudential Liquid Fund - Direct Plan -  IDCW Others,192.5259
2026-06-30,120197,ICICI Prudential Liquid Fund - Direct Plan - Growth,415.1070
2026-06-30,120209,ICICI Prudential Money Market Fund Option - Direct Plan -  Daily IDCW,100.1435
2026-06-30,120211,ICICI Prudential Money Market Fund Option - Direct Plan -  Growth,409.7227
2026-06-30,120212,ICICI Prudential Money Market Fund Option - Direct Plan -  Weekly IDCW,100.8164
2026-06-30,120216,ICICI Prudential Money Market Fund Option - Direct Plan -  IDCW Others,187.7329
2026-06-30,120242,ICICI Prudential Multi Sector Passive FOF - Direct Plan - Growth,175.0474
2026-06-30,120243,ICICI Prudential Multi Sector Passive FOF - Direct Plan -  IDCW,137.8408
2026-06-30,120244,ICICI Prudential Banking and Financial Services Fund - Direct Plan -  Growth,149.73
2026-06-30,120245,ICICI Prudential Banking and Financial Services Fund - Direct Plan -  IDCW,68.80
2026-06-30,120248,LIC MF Liquid Fund-Direct Plan-Daily IDCW,1035.2975
2026-06-30,120249,LIC MF Liquid Fund-Direct Plan-Growth,5092.3929
2026-06-30,120251,ICICI Prudential Equity & Debt Fund - Direct Plan - Growth,450.32
2026-06-30,120252,ICICI Prudential Equity & Debt Fund - Direct Plan - Monthly IDCW,70.54
2026-06-30,120256,ICICI Prudential Banking and PSU Debt Fund - Direct Plan -  Growth,36.3396
2026-06-30,120258,ICICI Prudential Banking and PSU Debt Fund - Direct Plan -  Quarterly IDCW,13.1790
2026-06-30,120259,LIC MF ULIS (5 Yrs. Single Premium)-Direct Plan-IDCW Reinvestment,40.7045
2026-06-30,120260,LIC MF Aggressive Hybrid Fund-Direct Plan-IDCW,21.9834
2026-06-30,120261,LIC MF Aggressive Hybrid Fund-Direct Plan-Growth,225.7546
2026-06-30,120263,LIC MF Flexi Cap Fund-Direct Plan-IDCW,38.3901
2026-06-30,120264,LIC MF Flexi Cap Fund-Direct Plan-Growth,114.1034
2026-06-30,120267,LIC MF Large Cap Fund-Direct Plan-Growth,60.7916
2026-06-30,120268,LIC MF Large Cap Fund-Direct Plan-IDCW,38.2805
2026-06-30,120269,LIC MF ELSS Tax Saver-Direct Plan-IDCW,37.2463
2026-06-30,120270,LIC MF ELSS Tax Saver-Direct Plan-Growth,168.6791
2026-06-30,120274,LIC MF Conservative Hybrid Fund-Direct Plan-Quarterly IDCW,18.7065
2026-06-30,120275,LIC MF Conservative Hybrid Fund-Direct Plan-Yearly IDCW,14.3229
2026-06-30,120276,LIC MF Conservative Hybrid Fund-Direct Plan-Growth,93.9372
2026-06-30,120277,LIC MF Conservative Hybrid Fund-Direct Plan-Monthly IDCW,13.1981
2026-06-30,120278,LIC MF Medium to Long Duration Fund-Direct Plan-IDCW,19.845
2026-06-30,120279,LIC MF Medium to Long Duration Fund-Direct Plan-Growth,82.1382
2026-06-30,120282,LIC MF Gilt Fund-Direct Plan-Growth,67.344
2026-06-30,120283,LIC MF Gilt Fund-Direct Plan-IDCW,19.3995
2026-06-30,120285,LIC MF Children's Fund-Direct Plan-Growth,37.3636
2026-06-30,120299,UTI MMF - Direct Plan - Growth Option,3329.4521
2026-06-30,120304,UTI-  Liquid Cash Plan - Direct Plan - Growth Option,459.9553
2026-06-30,120307,LIC MF Nifty 50 Index Fund-Direct Plan-Growth,142.7654
2026-06-30,120308,LIC MF BSE Sensex Index Fund-Direct Plan-Growth,154.1002
2026-06-30,120309,LIC MF Nifty 50 Index Fund-Direct Plan-IDCW,52.6012
2026-06-30,120312,LIC MF BSE Sensex Index Fund-Direct Plan-IDCW,51.6619
2026-06-30,120313,ICICI Prudential Income plus Arbitrage Omni FOF - Direct Plan - Growth,71.4812
2026-06-30,120314,ICICI Prudential Income plus Arbitrage Omni FOF - Direct Plan - IDCW,55.2755
2026-06-30,120315,LIC MF Low Duration Fund-Direct Plan-Growth,45.7325
2026-06-30,120316,LIC MF Low Duration Fund-Direct Plan-Daily IDCW,10.05
2026-06-30,120317,LIC MF Low Duration Fund-Direct Plan-Monthly IDCW,23.8826
2026-06-30,120318,LIC MF Low Duration Fund-Direct Plan-Weekly IDCW,15.9291
2026-06-30,120322,ICICI Prudential Value Fund (erstwhile Value Discovery Fund) - Direct Plan - IDCW,114.29
2026-06-30,120323,ICICI Prudential Value Fund (erstwhile Value Discovery Fund) - Direct Plan - Growth,506.24
2026-06-30,120332,Invesco India Balanced Advantage Fund - Direct Plan - IDCW (Payout / Reinvestment),21.81
2026-06-30,120333,Invesco India Balanced Advantage Fund - Direct Plan - Growth,62.41
2026-06-30,120334,ICICI Prudential Multi-Asset Fund - Direct Plan - Growth,885.9940
2026-06-30,120335,ICICI Prudential Multi-Asset Fund - Direct Plan - IDCW,58.9178
2026-06-30,120336,LIC MF Banking & PSU Fund-Direct Plan-Weekly IDCW,10.097
2026-06-30,120337,LIC MF Banking & PSU Fund-Direct Plan-Daily IDCW,14.3176
2026-06-30,120338,LIC MF Banking & PSU Fund-Direct Plan-Growth,39.815
2026-06-30,120339,LIC MF Banking & PSU Fund-Direct Plan-Monthly IDCW,14.9948
2026-06-30,120348,Invesco India Contra Fund - Direct Plan - Growth,156.19
2026-06-30,120349,Invesco India Contra Fund - Direct Plan - IDCW (Payout / Reinvestment),65.04
2026-06-30,120350,LIC MF Infrastructure Fund-Direct Plan-IDCW,62.5694
2026-06-30,120351,LIC MF Infrastructure Fund-Direct Plan-Growth,63.725
2026-06-30,120356,Invesco India Large & Mid Cap Fund - Direct Plan - IDCW (Payout / Reinvestment),55.17
2026-06-30,120357,Invesco India Large & Mid Cap Fund - Direct Plan - Growth,129.53
2026-06-30,120364,ICICI Prudential Arbitrage Fund - Direct Plan - Growth,39.1435
2026-06-30,120365,ICICI Prudential Arbitrage Fund - Direct Plan - IDCW,17.7905
2026-06-30,120376,ICICI Prudential Balanced Advantage Fund - Direct Plan -  IDCW,29.38
2026-06-30,120377,ICICI Prudential Balanced Advantage Fund - Direct Plan -  Growth,86.54
2026-06-30,120380,ICICI Prudential MidCap Fund - Direct Plan -  IDCW,70.50
2026-06-30,120381,ICICI Prudential MidCap Fund - Direct Plan -  Growth,380.58
2026-06-30,120384,Invesco India Financial Services Fund - Direct Plan - IDCW (Payout / Reinvestment),91.94
2026-06-30,120385,Invesco India Financial Services Fund - Direct Plan - Growth,178.63
2026-06-30,120388,Axis Liquid Fund - Direct Plan - Daily IDCW,1001.4296
2026-06-30,120389,Axis Liquid Fund - Direct Plan - Growth Option,3121.4435
2026-06-30,120390,Axis Liquid Fund - Direct Plan - Weekly IDCW,1002.7333
2026-06-30,120391,Axis Liquid Fund - Direct Plan - Monthly IDCW,1002.1347
2026-06-30,120392,Invesco India Largecap Fund - Direct Plan - Growth,85.81
2026-06-30,120393,Invesco India Largecap Fund - Direct Plan - IDCW (Payout / Reinvestment),34.82
2026-06-30,120394,Invesco India PSU Equity Fund - Direct Plan - IDCW (Payout / Reinvestment),49.65
2026-06-30,120395,Invesco India PSU Equity Fund - Direct Plan - Growth,78.32
2026-06-30,120396,ICICI Prudential Savings Fund - Direct Plan - Weekly IDCW,105.5473
2026-06-30,120397,ICICI Prudential Savings Fund - Direct Plan - Daily IDCW,105.7358
2026-06-30,120398,ICICI Prudential Savings Fund - Direct Plan - Growth,588.5542
2026-06-30,120399,ICICI Prudential Savings Fund - Direct Plan - IDCW Others,197.4807
2026-06-30,120400,Invesco India Arbitrage Fund - Direct Plan - IDCW (Payout / Reinvestment),19.9765
2026-06-30,120401,Invesco India Arbitrage Fund - Direct Plan - Growth Option,36.7881
2026-06-30,120402,Invesco India Midcap Fund - Direct Plan - IDCW (Payout / Reinvestment),82.78
2026-06-30,120403,Invesco India Midcap Fund - Direct Plan - Growth Option,237.1
2026-06-30,120404,Invesco India Infrastructure Fund - Direct Plan - IDCW (Payout / Reinvestment),56.56
2026-06-30,120405,Invesco India Infrastructure Fund - Direct Plan - Growth Option,84.54
2026-06-30,120406,JM Liquid Fund (Direct) - Growth Option,76.5253
2026-06-30,120407,JM Liquid Fund (Direct) - Weekly IDCW,11.006
2026-06-30,120408,JM Liquid Fund (Direct) - Quarterly IDCW,43.4465
2026-06-30,120411,JM Liquid Fund (Direct) - Daily IDCW,10.4302
2026-06-30,120412,Invesco India Multicap Fund - Direct Plan - IDCW (Payout / Reinvestment),139.84
2026-06-30,120413,Invesco India Multicap Fund - Direct Plan - Growth Option,154.54
2026-06-30,120416,Invesco India ELSS Tax Saver Fund - Direct Plan - Growth,145.73
2026-06-30,120417,Invesco India ELSS Tax Saver Fund - Direct Plan - IDCW Payout,31.68
2026-06-30,120423,ICICI Prudential Floating Interest Fund - Direct Plan - Daily IDCW,100.3965
2026-06-30,120424,ICICI Prudential Floating Interest Fund - Direct Plan - Weekly IDCW,102.3537
2026-06-30,120425,ICICI Prudential Floating Interest Fund - Direct Plan - Growth,497.6534
2026-06-30,120426,ICICI Prudential Floating Interest Fund - Direct Plan - IDCW Others,212.7638
2026-06-30,120430,JM Medium to Long Duration Fund (Direct) - Growth Option,72.1905
2026-06-30,120431,JM Medium to Long Duration Fund (Direct) - Quarterly IDCW,25.509
2026-06-30,120432,JM Dynamic Bond Fund (Direct) - Daily IDCW,10.1095
2026-06-30,120433,JM Dynamic Bond Fund (Direct) - Weekly IDCW,10.556
2026-06-30,120434,JM Dynamic Bond Fund (Direct) - IDCW,46.5572
2026-06-30,120435,JM Dynamic Bond Fund - (Direct) - Growth Option,46.3083
2026-06-30,120436,Axis Banking & PSU Debt Fund - Direct Plan - Weekly IDCW,1039.5871
2026-06-30,120437,Axis Banking & PSU Debt Fund - Direct Plan - Daily IDCW,1039.1310
2026-06-30,120438,Axis Banking & PSU Debt Fund - Direct Plan - Growth Option,2882.7581
2026-06-30,120439,Axis Banking & PSU Debt Fund - Direct Plan - Monthly IDCW,1035.6377
2026-06-30,120443,Invesco India Banking and PSU Fund - Direct Plan - Daily IDCW (Reinvestment),1064.4931
2026-06-30,120444,Invesco India Banking and PSU Fund - Direct Plan -  Growth Option,2568.2207
2026-06-30,120445,Invesco India Banking and PSU Fund - Direct Plan - Monthly IDCW (Payout / Reinvestment),1011.2589
2026-06-30,120447,Axis Gilt Fund - Direct Plan - Growth Option,28.6820
2026-06-30,120448,Axis Gilt Fund - Direct Plan - Half Yearly IDCW,12.6882
2026-06-30,120449,Axis Gilt Fund - Direct Plan - Regular IDCW,10.1366
2026-06-30,120450,Axis Dynamic Bond Fund - Direct Plan - Half Yearly IDCW,13.1680
2026-06-30,120451,Axis Dynamic Bond Fund - Direct Plan - Growth Option,34.6890
2026-06-30,120452,Axis Dynamic Bond Fund - Direct Plan - Quarterly IDCW,11.5225
2026-06-30,120465,Axis Large Cap Fund - Direct Plan - Growth,68.41
2026-06-30,120466,Axis Large Cap Fund - Direct Plan - IDCW,24.78
2026-06-30,120467,Axis Focused Fund - Direct Plan - IDCW,31.79
2026-06-30,120468,Axis Focused Fund - Direct Plan - Growth Option,62.47
2026-06-30,120472,Axis Gold Fund - Direct Plan - IDCW,44.2392
2026-06-30,120473,Axis Gold Fund - Direct Plan - Growth option,44.1980
2026-06-30,120474,Axis Strategic Bond Fund - Direct Plan - Half Yearly IDCW,12.0241
2026-06-30,120475,Axis Strategic Bond Fund - Direct Plan - Growth Option,33.0950
2026-06-30,120476,Axis Strategic Bond Fund - Direct Plan - Quarterly IDCW,10.4011
2026-06-30,120477,Axis Conservative Hybrid Fund - Direct Plan - Annual IDCW,16.3868
2026-06-30,120478,Axis Conservative Hybrid Fund - Direct Plan - Half Yearly,13.3913
2026-06-30,120479,Axis Conservative Hybrid Fund - Direct Plan - Quarterly,12.7610
2026-06-30,120480,Axis Conservative Hybrid Fund - Direct Plan - Growth Option,35.9752
2026-06-30,120481,JM Arbitrage Fund (Direct)- IDCW,17.3912
2026-06-30,120482,JM Arbitrage Fund (Direct) - Growth Option,36.9054
2026-06-30,120483,JM Aggressive Hybrid Fund (Direct) - IDCW,73.9162
2026-06-30,120484,JM Aggressive Hybrid Fund (Direct) - Growth Option,134.0709
2026-06-30,120485,JM Value Fund (Direct) - IDCW,73.2898
2026-06-30,120486,JM Value Fund (Direct) - Growth Option,107.5672
2026-06-30,120487,JM Focused Fund (Direct) -  IDCW,22.989
2026-06-30,120488,JM Focused Fund (Direct)  - Growth Option,23.4575
2026-06-30,120489,JM Large Cap Fund (Direct) - IDCW,70.0737
2026-06-30,120490,JM Large Cap Fund (Direct) - Growth Option,174.5348
2026-06-30,120491,JM Flexicap Fund (Direct) - IDCW,101.6666
2026-06-30,120492,JM Flexicap Fund (Direct) - Growth Option,111.8505
2026-06-30,120493,JM ELSS Tax Saver Fund (Direct) - IDCW,56.2264
2026-06-30,120494,JM ELSS Tax Saver Fund (Direct) - Growth Option,57.6477
2026-06-30,120496,Invesco India Corporate Bond Fund - Direct Plan - Monthly IDCW (Payout / Reinvestment),1256.6468
2026-06-30,120497,Invesco India Corporate Bond Fund - Direct Plan - Growth,3610.1493
2026-06-30,120499,Invesco India Corporate Bond Fund - Direct Plan - Discretionary IDCW (Payout / Reinvestment),3611.3023
2026-06-30,120500,Invesco India Corporate Bond Fund - Direct Plan - Annual IDCW (Payout / Reinvestment),1240.2157
2026-06-30,120501,Invesco India Corporate Bond Fund - Direct Plan - Quarterly IDCW (Payout / Reinvestment),1170.4752
2026-06-30,120502,Axis ELSS Tax Saver Fund - Direct Plan - IDCW,49.9761
2026-06-30,120503,Axis ELSS Tax Saver Fund - Direct Plan - Growth Option,108.0088
2026-06-30,120504,Axis Midcap Fund - Direct Plan - IDCW,54.21
2026-06-30,120505,Axis Midcap Fund - Direct Plan - Growth,139.86
2026-06-30,120506,Invesco India Money Market Fund - Direct Plan - Daily IDCW (Reinvestment),1012.2021
2026-06-30,120507,Invesco India Money Market Fund - Direct Plan - Growth,3359.1421
2026-06-30,120508,Invesco India Money Market Fund - Direct Plan - Discretionary IDCW (Payout / Reinvestment),3009.3129
2026-06-30,120509,Invesco India Money Market Fund - Direct Plan - Monthly IDCW (Payout / Reinvestment),1225.0314
2026-06-30,120510,Axis Short Duration Fund - Direct Plan - Growth Option,36.0317
2026-06-30,120511,Axis Short Duration Fund - Direct Plan - Monthly IDCW,10.0652
2026-06-30,120512,Axis Short Duration Fund - Direct Plan - Weekly IDCW,10.2566
2026-06-30,120513,Axis Treasury Advantage Fund - Direct Plan - Growth Option,3462.5410
2026-06-30,120514,Axis Treasury Advantage Fund - Direct Plan - Weekly IDCW,1012.2904
2026-06-30,120515,Axis Treasury Advantage Fund - Direct Plan - Daily IDCW,1012.4737
2026-06-30,120516,Axis Treasury Advantage Fund - Direct Plan - Monthly IDCW,1011.6199
2026-06-30,120517,Aditya Birla Sun Life Equity Hybrid'95 Fund - Direct Plan-Growth,1706.39
2026-06-30,120518,Aditya Birla Sun Life Equity Hybrid'95 Fund -DIRECT - IDCW,290.39
2026-06-30,120519,Invesco India Gilt Fund - Direct Plan - Annual IDCW (Payout / Reinvestment),1221.9295
2026-06-30,120520,Invesco India Gilt Fund - Direct  Plan - Growth,3262.9102
2026-06-30,120521,Invesco India Gilt Fund - Direct Plan - Monthly IDCW (Reinvestment),2546.1762
2026-06-30,120522,Invesco India Gilt Fund - Direct Plan - Quarterly IDCW (Payout / Reinvestment),1130.7221
2026-06-30,120523,Axis Multi Asset Allocation Fund - Direct Plan - Monthly IDCW,27.0028
2026-06-30,120524,Axis Multi Asset Allocation Fund - Direct Plan - Growth Option,51.5517
2026-06-30,120530,Invesco India Gold ETF Fund of Fund - Direct Plan - IDCW (Payout / Reinvestment),40.681
2026-06-30,120531,Invesco India Gold ETF Fund of Fund - Direct Plan - Growth,40.7434
2026-06-30,120534,Invesco India Liquid Fund - Direct Plan- Daily IDCW (Reinvestment),1005.8604
2026-06-30,120535,Invesco India Liquid Fund - Direct Plan - Weekly IDCW (Reinvestment),1073.1118
2026-06-30,120536,Invesco India Liquid Fund - Direct Plan - Monthly IDCW (Payout / Reinvestment),1082.8445
2026-06-30,120537,Invesco India Liquid Fund - Direct Plan - Growth,3850.1836
2026-06-30,120538,Aditya Birla Sun Life Digital India Fund -DIRECT - IDCW,47.15
2026-06-30,120539,Aditya Birla Sun Life Digital India Fund - Growth - Direct Plan,157.26
2026-06-30,120541,Invesco India Ultra Short Duration Fund - Direct Plan - Growth,3073.0212
2026-06-30,120542,Invesco India Ultra Short Duration Fund - Direct Plan - Monthly IDCW (Payout / Reinvestment),2082.3322
2026-06-30,120543,Invesco India Ultra Short Duration Fund - Direct Plan - Annual IDCW (Payout / Reinvestment),2188.2082
2026-06-30,120544,Invesco India Ultra Short Duration Fund - Direct Plan - Quarterly IDCW (Payout / Reinvestment),1032.0242
2026-06-30,120545,Aditya Birla Sun Life Gold Fund-DIRECT - IDCW,42.2939
2026-06-30,120546,Aditya Birla Sun Life Gold Fund - Growth - Direct Plan,42.2954
2026-06-30,120550,Aditya Birla Sun Life Regular Savings Fund - DIRECT - MONTHLY IDCW,27.095
2026-06-30,120558,UTI Liquid Fund - Direct Plan - Daily IDCW (Reinvestment),106.5304
2026-06-30,120559,Invesco India Short Duration Fund - Direct Plan - Daily IDCW (Reinvestment),1023.552
2026-06-30,120560,Invesco India Short Duration Fund - Direct Plan - Growth,4181.2341
2026-06-30,120561,Invesco India Short Duration Fund - Direct Plan - Monthly IDCW (Payout / Reinvestment),2751.4029
2026-06-30,120562,Invesco India Short Duration Fund - Direct Plan -Weekly IDCW (Reinvestment),1023.2276
2026-06-30,120563,Invesco India Short Duration Fund - Direct Plan -Discretionary IDCW (Payout / Reinvestment),2949.8643
2026-06-30,120564,Aditya Birla Sun Life Flexi Cap Fund - Growth - Direct Plan,2117.57
2026-06-30,120565,Aditya Birla Sun Life Flexi Cap Fund -DIRECT - IDCW,230.56
2026-06-30,120566,Invesco India Low Duration Fund - Direct Plan -Daily IDCW (Reinvestment),1018.9655
2026-06-30,120567,Invesco India Low Duration Fund - Direct Plan - Discretionary IDCW (Payout / Reinvestment),4196.7713
2026-06-30,120568,Invesco India Low Duration Fund - Direct Plan - Weekly IDCW (Payout / Reinvestment),1206.5449
2026-06-30,120570,Invesco India Low Duration Fund - Direct Plan - Growth,4194.8831
2026-06-30,120571,Invesco India Low Duration Fund - Direct Plan - Monthly IDCW (Payout / Reinvestment),1085.5753
2026-06-30,120575,SBI CONSUMPTION OPPORTUNITIES FUND - DIRECT PLAN - GROWTH,326.3486
2026-06-30,120576,SBI CONSUMPTION OPPORTUNITIES FUND - REGULAR - GROWTH,283.2319
2026-06-30,120577,SBI TECHNOLOGY OPPORTUNITIES FUND - REGULAR PLAN - GROWTH,177.2777
2026-06-30,120578,SBI TECHNOLOGY OPPORTUNITIES FUND - DIRECT PLAN - GROWTH,203.8247
2026-06-30,120579,ICICI Prudential Children's Fund - Direct Plan,361.37
2026-06-30,120585,ICICI Prudential Large Cap Fund (erstwhile Bluechip Fund)  - Direct Plan - IDCW,60.07
2026-06-30,120586,ICICI Prudential Large Cap Fund (erstwhile Bluechip Fund) - Direct Plan - Growth,118.73
2026-06-30,120587,ICICI Prudential FMCG Fund - Direct Plan -  Growth,459.54
2026-06-30,120588,ICICI Prudential FMCG Fund - Direct Plan -  IDCW,150.87
2026-06-30,120589,ICICI Prudential Gilt Fund - Direct Plan - IDCW,18.7252
2026-06-30,120590,ICICI Prudential Gilt Fund - Direct Plan - Growth,117.3380
2026-06-30,120591,ICICI Prudential Smallcap Fund - Direct Plan - Growth,100.97
2026-06-30,120592,ICICI Prudential ELSS Tax Saver Fund - Direct Plan - Growth,1035.29
2026-06-30,120593,ICICI Prudential ELSS Tax Saver Fund - Direct Plan - IDCW,44.46
2026-06-30,120594,ICICI Prudential Technology Fund - Direct Plan -  Growth,181.40
2026-06-30,120595,ICICI Prudential Technology Fund - Direct Plan -  IDCW,110.75
2026-06-30,120596,ICICI Prudential Large & Mid Cap Fund - Direct Plan - Growth,1136.01
2026-06-30,120597,ICICI Prudential Large & Mid Cap Fund - Direct Plan - IDCW,53.07
2026-06-30,120598,ICICI Prudential Multicap Fund - Direct Plan -  IDCW,63.69
2026-06-30,120599,ICICI Prudential Multicap Fund - Direct Plan -  Growth,952.70
2026-06-30,120600,ICICI Prudential All Seasons Bond Fund - Direct Plan - IDCW,27.5893
2026-06-30,120601,ICICI Prudential All Seasons Bond Fund - Direct Plan - Annual IDCW,11.5402
2026-06-30,120602,ICICI Prudential All Seasons Bond Fund - Direct Plan - Quarterly IDCW,12.3725
2026-06-30,120603,ICICI Prudential All Seasons Bond Fund - Direct Plan - Growth,42.5151
2026-06-30,120604,ICICI Prudential All Seasons Bond Fund - Direct Plan - Weekly IDCW,10.5759
2026-06-30,120613,ICICI Prudential Regular Savings Fund - Direct Plan - Half Yearly IDCW,16.8042
2026-06-30,120614,ICICI Prudential Regular Savings Fund - Direct Plan - Quarterly IDCW,15.0048
2026-06-30,120615,ICICI Prudential Regular Savings Fund - Direct Plan - Monthly IDCW,16.4934
2026-06-30,120616,ICICI Prudential Regular Savings Fund - Direct Plan - Growth,87.3553
2026-06-30,120617,ICICI Prudential Bond Fund - Direct Plan - IDCW Monthly,11.8082
2026-06-30,120618,ICICI Prudential Bond Fund - Direct Plan - IDCW Quarterly,11.9637
2026-06-30,120619,ICICI Prudential Bond Fund - Direct Plan - Growth,44.9555
2026-06-30,120620,ICICI Prudential Nifty 50 Index Fund - Direct Plan Cumulative Option,251.9519
2026-06-30,120621,ICICI Prudential Infrastructure Fund - Direct Plan -  Growth,222.82
2026-06-30,120622,ICICI Prudential Infrastructure Fund - Direct Plan -  IDCW,48.68
2026-06-30,120656,UTI Large Cap Fund - Direct Plan - Growth Option,286.4186
2026-06-30,120657,UTI Large Cap Fund - Direct Plan - IDCW,60.8761
2026-06-30,120662,UTI - Flexi Cap Fund-Growth Option - Direct,331.6363
2026-06-30,120663,UTI Flexi Cap Fund - Direct Plan - IDCW,220.6986
2026-06-30,120664,UTI Large & Mid Cap Fund - Direct Plan - IDCW,97.2793
2026-06-30,120665,UTI Large & Mid Cap Fund - Direct Plan - Growth Option,197.96
2026-06-30,120670,ICICI Prudential Medium Term Bond Fund - Direct Plan - Growth,53.2613
2026-06-30,120671,ICICI Prudential Medium Term Bond Fund - Direct Plan - Quarterly IDCW,11.6464
2026-06-30,120673,UTI Aggressive Hybrid Fund - Direct Plan - IDCW,44.9801
2026-06-30,120674,UTI Aggressive Hybrid Fund -Direct Plan - Growth,437.2691
2026-06-30,120675,ICICI Prudential Ultra Short Term Fund - Direct Plan -  Quarterly IDCW,11.2074
2026-06-30,120676,ICICI Prudential Ultra Short Term Fund - Direct Plan -  Growth,31.9941
2026-06-30,120677,ICICI Prudential Ultra Short Term Fund - Direct Plan -  Monthly IDCW,10.8901
2026-06-30,120679,ICICI Prudential Dynamic Asset Allocation Active FOF - Direct Plan - Growth,137.5971
2026-06-30,120680,ICICI Prudential Dynamic Asset Allocation Active FOF - Direct Plan - IDCW,107.9032
2026-06-30,120681,UTI MNC Fund - Direct Plan - IDCW,228.6387
2026-06-30,120682,UTI - MNC Fund - Growth Option - Direct,440.7639
2026-06-30,120683,ICICI Prudential Nifty Next 50 Index Fund - Direct Plan -  IDCW,66.4756
2026-06-30,120684,ICICI Prudential Nifty Next 50 Index Fund - Direct Plan -  Growth,66.5005
2026-06-30,120685,ICICI Prudential Gold ETF FOF - Direct Plan - Growth,44.8464
2026-06-30,120686,ICICI Prudential Gold ETF FOF - Direct Plan - IDCW,44.8506
2026-06-30,120687,ICICI Prudential Exports & Services Fund - Direct Plan - IDCW,77.24
2026-06-30,120688,ICICI Prudential Exports & Services Fund - Direct Plan - Growth,181.59
2026-06-30,120689,UTI Medium to Long Duration Fund-Growth - Direct,83.1554
2026-06-30,120690,UTI Medium to Long Duration Fund - Direct Plan - Quarterly IDCW,26.2426
2026-06-30,120692,ICICI Prudential Corporate Bond Fund - Direct Plan - Growth,33.3799
2026-06-30,120694,ICICI Prudential Corporate Bond Fund - Direct Plan - Quarterly IDCW,15.6956
2026-06-30,120697,ICICI Prudential Corporate Bond Fund - Direct Plan - Monthly IDCW,10.4185
2026-06-30,120700,ICICI Prudential Aggressive Hybrid Active FOF - Direct Plan - Growth,238.4840
2026-06-30,120702,ICICI Prudential Diversified Debt Strategy Active FOF  - Direct Plan - Growth,49.7363
2026-06-30,120703,ICICI Prudential Diversified Debt Strategy Active FOF - Direct Plan -  IDCW,43.7875
2026-06-30,120705,Aditya Birla Sun Life Regular Savings Fund - Growth / Payment - Direct Plan,78.8044
2026-06-30,120709,ICICI Prudential Credit Risk Fund - Direct Plan - Quarterly IDCW,11.9809
2026-06-30,120711,ICICI Prudential Credit Risk Fund - Direct Plan - Growth,38.1503
2026-06-30,120714,UTI ELSS Tax Saver Fund - Direct Plan - IDCW,53.0786
2026-06-30,120715,UTI ELSS Tax Saver Fund - Direct Plan - Growth Option,225.2306
2026-06-30,120716,UTI Nifty 50 Index Fund - Growth Option- Direct,167.6055
2026-06-30,120717,UTI Nifty 50 Index Fund - Direct Plan - IDCW,84.442
2026-06-30,120718,UTI Short Duration Fund - Direct Plan - Growth Option,35.8151
2026-06-30,120719,UTI Short Duration Fund - Direct Plan - Quarterly IDCW,20.2508
2026-06-30,120722,ICICI Prudential Focused Equity Fund - Direct Plan - Growth,107.89
2026-06-30,120723,ICICI Prudential Focused Equity Fund - Direct Plan - IDCW,62.81
2026-06-30,120724,UTI Children's Equity Fund - Direct Plan - Growth Option,89.8291
2026-06-30,120725,UTI Children's Equity Fund - Direct Plan - IDCW,89.9842
2026-06-30,120726,UTI Mid Cap Fund-Growth Option- Direct,343.8409
2026-06-30,120727,UTI Mid Cap Fund - Direct Plan - IDCW,169.2051
2026-06-30,120728,UTI Infrastructure Fund-Growth Option- Direct,153.2401
2026-06-30,120729,UTI Infrastructure Fund - Direct Plan - IDCW,80.1911
2026-06-30,120730,UTI Transportation and Logistics Fund - Direct Plan - IDCW,150.1071
2026-06-30,120731,UTI-Transportation and Logistics  Fund-Growth Option- Direct,324.5571
2026-06-30,120732,UTI Banking and Financial Services Fund - Direct Plan - IDCW,88.4069
2026-06-30,120733,UTI Banking and Financial Services Fund - Direct Plan - Growth Option,225.8835
2026-06-30,120734,UTI Low Duration Fund - Direct Plan - Quarterly IDCW,2058.548
2026-06-30,120735,UTI Low Duration Fund - Direct Plan - Growth Option,3839.3551
2026-06-30,120736,UTI Low Duration Fund - Direct Plan - Monthly IDCW,1498.9946
2026-06-30,120737,UTI Low Duration Fund - Direct Plan - Daily IDCW (Reinvestment),1465.8491
2026-06-30,120739,UTI Low Duration Fund - Direct Plan - Weekly IDCW,1024.4143
2026-06-30,120743,ICICI Prudential Long Term Bond Fund - Direct Plan - Growth,102.0827
2026-06-30,120744,UTI Ultra Short Duration Fund - Direct Plan - Daily IDCW (Reinvestment),1613.6506
2026-06-30,120745,UTI Ultra Short Duration Fund - Direct Plan - Weekly IDCW (Reinvestment),1086.0222
2026-06-30,120746,UTI Ultra Short Duration Fund - Direct Plan - Growth Option,4850.4101
2026-06-30,120747,ICICI Prudential Long Term Bond Fund - Direct Plan - Quarterly IDCW,12.8701
2026-06-30,120749,UTI-Dividend Yield Fund.-Growth-Direct,189.5337
2026-06-30,120750,UTI Dividend Yield Fund - Direct Plan - IDCW,39.7824
2026-06-30,120751,UTI Value Fund - Direct Plan - Growth Option,179.6221
2026-06-30,120752,UTI Value Fund - Direct Plan - IDCW,58.5812
2026-06-30,120754,ICICI Prudential Short Term Fund - Direct Plan - Growth Option,70.2887
2026-06-30,120755,ICICI Prudential Short Term Fund - Direct Plan - Monthly IDCW,12.9033
2026-06-30,120760,UTI Multi Asset Allocation Fund - Direct Plan - Growth Option,86.7251
2026-06-30,120761,UTI Multi Asset Allocation Fund - Direct Plan - IDCW,34.2946
2026-06-30,120762,UTI Dynamic Bond Fund - Direct Plan - Growth Option,35.4134
2026-06-30,120763,UTI Dynamic Bond Fund - Direct Plan - Quarterly IDCW,27.252
2026-06-30,120764,UTI Credit Risk Fund - Direct Plan - Growth Option,20.6453
2026-06-30,120765,UTI Credit Risk Fund - Direct Plan - Quarterly IDCW,14.5684
2026-06-30,120766,UTI Retirement Fund- Direct Plan,54.7318
2026-06-30,120771,UTI Children's Hybrid Fund - Direct Plan,41.2949
2026-06-30,120772,UTI Money Market Fund - Direct Plan - Daily IDCW (Reinvestment),1030.8669
2026-06-30,120777,UTI Liquid Fund - Direct Plan - Weekly IDCW,107.6977
2026-06-30,120778,UTI Conservative Hybrid Fund - Direct Plan - Monthly IDCW,19.3283
2026-06-30,120779,UTI Conservative Hybrid Fund - Direct Plan - Growth Option,76.8614
2026-06-30,120780,UTI India Consumer Fund - Direct Plan - Growth Option,60.9673
2026-06-30,120781,UTI India Consumer Fund - Direct Plan - IDCW,53.5224
2026-06-30,120782,UTI Healthcare Fund - Direct Plan - Growth Option,371.1337
2026-06-30,120783,UTI Healthcare Fund - Direct Plan - IDCW,286.8592
2026-06-30,120784,UTI - Unit Linked Insurance Plan- Direct,45.7091
2026-06-30,120785,UTI - Overnight Fund - Direct Plan - Growth Option,3733.9922
2026-06-30,120786,UTI Overnight Fund - Direct Plan - Periodic IDCW,1959.651
2026-06-30,120789,UTI Conservative Hybrid Fund - Direct Plan - Flexi IDCW,49.9301
2026-06-30,120790,UTI Conservative Hybrid Fund - Direct Plan - Monthly Payment Option,75.6087
2026-06-30,120791,UTI Gilt Fund - Direct Plan - IDCW,31.58
2026-06-30,120792,UTI - GILT FUND - Direct Plan - Growth Option,68.2389
2026-06-30,120793,UTI Money Market Fund - Direct Plan - Weekly IDCW,1133.31
2026-06-30,120794,UTI Liquid Fund - Direct Plan - Monthly IDCW,104.9931
2026-06-30,120795,UTI Arbitrage Fund - Direct Plan - Growth Option,39.6885
2026-06-30,120796,UTI Arbitrage Fund - Direct Plan - IDCW,23.216
2026-06-30,120818,quant Aggressive Hybrid Fund-IDCW Option-Direct Plan,71.4043
2026-06-30,120819,quant Aggressive Hybrid Fund-Growth Option-Direct Plan,515.5411
2026-06-30,120820,quant Multi Asset Allocation Fund - IDCW Option - Direct Plan,166.9858
2026-06-30,120821,quant Multi Asset Allocation Fund-GROWTH OPTION-Direct Plan,181.1927
2026-06-30,120822,quant Multi Cap Fund-IDCW Option - Direct Plan,83.7149
2026-06-30,120823,quant Multi Cap Fund-GROWTH OPTION-Direct Plan,722.8683
2026-06-30,120825,quant Large & Mid Cap Fund - IDCW Option - Direct Plan,63.8648
2026-06-30,120826,quant Large & Mid Cap Fund - Growth Option-Direct Plan,137.1599
2026-06-30,120827,quant Small Cap Fund - IDCW Option - Direct Plan,241.6584
2026-06-30,120828,quant Small Cap Fund - Growth Option - Direct Plan,309.1483
2026-06-30,120832,quant Infrastructure Fund - IDCW Option - Direct Plan,46.276
2026-06-30,120833,quant Infrastructure Fund - Growth Option-Direct Plan,46.3134
2026-06-30,120834,quant Focused Fund - Growth Option-Direct Plan,102.4762
2026-06-30,120835,quant Focused Fund - IDCW Option - Direct Plan,59.9042
2026-06-30,120836,quant Liquid Fund-Daily IDCW Option - Direct Plan,13.1786
2026-06-30,120837,quant Liquid Fund - Growth Option - Direct Plan,44.9392
2026-06-30,120838,quant Liquid Fund - Monthly IDCW Option - Direct Plan,15.7448
2026-06-30,120839,quant Liquid Fund - Weekly IDCW Option - Direct Plan,14.6873
2026-06-30,120840,quant Mid Cap Fund - IDCW Option - Direct Plan,88.1453
2026-06-30,120841,quant Mid Cap Fund - Growth Option - Direct Plan,250.954
2026-06-30,120842,quant Flexi Cap Fund - IDCW Option - Direct Plan,82.7841
2026-06-30,120843,quant Flexi Cap Fund - Growth Option-Direct Plan,121.7872
2026-06-30,120846,quant ELSS Tax Saver Fund - IDCW Option - Direct Plan,60.3481
2026-06-30,120847,quant ELSS Tax Saver Fund - Growth Option - Direct Plan,452.7087
2026-06-30,120870,ICICI Prudential Smallcap Fund - Direct Plan - IDCW,69.87
2026-06-30,121109,SBI BSE SENSEX ETF,850.9022
2026-06-30,121146,Nippon India ETF Nifty 100,264.0047
2026-06-30,121279,Bandhan Banking and PSU Fund - Direct Growth,26.9674
2026-06-30,121280,Bandhan Banking and PSU Fund - Regular Growth,26.1248
2026-06-30,121281,Bandhan Banking and PSU Fund - Direct IDCW,14.1854
2026-06-30,121282,Bandhan Banking and PSU Fund - Regular IDCW,14.1072
2026-06-30,121366,ICICI Prudential Nifty 50 ETF,269.9610
2026-06-30,121891,UTI Ultra Short Duration Fund - Regular Plan - Flexi IDCW,1734.3916
2026-06-30,121892,UTI Ultra Short Duration Fund - Direct Plan - Flexi IDCW,2353.2989
2026-06-30,121931,Bandhan Banking and PSU Fund - Regular Fortnightly IDCW,10.6907
2026-06-30,121932,Bandhan Banking and PSU Fund - Regular Monthly IDCW,10.6789
2026-06-30,121933,Bandhan Banking and PSU Fund - Regular Annual IDCW,11.3554
2026-06-30,121934,Bandhan Banking and PSU Fund - Direct Fortnightly IDCW,10.5353
2026-06-30,121935,Bandhan Banking and PSU Fund - Direct Monthly IDCW,10.4347
2026-06-30,121936,Bandhan Banking and PSU Fund - Direct Annual IDCW,12.3393
2026-06-30,121937,Bandhan Banking and PSU Fund - Regular Quarterly IDCW,10.9031
2026-06-30,121938,Bandhan Banking and PSU Fund - Direct Quarterly IDCW,11.0071
2026-06-30,121940,SBI Medium to Long Duration Fund - Direct Plan - Quarterly Income Distribution cum Capital Withdrawal Option (IDCW),23.2896
2026-06-30,121944,SBI Medium to Long Duration Fund - Regular Plan - Quarterly Income Distribution cum Capital Withdrawal Option (IDCW),20.7806
2026-06-30,122168,ICICI Prudential Balanced Advantage Fund - Monthly IDCW,22.40
2026-06-30,122236,ICICI Prudential Balanced Advantage Fund - Direct Plan - Monthly IDCW,27.02
2026-06-30,122387,Motilal Oswal Focused Fund - Regular Plan Growth Option,48.6751
2026-06-30,122388,Motilal Oswal Focused Fund Regular - IDCW Payout/Reinvestment,20.0958
2026-06-30,122389,Motilal Oswal Focused Fund - Direct Plan Growth Option,57.5126
2026-06-30,122390,Motilal Oswal Focused Fund Direct - IDCW Payout/Reinvestment,23.6416
2026-06-30,122443,Franklin India Money Market Fund Retail Option - Daily - IDCW,10.0561
2026-06-30,122444,Franklin India Money Market Fund Retail Option - Direct - Daily - IDCW,10.0607
2026-06-30,122531,ICICI Prudential Savings Fund - Monthly IDCW,102.8637
2026-06-30,122612,360 ONE Dynamic Bond Fund - Regular Plan - Growth Option,24.0520
2026-06-30,122618,BANDHAN Dynamic Bond Fund-Direct Plan-Half Yearly IDCW,11.5159
2026-06-30,122639,Parag Parikh Flexi Cap Fund - Direct Plan - Growth,89.8390
2026-06-30,122640,Parag Parikh Flexi Cap Fund - Regular Plan - Growth,81.9450
2026-06-30,122643,Aditya Birla Sun Life Floating Rate Fund-Regular - DAILY IDCW,100.2462
2026-06-30,122644,Aditya Birla Sun Life Floating Rate Fund-Regular Plan-Growth,370.1956
2026-06-30,122645,Aditya Birla Sun Life Floating Rate Fund-Direct - daily IDCW,100.2463
2026-06-30,122646,Aditya Birla Sun Life Floating Rate Fund-Direct Plan-Growth,381.221
2026-06-30,122647,Aditya Birla Sun Life Floating Rate Fund-REGULAR - WEEKLY IDCW,101.2242
2026-06-30,122648,Aditya Birla Sun Life Floating Rate Fund-Direct - weekly IDCW,101.3024
2026-06-30,122651,ICICI Prudential Savings Fund - Direct Plan - Monthly IDCW,102.8765
2026-06-30,122711,360 ONE Dynamic Bond Fund Regular Plan Bonus,24.0520
2026-06-30,122712,360 ONE Dynamic Bond Fund Regular Plan Quarterly Dividend,23.2103
2026-06-30,122715,360 ONE Dynamic Bond Fund Direct Plan Growth,25.4384
2026-06-30,122717,360 ONE Dynamic Bond Fund Direct Plan Quarterly Dividend,23.4703
2026-06-30,122719,360 ONE Dynamic Bond Fund Regular Plan Monthly Dividend,13.1018
2026-06-30,122720,360 ONE Dynamic Bond Fund Regular Plan Half Yearly Dividend,23.2101
2026-06-30,122721,360 ONE Dynamic Bond Fund Direct Plan Monthly Dividend,14.2143
2026-06-30,122748,ICICI Prudential Savings Fund - Fortnightly IDCW,102.1466
2026-06-30,122765,NIPPON INDIA AGGRESSIVE HYBRID FUND - QUARTERLY IDCW Option,22.4374
2026-06-30,122766,NIPPON INDIA AGGRESSIVE HYBRID FUND - DIRECT Plan - QUARTERLY IDCW Option,24.9286
2026-06-30,122868,BANDHAN Dynamic Bond Fund - Regular Plan B - Half Yearly IDCW,11.2782
2026-06-30,122904,ICICI Prudential Savings Fund - Direct Plan - Fortnightly IDCW,102.1526
2026-06-30,122982,ICICI Prudential Savings Fund - Direct Plan - Quarterly IDCW,110.4055
2026-06-30,122995,ICICI Prudential Savings Fund - Quarterly IDCW,110.1259
2026-06-30,123004,ICICI Prudential Nifty 100 ETF,27.7702
2026-06-30,123287,DSP Savings Fund - Regular Plan - IDCW - Daily,10.1021
2026-06-30,123288,DSP Savings Fund - Direct Plan -  IDCW - Daily,10.1527
2026-06-30,123646,UTI Annual Interval Fund - I - Direct Plan - Growth Option,36.6208
2026-06-30,123651,ICICI Prudential Global Stable Equity Fund (FOF) - Growth,31.38
2026-06-30,123652,ICICI Prudential Global Stable Equity Fund (FOF) - Direct - IDCW,34.07
2026-06-30,123653,ICICI Prudential Global Stable Equity Fund (FOF) - IDCW,31.38
2026-06-30,123654,ICICI Prudential Global Stable Equity Fund (FOF) - Direct - Growth,34.07
2026-06-30,123663,UTI Annual Interval Fund - I - Direct Plan - Dividend Option,11.379
2026-06-30,123690,Kotak Banking and PSU Debt - Growth,69.3656
2026-06-30,123691,Kotak Banking and PSU Debt - Monthly Payout of Income Distribution cum capital withdrawal option,13.0324
2026-06-30,123692,Kotak Banking and PSU Debt Direct - Monthly Payout of Income Distribution cum capital withdrawal option,10.331
2026-06-30,123693,Kotak Banking and PSU Debt Direct - Growth,72.5269
2026-06-30,123704,Groww Short Term Fund (formerly known as Indiabulls Short Term Fund) - Direct Plan - Growth Option,2538.6142
2026-06-30,123705,Groww Short Term Fund (formerly known as Indiabulls Short Term Fund)- Direct Plan- Weekly - Income Distribution cum capital withdrawal Option (Payout & Reinvestment),1020.6244
2026-06-30,123706,Groww Short Term Fund (formerly known as Indiabulls Short Term Fund)- Direct Plan- Fortnightly - Income Distribution cum capital withdrawal Option (Payout & Reinvestment),1019.7633
2026-06-30,123707,Groww Short Term Fund (formerly known as Indiabulls Short Term Fund)- Direct Plan- Monthly - Income Distribution cum capital withdrawal Option (Payout & Reinvestment),1019.6898
2026-06-30,123708,Groww Short Term Fund (formerly known as Indiabulls Short Term Fund )- Regular Plan - Growth Option,2195.4645
2026-06-30,123709,Groww Short Term Fund (formerly known as Indiabulls Short Term Fund)- Regular Plan- Weekly - Income Distribution cum capital withdrawal Option (Payout & Reinvestment),1020.5823
2026-06-30,123710,Groww Short Term Fund (formerly known as Indiabulls Short Term Fund)- Regular Plan- Fortnightly - Income Distribution cum capital withdrawal Option (Payout & Reinvestment),1019.6664
2026-06-30,123711,Groww Short Term Fund (formerly known as Indiabulls Short Term Fund)- Regular Plan- Monthly - Income Distribution cum capital withdrawal Option (Payout & Reinvestment),1025.985
2026-06-30,124172,DSP Banking & PSU Debt Fund - Regular Plan - Growth,25.3204
2026-06-30,124173,DSP Banking & PSU Debt Fund - Regular Plan - IDCW - Daily Reinvest,10.1888
2026-06-30,124174,DSP Banking & PSU Debt Fund - Regular Plan - IDCW,10.5987
2026-06-30,124175,DSP Banking & PSU Debt Fund - Direct Plan - Growth,26.2883
2026-06-30,124176,DSP Banking & PSU Debt Fund - Direct Plan - IDCW - Monthly,10.4320
2026-06-30,124177,DSP Banking & PSU Debt Fund - Direct Plan - IDCW - Quarterly,10.4468
2026-06-30,124178,DSP Banking & PSU Debt Fund - Direct Plan - IDCW,10.6094
2026-06-30,124179,DSP Banking & PSU Debt Fund - Regular Plan - IDCW - Weekly,10.2193
2026-06-30,124180,DSP Banking & PSU Debt Fund - Regular Plan - IDCW - Monthly,10.4198
2026-06-30,124181,DSP Banking & PSU Debt Fund - Regular Plan - IDCW - Quarterly,10.4379
2026-06-30,124182,DSP Banking & PSU Debt Fund - Direct Plan - IDCW - Daily Reinvest,10.1889
2026-06-30,124183,DSP Banking & PSU Debt Fund - Direct Plan - IDCW - Weekly,10.2197
2026-06-30,124233,Motilal Oswal Ultra Short Term Fund (MOFUSTF)-Regular Plan- Growth,17.3459
2026-06-30,124234,Motilal Oswal Ultra Short Term Fund (MOFUSTF) -Direct Plan- Growth,18.5195
2026-06-30,124265,UTI Overnight Fund - Regular Plan - Daily IDCW,1370.8617
2026-06-30,124266,UTI Overnight Fund - Direct Plan - Daily IDCW,1371.6621
2026-06-30,124303,Motilal Oswal Ultra Short Term Fund Regular - IDCW Daily Reinvestment,11.4495
2026-06-30,124305,Motilal Oswal Ultra Short Term Fund Regular - IDCW Quarterly Payout/Reinvestment,11.8278
2026-06-30,124306,Motilal Oswal Ultra Short Term Fund Direct - IDCW Weekly Reinvestment,11.7275
2026-06-30,124308,Motilal Oswal Ultra Short Term Fund Direct Plan - IDCW Monthly Payout/Reinvestment,11.7422
2026-06-30,124310,Motilal Oswal Ultra Short Term Fund Regular - IDCW Weekly Reinvestment,11.4642
2026-06-30,124311,Motilal Oswal Ultra Short Term Fund Direct - IDCW Fortnightly Reinvestment,11.7948
2026-06-30,124312,Motilal Oswal Ultra Short Term Fund Direct - IDCW Quarterly Payout/Reinvestment,12.1830
2026-06-30,124313,Motilal Oswal Ultra Short Term Fund Regular - IDCW Fortnightly Reinvestment,11.4995
2026-06-30,124315,Motilal Oswal Ultra Short Term Fund Regular - IDCW Monthly Payout/Reinvestment,11.4709
2026-06-30,124316,Motilal Oswal Ultra Short Term Fund Direct - IDCW Daily Reinvestment,11.7326
2026-06-30,124589,NIPPON INDIA FLOATER FUND - IDCW Option,21.6684
2026-06-30,124590,NIPPON INDIA FLOATER FUND - DIRECT Plan - IDCW Option,22.5945
2026-06-30,124832,Aditya Birla Sun Life Corporate Bond Fund -DIRECT - IDCW,10.6336
2026-06-30,124833,Aditya Birla Sun Life Corporate Bond Fund -REGULAR - IDCW,11.9205
2026-06-30,124962,UTI Short Duration Fund - Direct Plan - Flexi IDCW,19.782
2026-06-30,125045,UTI Short Duration Fund - Regular Plan - Flexi IDCW,19.1341
2026-06-30,125259,360 ONE LIQUID FUND REGULAR PLAN  GROWTH,2131.8335
2026-06-30,125264,NIPPON INDIA LOW DURATION FUND - DIRECT Plan - IDCW Option,2241.4092
2026-06-30,125265,NIPPON INDIA LOW DURATION FUND - IDCW Option,2111.9860
2026-06-30,125266,NIPPON INDIA CORPORATE BOND FUND - DIRECT Plan - IDCW Option,21.1928
2026-06-30,125267,NIPPON INDIA CORPORATE BOND FUND - IDCW Option,20.3373
2026-06-30,125268,NIPPON INDIA SHORT DURATION FUND - IDCW Option,22.7667
2026-06-30,125269,NIPPON INDIA SHORT DURATION FUND - Direct Plan - IDCW Option,24.8560
2026-06-30,125301,PGIM India Midcap Fund - Direct Plan - Dividend Option - Payout,62.81
2026-06-30,125305,PGIM India Midcap Fund - Regular Plan - Growth Option,64.68
2026-06-30,125306,PGIM India Midcap Fund - Regular Plan - Dividend Option - Payout,23.15
2026-06-30,125307,PGIM India Midcap Fund - Direct Plan - Growth Option,75.78
2026-06-30,125337,360 ONE LIQUID FUND REGULAR PLAN  WEEKLY DIVIDEND,1005.0000
2026-06-30,125342,360 ONE LIQUID FUND REGULAR PLAN  DAILY DIVIDEND REINVESTMENT,1000.8398
2026-06-30,125343,360 ONE LIQUID FUND DIRECT PLAN  WEEKLY DIVIDEND,1005.0000
2026-06-30,125345,360 ONE LIQUID FUND DIRECT PLAN  GROWTH,2147.3394
2026-06-30,125349,360 ONE LIQUID FUND DIRECT PLAN  DAILY DIVIDEND REINVESTMENT,1000.8398
2026-06-30,125350,Axis Small Cap Fund - Regular Plan - Growth,111.92
2026-06-30,125351,Axis Small Cap Fund - Direct Plan - IDCW,52.67
2026-06-30,125352,Axis Small Cap Fund - Regular Plan - IDCW,44.57
2026-06-30,125354,Axis Small Cap Fund - Direct Plan - Growth,130.58
2026-06-30,125494,SBI Small Cap Fund - Regular Plan - Growth,179.3538
2026-06-30,125495,SBI Small Cap Fund - Regular Plan - Income Distribution cum Capital Withdrawal Option (IDCW),105.9593
2026-06-30,125496,SBI Small Cap Fund - Direct Plan - Income Distribution cum Capital Withdrawal Option (IDCW),141.1740
2026-06-30,125497,SBI Small Cap Fund - Direct Plan - Growth,206.8355
2026-06-30,125498,SBI BANKING & PSU FUND - Regular Paln - Growth,3286.3460
2026-06-30,125499,SBI Banking & PSU Fund - Regular Plan - Daily Income Distribution cum Capital Withdrawal Option (IDCW),1499.3230
2026-06-30,125500,SBI Banking & PSU Fund - Regular Plan - Weekly Income Distribution cum Capital Withdrawal Option (IDCW),1498.9653
2026-06-30,125501,SBI Banking & PSU Fund - Regular Plan - Monthly Income Distribution cum Capital Withdrawal Option (IDCW),1226.5074
2026-06-30,125502,SBI Banking & PSU Fund - Direct Plan - Daily Income Distribution cum Capital Withdrawal Option (IDCW),1544.2544
2026-06-30,125503,SBI BANKING & PSU FUND - Direct Plan - Growth,3505.9062
2026-06-30,125504,SBI Banking & PSU Fund - Direct Plan - Weekly Income Distribution cum Capital Withdrawal Option (IDCW),1540.8256
2026-06-30,125505,SBI Banking & PSU Fund - Direct Plan - Monthly Income Distribution cum Capital Withdrawal Option (IDCW),1317.1070
2026-06-30,125595,Aditya Birla Sun Life Banking and Financial Services Fund - Regular Plan - Growth,63.58
2026-06-30,125596,Aditya Birla Sun Life Banking and Financial Services Fund - REGULAR - IDCW,23.25
2026-06-30,125597,Aditya Birla Sun Life Banking and Financial Services Fund - Direct Plan - Growth,71.94
2026-06-30,125598,Aditya Birla Sun Life Banking and Financial Services Fund - DIRECT - IDCW,31.72
2026-06-30,125711,Shriram Aggressive Hybrid Fund- Direct Growth,36.7171
2026-06-30,125712,Shriram Aggressive Hybrid Fund- Direct- IDCW,28.9256
2026-06-30,125713,Shriram Aggressive Hybrid Fund- Regular Growth,31.5725
2026-06-30,125714,Shriram Aggressive Hybrid Fund- Regular-IDCW,25.2444
2026-06-30,126350,Invesco India - Invesco Pan European Equity Fund of Fund - Regular Plan - IDCW (Payout / Reinvestment),26.0001
2026-06-30,126351,Invesco India - Invesco Pan European Equity Fund of Fund - Regular Plan - Growth Option,26.0004
2026-06-30,126352,Invesco India - Invesco Pan European Equity Fund of Fund - Direct Plan - IDCW (Payout / Reinvestment),28.3208
2026-06-30,126353,Invesco India - Invesco Pan European Equity Fund of Fund - Direct Plan - Growth Option,28.4065
2026-06-30,126389,BANK OF INDIA Ultra Short Duration Fund- Direct Plan-Bonus,3469.3291
2026-06-30,126391,DSP Dynamic Asset Allocation Fund - Direct Plan - IDCW - Monthly,16.821
2026-06-30,126392,DSP Dynamic Asset Allocation Fund - Regular Plan - IDCW - Monthly,14.060
2026-06-30,126393,DSP Dynamic Asset Allocation Fund - Direct Plan - Growth,33.148
2026-06-30,126394,DSP Dynamic Asset Allocation Fund - Regular Plan - Growth,28.594
2026-06-30,126685,CANARA ROBECO CORPORATE BOND FUND - DIRECT PLAN - GROWTH OPTION,24.5136
2026-06-30,126686,CANARA ROBECO CORPORATE BOND FUND - DIRECT PLAN - IDCW (Payout/Reinvestment),12.4026
2026-06-30,126687,CANARA ROBECO CORPORATE BOND FUND - REGULAR PLAN - GROWTH OPTION,22.7321
2026-06-30,126688,CANARA ROBECO CORPORATE BOND FUND - REGULAR PLAN - IDCW (Payout/Reinvestment),11.5250
2026-06-30,126939,UTI Banking & PSU Fund- Regular Plan - Growth Option,23.2516
2026-06-30,126940,UTI Banking & PSU Fund - Direct Plan - Growth Option,23.7077
2026-06-30,126941,UTI Banking & PSU Fund - Regular Plan - Quarterly IDCW,15.9564
2026-06-30,126942,UTI Banking & PSU Fund - Direct Plan - Quarterly IDCW,17.6453
2026-06-30,127039,Motilal Oswal Midcap Fund-Regular Plan-Growth Option,94.0230
2026-06-30,127040,Motilal Oswal Midcap Fund-Regular - IDCW Payout/Reinvestment,42.4889
2026-06-30,127042,Motilal Oswal Midcap Fund-Direct Plan-Growth Option,108.5221
2026-06-30,127044,Motilal Oswal Midcap Fund-Direct - IDCW Payout/Reinvestment,44.2637
2026-06-30,127070,HSBC Asia Pacific IDCW Yield Fund IDCW,25.1651
2026-06-30,127071,HSBC Asia Pacific (Ex Japan) Dividend Yield Fund - Growth Direct,38.7724
2026-06-30,127072,HSBC Asia Pacific IDCW Yield Fund Direct Plan IDCW,25.1447
2026-06-30,127073,HSBC Asia Pacific (Ex Japan) Dividend Yield Fund - Growth,35.7602
2026-06-30,127470,Bandhan Banking and PSU Fund - Regular Daily IDCW,10.8788
2026-06-30,127471,Bandhan Banking and PSU Fund - Direct Daily IDCW,10.4768
2026-06-30,127849,BANK OF INDIA BALANCED ADVANTAGE FUND REGULAR PLAN  GROWTH,25.8824
2026-06-30,127850,BANK OF INDIA BALANCED ADVANTAGE FUND DIRECT PLAN  GROWTH,28.2766
2026-06-30,127851,BANK OF INDIA BALANCED ADVANTAGE FUND  REGULAR PLAN IDCW,18.0578
2026-06-30,127852,BANK OF INDIA BALANCED ADVANTAGE FUND  DIRECT PLAN IDCW,17.0618
2026-06-30,128006,Kotak Medium Term Fund - Direct Growth,27.2964
2026-06-30,128009,Kotak Medium Term Fund - Growth,24.323
2026-06-30,128050,HDFC Credit Risk Debt Fund - Quarterly IDCW - Direct Plan,10.806
2026-06-30,128051,HDFC Credit Risk Debt Fund - Growth Option - Direct Plan,27.9955
2026-06-30,128052,HDFC Credit Risk Debt Fund - Quarterly IDCW Option,10.4575
2026-06-30,128053,HDFC Credit Risk Debt Fund - Growth Option,25.7669
2026-06-30,128078,Kotak Medium Term Fund - Standard Income Distribution cum capital withdrawal option,14.9291
2026-06-30,128079,Kotak Medium Term Fund - Direct - Standard Income Distribution cum capital withdrawal option,27.2989
2026-06-30,128331,Nippon India ETF Nifty India Consumption,128.0038
2026-06-30,128626,HDFC Banking and PSU Debt Fund - IDCW Option - Direct Plan,10.044
2026-06-30,128627,HDFC Banking and PSU Debt Fund - IDCW Option,10.1541
2026-06-30,128628,HDFC Banking and PSU Debt Fund - Growth Option,24.3139
2026-06-30,128629,HDFC Banking and PSU Debt Fund - Growth Option - Direct Plan,25.4109
2026-06-30,128639,Nippon India ETF Nifty Dividend Opportunities 50,75.2040
2026-06-30,128820,NIPPON INDIA ARBITRAGE FUND - MONTHLY IDCW Option,14.6348
2026-06-30,128821,NIPPON INDIA ARBITRAGE FUND - DIRECT Plan - MONTHLY IDCW Option,15.9888
2026-06-30,129006,Franklin India Banking & PSU Debt Fund - Growth,23.8624
2026-06-30,129007,Franklin India Banking and PSU Debt Fund - IDCW,10.8688
2026-06-30,129008,Franklin India Banking & PSU Debt Fund - Direct - Growth,25.0048
2026-06-30,129009,Franklin India Banking and PSU Debt Fund - Direct - IDCW,11.4929
2026-06-30,129046,Motilal Oswal Flexi cap Fund Direct Plan-Growth Option,65.4199
2026-06-30,129047,Motilal Oswal Flexi Cap Fund Direct - IDCW Payout/Reinvestment,32.3635
2026-06-30,129048,Motilal Oswal Flexi Cap Fund Regular Plan-Growth Option,58.5557
2026-06-30,129049,Motilal Oswal Flexi cap Fund Regular - IDCW Payout/Reinvestment,30.7550
2026-06-30,129051,HDFC ARBITRAGE FUND - Regular Plan - Monthly IDCW Option,11.406
2026-06-30,129052,HDFC ARBITRAGE FUND -Direct Plan - Growth Option,21.467
2026-06-30,129054,HDFC ARBITRAGE FUND - Monthly IDCW - Direct Plan,11.299
2026-06-30,129065,HSBC Aggressive Hybrid Active FOF - Growth,42.2505
2026-06-30,129187,Invesco India - Invesco Global Equity Income Fund of Fund - Regular Plan - Growth,36.9012
2026-06-30,129188,Invesco India - Invesco Global Equity Income Fund of Fund - Direct Plan - Growth,40.9753
2026-06-30,129189,Invesco India - Invesco Global Equity Income Fund of Fund - Regular Plan - IDCW (Payout / Reinvestment),36.8485
2026-06-30,129190,Invesco India - Invesco Global Equity Income Fund of Fund - Direct Plan - IDCW (Payout / Reinvestment),40.4784
2026-06-30,129191,HSBC Multi Asset Active FOF - Growth,40.9562
2026-06-30,129192,HSBC Multi Asset Active FOF IDCW,29.8873
2026-06-30,129193,HSBC Multi Asset Active FOF - Growth Direct,43.6703
2026-06-30,129194,HSBC Multi Asset Active FOF Direct Plan IDCW,20.9761
2026-06-30,129195,HSBC Income Plus Arbitrage Active FOF - Growth,22.5512
2026-06-30,129196,HSBC Income Plus Arbitrage Active FOF IDCW,16.2528
2026-06-30,129197,HSBC Income Plus Arbitrage Active FOF - Growth Direct,23.9846
2026-06-30,129198,HSBC Income Plus Arbitrage Active FOF Direct Plan IDCW,19.1844
2026-06-30,129199,HSBC Aggressive Hybrid Active FOF - Dividend,29.8117
2026-06-30,129200,HSBC Aggressive Hybrid Active FOF - Growth Direct,44.9483
2026-06-30,129201,HSBC Aggressive Hybrid Active FOF - Dividend Direct,32.2102
2026-06-30,129210,Sundaram Infrastructure Advantage Fund Regular Plan - Income Distribution cum Capital Withdrawal (IDCW),59.3609
2026-06-30,129211,Sundaram Infrastructure Advantage Fund Direct Plan - Income Distribution cum Capital Withdrawal (IDCW),64.1358
2026-06-30,129212,Sundaram Infrastructure Advantage Fund Direct Plan - Growth,111.3912
2026-06-30,129213,Sundaram Infrastructure Advantage Fund Regular Plan - Growth,103.6526
2026-06-30,129309,ICICI Prudential Dividend Yield Equity Fund Direct Plan IDCW Option,25.19
2026-06-30,129310,ICICI Prudential Dividend Yield Equity Fund Growth Option,53.02
2026-06-30,129311,ICICI Prudential Dividend Yield Equity Fund IDCW Option,18.84
2026-06-30,129312,ICICI Prudential Dividend Yield Equity Fund Direct Plan Growth Option,59.83
2026-06-30,129436,Franklin India Money Market Fund Retail Option - Monthly - IDCW,10.4789
2026-06-30,129437,Franklin India Money Market Fund Retail Option - Direct - Monthly - IDCW,10.8741
2026-06-30,129646,Union Small Cap Fund - Direct Plan - IDCW Option,41.51
2026-06-30,129647,Union Small Cap Fund - Regular Plan - Growth Option,56.52
2026-06-30,129648,Union Small Cap Fund - Regular Plan - IDCW Option,43.38
2026-06-30,129649,Union Small Cap Fund - Direct Plan - Growth Option,63.08
2026-06-30,130013,ICICI Prudential Money Market Fund Option - IDCW Others,185.6647
2026-06-30,130037,Nippon India Medium Duration Fund - Growth Option,16.7871
2026-06-30,130050,Nippon India Medium Duration Fund - Direct Plan - Growth Option,18.2765
2026-06-30,130052,Nippon India Medium Duration Fund - Direct Plan - Bonus Option,18.2799
2026-06-30,130053,NIPPON INDIA MEDIUM DURATION FUND - IDCW Option,14.3652
2026-06-30,130054,NIPPON INDIA MEDIUM DURATION FUND - DIRECT Plan - IDCW Option,15.4153
2026-06-30,130055,NIPPON INDIA MEDIUM DURATION FUND - DIRECT Plan - QUARTERLY IDCW Option,11.0516
2026-06-30,130056,NIPPON INDIA MEDIUM DURATION FUND - QUARTERLY IDCW Option,10.9584
2026-06-30,130205,Edelweiss Arbitrage Fund- Regular Plan- Growth Option,20.5017
2026-06-30,130206,Edelweiss Arbitrage Fund- Direct Plan- Growth Option,22.1495
2026-06-30,130207,Edelweiss Arbitrage Fund - Regular Plan - IDCW Option,15.045
2026-06-30,130208,Edelweiss Arbitrage Fund- Regular Plan -Bonus Option,20.6106
2026-06-30,130209,Edelweiss Arbitrage Fund - Direct Plan - IDCW Option,15.8349
2026-06-30,130309,Axis Credit Risk Fund - Regular Plan - Growth,23.1478
2026-06-30,130310,Axis Credit Risk Fund - Regular Plan - Weekly IDCW,10.1797
2026-06-30,130311,Axis Credit Risk Fund - Direct Plan - Weekly IDCW,10.3498
2026-06-30,130312,Axis Credit Risk Fund - Direct Plan - Monthly IDCW,10.2461
2026-06-30,130313,Axis Credit Risk Fund - Regular Plan - Monthly IDCW,10.2008
2026-06-30,130314,Axis Credit Risk Fund - Direct Plan - Growth,26.0850
2026-06-30,130490,DSP Income Plus Arbitrage Omni FoF - Regular Plan - IDCW,16.5184
2026-06-30,130491,DSP Income Plus Arbitrage Omni FoF - Direct Plan - IDCW,18.4242
2026-06-30,130492,DSP Income Plus Arbitrage Omni FoF - Regular Plan - Growth,22.3591
2026-06-30,130493,DSP Income Plus Arbitrage Omni FoF - Direct Plan - Growth,23.7565
2026-06-30,130496,HDFC Large and Mid Cap Fund - Growth Option,341.387
2026-06-30,130497,HDFC Large and Mid Cap Fund - IDCW Option,35.087
2026-06-30,130498,HDFC Large and Mid Cap Fund - Growth Option - Direct Plan,361.633
2026-06-30,130499,HDFC Large and Mid Cap Fund - IDCW Option - Direct Plan,46.958
2026-06-30,130501,HDFC Small Cap Fund - IDCW Option,39.711
2026-06-30,130502,HDFC Small Cap Fund - Growth Option,136.844
2026-06-30,130503,HDFC Small Cap Fund - Growth Option - Direct Plan,156.834
2026-06-30,130504,HDFC Small Cap Fund - IDCW Option - Direct Plan,63.491
2026-06-30,130533,HDFC Income Plus Arbitrage Active FOF - Growth Option,41.0708
2026-06-30,130540,HDFC Income Plus Arbitrage Active FOF - IDCW Option,35.9896
2026-06-30,130543,HDFC Income Plus Arbitrage Active FOF - Growth Option - Direct Plan,45.4175
2026-06-30,130547,HDFC Income Plus Arbitrage Active FOF - IDCW Option - Direct Plan,39.895
2026-06-30,130603,JM Arbitrage Fund (Regular) - Bonus Option - Principal Units,18.6875
2026-06-30,130604,JM Arbitrage Fund (Direct) - Bonus Option - Principal Units,19.7499
2026-06-30,130721,Invesco India Credit Risk Fund - Regular Plan - Growth,2070.5751
2026-06-30,130722,Invesco India Credit Risk Fund - Direct Plan - Growth,2331.4313
2026-06-30,130723,Invesco India Credit Risk Fund - Regular Plan - Monthly IDCW (Payout / Reinvestment),1191.5774
2026-06-30,130724,Invesco India Credit Risk Fund - Direct Plan - Monthly IDCW (Payout / Reinvestment),1178.8533
2026-06-30,130725,Invesco India Credit Risk Fund - Direct Plan - Discretionary IDCW (Payout / Reinvestment),2348.8343
2026-06-30,130726,Invesco India Credit Risk Fund - Regular Plan - Discretionary IDCW (Payout / Reinvestment),2069.9304
2026-06-30,130771,Axis Arbitrage Fund - Regular Plan - Growth,19.7719
2026-06-30,130773,Axis Arbitrage Fund - Direct Plan - Growth,21.6239
2026-06-30,130774,Axis Arbitrage Fund - Direct Plan - Monthly IDCW,12.3368
2026-06-30,130776,Axis Arbitrage Fund - Regular Plan - Monthly IDCW,11.1513
2026-06-30,130787,Invesco India Arbitrage Fund - Direct Plan - Annual Bonus,36.7729
2026-06-30,130858,Nippon India Japan Equity Fund- Growth Plan- Bonus Option,26.7817
2026-06-30,130859,NIPPON INDIA - JAPAN EQUITY FUND - IDCW Option,26.7817
2026-06-30,130860,Nippon India Japan Equity Fund- Direct Plan- Growth Plan- Growth Option,30.2344
2026-06-30,130861,Nippon India Japan Equity Fund- Direct Plan- Growth Plan- Bonus Option,30.2344
2026-06-30,130863,Nippon India Japan Equity Fund- Growth Plan- Growth Option,26.7817
2026-06-30,130864,NIPPON INDIA - JAPAN EQUITY FUND - DIRECT Plan - IDCW Option,30.2344
2026-06-30,130904,JM Aggressive Hybrid Fund (Direct) - Annual Bonus Option,134.2904
2026-06-30,131051,ICICI Prudential Constant Maturity Gilt Fund - Growth,26.0389
2026-06-30,131054,ICICI Prudential Constant Maturity Gilt Fund - Direct Plan - Quarterly IDCW,11.8671
2026-06-30,131057,ICICI Prudential Constant Maturity Gilt Fund - quarterly IDCW,11.5977
2026-06-30,131061,ICICI Prudential Constant Maturity Gilt Fund - Direct Plan - Growth,26.6570
2026-06-30,131297,DSP 10Y G-Sec Fund - Regular Plan - Growth,22.5243
2026-06-30,131298,DSP 10Y G-Sec Fund - Regular Plan - IDCW,10.6339
2026-06-30,131299,DSP 10Y G-Sec Fund - Regular Plan - IDCW - Monthly,10.7665
2026-06-30,131300,DSP 10Y G-Sec Fund - Regular Plan - IDCW - Quarterly,10.8861
2026-06-30,131301,DSP 10Y G-Sec Fund - Direct Plan - Growth,23.1241
2026-06-30,131302,DSP 10Y G-Sec Fund - Direct Plan - IDCW - Quarterly,10.8323
2026-06-30,131303,DSP 10Y G-Sec Fund - Direct Plan - IDCW - Monthly,10.6119
2026-06-30,131304,DSP 10Y G-Sec Fund - Direct Plan - IDCW,10.8409
2026-06-30,131331,Nippon India ETF BSE Sensex,877.7314
2026-06-30,131354,BANDHAN Balanced Advantage Fund Regular Plan IDCW,13.896
2026-06-30,131355,BANDHAN Balanced Advantage Fund Direct Plan Growth,29.162
2026-06-30,131356,BANDHAN Balanced Advantage Fund Direct Plan IDCW,16.159
2026-06-30,131357,BANDHAN Balanced Advantage Fund Regular Plan Growth,24.920
2026-06-30,131372,Kotak Equity Savings Fund - Regular - Growth,27.1956
2026-06-30,131373,Kotak Equity Savings Fund - Direct - Growth,30.1766
2026-06-30,131374,Kotak Equity Savings Fund - Regular - Monthly Payout of Income Distribution cum capital withdrawal option,19.9116
2026-06-30,131375,Kotak Equity Savings Fund - Direct - Monthly Payout of Income Distribution cum capital withdrawal option,21.6639
2026-06-30,131382,Bandhan Short Duration Fund - Direct Plan - Periodic IDCW,23.5977
2026-06-30,131383,Bandhan Short Duration Fund - Regular Plan - Periodic IDCW,22.5460
2026-06-30,131384,Bandhan Medium Duration Fund - Direct Plan - Periodic IDCW,13.8519
2026-06-30,131385,Bandhan Medium Duration Fund - Regular Plan - Periodic IDCW,15.2294
2026-06-30,131386,Bandhan Medium to Long Duration Fund - Direct Plan - Periodic IDCW,18.2566
2026-06-30,131387,Bandhan Medium to Long Duration Fund - Regular Plan - Periodic IDCW,14.6355
2026-06-30,131388,Bandhan Money Market Fund -Direct Plan-Periodic IDCW,17.0965
2026-06-30,131389,Bandhan Money Market Fund - Regular Plan - Periodic IDCW,14.0833
2026-06-30,131390,Bandhan Gilt Fund with 10 year constant duration Fund - Direct Plan - Periodic IDCW,14.6682
2026-06-30,131391,Bandhan Gilt Fund with 10 year constant duration Fund - Regular Plan - Periodic IDCW,17.2998
2026-06-30,131394,Bandhan Gilt Fund - Direct Plan - Periodic IDCW,19.4999
2026-06-30,131395,Bandhan Gilt Fund - Regular Plan B - Periodic IDCW,17.7909
2026-06-30,131396,BANDHAN Dynamic Bond Fund-Direct Plan-Periodic IDCW,14.1747
2026-06-30,131397,BANDHAN Dynamic Bond Fund - Regular Plan B - Periodic IDCW,14.3298
2026-06-30,131398,Bandhan Income Plus Arbitrage Active FOF - Direct Plan - Periodic IDCW,16.8081
2026-06-30,131399,Bandhan Income Plus Arbitrage Active FOF - Regular Plan - Periodic IDCW,16.2232
2026-06-30,131418,UTI Credit Risk Fund - Regular Plan - Monthly IDCW,10.8971
2026-06-30,131419,UTI Credit Risk Fund - Direct Plan - Monthly IDCW,11.361
2026-06-30,131424,UTI Short Duration Fund - Regular Plan - Half-Yearly IDCW,14.354
2026-06-30,131425,UTI Short Duration Fund - Direct Plan - Half Yearly Dividend Option,14.6614
2026-06-30,131444,UTI Ultra Short Duration Fund - Direct Plan - Monthly IDCW,1173.8204
2026-06-30,131445,UTI Ultra Short Duration Fund - Regular Plan - Monthly IDCW,1118.7898
2026-06-30,131452,ICICI Prudential Equity & Debt Fund - Half Yearly IDCW,25.55
2026-06-30,131453,ICICI Prudential Equity & Debt Fund - Direct Plan - Half Yearly IDCW,29.18
2026-06-30,131476,JM Aggressive Hybrid Fund (Regular) - Annual IDCW,32.1111
2026-06-30,131477,JM Aggressive Hybrid Fund (Direct) - Annual IDCW,45.2375
2026-06-30,131480,ICICI Prudential Bond Fund - Direct Plan - Half Yearly IDCW,11.0255
2026-06-30,131481,ICICI Prudential Bond Fund - Half Yearly IDCW,11.3484
2026-06-30,131511,UTI Ultra Short Duration Fund - Regular Plan - Fortnightly IDCW,1321.343
2026-06-30,131512,UTI Ultra Short Duration Fund - Direct Plan - Fortnightly IDCW,1337.9528
2026-06-30,131547,UTI Short Duration Fund - Regular Plan - Monthly IDCW,12.0197
2026-06-30,131548,UTI Short Duration Fund - Direct Plan - Monthly IDCW,10.6966
2026-06-30,131578,360 ONE Focused Fund -Regular Plan - Growth,47.4214
2026-06-30,131579,360 ONE Focused Fund - Regular Plan - Dividend,41.9583
2026-06-30,131580,360 ONE Focused Fund-Direct Plan-Growth,54.2622
2026-06-30,131581,360 ONE Focused Fund - Direct Plan - Dividend,53.7087
2026-06-30,131665,Aditya Birla Sun Life Balanced Advantage Fund -REGULAR - IDCW,26.02
2026-06-30,131666,Aditya Birla Sun Life Balanced Advantage Fund - Regular Plan - Growth Option,110.59
2026-06-30,131670,Aditya Birla Sun Life Balanced Advantage Fund - Direct Plan - Growth Option,126.85
2026-06-30,131671,Aditya Birla Sun Life Balanced Advantage Fund -DIRECT - IDCW,29.88
2026-06-30,131863,Aditya Birla Sun Life Multi Asset Omni FoF-REGULAR - IDCW,68.6824
2026-06-30,131864,Aditya Birla Sun Life Multi Asset Omni FoF- Regular Plan - Growth Option,74.586
2026-06-30,131865,Aditya Birla Sun Life Multi Asset Omni FoF- Direct Plan - Growth Option,39.7222
2026-06-30,131866,Aditya Birla Sun Life Multi Asset Omni FOF-DIRECT - IDCW,37.8509
2026-06-30,131895,Aditya Birla Sun Life Income Plus Arbitrage Active FOF- REGULAR - IDCW,24.7868
2026-06-30,131896,Aditya Birla Sun Life Income Plus Arbitrage Active FOF- Regular Plan - Growth Option,39.524
2026-06-30,131897,Aditya Birla Sun Life Income Plus Arbitrage Active FOF- DIRECT - IDCW,26.2259
2026-06-30,131898,Aditya Birla Sun Life Income Plus Arbitrage Active FOF- Direct Plan - Growth Option,41.8835
2026-06-30,132003,Aditya Birla Sun Life Global Excellence Equity Fund Of Fund-REGULAR - RETAIL - IDCW,44.1769
2026-06-30,132005,Aditya Birla Sun Life Global Excellence Equity Fund Of Fund- Retail Plan - Regular Plan - Growth Option,44.1495
2026-06-30,132009,Aditya Birla Sun Life Global Excellence Equity Fund Of Fund - Retail Plan - Direct Plan - Growth Option,47.2235
2026-06-30,132010,Aditya Birla Sun Life Global Excellence Equity Fund Of Fund-DIRECT - RETAIL - IDCW,47.2477
2026-06-30,132138,Aditya Birla SUn Life Global Emerging Opportunities Fund - Regular Plan - Growth Option,34.8174
2026-06-30,132139,Aditya Birla Sun Life Global Emerging Opportunities Fund - Regular - IDCW,34.8237
2026-06-30,132140,Aditya Birla Sun Life Global Emerging Opportunities Fund - Direct plan - Growth Option,36.6333
2026-06-30,132141,Aditya Birla Sun Life Global Emerging Opportunities Fund - Direct - IDCW,32.4002
2026-06-30,132174,Aditya Birla Sun Life Aggressive Hybrid Omni FOF- Regular Plan - Growth Option,43.2359
2026-06-30,132175,Aditya Birla Sun Life Aggressive Hybrid Omni FOF-  Regular -  IDCW,38.7795
2026-06-30,132178,Aditya Birla Sun Life Conservative Hybrid Active FOF- Regular Plan - Growth Option,35.3915
2026-06-30,132179,Aditya Birla Sun Life Conservative Hybrid Active FOF -Regular - IDCW,32.1989
2026-06-30,132180,Aditya Birla Sun Life Dynamic Asset Allocation Omni FOF- Regular Plan - Growth Option,55.4621
2026-06-30,132181,Aditya Birla Sun Life Dynamic Asset Allocation Omni FOF-Regular - IDCW,50.7674
2026-06-30,132183,Aditya Birla Sun Life Conservative Hybrid Active FOF- Direct Plan - Growth Option,37.7692
2026-06-30,132184,Aditya Birla Sun Life Conservative Hybrid Active FOF-Direct - IDCW,25.6445
2026-06-30,132185,Aditya Birla Sun Life Aggressive Hybrid Omni FOF- Direct Plan - Growth Option,46.4691
2026-06-30,132186,Aditya Birla Sun Life Dynamic Asset Allocation Omni FOF- Direct Plan - Growth Option,61.3843
2026-06-30,132187,Aditya Birla Sun Life Dynamic Asset Allocation Omni FOF- Direct - IDCW,56.2167
2026-06-30,132189,Aditya Birla Sun Life Aggressive Hybrid Omni FOF- Direct - IDCW,42.2055
2026-06-30,132756,Tata ELSS Fund-Growth-Direct Plan,53.2069
2026-06-30,132757,Tata ELSS Fund-Growth-Regular Plan,46.0026
2026-06-30,132848,HDFC Corporate Bond Fund - IDCW Option,20.7933
2026-06-30,132849,HDFC Corporate Bond Fund - IDCW Option - Direct Plan,21.56
2026-06-30,132852,HDFC Medium Term Debt Fund - IDCW Option,20.2164
2026-06-30,132853,HDFC Medium Term Debt Fund - IDCW Option - Direct Plan,21.8645
2026-06-30,132871,NIPPON INDIA CREDIT RISK FUND - IDCW Option,20.6890
2026-06-30,132873,NIPPON INDIA CREDIT RISK FUND - DIRECT Plan - IDCW Option,22.6440
2026-06-30,132917,Aditya Birla Sun Life Dynamic Bond Fund -Regular - IDCW,12.1812
2026-06-30,132918,Aditya Birla Sun Life Dynamic Bond Fund -Direct - IDCW,13.2631
2026-06-30,132987,Franklin India Income Plus Arbitrage Active Fund of Funds- Growth Plan,22.2007
2026-06-30,132988,Franklin India Income Plus Arbitrage Active Fund of Funds- IDCW,22.2007
2026-06-30,132989,Franklin India Income Plus Arbitrage Active Fund of Funds- Growth Plan - Direct,25.1167
2026-06-30,132990,Franklin India Income Plus Arbitrage Active Fund of Funds - Direct - IDCW,25.1167
2026-06-30,132995,Aditya Birla Sun Life Equity Savings Fund - Direct Plan - Growth,25.72
2026-06-30,132996,Aditya Birla Sun Life Equity Savings Fund - Direct - IDCW,15.36
2026-06-30,132997,Aditya Birla Sun Life Equity Savings Fund - Regular - IDCW,13
2026-06-30,132998,Aditya Birla Sun Life Equity Savings Fund - Regular Plan - Growth,23.11
2026-06-30,133035,Kotak Aggressive Hybrid Fund - Direct Plan -Growth,76.503
2026-06-30,133036,Kotak Aggressive Hybrid Fund - Regular Plan -Growth,64.358
2026-06-30,133051,ICICI Prudential Equity Savings Fund - Cumulative option,23.07
2026-06-30,133052,ICICI Prudential Equity Savings Fund - Direct Plan - Quarterly IDCW,15.55
2026-06-30,133053,ICICI Prudential Equity Savings Fund - Quarterly IDCW,13.04
2026-06-30,133054,ICICI Prudential Equity Savings Fund - Direct Plan - Cumulative option,24.87
2026-06-30,133059,UTI Ultra Short Duration Fund - Direct Plan - Quarterly IDCW,2013.937
2026-06-30,133122,Kotak Nifty Bank ETF,59.7152
2026-06-30,133127,UTI Low Duration Fund - Direct Plan - Flexi IDCW,1629.9129
2026-06-30,133130,UTI Low Duration Fund - Regular Plan - Flexi IDCW,1436.0885
2026-06-30,133147,HDFC Credit Risk Debt Fund - IDCW Option - Direct Plan,24.5409
2026-06-30,133148,HDFC Credit Risk Debt Fund - IDCW Option,23.7269
2026-06-30,133180,UTI Dynamic Bond Fund - Direct Plan - Flexi IDCW,17.7721
2026-06-30,133265,Nippon India Gilt  Fund- Direct Plan- Growth Plan- Bonus Option,24.9522
2026-06-30,133280,UTI Medium to Long Duration Fund - Direct Plan - Flexi IDCW,16.1782
2026-06-30,133307,LIC MF Nifty 8-13 yr G-Sec ETF,29.4155
2026-06-30,133344,UTI Credit Risk Fund - Regular Plan - Annual IDCW,12.1086
2026-06-30,133365,HDFC Income Fund - Normal IDCW - Direct Plan,21.3449
2026-06-30,133366,HDFC Income Fund - Normal IDCW Option,19.1276
2026-06-30,133367,HDFC Short Term  Debt Fund - Normal IDCW - Direct Plan,20.8582
2026-06-30,133368,HDFC Short Term  Debt Fund - Normal IDCW Option,20.2055
2026-06-30,133369,HDFC Dynamic Debt Fund - Normal IDCW - Direct Plan,21.7833
2026-06-30,133370,HDFC Dynamic Debt Fund - Normal IDCW Option,19.9441
2026-06-30,133383,Motilal Oswal ELSS Tax Saver Fund - IDCW Payout,30.7172
2026-06-30,133384,Motilal Oswal ELSS Tax Saver Fund Direct - IDCW Payout,39.8592
2026-06-30,133385,Motilal Oswal ELSS Tax Saver Fund - Regular Plan - Growth Option,55.6566
2026-06-30,133386,Motilal Oswal ELSS Tax Saver Fund - Direct Plan - Growth Option,64.4740
2026-06-30,133387,UTI Money Market Fund - Direct Plan - Monthly IDCW,1629.7709
2026-06-30,133390,JM Dynamic Bond Fund (Regular) - Monthly IDCW,43.5201
2026-06-30,133395,JM Arbitrage Fund (Direct) - Annual Bonus Option - Principal Units,18.956
2026-06-30,133402,JM Aggressive Hybrid Fund (Direct) - Half Yearly IDCW,96.4729
2026-06-30,133404,JM Aggressive Hybrid Fund (Regular) - Monthly IDCW,83.7257
2026-06-30,133405,JM Aggressive Hybrid Fund (Regular) - Quarterly IDCW,29.8836
2026-06-30,133406,JM Aggressive Hybrid Fund (Direct) - Quarterly IDCW,33.9218
2026-06-30,133408,JM Aggressive Hybrid Fund (Regular) - Half Yearly IDCW,84.3968
2026-06-30,133412,JM Aggressive Hybrid Fund (Direct) - Monthly IDCW,96.4446
2026-06-30,133414,JM Dynamic Bond Fund (Direct) - Monthly IDCW,46.9141
2026-06-30,133445,Aditya Birla Sun Life Income Fund - Regular - IDCW,12.2922
2026-06-30,133446,Aditya Birla Sun Life Income Fund - Direct - IDCW,13.1578
2026-06-30,133469,UTI Low Duration Fund - Direct Plan - Half-Yearly IDCW,1485.5185
2026-06-30,133484,UTI Money Market Fund - Regular Plan - Monthly IDCW,1047.6353
2026-06-30,133486,Baroda BNP Paribas Credit Risk Fund -Regular-Growth Option,23.6608
2026-06-30,133488,Baroda BNP Paribas Credit Risk Fund -Direct-Growth Option,26.2435
2026-06-30,133513,Aditya Birla Sun Life Manufacturing Equity Fund - Regular Plan - Growth,37.01
2026-06-30,133514,Aditya Birla Sun Life Manufacturing Equity Fund - Direct - IDCW,24.3
2026-06-30,133515,Aditya Birla Sun Life Manufacturing Equity Fund - Regular - IDCW,22.03
2026-06-30,133516,Aditya Birla Sun Life Manufacturing Equity Fund - Direct Plan - Growth,41.07
2026-06-30,133517,Baroda BNP Paribas Credit Risk Fund -Regular-Monthly IDCW,11.2103
2026-06-30,133518,Baroda BNP Paribas Credit Risk Fund -Regular-Quarterly IDCW,11.5763
2026-06-30,133520,Baroda BNP Paribas Credit Risk Fund -Direct- Monthly IDCW,14.3137
2026-06-30,133524,Baroda BNP Paribas Credit Risk Fund -Direct- Quarterly IDCW,12.6518
2026-06-30,133565,Nippon India Retirement Fund- Wealth Creation Scheme- Growth Plan - Growth Option,28.4089
2026-06-30,133566,NIPPON INDIA RETIREMENT FUND - WEALTH CREATION SCHEME - Direct Plan - IDCW Option,22.3656
2026-06-30,133567,NIPPON INDIA RETIREMENT FUND - WEALTH CREATION SCHEME - IDCW Option,19.0650
2026-06-30,133568,Nippon India Retirement Fund- Wealth Creation Scheme- Direct Plan- Growth Plan - Growth Option,32.2908
2026-06-30,133569,Nippon India Retirement Fund- Income Generation Scheme- Direct Plan- Growth Plan - Growth Option,23.4361
2026-06-30,133570,NIPPON INDIA RETIREMENT FUND - INCOME GENERATION SCHEME - Direct Plan - IDCW Option,23.4361
2026-06-30,133571,NIPPON INDIA RETIREMENT FUND - INCOME GENERATION SCHEME - IDCW Option,20.3756
2026-06-30,133572,Nippon India Retirement Fund- Income Generation Scheme-Growth Plan - Growth Option,20.3729
2026-06-30,133628,Nippon India Retirement Fund- Income Generation Scheme- Growth Plan- Bonus Option,20.3729
2026-06-30,133629,Nippon India Retirement Fund- Income Generation Scheme- Direct Plan-Growth Plan- Bonus Option,23.4361
2026-06-30,133630,Nippon India Retirement Fund- Wealth Creation Scheme- Direct Plan-Growth Plan- Bonus Option,32.2908
2026-06-30,133631,Nippon India Retirement Fund- Wealth Creation Scheme- Growth Plan- Bonus Option,28.4089
2026-06-30,133679,BANDHAN Arbitrage Fund-Direct Plan-Annual IDCW,12.5422
2026-06-30,133680,BANDHAN Arbitrage Fund - Regular Plan - Annual IDCW,10.8165
2026-06-30,133681,BANDHAN Equity Savings Fund-Direct Plan-Annual IDCW,13.882
2026-06-30,133682,BANDHAN Equity Savings Fund - Regular Plan -Annual IDCW,12.476
2026-06-30,133709,LIC MF Large & Mid Cap Fund-Direct Plan-IDCW,35.6461
2026-06-30,133710,LIC MF Large & Mid Cap Fund-Direct Plan-Growth,44.9297
2026-06-30,133711,LIC MF Large & Mid Cap Fund-Regular Plan-Growth,38.5746
2026-06-30,133712,LIC MF Large & Mid Cap Fund-Regular Plan-IDCW,31.232
2026-06-30,133733,UTI Low Duration Fund - Regular Plan - Fortnightly IDCW,1331.5311
2026-06-30,133782,Kotak Corporate Bond Fund- Regular Plan-Growth Option,3992.7004
2026-06-30,133787,Kotak Corporate Bond Fund- Regular Plan-Monthly Dividend Option,1300.6704
2026-06-30,133791,Kotak Corporate Bond Fund- Direct Plan- Growth Option,4182.7509
2026-06-30,133792,Kotak Corporate Bond Fund- Direct Plan- Monthly Payout of Income Distribution cum capital withdrawal option,1080.7798
2026-06-30,133796,Kotak Infrastructure & Economic Reform Fund - Standard Plan-Growth,69.358
2026-06-30,133799,Kotak Infrastructure & Economic Reform Fund - Standard Plan-Payout of Income Distribution cum capital withdrawal option,55.471
2026-06-30,133800,Kotak Infrastructure & Economic Reform Fund- Direct Plan- Payout of Income Distribution cum capital withdrawal option,81.935
2026-06-30,133801,Kotak Infrastructure & Economic Reform Fund- Direct Plan- Growth Option,82.883
2026-06-30,133805,Kotak Low Duration Fund- Regular Plan-Growth Option,3538.7296
2026-06-30,133809,Kotak Low Duration Fund- Regular Plan-Standard Income Distribution cum capital withdrawal option,1264.7063
2026-06-30,133810,Kotak Low Duration Fund- Direct Plan- Growth Option,3888.9608
2026-06-30,133812,Kotak Low Duration Fund - Direct Plan- Standard Income Distribution cum capital withdrawal option,1549.4253
2026-06-30,133836,PGIM India Flexi Cap Fund - Regular Plan - Growth Option,35.98
2026-06-30,133837,PGIM India Flexi Cap Fund - Direct Plan - Dividend Option,20.12
2026-06-30,133838,PGIM India Flexi Cap Fund - Regular Plan - Dividend Option,17.59
2026-06-30,133839,PGIM India Flexi Cap Fund - Direct Plan - Growth Option,42.58
2026-06-30,133852,UTI Dynamic Bond Fund - Regular Plan - Annual IDCW,13.8658
2026-06-30,133857,SBI Banking & Financial Services Fund - Direct Plan - Income Distribution cum Capital Withdrawal Option (IDCW),44.3760
2026-06-30,133858,SBI BANKING & FINANCIAL SERVICES FUND - REGULAR PLAN - GROWTH,44.0379
2026-06-30,133859,SBI BANKING & FINANCIAL SERVICES FUND - DIRECT PLAN - GROWTH,49.6460
2026-06-30,133860,SBI Banking & Financial Services Fund - Regular Plan - Income Distribution cum Capital Withdrawal Option (IDCW),39.5482
2026-06-30,133865,NIPPON INDIA ELSS TAX SAVER FUND - DIRECT Plan - ANNUAL IDCW Option,22.5710
2026-06-30,133866,NIPPON INDIA ELSS TAX SAVER FUND - ANNUAL IDCW Option,20.5183
2026-06-30,133867,BANK OF INDIA Credit Risk Fund - Regular Plan,14.2823
2026-06-30,133868,BANK OF INDIA Credit Risk  Fund - Direct Plan,14.6934
2026-06-30,133869,UTI Medium to Long Duration Fund - Regular Plan - Annual IDCW,13.1136
2026-06-30,133872,UTI Medium to Long Duration Fund - Regular Plan - Flexi IDCW,14.7853
2026-06-30,133873,UTI Ultra Short Duration Fund - Regular Plan - Quarterly IDCW,1298.2195
2026-06-30,133894,Axis Short Duration Fund - Direct Plan - Regular IDCW,22.0443
2026-06-30,133895,Axis Short Duration Fund - Regular Plan - Regular IDCW,21.9795
2026-06-30,133908,LIC MF Banking and Financial Services Fund-Direct Plan-IDCW,24.3743
2026-06-30,133919,DSP Low Duration Fund - Regular Plan - IDCW - Daily,10.1814
2026-06-30,133920,DSP Low Duration Fund - Regular Plan - IDCW - Monthly,10.6801
2026-06-30,133921,DSP Low Duration Fund - Regular Plan - IDCW - Quarterly,10.8650
2026-06-30,133922,DSP Low Duration Fund - Direct Plan - IDCW - Daily,10.1268
2026-06-30,133923,DSP Low Duration Fund - Direct Plan - IDCW - Weekly,10.1452
2026-06-30,133924,DSP Low Duration Fund - Direct Plan - IDCW - Quarterly,10.9004
2026-06-30,133925,DSP Low Duration Fund - Direct Plan - Growth,21.7891
2026-06-30,133926,DSP Low Duration Fund - Regular Plan - Growth,21.0322
2026-06-30,133927,DSP Low Duration Fund - Regular Plan - IDCW - Weekly,10.1448
2026-06-30,133928,DSP Low Duration Fund - Direct Plan - IDCW - Monthly,11.8318
2026-06-30,133971,UTI Banking & PSU Fund - Regular Plan - Flexi IDCW,15.5928
2026-06-30,133972,UTI Banking & PSU Fund - Direct Plan - Flexi IDCW,20.4297
2026-06-30,133973,UTI Liquid Fund - Regular Plan - Annual IDCW,200.7999
2026-06-30,133974,Tata Short Term Bond Fund- Direct Plan - Periodic Payout of IDCW Option,29.7469
2026-06-30,133975,Tata Short Term Bond Fund- Regular Plan - Periodic Payout of IDCW Option,26.6249
2026-06-30,134008,SBI Nifty Bank ETF,591.0281
2026-06-30,134013,SBI Nifty Next 50 ETF,766.1034
2026-06-30,134014,SBI BSE 100 ETF,281.5831
2026-06-30,134015,LIC MF Banking and Financial Services Fund-Regular Plan-IDCW,21.4827
2026-06-30,134016,LIC MF Banking and Financial Services Fund-Regular Plan-Growth,21.4864
2026-06-30,134017,LIC MF Banking and Financial Services Fund-Direct Plan-Growth,24.5456
2026-06-30,134026,UTI Banking & PSU Fund - Direct Plan - Monthly IDCW,13.6888
2026-06-30,134383,Aditya Birla Sun Life Credit Risk Fund - Regular Plan - Growth,25.1394
2026-06-30,134385,Aditya Birla Sun Life Credit Risk Fund - Direct - IDCW,14.5333
2026-06-30,134386,Aditya Birla Sun Life Credit Risk Fund - Regular - IDCW,13.1388
2026-06-30,134387,Aditya Birla Sun Life Credit Risk Fund - Direct Plan - Growth,27.783
2026-06-30,134388,Aditya Birla Sun Life Credit Risk Fund - Direct Plan - Bonus,27.7818
2026-06-30,134427,UTI Liquid Fund - Direct Plan - Annual IDCW,202.2825
2026-06-30,134484,UTI Ultra Short Duration Fund - Regular Plan - Annual IDCW,1470.2218
2026-06-30,134493,Quantum Dynamic Term Fund - Direct Plan Monthly IDCW,10.4501
2026-06-30,134494,Quantum Dynamic Term Fund - Direct Plan Growth Option,22.8657
2026-06-30,134495,UTI Medium Duration Fund - Regular Plan - Monthly IDCW,13.7998
2026-06-30,134497,UTI Medium Duration Fund - Regular Plan - Half-Yearly IDCW,10.1771
2026-06-30,134498,UTI Medium Duration Fund - Regular Plan - Flexi IDCW,14.1364
2026-06-30,134499,UTI Medium Duration Fund - Regular Plan - Growth Option,19.1351
2026-06-30,134500,UTI Medium Duration Fund - Regular Plan - Annual IDCW,14.0348
2026-06-30,134501,UTI Medium Duration Fund - Direct Plan - Monthly IDCW,10.5263
2026-06-30,134502,UTI Medium Duration Fund - Direct Plan - Quarterly IDCW,15.4546
2026-06-30,134503,UTI Medium Duration Fund - Direct Plan - Growth Option,20.6553
2026-06-30,134504,UTI Medium Duration Fund - Direct Plan - Half-Yearly IDCW,15.4712
2026-06-30,134505,UTI Medium Duration Fund - Direct Plan - Annual IDCW,15.2989
2026-06-30,134517,UTI Short Duration Fund - Regular Plan - Annual IDCW,14.8189
2026-06-30,134545,Nippon India Banking and PSU Fund- Growth Plan- Growth Option,21.9165
2026-06-30,134547,Nippon India Banking and PSU  Fund- Direct Plan-Growth Plan- Growth Option,22.8336
2026-06-30,134548,NIPPON INDIA BANKING and PSU FUND - IDCW Option,21.9165
2026-06-30,134549,NIPPON INDIA BANKING and PSU FUND - MONTHLY IDCW Option,10.7620
2026-06-30,134550,NIPPON INDIA BANKING and PSU FUND - Direct Plan - MONTHLY IDCW Option,10.8326
2026-06-30,134551,NIPPON INDIA BANKING and PSU FUND - QUARTERLY IDCW Option,10.8252
2026-06-30,134552,Nippon India Banking and PSU Fund- Direct Plan-Growth Plan- Bonus Option,22.8330
2026-06-30,134553,NIPPON INDIA BANKING and PSU  FUND - WEEKLY IDCW Option,10.3233
2026-06-30,134554,NIPPON INDIA BANKING and PSU FUND - Direct Plan - WEEKLY IDCW Option,10.3224
2026-06-30,134555,NIPPON INDIA BANKING and PSU  FUND - Direct Plan - IDCW Option,22.8336
2026-06-30,134556,NIPPON INDIA BANKING and PSU FUND - Direct Plan - QUARTERLY IDCW Option,10.8890
2026-06-30,134593,Nippon India Equity Savings Fund- Growth Plan- Growth Option,16.3689
2026-06-30,134594,Nippon India Equity Savings Fund- Direct Plan- Growth Plan-Growth Option,18.2154
2026-06-30,134595,Nippon India Equity Savings Fund- Direct Plan- Growth Plan- Bonus Option,18.2154
2026-06-30,134596,NIPPON INDIA EQUITY SAVINGS FUND - IDCW Option,14.0226
2026-06-30,134597,NIPPON INDIA EQUITY SAVINGS FUND - Direct Plan - IDCW Option,15.7018
2026-06-30,134598,NIPPON INDIA EQUITY SAVINGS FUND - MONTHLY IDCW Option,13.8319
2026-06-30,134599,NIPPON INDIA EQUITY SAVINGS FUND - Direct Plan - MONTHLY IDCW Option,15.4754
2026-06-30,134600,NIPPON INDIA EQUITY SAVINGS FUND - QUARTERLY IDCW Option,13.8223
2026-06-30,134601,NIPPON INDIA EQUITY SAVINGS FUND - Direct Plan - QUARTERLY IDCW Option,15.4604
2026-06-30,134602,Nippon India Equity Savings Fund- Growth Plan- Bonus Option,16.3689
2026-06-30,134639,SBI Equity Savings Fund - Regular Plan - Monthly Income Distribution cum Capital Withdrawal Option (IDCW),22.7549
2026-06-30,134640,SBI Equity Savings Fund - Direct Plan - Quarterly Income Distribution cum Capital Withdrawal Option (IDCW),25.7671
2026-06-30,134641,SBI Equity Savings Fund - Direct Plan - Monthly Income Distribution cum Capital Withdrawal Option (IDCW),24.9063
2026-06-30,134642,SBI Equity Savings Fund - Regular Plan - Quarterly Income Distribution cum Capital Withdrawal Option (IDCW),23.2094
2026-06-30,134643,SBI Equity Savings Fund - Direct Plan - Growth,27.2099
2026-06-30,134644,SBI Equity Savings Fund - Regular Plan - Growth,24.5440
2026-06-30,134763,UTI Money Market Fund - Regular Plan - Half-Yearly IDCW,1846.9784
2026-06-30,134782,Nippon India ETF Nifty 50 Value 20,139.4608
2026-06-30,134788,UTI Dynamic Bond Fund - Direct Plan - Half-Yearly IDCW,17.432
2026-06-30,134799,UTI Ultra Short Duration Fund - Regular Plan - Half-Yearly IDCW,1017.0667
2026-06-30,134813,Mirae Asset Aggressive Hybrid Fund - Direct Plan - Growth,38.937
2026-06-30,134814,Mirae Asset Aggressive Hybrid Fund - Direct Plan - IDCW,20.931
2026-06-30,134815,Mirae Asset Aggressive Hybrid Fund - Regular Plan - Growth,32.959
2026-06-30,134816,Mirae Asset Aggressive Hybrid Fund - Regular Plan - IDCW,16.794
2026-06-30,134846,LIC MF ULIS (10 Yrs. Single Premium)-Regular Plan-IDCW Reinvestment,36.2595
2026-06-30,134847,LIC MF ULIS (10 Yrs. Regular Premium Reducing Cover Monthly)-Regular Plan-IDCW Reinvestment,36.2595
2026-06-30,134863,LIC MF ULIS (10 Yrs. Regular Premium Uniform Cover Monthly)-Regular Plan-IDCW Reinvestment,36.2595
2026-06-30,134864,LIC MF ULIS (10 Yrs. Regular Premium Reducing Cover Yearly)-Regular Plan-IDCW Reinvestment,36.2595
2026-06-30,134865,LIC MF ULIS (10 Yrs. Regular Premium Reducing Cover Half-Yearly)-Regular Plan-IDCW Reinvestment,36.2595
2026-06-30,134867,LIC MF ULIS (10 Yrs. Regular Premium Uniform Cover Half-Yearly)-Regular Plan-IDCW Reinvestment,36.2595
2026-06-30,134868,LIC MF ULIS (10 Yrs. Regular Premium Uniform Cover Yearly)-Regular Plan-IDCW Reinvestment,36.2595
2026-06-30,134869,LIC MF ULIS (15 Yrs. Regular Premium Reducing Cover Monthly)-Regular Plan-IDCW Reinvestment,36.2595
2026-06-30,134870,LIC MF ULIS (15 Yrs. Regular Premium Reducing Cover Half-Yearly)-Regular Plan-IDCW Reinvestment,36.2595
2026-06-30,134871,LIC MF ULIS (15 Yrs. Regular Premium Reducing Cover Yearly)-Regular Plan-IDCW Reinvestment,36.2595
2026-06-30,134872,LIC MF ULIS (15 Yrs. Regular Premium Uniform Cover Monthly)-Regular Plan-IDCW Reinvestment,36.2595
2026-06-30,134873,LIC MF ULIS (15 Yrs. Regular Premium Uniform Cover Half-Yearly)-Regular Plan-IDCW Reinvestment,36.2595
2026-06-30,134874,LIC MF ULIS (15Yrs. Regular Premium Uniform Cover Yearly)-Regular Plan-IDCW Reinvestment,36.2595
2026-06-30,134875,LIC MF ULIS (10 Yrs. Single Premium)-Direct Plan-IDCW Reinvestment,40.7045
2026-06-30,134876,LIC MF ULIS (10 Yrs. Regular Premium Reducing Cover Monthly)-Direct Plan-IDCW Reinvestment,40.7045
2026-06-30,134877,LIC MF ULIS (10 Yrs. Regular Premium Reducing Cover Yearly)-Direct Plan-IDCW Reinvestment,40.7045
2026-06-30,134878,LIC MF ULIS (10 Yrs. Regular Premium Reducing Cover Half-Yearly)-Direct Plan-IDCW Reinvestment,40.7045
2026-06-30,134879,LIC MF ULIS (10 Yrs. Regular Premium Uniform Cover Half-Yearly)-Direct Plan-IDCW Reinvestment,40.7045
2026-06-30,134880,LIC MF ULIS (10 Yrs. Regular Premium Uniform Cover Yearly)-Direct Plan-IDCW Reinvestment,40.7045
2026-06-30,134881,LIC MF ULIS (10 Yrs. Regular Premium Uniform Cover Monthly)-Direct Plan-IDCW Reinvestment,40.7045
2026-06-30,134882,LIC MF ULIS (15 Yrs. Regular Premium Reducing Cover Half-Yearly)-Direct Plan-IDCW Reinvestment,40.7045
2026-06-30,134883,LIC MF ULIS (15 Yrs. Regular Premium Reducing Cover Yearly)-Direct Plan-IDCW Reinvestment,40.7045
2026-06-30,134884,LIC MF ULIS (15 Yrs. Regular Premium Reducing Cover Monthly)-Direct Plan-IDCW Reinvestment,40.7045
2026-06-30,134885,LIC MF ULIS (15 Yrs. Regular Premium Uniform Cover Half-Yearly)-Direct Plan-IDCW Reinvestment,40.7045
2026-06-30,134886,LIC MF ULIS (15 Yrs. Regular Premium Uniform Cover Yearly)-Direct Plan-IDCW Reinvestment,40.7045
2026-06-30,134887,LIC MF ULIS (15 Yrs. Regular Premium Uniform Cover Monthly)-Direct Plan-IDCW Reinvestment,40.7045
2026-06-30,134922,Nippon India US Equity Opportunities Fund- Growth Plan- Growth Option,40.3250
2026-06-30,134923,Nippon India US Equity Opportunities Fund- Direct Plan- Growth Plan- Growth Option,45.4748
2026-06-30,134924,NIPPON INDIA - US EQUITY OPPORTUNITIES FUND - IDCW Option,40.3250
2026-06-30,134925,NIPPON INDIA - US EQUITY OPPORTUNITIES FUND - Direct Plan - IDCW Option,45.4748
2026-06-30,134954,JM Large Cap Fund (Regular) - Quarterly IDCW,33.9252
2026-06-30,134955,JM Large Cap Fund (Regular) - Half Yearly IDCW,24.6437
2026-06-30,134956,JM Large Cap Fund (Direct) - Monthly IDCW,71.2426
2026-06-30,134957,JM Large Cap Fund (Direct) - Half Yearly IDCW,71.3916
2026-06-30,134958,JM Large Cap Fund (Direct) - Annual IDCW,71.8941
2026-06-30,134959,JM Large Cap Fund (Regular) - Monthly IDCW,23.3583
2026-06-30,134960,JM Large Cap Fund (Direct) - Quarterly IDCW,71.9069
2026-06-30,134961,JM Large Cap Fund (Regular) - Annual IDCW,30.0091
2026-06-30,134972,UTI Money Market Fund - Regular Plan - Annual IDCW,1957.7158
2026-06-30,134973,UTI Money Market Fund - Direct Plan - Annual IDCW,1976.1885
2026-06-30,134998,UTI Medium to Long Duration Fund - Direct Plan - Half-Yearly IDCW,15.5702
2026-06-30,135051,UTI Credit Risk Fund - Regular Plan - Flexi IDCW,11.7798
2026-06-30,135106,SBI Nifty 50 ETF,256.4492
2026-06-30,135120,Axis Equity Savings Fund - Direct Plan - Growth,26.15
2026-06-30,135121,Axis Equity Savings Fund - Direct Plan - Monthly IDCW,13.37
2026-06-30,135122,Axis Equity Savings Fund - Regular Plan - Growth,22.83
2026-06-30,135123,Axis Equity Savings Fund - Regular Plan - Monthly IDCW,11.09
2026-06-30,135124,Axis Equity Savings Fund - Direct Plan - Quarterly IDCW,13.66
2026-06-30,135125,Axis Equity Savings Fund - Regular Plan - Quarterly IDCW,11.52
2026-06-30,135167,JM Arbitrage Fund (Regular) - Annual IDCW,15.1865
2026-06-30,135168,JM Arbitrage Fund (Regular) - Monthly IDCW,13.5147
2026-06-30,135169,JM Arbitrage Fund (Regular) - Quarterly IDCW,15.5234
2026-06-30,135170,JM Arbitrage Fund (Regular) - Half Yearly IDCW,15.2968
2026-06-30,135171,JM Arbitrage Fund (Direct) - Half Yearly IDCW,17.0702
2026-06-30,135172,JM Arbitrage Fund (Direct) - Monthly IDCW,14.9028
2026-06-30,135173,JM Arbitrage Fund (Direct) - Annual IDCW,16.7942
2026-06-30,135174,JM Arbitrage Fund (Direct) - Quarterly IDCW,17.5369
2026-06-30,135191,UTI Low Duration Fund - Direct Plan - Fortnightly IDCW,1340.2251
2026-06-30,135290,UTI Credit Risk Fund - Direct Plan - Annual IDCW,13.0982
2026-06-30,135320,UTI Nifty 50 ETF,264.0759
2026-06-30,135321,UTI BSE Sensex ETF,845.8433
2026-06-30,135336,UTI Dynamic Bond Fund - Regular Plan - Flexi IDCW,17.1284
2026-06-30,135341,Groww Value Fund (formerly known as Indiabulls Value Fund) - Direct Plan - Growth Option,32.6715
2026-06-30,135342,Groww Value Fund (formerly known as Indiabulls Value Fund)- Direct Plan- - Income Distribution cum capital withdrawal Option (Payout & Reinvestment),32.5497
2026-06-30,135343,Groww Value Fund (formerly known as Indiabulls Value Fund) - Regular Plan - Growth Option,27.0429
2026-06-30,135344,Groww Value Fund (formerly known as Indiabulls Value Fund)- Regular Plan - Income Distribution cum capital withdrawal Option (Payout & Reinvestment),27.034
2026-06-30,135371,UTI Money Market Fund - Regular Plan - Fortnightly IDCW,1160.5129
2026-06-30,135390,ICICI Prudential Nifty 50 Index Fund - IDCW Option,32.1595
2026-06-30,135391,ICICI Prudential Nifty 50 Index Fund - Direct Plan IDCW Option,33.8819
2026-06-30,135418,UTI Credit Risk Fund - Direct Plan - Half-Yearly IDCW,13.1498
2026-06-30,135419,UTI Credit Risk Fund - Regular Plan - Half-Yearly IDCW,12.173
2026-06-30,135497,UTI Short Duration Fund - Direct Plan - Annual IDCW,13.5806
2026-06-30,135500,Kotak Bond Short Term Plan - Direct - Standard Income Distribution cum capital withdrawal option,16.1618
2026-06-30,135501,Kotak Bond Short Term Plan - Regular Plan - Normal Dividend,12.1954
2026-06-30,135536,UTI Dynamic Bond Fund - Direct Plan - Annual IDCW,15.0239
2026-06-30,135581,UTI Medium to Long Duration Fund - Regular Plan - Half-Yearly IDCW,15.0226
2026-06-30,135598,PGIM India ELSS Tax Saver Fund - Regular Plan - Growth Option,33.94
2026-06-30,135599,PGIM India ELSS Tax Saver Fund - Regular Plan - Dividend Option,16.22
2026-06-30,135600,PGIM India ELSS Tax Saver Fund - Direct Plan - Dividend Option,17.48
2026-06-30,135601,PGIM India ELSS Tax Saver Fund - Direct Plan - Growth Option,39.41
2026-06-30,135606,UTI Money Market Fund - Direct Plan - Fortnightly IDCW,1252.5006
2026-06-30,135607,LIC MF Nifty 50 ETF,267.217
2026-06-30,135672,LIC MF BSE Sensex ETF,862.4599
2026-06-30,135677,Navi Large & Midcap Fund- Direct Plan- Growth Option,43.8895
2026-06-30,135678,Navi Large & Midcap Fund- Regular Plan- Growth Option,36.084
2026-06-30,135679,Navi Large & Midcap Fund - Direct Normal IDCW Payout,43.3604
2026-06-30,135680,Navi Large & Midcap Fund - Regular Normal IDCW Payout,36.0797
2026-06-30,135721,UTI Liquid Fund - Regular Plan - Quarterly IDCW,189.5998
2026-06-30,135744,Kotak Nifty 50 Value 20 ETF - Payout of Income Distribution cum capital withdrawal option,13.9298
2026-06-30,135759,Axis Children's Fund - Lock in - Regular Growth,25.8923
2026-06-30,135760,Axis Children's Fund - Lock in - Regular Plan - IDCW,25.9065
2026-06-30,135761,Axis Children's Fund - No Lock in - Regular Plan - IDCW,25.8849
2026-06-30,135762,Axis Children's Fund - Lock in - Direct Growth,29.6749
2026-06-30,135763,Axis Children's Fund - No Lock in - Direct Plan - IDCW,29.7113
2026-06-30,135764,Axis Children's Fund - No Lock in - Direct Growth,30.2424
2026-06-30,135765,Axis Children's Fund - Lock in - Direct Plan - IDCW,29.6497
2026-06-30,135766,Axis Children's Fund - No Lock in - Regular Plan - Growth,25.8891
2026-06-30,135781,Mirae Asset ELSS Tax Saver Fund - Direct Plan - Growth,56.962
2026-06-30,135782,Mirae Asset ELSS Tax Saver Fund - Direct Plan - IDCW,26.616
2026-06-30,135783,Mirae Asset ELSS Tax Saver Fund - Regular Plan - IDCW,22.392
2026-06-30,135784,Mirae Asset ELSS Tax Saver Fund - Regular Plan - Growth,49.890
2026-06-30,135789,TATA Banking & Financial Services Fund Direct Plan - Payout of Income Distribution cum capital withdrawal option,50.1541
2026-06-30,135790,TATA Banking & Financial Services Fund Regular Plan - Payout of Income Distribution cum capital withdrawal option,38.7242
2026-06-30,135791,TATA Banking & Financial Services Fund Regular Plan - Reinvestment of Income Distribution cum capital withdrawal option,38.7242
2026-06-30,135792,TATA Banking & Financial Services Fund Direct Plan - Reinvestment of Income Distribution cum capital withdrawal option,50.1541
2026-06-30,135793,Tata Banking And Financial Services Fund-Direct Plan-Growth,51.7758
2026-06-30,135794,Tata Banking And Financial Services Fund-Regular Plan-Growth,43.8615
2026-06-30,135795,TATA Digital India Fund Direct Plan - Payout of Income Distribution cum capital withdrawal option,42.7390
2026-06-30,135796,TATA Digital India Fund Regular Plan - Payout of Income Distribution cum capital withdrawal option,36.0384
2026-06-30,135797,Tata Digital India Fund-Regular Plan-Growth,37.5181
2026-06-30,135798,TATA Digital India Fund Direct Plan - Reinvestment of Income Distribution cum capital withdrawal option,42.7390
2026-06-30,135799,TATA Digital India Fund Regular Plan - Reinvestment of Income Distribution cum capital withdrawal option,36.0384
2026-06-30,135800,Tata Digital India Fund-Direct Plan-Growth,44.2213
2026-06-30,135801,TATA India Consumer Fund Direct Plan - Reinvestment of Income Distribution cum capital withdrawal option,51.5127
2026-06-30,135802,TATA India Consumer Fund Regular Plan - Payout of Income Distribution cum capital withdrawal option,40.4574
2026-06-30,135803,TATA India Consumer Fund Regular Plan - Reinvestment of Income Distribution cum capital withdrawal option,40.4574
2026-06-30,135804,Tata India Consumer Fund-Regular Plan-Growth,45.6461
2026-06-30,135805,Tata India Consumer Fund-Direct Plan-Growth,53.1524
2026-06-30,135806,TATA India Consumer Fund Direct Plan - Payout of Income Distribution cum capital withdrawal option,51.5127
2026-06-30,135807,TATA India Pharma & Health Care Fund Direct Plan - Payout of Income Distribution cum capital withdrawal option,36.8846
2026-06-30,135808,TATA India Pharma & Healthcare Fund Direct Plan - Reinvestment of Income Distribution cum capital withdrawal option,36.8846
2026-06-30,135809,TATA India Pharma & Health Care Fund Regular Plan - Payout of Income Distribution cum capital withdrawal option,31.0950
2026-06-30,135810,Tata India Pharma & Healthcare Fund-Direct Plan-Growth,38.1238
2026-06-30,135811,TATA India Pharma & Healthcare Fund Regular Plan - Reinvestment of Income Distribution cum capital withdrawal option,31.0950
2026-06-30,135812,Tata India Pharma & Healthcare Fund-Regular Plan-Growth,32.3320
2026-06-30,135813,Tata Resources & Energy Fund-Direct Plan-Growth,56.9200
2026-06-30,135814,TATA Resources & Energy Fund Regular Plan - Payout of Income Distribution cum capital withdrawal option,42.0177
2026-06-30,135815,Tata Resources & Energy Fund-Regular Plan-Growth,47.8108
2026-06-30,135816,TATA Resources & Energy Fund Direct Plan - Reinvestment of Income Distribution cum capital withdrawal option,55.2016
2026-06-30,135817,TATA Resources & Energy Fund Direct Plan - Payout of Income Distribution cum capital withdrawal option,55.2016
2026-06-30,135818,TATA Resources & Energy Fund Regular Plan - Reinvestment of Income Distribution cum capital withdrawal option,42.0177
2026-06-30,135853,HDFC NIFTY 50 ETF - Growth Plan,268.4222
2026-06-30,135854,HDFC BSE Sensex ETF - Growth Plan,86.6081
2026-06-30,135914,BANDHAN Corporate Bond Fund - Regular Growth,20.4289
2026-06-30,135915,BANDHAN Corporate Bond Fund - Regular Periodic IDCW,13.7717
2026-06-30,135916,BANDHAN Corporate Bond Fund - Direct Growth,21.1036
2026-06-30,135917,BANDHAN Corporate Bond Fund - Direct Periodic IDCW,14.0010
2026-06-30,135976,LIC MF ULIS (10 Yrs. Regular Premium Reducing Cover Quarterly)-Direct Plan-IDCW Reinvestment,40.7045
2026-06-30,135977,LIC MF ULIS (10 Yrs. Regular Premium Uniform Cover Quarterly)-Direct Plan-IDCW Reinvestment,40.7045
2026-06-30,135978,LIC MF ULIS (15 Yrs. Regular Premium Reducing Cover Quarterly)-Direct Plan-IDCW Reinvestment,40.7045
2026-06-30,135979,LIC MF ULIS (10 Yrs. Regular Premium Reducing Cover Quarterly)-Regular Plan-IDCW Reinvestment,36.2595
2026-06-30,135980,LIC MF ULIS (15 Yrs. Regular Premium Uniform Cover Quarterly)-Direct Plan-IDCW Reinvestment,40.7045
2026-06-30,135981,LIC MF ULIS (15 Yrs. Regular Premium Reducing Cover Quarterly)-Regular Plan-IDCW Reinvestment,36.2595
2026-06-30,135982,LIC MF ULIS (15 Yrs. Regular Premium Uniform Cover Quarterly)-Regular Plan-IDCW Reinvestment,36.2595
2026-06-30,135983,LIC MF ULIS (10 Yrs. Regular Premium Uniform Cover Quarterly)-Regular Plan-IDCW Reinvestment,36.2595
2026-06-30,136090,HDFC Retirement Savings Fund - Equity Plan - Growth Option,48.209
2026-06-30,136094,HDFC Retirement Savings Fund - Equity Plan - Growth Option - Direct Plan,55.125
2026-06-30,136110,UTI Banking & PSU Fund - Regular Plan - Monthly IDCW,13.4186
2026-06-30,136111,Invesco India Ultra Short Duration Fund - Regular Plan - Daily IDCW (Reinvestment),1455.4629
2026-06-30,136112,Invesco India Ultra Short Duration Fund - Direct Plan - Daily IDCW (Reinvestment),1557.6704
2026-06-30,136113,ICICI Prudential Equity & Debt Fund - Annual IDCW,25.69
2026-06-30,136114,ICICI Prudential Equity & Debt Fund - Direct Plan - Annual IDCW,28.78
2026-06-30,136302,UTI Credit Risk Fund - Direct Plan - Flexi IDCW,13.1027
2026-06-30,136345,UTI Low Duration Fund - Regular Plan - Half-Yearly IDCW,1490.478
2026-06-30,136463,HDFC Retirement Savings Fund - Hybrid-Equity Plan - Growth Option,37.015
2026-06-30,136464,HDFC Retirement Savings Fund - Hybrid-Equity Plan - Growth Option - Direct Plan,42.457
2026-06-30,136465,HDFC Retirement Savings Fund - Hybrid-Debt Plan - Growth Option - Direct Plan,24.8334
2026-06-30,136466,HDFC Retirement Savings Fund - Hybrid-Debt Plan - Growth Option,21.7922
2026-06-30,136473,LIC MF Nifty 100 ETF,272.6673
2026-06-30,136563,DSP Equity Savings Fund - Regular Plan - Growth,22.278
2026-06-30,136564,DSP Equity Savings Fund - Regular Plan - IDCW,12.132
2026-06-30,136565,DSP Equity Savings Fund - Regular Plan - IDCW - Monthly,13.537
2026-06-30,136566,DSP Equity Savings Fund - Regular Plan - IDCW - Quarterly,13.475
2026-06-30,136567,DSP Equity Savings Fund - Direct Plan - Growth,25.181
2026-06-30,136568,DSP Equity Savings Fund - Direct Plan - IDCW,13.668
2026-06-30,136569,DSP Equity Savings Fund - Direct Plan - IDCW - Monthly,17.293
2026-06-30,136570,DSP Equity Savings Fund - Direct Plan - IDCW - Quarterly,17.145
2026-06-30,138285,PGIM India Liquid Fund - Daily Dividend,100.304
2026-06-30,138287,PGIM India Liquid Fund - Monthly Dividend,116.4853
2026-06-30,138288,PGIM India Liquid Fund - Growth,361.3427
2026-06-30,138289,PGIM India Liquid Fund - Weekly Dividend,100.621
2026-06-30,138297,PGIM India Liquid Fund - Direct Plan - Daily Dividend,130.4572
2026-06-30,138298,PGIM India Liquid Fund - Direct Plan - Monthly Dividend,116.0476
2026-06-30,138299,PGIM India Liquid Fund - Direct Plan - Growth,366.0546
2026-06-30,138301,PGIM India Liquid Fund - Direct Plan - Weekly Dividend,100.6225
2026-06-30,138307,PGIM India Large Cap Fund - Dividend,17.94
2026-06-30,138308,PGIM India Large Cap Fund - Growth,326.95
2026-06-30,138312,PGIM India Large Cap Fund - Direct Plan - Growth,393.62
2026-06-30,138313,PGIM India Large Cap Fund - Direct Plan - Dividend,25.99
2026-06-30,138315,PGIM India Corporate Bond Fund - Quarterly Dividend,11.2646
2026-06-30,138316,PGIM India Corporate Bond Fund - Monthly Dividend,12.2666
2026-06-30,138317,PGIM India Corporate Bond Fund - Annual Dividend,10.2502
2026-06-30,138318,PGIM India Corporate Bond Fund - Growth,45.3544
2026-06-30,138329,PGIM India Corporate Bond Fund - Direct Plan - Annual Dividend,15.851
2026-06-30,138330,PGIM India Corporate Bond Fund - Direct Plan - Growth,50.9016
2026-06-30,138331,PGIM India Corporate Bond Fund - Direct Plan - Monthly Dividend,14.3279
2026-06-30,138332,PGIM India Corporate Bond Fund - Direct Plan - Quarterly Dividend,12.8165
2026-06-30,138341,PGIM India Ultra Short Duration Fund - Weekly Dividend,10.0923
2026-06-30,138342,PGIM India Ultra Short Duration Fund - Daily Dividend,10.0203
2026-06-30,138343,PGIM India Ultra Short Duration Fund - Growth,36.002
2026-06-30,138344,PGIM India Ultra Short Duration Fund - Monthly Dividend,15.5484
2026-06-30,138358,PGIM India Ultra Short Duration Fund - Direct Plan - Growth,37.8817
2026-06-30,138359,PGIM India Ultra Short Duration Fund - Direct Plan - Monthly Dividend,12.307
2026-06-30,138361,PGIM India Ultra Short Duration Fund - Direct Plan - Daily Dividend,10.0241
2026-06-30,138362,PGIM India Ultra Short Duration Fund - Direct Plan - Weekly Dividend,10.281
2026-06-30,138369,PGIM India Equity Savings Fund - Monthly Dividend option,12.3584
2026-06-30,138371,PGIM India Equity Savings Fund - Annual Dividend option,14.5617
2026-06-30,138372,PGIM India Equity Savings Fund - Growth Option,50.5764
2026-06-30,138375,PGIM India Equity Savings Fund - Direct Plan - Annual Dividend,15.5436
2026-06-30,138376,PGIM India Equity Savings Fund - Direct Plan - Growth,57.6896
2026-06-30,138377,PGIM India Equity Savings Fund - Direct Plan - Monthly Dividend,13.645
2026-06-30,138381,PGIM India Aggressive Hybrid Equity Fund - Dividend Option,13.83
2026-06-30,138382,PGIM India Aggressive Hybrid Equity Fund - Growth Option,128.99
2026-06-30,138386,PGIM India Aggressive Hybrid Equity Fund - Direct Plan - Growth,156.33
2026-06-30,138387,PGIM India Aggressive Hybrid Equity Fund - Direct Plan - Dividend,24.82
2026-06-30,138453,PGIM India Emerging Markets Equity Fund of Fund- Growth,24.15
2026-06-30,138456,PGIM India Emerging Markets Equity Fund of Fund - Direct Plan - Growth,27.78
2026-06-30,138467,PGIM India Gilt Fund - Quarterly Dividend,13.1297
2026-06-30,138470,PGIM India Gilt Fund - Growth,30.8099
2026-06-30,138472,PGIM India Gilt Fund - Direct Plan - Growth,33.615
2026-06-30,138474,PGIM India Gilt Fund - Direct Plan - Quarterly Dividend,13.9917
2026-06-30,138523,PGIM India Global Equity Opportunities Fund of Fund- Growth,55.11
2026-06-30,138528,PGIM India Global Equity Opportunities Fund of Fund- Direct Plan - Growth,62.93
2026-06-30,138875,PGIM India Arbitrage Fund - Direct Plan - Growth,20.8394
2026-06-30,138876,PGIM India Arbitrage Fund - Regular Plan - Growth,19.367
2026-06-30,138877,PGIM India Arbitrage Fund - Direct Plan - Regular Dividend,12.3981
2026-06-30,138878,PGIM India Arbitrage Fund - Direct Plan - Monthly Dividend,11.482
2026-06-30,138883,PGIM India Arbitrage Fund - Regular Plan - Monthly Dividend,11.2594
2026-06-30,138887,PGIM India Arbitrage Fund - Regular Plan - Regular Dividend,11.6442
2026-06-30,139181,UTI Dynamic Bond Fund - Regular Plan - Half-Yearly IDCW,15.9241
2026-06-30,139198,BANDHAN Corporate Bond Fund - Direct Monthly IDCW,10.3492
2026-06-30,139199,BANDHAN Corporate Bond Fund - Direct Quarterly IDCW,10.6895
2026-06-30,139200,BANDHAN Corporate Bond Fund - Direct Half Yearly IDCW,11.8360
2026-06-30,139201,BANDHAN Corporate Bond Fund - Direct Annual IDCW,10.5139
2026-06-30,139202,BANDHAN Corporate Bond Fund - Regular Monthly IDCW,10.6029
2026-06-30,139203,BANDHAN Corporate Bond Fund - Regular Half Yearly IDCW,11.2021
2026-06-30,139204,BANDHAN Corporate Bond Fund - Regular Annual IDCW,10.4970
2026-06-30,139205,BANDHAN Corporate Bond Fund - Regular Quarterly IDCW,10.7216
2026-06-30,139235,Canara Robeco Liquid Fund -Unclaimed Redemption and Dividend Plan -Direct Growth Option,1834.7994
2026-06-30,139236,UTI MMF - Regular Plan - Flexi Dividend Option,1271.7724
2026-06-30,139339,UTI Medium to Long Duration Fund - Direct Plan - Annual IDCW,13.3485
2026-06-30,139386,Navi Liquid Fund-Unclaimed Redemption and Dividend Plan less than 3 years,30.1931
2026-06-30,139387,Invesco India Liquid Fund - Unclaimed Redemption Plan - Below 3 years,1824.504
2026-06-30,139388,Invesco India Liquid Fund - Unclaimed Redemption Plan - Above 3 Years,1000
2026-06-30,139389,Invesco India Liquid Fund - Unclaimed Dividend Plan - Below 3 Years,1824.9108
2026-06-30,139390,Invesco India Liquid Fund - Unclaimed Dividend Plan - Above 3 Years,1000
2026-06-30,139407,UTI Banking & PSU Fund - Regular Plan - Half-Yearly IDCW,15.5274
2026-06-30,139430,SBI Nifty 10 yr Benchmark G-Sec ETF,264.8332
2026-06-30,139455,ICICI Prudential Nifty50 Value 20 ETF,13.5882
2026-06-30,139496,Nippon India ETF Nifty 8-13 yr G-Sec Long Term Gilt,29.8885
2026-06-30,139519,ICICI Prudential BSE Midcap Select ETF,18.9399
2026-06-30,139520,Axis Equity Savings Fund - Direct Plan - Regular IDCW,12.99
2026-06-30,139521,Axis Equity Savings Fund - Regular Plan - Regular IDCW,12.09
2026-06-30,139527,BANK OF INDIA MID & SMALL CAP EQUITY & DEBT FUND - DIRECT PLAN GROWTH,46.03
2026-06-30,139528,BANK OF INDIA MID & SMALL CAP EQUITY & DEBT FUND - REGULAR  PLAN IDCW,33.78
2026-06-30,139529,BANK OF INDIA MID & SMALL CAP EQUITY & DEBT FUND - REGULAR  PLAN  GROWTH,41.70
2026-06-30,139530,BANK OF INDIA MID & SMALL CAP EQUITY & DEBT FUND - DIRECT PLAN IDCW,35.92
2026-06-30,139534,Mahindra Manulife Liquid Fund - Regular Plan - Daily IDCW,1001.7781
2026-06-30,139535,Mahindra Manulife Liquid Fund - Direct Plan - Daily IDCW,1282.8398
2026-06-30,139536,Mahindra Manulife Liquid Fund - Direct Plan - Weekly IDCW,1004.4692
2026-06-30,139537,Mahindra Manulife Liquid Fund - Regular Plan - Growth,1805.7261
2026-06-30,139538,Mahindra Manulife Liquid Fund - Direct Plan -Growth,1827.0996
2026-06-30,139541,Mahindra Manulife Liquid Fund - Regular Plan - Weekly IDCW,1010.8793
2026-06-30,139568,UTI Ultra Short Duration Fund - Direct Plan - Annual IDCW,1525.6729
2026-06-30,139581,Aditya Birla Sun Life BSE Sensex ETF,76.9776
2026-06-30,139582,BANDHAN LIQUID Fund - Unclaimed IDCW Less than 3 years,1.8043
2026-06-30,139583,BANDHAN LIQUID Fund - Unclaimed IDCW More than 3 years,1.0000
2026-06-30,139584,BANDHAN LIQUID Fund - Unclaimed Redemption Less than 3 years,1.8043
2026-06-30,139585,BANDHAN LIQUID Fund - Unclaimed Redemption More than 3 years,1.0000
2026-06-30,139617,Taurus Unclaimed Redemption - Growth,17.6710
2026-06-30,139618,Taurus Investor Education Pool - Unclaimed Redemption - Growth,10.0000
2026-06-30,139619,Taurus Investor Education Pool - Unclaimed Dividend - Growth,10.0000
2026-06-30,139646,UTI Money Market Fund - Regular Plan - Quarterly IDCW,1011.8342
2026-06-30,139679,NIPPON INDIA AGGRESSIVE HYBRID FUND - DIRECT Plan - MONTHLY IDCW Option,18.5814
2026-06-30,139680,NIPPON INDIA AGGRESSIVE HYBRID FUND - MONTHLY IDCW Option,16.5356
2026-06-30,139709,Sundaram Long Term Micro Cap Tax Advantage Fund Series III Regular Plan - Growth,35.7651
2026-06-30,139710,Sundaram Long Term Micro Cap Tax Advantage Fund Series III Direct Plan - Payout of Income Distribution cum Capital Withdrawal (IDCW),32.3651
2026-06-30,139711,Sundaram Long Term Micro Cap Tax Advantage Fund Series III Direct Plan - Growth,36.9060
2026-06-30,139712,Sundaram Long Term Micro Cap Tax Advantage Fund Series III Regular Plan - Payout of Income Distribution cum Capital Withdrawal (IDCW),31.2918
2026-06-30,139780,Mahindra Manulife ELSS Tax Saver Fund - Regular Plan - IDCW,16.0467
2026-06-30,139781,Mahindra Manulife ELSS Tax Saver Fund - Direct Plan -Growth,32.2473
2026-06-30,139782,Mahindra Manulife ELSS Tax Saver Fund- Direct Plan - IDCW,20.3037
2026-06-30,139783,Mahindra Manulife ELSS Tax Saver Fund- Regular Plan - Growth,27.0997
2026-06-30,139820,PGIM India Aggressive Hybrid Equity Fund-Direct Plan-Monthly Dividend Option,25.11
2026-06-30,139821,PGIM India Aggressive Hybrid Equity Fund-Monthly Dividend Option,22.22
2026-06-30,139838,UTI Liquid Fund - Regular Plan - Fortnightly IDCW,115.5461
2026-06-30,139839,BANDHAN Nifty 50 ETF,263.1901
2026-06-30,139840,BANDHAN BSE Sensex ETF,830.8212
2026-06-30,139863,Motilal Oswal Balanced Advantage Fund (MOFDYNAMIC) - Regular Plan - Annual Dividend Payout Option,12.4510
2026-06-30,139865,Motilal Oswal Balanced Advantage Fund Direct - Quarterly IDCW Payout/Reinvestment,11.7572
2026-06-30,139866,Motilal Oswal Balanced Advantage Fund Direct - Annual IDCW Payout/Reinvestment,13.2976
2026-06-30,139870,Motilal Oswal Balanced Advantage Fund (MOFDYNAMIC) - Regular Plan - Growth Option,18.4677
2026-06-30,139871,Motilal Oswal Balanced Advantage Fund Regular - Quarterly IDCW Payout/Reinvestment,10.8629
2026-06-30,139872,Motilal Oswal Balanced Advantage Fund  (MOFDYNAMIC) - Direct Plan - Growth Option,20.7839
2026-06-30,139889,Franklin India Liquid Fund - Unclaimed Redemption Plan - Growth,17.7960
2026-06-30,139890,Franklin India Liquid Fund - Unclaimed IDCW Plan - Growth,17.7960
2026-06-30,139891,Franklin India Liquid Fund - Unclaimed Redemption Investor Education Plan - Growth,10.0000
2026-06-30,139892,Franklin India Liquid Fund - Unclaimed IDCW Investor Education Plan - Growth,10.0000
2026-06-30,139989,Sundaram Long Term Micro Cap Tax Advantage Fund Series IV Direct Plan - Payout of Income Distribution cum Capital Withdrawal (IDCW),30.3414
2026-06-30,139990,Sundaram Long Term Micro Cap Tax Advantage Fund Series IV Direct Plan - Growth,31.8780
2026-06-30,139991,Sundaram Long Term Micro Cap Tax Advantage Fund Series IV Regular Plan - Payout of Income Distribution cum Capital Withdrawal (IDCW),29.6086
2026-06-30,139992,Sundaram Long Term Micro Cap Tax Advantage Fund Series IV Regular Plan - Growth,31.1411
2026-06-30,140023,UTI Money Market Fund - Direct Plan - Half-Yearly IDCW,1860.3769
2026-06-30,140024,UTI Liquid Fund - Direct Plan - Quarterly IDCW,191.042
2026-06-30,140084,Nippon India ETF Nifty 50 BeES,271.3504
2026-06-30,140085,Nippon India ETF Nifty Next 50 Junior BeES,772.7722
2026-06-30,140086,Nippon India ETF Nifty 1D Rate Liquid BeES - DAILY IDCW Option,1000.0000
2026-06-30,140087,Nippon India ETF Nifty Bank BeES,595.7367
2026-06-30,140088,Nippon India ETF Gold BeES,116.1742
2026-06-30,140089,Nippon India ETF Nifty PSU Bank BeES,94.9543
2026-06-30,140094,Nippon India ETF Nifty 50 Shariah BeES,441.8370
2026-06-30,140095,Nippon India ETF Hang Seng BeES,408.8352
2026-06-30,140102,Nippon India ETF Nifty Infrastructure BeES,969.7882
2026-06-30,140107,CPSE ETF,97.1045
2026-06-30,140116,UTI Banking & PSU Fund - Regular Plan - Annual IDCW,13.2855
2026-06-30,140135,UTI Banking & PSU Fund - Direct Plan - Annual IDCW,13.5764
2026-06-30,140172,Edelweiss Large & Mid Cap Fund - Regular Plan - Growth Option,88.776
2026-06-30,140173,Edelweiss Large and Mid Cap Fund - Regular Plan - IDCW Option,33.858
2026-06-30,140174,Edelweiss Large and Mid Cap Fund - Direct Plan - IDCW Option,41.051
2026-06-30,140175,Edelweiss Large & Mid Cap Fund - Direct Plan - Growth Option,105.833
2026-06-30,140176,Edelweiss Liquid Fund - Retail Plan - Growth Option,3229.2056
2026-06-30,140177,Edelweiss Liquid Fund - Retail Plan Daily - IDCW Option,1157.2083
2026-06-30,140178,Edelweiss Liquid Fund - Retail Plan - Weekly Dividend Option,1230.9637
2026-06-30,140180,Edelweiss Liquid Fund - Retail Plan Monthly - IDCW Option,1245.167
2026-06-30,140181,Edelweiss Liquid Fund - Regular Plan Daily - IDCW Option,1314.7761
2026-06-30,140182,Edelweiss Liquid Fund - Regular Plan - Growth Option,3550.8456
2026-06-30,140183,Edelweiss Liquid Fund - Regular Plan Monthly - IDCW Option,1083.805
2026-06-30,140184,Edelweiss Liquid Fund - Regular Plan Fortnightly - IDCW Option,2154.3223
2026-06-30,140185,Edelweiss Liquid Fund - Regular Plan Weekly - IDCW Option,1215.2023
2026-06-30,140188,Edelweiss Liquid Fund - Regular Plan Annual - IDCW Option,2456.8793
2026-06-30,140189,Edelweiss Liquid Fund - Regular Plan - Bonus Option,2068.4973
2026-06-30,140190,Edelweiss Liquid Fund - Regular Plan - IDCW Option,3550.8489
2026-06-30,140192,Edelweiss Liquid Fund - Direct Plan Annual - IDCW Option,3626.695
2026-06-30,140193,Edelweiss Liquid Fund - Direct Plan daily - IDCW Option,1194.4512
2026-06-30,140194,Edelweiss Liquid Fund - Direct Plan - Bonus Option,2109.9571
2026-06-30,140195,Edelweiss Liquid Fund - Direct Plan weekly - IDCW Option,2173.0516
2026-06-30,140196,Edelweiss Liquid Fund - Direct Plan - Growth Option,3626.7209
2026-06-30,140197,Edelweiss Liquid Fund - Direct Plan Monthly - IDCW Option,1005.564
2026-06-30,140198,Edelweiss Liquid Fund - Direct Plan - IDCW Option,3626.7342
2026-06-30,140199,Edelweiss Liquid Fund - Direct Plan Fortnightly - IDCW Option,2474.8793
2026-06-30,140225,Edelweiss Mid Cap Fund - Regular Plan - Growth Option,107.174
2026-06-30,140226,Edelweiss Mid Cap Fund - Regular Plan - IDCW Option,61.788
2026-06-30,140227,Edelweiss Mid Cap Fund - Direct Plan - IDCW Option,92.324
2026-06-30,140228,Edelweiss Mid Cap Fund - Direct Plan - Growth Option,126.615
2026-06-30,140229,Edelweiss Money Market Fund - Regular Plan - Growth Option,30.1433
2026-06-30,140230,Edelweiss Money Market Fund - Institutional Plan - Growth Option,25.7948
2026-06-30,140232,Edelweiss Money Market Fund - Regular Plan - IDCW Option,28.3567
2026-06-30,140233,Edelweiss Money Market Fund - Regular Plan - Annual - IDCW Option,29.8951
2026-06-30,140235,Edelweiss Money Market Fund - Direct Plan - IDCW Option,31.1827
2026-06-30,140236,Edelweiss Money Market Fund - Direct Plan - Annual - IDCW Option,33.428
2026-06-30,140237,Edelweiss Money Market Fund - Direct Plan - Growth Option,33.4355
2026-06-30,140242,Edelweiss Greater China Equity Off-shore Fund - Regular Plan - Growth Option,64.469
2026-06-30,140243,Edelweiss Greater China Equity Off-shore Fund - Direct Plan - Growth Option,73.055
2026-06-30,140255,Edelweiss ASEAN Equity Off-shore Fund - Regular Plan - Growth Option,35.376
2026-06-30,140256,Edelweiss ASEAN Equity Off-shore Fund - Direct Plan - Growth Option,39.761
2026-06-30,140273,Edelweiss US Value Equity Offshore Fund - Regular Plan - Growth Option,42.4664
2026-06-30,140274,Edelweiss US Value Equity Offshore Fund - Direct Plan - Growth Option,47.3505
2026-06-30,140283,Edelweiss Banking and PSU Debt Fund - Regular Plan - Growth Option,25.834
2026-06-30,140284,Edelweiss Banking and PSU Debt Fund - Regular Plan - IDCW Option,17.6606
2026-06-30,140286,Edelweiss Banking and PSU Debt Fund - Direct Plan - Growth Option,26.849
2026-06-30,140288,Edelweiss Banking and PSU Debt Fund - Direct Plan - IDCW Option,18.5978
2026-06-30,140289,Edelweiss Banking and PSU Debt Fund - Regular Plan Weekly - IDCW Option,10.1773
2026-06-30,140290,Edelweiss Banking and PSU Debt Fund - Direct Plan weekly - IDCW Option,10.5849
2026-06-30,140291,Edelweiss Banking and PSU Debt Fund - Direct Plan Fortnightly - IDCW Option,14.3488
2026-06-30,140292,Edelweiss Banking and PSU Debt Fund - Regular Plan Monthly - IDCW Option,11.1612
2026-06-30,140293,Edelweiss Banking and PSU Debt Fund - Direct Plan Monthly - IDCW Option,10.9149
2026-06-30,140294,Edelweiss Banking and PSU Debt Fund - Regular Plan Fortnightly - IDCW Option,13.8727
2026-06-30,140295,Edelweiss Europe Dynamic Equity Offshore Fund - Growth Option - Regular Plan,30.6318
2026-06-30,140296,Edelweiss Europe Dynamic Equity Offshore Fund - Growth Option - Direct Plan,34.0629
2026-06-30,140297,Edelweiss Government Securities Fund - Regular Plan - Growth Option,25.1218
2026-06-30,140298,Edelweiss Government Securities Fund - Direct Plan - Growth Option,26.9013
2026-06-30,140301,Edelweiss Government Securities Fund - Regular Plan - IDCW Option,25.1383
2026-06-30,140302,Edelweiss Government Securities Fund - Direct Plan - IDCW Option,26.7939
2026-06-30,140303,Edelweiss Government Securities Fund - Regular Plan Weekly - IDCW Option,10.3737
2026-06-30,140304,Edelweiss Government Securities Fund - Direct Plan weekly - IDCW Option,13.7902
2026-06-30,140305,Edelweiss Government Securities Fund - Regular Plan Fortnightly - IDCW Option,23.7637
2026-06-30,140306,Edelweiss Government Securities Fund - Direct Plan Fortnightly - IDCW Option,22.3729
2026-06-30,140307,Edelweiss Government Securities Fund - Regular Plan Monthly - IDCW Option,10.4582
2026-06-30,140308,Edelweiss Government Securities Fund - Direct Plan Monthly - IDCW Option,16.648
2026-06-30,140309,Edelweiss Government Securities Fund - Direct Plan - Annual Dividend Option,26.912
2026-06-30,140310,Edelweiss Government Securities Fund - Regular Plan - Annual - IDCW Option,25.1328
2026-06-30,140327,Edelweiss Emerging Markets Opportunities Equity Offshore Fund - Direct Plan - Growth Option,31.5062
2026-06-30,140328,Edelweiss Emerging Markets Opportunities Equity Offshore Fund - Regular Plan - Growth Option,28.7631
2026-06-30,140347,Edelweiss Equity Savings Fund - Direct Plan - Growth Option,29.8373
2026-06-30,140348,Edelweiss Equity Savings Fund - Direct Plan - IDCW Option,21.3894
2026-06-30,140349,Edelweiss Equity Savings Fund - Regular Plan - IDCW Option,18.2106
2026-06-30,140350,Edelweiss Equity Savings Fund - Direct Plan - Bonus Option,29.8511
2026-06-30,140351,Edelweiss Equity Savings Fund - Regular Plan - Growth Option,26.7825
2026-06-30,140353,Edelweiss Flexi Cap Fund - Direct Plan - Growth Option,44.923
2026-06-30,140354,Edelweiss Flexi Cap Fund - Direct Plan - IDCW Option,36.382
2026-06-30,140355,Edelweiss Flexi Cap Fund - Regular Plan - Growth Option,38.307
2026-06-30,140356,Edelweiss Flexi Cap Fund - Regular - IDCW Option,30.955
2026-06-30,140381,Bandhan Aggressive Hybrid Fund-Regular Plan Growth,27.226
2026-06-30,140382,Bandhan Aggressive Hybrid Fund-Direct Plan Growth,31.173
2026-06-30,140383,Bandhan Aggressive Hybrid Fund-Direct Plan IDCW,21.611
2026-06-30,140384,Bandhan Aggressive Hybrid Fund-Regular Plan IDCW,18.898
2026-06-30,140437,Navi Liquid Fund-Unclaimed Redemption and Dividend Plan greater than 3 years,10
2026-06-30,140442,Mahindra Manulife Equity Savings Fund -Direct Plan -Quarterly IDCW,17.6763
2026-06-30,140444,Mahindra Manulife Equity Savings Fund - Direct Plan -Growth,25.3610
2026-06-30,140446,Mahindra Manulife Equity Savings Fund -Regular Plan -Quarterly IDCW,14.2136
2026-06-30,140447,Mahindra Manulife Equity Savings Fund - Regular Plan - Growth,21.3991
2026-06-30,140463,Baroda BNP Paribas Short Duration Fund - Direct Plan - Quarterly IDCW,11.1579
2026-06-30,140465,Baroda BNP Paribas Short Duration Fund - Regular Plan - Quarterly IDCW,10.5516
2026-06-30,140486,SBI Long Term Advantage Fund - Series IV - Direct Plan - Income Distribution cum Capital Withdrawal Option (IDCW),41.9236
2026-06-30,140487,SBI Long Term Advantage Fund - Series IV - Direct Plan - Growth,49.4077
2026-06-30,140488,SBI Long Term Advantage Fund - Series IV - Regular Plan - Growth,46.8773
2026-06-30,140489,SBI Long Term Advantage Fund - Series IV - Regular Plan - Income Distribution cum Capital Withdrawal Option (IDCW),39.7145
2026-06-30,140504,UTI Liquid Fund - Direct Plan - Half-Yearly IDCW,158.009
2026-06-30,140517,UTI Liquid Fund - Regular Plan - Flexi IDCW,165.4949
2026-06-30,140530,CANARA ROBECO ULTRA SHORT TERM FUND- REGULAR PLAN - IDCW (Payout),1652.8675
2026-06-30,140603,BANDHAN Credit Risk Fund-Direct Plan-Growth,18.9345
2026-06-30,140604,BANDHAN Credit Risk Fund-Direct Plan-Quarterly IDCW,10.7872
2026-06-30,140606,BANDHAN Credit Risk Fund-Direct Plan-Periodic IDCW,14.0634
2026-06-30,140607,BANDHAN Credit Risk Fund - Regular Plan Quarterly IDCW,10.5840
2026-06-30,140608,BANDHAN Credit Risk Fund - Regular Plan Annual IDCW,10.4284
2026-06-30,140609,BANDHAN Credit Risk Fund - Regular Plan Growth,17.2700
2026-06-30,140610,BANDHAN Credit Risk Fund-Direct Plan-Annual IDCW,10.5254
2026-06-30,140611,BANDHAN Credit Risk Fund - Regular Plan Half Yearly IDCW,10.3776
2026-06-30,140612,BANDHAN Credit Risk Fund - Regular Plan Periodic IDCW,13.4109
2026-06-30,140613,Mahindra Manulife Low Duration Fund - Direct Plan -Growth,1872.2100
2026-06-30,140614,Mahindra Manulife Low Duration Fund - Regular Plan - Daily IDCW,1000.0001
2026-06-30,140615,Mahindra Manulife Low Duration Fund - Regular Plan - Weekly IDCW,1053.9098
2026-06-30,140616,Mahindra Manulife Low Duration Fund - Regular Plan - Monthly IDCW,1114.6058
2026-06-30,140617,Mahindra Manulife Low Duration Fund - Direct Plan - Daily IDCW,1260.1052
2026-06-30,140618,Mahindra Manulife Low Duration Fund - Direct Plan - Weekly IDCW,1031.5361
2026-06-30,140619,Mahindra Manulife Low Duration Fund - Direct Plan - Monthly IDCW,1134.1761
2026-06-30,140620,Mahindra Manulife Low Duration Fund - Regular Plan - Growth,1732.0122
2026-06-30,140769,Mirae Asset Dynamic Bond Fund -Direct Plan -Growth,18.7745
2026-06-30,140770,Mirae Asset Dynamic Bond Fund Direct IDCW,18.7515
2026-06-30,140771,Mirae Asset Dynamic Bond Fund-Regular Plan Growth,17.0276
2026-06-30,140772,Mirae Asset Dynamic Bond Fund Regular IDCW,17.0280
2026-06-30,140809,Groww Largecap Fund (formerly known as Indiabulls Bluechip Fund)- Direct Plan- Monthly - Income Distribution cum capital withdrawal Option (Payout & Reinvestment),23.07
2026-06-30,140810,Groww Largecap Fund (formerly known as Indiabulls Bluechip Fund)- Regular Plan- Monthly - Income Distribution cum capital withdrawal Option (Payout & Reinvestment),24.51
2026-06-30,140811,Groww Largecap Fund (formerly known as Indiabulls Bluechip Fund)- Direct Plan- Quarterly - Income Distribution cum capital withdrawal Option (Payout & Reinvestment),28.82
2026-06-30,140812,Groww Largecap Fund (formerly known as Indiabulls Bluechip Fund)- Regular Plan- Quarterly - Income Distribution cum capital withdrawal Option (Payout & Reinvestment),25.41
2026-06-30,140813,Groww Largecap Fund (formerly known as Indiabulls Bluechip Fund)- Regular Plan- Half Yearly - Income Distribution cum capital withdrawal Option (Payout & Reinvestment),25.55
2026-06-30,140814,Groww Largecap Fund (formerly known as Indiabulls Bluechip Fund)- Direct Plan- Half Yearly -Income Distribution cum capital withdrawal Option (Payout & Reinvestment),29.04
2026-06-30,140815,Groww Value Fund (formerly known as Indiabulls Value Fund)- Direct Plan- Monthly - Income Distribution cum capital withdrawal Option (Payout & Reinvestment),23.9605
2026-06-30,140816,Groww Value Fund (formerly known as Indiabulls Value Fund)- Regular Plan- Monthly - Income Distribution cum capital withdrawal Option (Payout & Reinvestment.,20.9865
2026-06-30,140817,Groww Value Fund (formerly known as Indiabulls Value Fund)- Direct Plan- Quarterly - Income Distribution cum capital withdrawal Option (Payout & Reinvestment),26.1382
2026-06-30,140818,Groww Value Fund (formerly known as Indiabulls Value Fund)- Regular Plan- Quarterly - Income Distribution cum capital withdrawal Option (Payout & Reinvestment),20.4523
2026-06-30,140819,Groww Value Fund (formerly known as Indiabulls Value Fund)- Direct Plan- Half Yearly - Income Distribution cum capital withdrawal Option (Payout & Reinvestment),26.1588
2026-06-30,140820,Groww Value Fund (formerly known as Indiabulls Value Fund)- Regular Plan- Half Yearly -Income Distribution cum capital withdrawal Option (Payout & Reinvestment),22.1515
2026-06-30,140913,UTI Liquid Fund - Direct Plan - Fortnightly IDCW,115.6297
2026-06-30,141060,Quantum Dynamic Term Fund - Regular Plan Monthly IDCW,10.5075
2026-06-30,141061,Quantum Dynamic Term Fund - Regular Plan Growth Option,22.3913
2026-06-30,141062,Quantum Diversified Equity All Cap Active FOF - Regular Plan IDCW,83.137
2026-06-30,141063,Quantum Diversified Equity All Cap Active FOF - Regular Plan Growth Option,83.348
2026-06-30,141064,Quantum Gold ETF FOF - Regular Plan Growth Option,52.8669
2026-06-30,141065,Quantum Liquid Fund - Regular Plan Daily IDCW,10.0002
2026-06-30,141066,Quantum Liquid Fund - Regular Plan Growth Option,36.9874
2026-06-30,141067,Quantum Liquid Fund - Regular Plan Monthly IDCW,10.0181
2026-06-30,141068,Quantum Value Fund - Regular Plan Growth Option,117.16
2026-06-30,141069,Quantum Value Fund - Regular Plan IDCW,117.03
2026-06-30,141070,Quantum ELSS Tax Saver Fund - Regular Plan Growth Option,116.44
2026-06-30,141071,Quantum ELSS Tax Saver Fund - Regular Plan IDCW,115.65
2026-06-30,141072,Quantum Multi Asset Active FOF - Regular Plan Growth Option,35.6938
2026-06-30,141139,Sundaram Long Term Micro Cap Tax Advantage Fund Series V Regular Plan - Growth,30.3089
2026-06-30,141140,Sundaram Long Term Micro Cap Tax Advantage Fund Series V Regular Plan - Payout of Income Distribution cum Capital Withdrawal (IDCW),28.8196
2026-06-30,141141,Sundaram Long Term Micro Cap Tax Advantage Fund Series V Direct Plan - Growth,31.2398
2026-06-30,141142,Sundaram Long Term Micro Cap Tax Advantage Fund Series V Direct Plan - Payout of Income Distribution cum Capital Withdrawal (IDCW),29.7419
2026-06-30,141223,Mahindra Manulife Multi Cap Fund - Direct Plan - IDCW,31.6955
2026-06-30,141224,Mahindra Manulife Multi Cap Fund - Regular Plan - Growth,37.6792
2026-06-30,141225,Mahindra Manulife Multi Cap Fund - Regular Plan - IDCW,25.7011
2026-06-30,141226,Mahindra Manulife Multi Cap Fund - Direct Plan -Growth,44.2874
2026-06-30,141247,Union Largecap Fund - Regular Plan - Growth Option,22.94
2026-06-30,141248,Union Largecap Fund - Direct Plan - Growth Option,24.58
2026-06-30,141249,Union Largecap Fund - Direct Plan - IDCW Option,24.58
2026-06-30,141250,Union Largecap Fund - Regular Plan - IDCW Option,22.94
2026-06-30,141375,UTI Banking & PSU Fund - Direct Plan - Half-Yearly IDCW,15.7318
2026-06-30,141410,NAVI Large & Midcap Fund - Regular Half Yearly IDCW Payout,36.093
2026-06-30,141411,Navi Large & Midcap Fund - Regular Annual IDCW payout,37.1123
2026-06-30,141414,Navi Large & Midcap Fund - Direct Annual IDCW Payout,43.2117
2026-06-30,141415,Navi Large & Midcap Fund - Direct Half Yearly IDCW Payout,43.2499
2026-06-30,141545,Axis Nifty 50 ETF,263.6372
2026-06-30,141564,Sundaram Long Term Micro Cap Tax Advantage Fund Series VI Direct Plan - Growth,30.0274
2026-06-30,141565,Sundaram Long Term Micro Cap Tax Advantage Fund Series VI Regular Plan - Growth,28.5716
2026-06-30,141566,Sundaram Long Term Micro Cap Tax Advantage Fund Series VI Regular Plan - Payout of Income Distribution cum Capital Withdrawal (IDCW),27.6126
2026-06-30,141567,Sundaram Long Term Micro Cap Tax Advantage Fund Series VI Direct Plan - Payout of Income Distribution cum Capital Withdrawal (IDCW),29.0623
2026-06-30,141586,Axis Corporate Bond Fund - Direct Plan - Daily IDCW,10.2348
2026-06-30,141587,Axis Corporate Bond Fund - Direct Plan - Weekly IDCW,10.3780
2026-06-30,141588,Axis Corporate Bond Fund - Direct Plan Growth,19.2782
2026-06-30,141589,Axis Corporate Bond Fund - Regular Plan - Daily IDCW,10.2347
2026-06-30,141590,Axis Corporate Bond Fund - Direct Plan - Monthly IDCW,10.2205
2026-06-30,141591,Axis Corporate Bond Fund - Direct Plan - Regular IDCW,15.0400
2026-06-30,141592,Axis Corporate Bond Fund - Regular Plan - Weekly IDCW,10.2597
2026-06-30,141593,Axis Corporate Bond Fund - Regular Plan Growth,18.1090
2026-06-30,141594,Axis Corporate Bond Fund - Regular Plan - Monthly IDCW,10.2169
2026-06-30,141595,Axis Corporate Bond Fund - Regular Plan - Regular IDCW,13.9909
2026-06-30,141596,ICICI Prudential Nifty 100 Low Volatility 30 ETF,21.6781
2026-06-30,141605,Edelweiss Arbitrage Fund - Monthly  Regular Plan - IDCW Option,16.7501
2026-06-30,141606,Edelweiss Arbitrage Fund - Monthly  Direct Plan - IDCW Option,18.1962
2026-06-30,141642,Axis Balanced Advantage Fund - Direct Plan - Growth,23.98
2026-06-30,141643,Axis Balanced Advantage Fund - Direct Plan - IDCW,13.98
2026-06-30,141644,Axis Balanced Advantage Fund - Regular Plan - Growth,21.28
2026-06-30,141645,Axis Balanced Advantage Fund - Regular Plan - IDCW,12.81
2026-06-30,141665,UTI Nifty Next 50 Exchange Traded Fund,77.2012
2026-06-30,141766,Edelweiss Balanced Advantage Fund - Regular Plan - Monthly - IDCW Option,20.4
2026-06-30,141767,Edelweiss Balanced Advantage Fund - Direct Plan - Monthly - IDCW Option,25.88
2026-06-30,141768,UTI Liquid Fund - Direct Plan - Flexi IDCW,166.6089
2026-06-30,141807,Groww ELSS Tax Saver Fund (formerly known as Indiabulls Tax Savings Fund)- Direct Plan- Dividend Option,21.53
2026-06-30,141808,Groww ELSS Tax Saver Fund (formerly known as Indiabulls Tax Savings Fund)- Direct Plan- Growth Option,21.56
2026-06-30,141810,Groww ELSS Tax Saver Fund (formerly known as Indiabulls Tax Savings Fund)- Regular Plan- - Income Distribution cum capital withdrawal Option (Payout),18.75
2026-06-30,141839,ICICI Prudential BSE Sensex Index Fund - Cumulative Option,25.1522
2026-06-30,141840,ICICI Prudential BSE Sensex Index Fund - IDCW Option,25.1529
2026-06-30,141841,ICICI Prudential BSE Sensex Index Fund - Direct Plan - Cumulative Option,25.4957
2026-06-30,141842,ICICI Prudential BSE Sensex Index Fund - Direct Plan - IDCW Option,25.4954
2026-06-30,141862,Groww ELSS Tax Saver Fund (formerly known as Indiabulls Tax Savings Fund)-Regular Plan-Growth Option,18.74
2026-06-30,141875,DSP Nifty 50 Equal Weight Index Fund - Regular Plan - Growth,25.8974
2026-06-30,141876,DSP Nifty 50 Equal Weight Index Fund - Regular Plan - IDCW,21.2450
2026-06-30,141877,DSP Nifty 50 Equal Weight Index Fund - Direct Plan - Growth,27.0340
2026-06-30,141878,DSP Nifty 50 Equal Weight Index Fund - Direct Plan - IDCW,22.1219
2026-06-30,141921,HDFC Housing Opportunities Fund  - IDCW Option - Direct Plan,17.326
2026-06-30,141922,HDFC Housing Opportunities Fund  - IDCW Option,15.53
2026-06-30,141923,HDFC Housing Opportunities Fund  - Growth Option,21.664
2026-06-30,141924,HDFC Housing Opportunities Fund  - Growth Option - Direct Plan,23.629
2026-06-30,141925,Axis Flexi Cap Fund - Direct Plan - Growth,30.53
2026-06-30,141926,Axis Flexi Cap fund - Direct Plan - IDCW,18.89
2026-06-30,141927,Axis Flexi Cap Fund - Regular Plan - Growth,27.39
2026-06-30,141928,Axis Flexi Cap Fund - Regular Plan - IDCW,17.11
2026-06-30,141933,Edelweiss Equity Savings Fund - Direct Plan - Monthly - IDCW Option,16.5540
2026-06-30,141934,Edelweiss Equity Savings Fund - Regular Plan - Monthly - IDCW Option,14.3568
2026-06-30,141949,BANK OF INDIA Mid Cap Tax Fund Series 1 Direct Plan IDCW,30.20
2026-06-30,141950,BANK OF INDIA Mid Cap Tax Fund Series 1 Direct Plan Growth,30.20
2026-06-30,141951,BANK OF INDIA Mid Cap Tax Fund Series 1 Regular Plan IDCW,29.11
2026-06-30,141952,BANK OF INDIA Mid Cap Tax Fund Series 1 Regular Plan Growth,29.11
2026-06-30,141957,BHARAT 22 ETF,118.5207
2026-06-30,141958,UTI Low Duration Fund - Direct Plan - Annual IDCW,1421.2013
2026-06-30,142035,Union Balanced Advantage Fund - Regular Plan - Growth Option,20.37
2026-06-30,142036,Union Balanced Advantage Fund - Regular Plan - IDCW Option,18.85
2026-06-30,142037,Union Balanced Advantage Fund - Direct Plan - IDCW Option,20.66
2026-06-30,142038,Union Balanced Advantage Fund - Direct Plan - Growth Option,22.20
2026-06-30,142107,Mahindra Manulife Mid Cap Fund- Regular Plan - IDCW,26.7748
2026-06-30,142108,Mahindra Manulife Mid Cap Fund - Direct Plan - IDCW,31.7262
2026-06-30,142109,Mahindra Manulife Mid Cap Fund - Regular Plan - Growth,36.4701
2026-06-30,142110,Mahindra Manulife Mid Cap Fund - Direct Plan -Growth,41.8151
2026-06-30,142133,ICICI Prudential Long Term Wealth Enhancement Fund - Direct Plan IDCW Option,29.90
2026-06-30,142134,ICICI Prudential Long Term Wealth Enhancement Fund - Direct Plan Cumulative Option,29.91
2026-06-30,142135,ICICI Prudential Long Term Wealth Enhancement Fund - IDCW Option,28.57
2026-06-30,142136,ICICI Prudential Long Term Wealth Enhancement Fund - Cumulative Option,28.58
2026-06-30,142137,SBI Long Term Advantage Fund - Series V - Regular Plan - Income Distribution cum Capital Withdrawal Option (IDCW),31.2404
2026-06-30,142138,SBI Long Term Advantage Fund - Series V - Direct Plan - Growth,32.5923
2026-06-30,142139,SBI Long Term Advantage Fund Series V - Regular Plan - Growth,31.2535
2026-06-30,142140,SBI Long Term Advantage Fund - Series V - Direct Plan - Income Distribution cum Capital Withdrawal Option (IDCW),32.5935
2026-06-30,142151,Sundaram Long Term Tax Advantage Fund Series III Regular Plan - Growth,31.1774
2026-06-30,142152,Sundaram Long Term Tax Advantage Fund Series III Regular Plan - Payout of Income Distribution cum Capital Withdrawal (IDCW),29.6384
2026-06-30,142153,Sundaram Long Term Tax Advantage Fund Series III Direct Plan - Growth,32.2524
2026-06-30,142154,Sundaram Long Term Tax Advantage Fund Series III Direct Plan - Payout of Income Distribution cum Capital Withdrawal (IDCW),30.7043
2026-06-30,142249,UTI Money Market Fund - Direct Plan - Quarterly IDCW,1766.6487
2026-06-30,142278,DSP Arbitrage Fund - Regular - IDCW - Monthly,11.826
2026-06-30,142279,DSP Arbitrage Fund - Direct - IDCW,12.555
2026-06-30,142280,DSP Arbitrage Fund - Regular - IDCW,11.935
2026-06-30,142281,DSP Arbitrage Fund - Direct - IDCW - Monthly,13.203
2026-06-30,142282,DSP Arbitrage Fund - Regular - Growth,15.786
2026-06-30,142283,DSP Arbitrage Fund - Direct - Growth,16.633
2026-06-30,142383,Edelweiss Recently Listed IPO Fund Regular Plan Growth,31.1321
2026-06-30,142384,Edelweiss Recently Listed IPO Fund REGULAR PLAN - IDCW Option,31.1304
2026-06-30,142386,Edelweiss Recently Listed IPO Fund - DIRECT PLAN - IDCW Option,33.7366
2026-06-30,142388,Edelweiss Recently Listed IPO Fund Direct Plan Growth,33.7365
2026-06-30,142589,DSP NIFTY 1D Rate Liquid ETF,1000.0000
2026-06-30,142640,Mirae Asset Short Duration Fund - Direct Plan - IDCW,17.6691
2026-06-30,142641,Mirae Asset Short Duration Fund - Direct Plan - Growth,17.7184
2026-06-30,142642,Mirae Asset Short Duration Fund - Regular Plan - Growth,16.5629
2026-06-30,142643,Mirae Asset Short Duration Fund - Regular Plan - IDCW,16.5665
2026-06-30,143077,Sundaram Long Term Tax Advantage Fund Series IV Regular Plan - Growth,36.3585
2026-06-30,143078,Sundaram Long Term Tax Advantage Fund Series IV Regular Plan - Payout of Income Distribution cum Capital Withdrawal (IDCW),33.3647
2026-06-30,143079,Sundaram Long Term Tax Advantage Fund Series IV Direct Plan - Growth,37.1483
2026-06-30,143080,Sundaram Long Term Tax Advantage Fund Series IV Direct Plan - Payout of Income Distribution cum Capital Withdrawal (IDCW),34.1310
2026-06-30,143125,UTI Money Market Fund - Direct Plan - Flexi IDCW,1706.6548
2026-06-30,143162,Navi Aggressive Hybrid Fund - Regular Plan - Growth,21.5759
2026-06-30,143163,Navi Aggressive Hybrid Fund - Direct Plan - Growth,24.9913
2026-06-30,143166,Navi Aggressive Hybrid Fund - Regular Plan Normal IDCW,21.5772
2026-06-30,143167,Navi Aggressive Hybrid Fund - Direct Plan Normal IDCW,24.8774
2026-06-30,143176,SBI Long Term Advantage Fund - Series VI - Regular Plan - Growth,30.4152
2026-06-30,143177,SBI Long Term Advantage Fund - Series VI - Regular Plan - Income Distribution cum Capital Withdrawal Option (IDCW),30.4217
2026-06-30,143178,SBI Long Term Advantage Fund - Series VI - Direct Plan - Growth,31.6996
2026-06-30,143179,SBI Long Term Advantage Fund - Series VI - Direct Plan - Income Distribution cum Capital Withdrawal Option (IDCW),31.6727
2026-06-30,143185,Navi Aggressive Hybrid Fund - Direct Plan Quarterly IDCW,24.86
2026-06-30,143186,Navi Aggressive Hybrid Fund - Direct Plan Half Yearly IDCW,24.8532
2026-06-30,143189,Navi Aggressive Hybrid Fund - Regular Plan Half Yearly IDCW,21.5899
2026-06-30,143192,Navi Aggressive Hybrid Fund - Direct Plan Monthly IDCW,24.8762
2026-06-30,143195,Navi Aggressive Hybrid Fund - Direct Plan Annual IDCW,24.8809
2026-06-30,143197,Navi Aggressive Hybrid Fund - Regular Plan Monthly IDCW,21.5754
2026-06-30,143198,Navi Aggressive Hybrid Fund - Regular Plan Annual IDCW,21.5734
2026-06-30,143199,Navi Aggressive Hybrid Fund - Regular Plan Quarterly IDCW,21.5761
2026-06-30,143239,Union Corporate Bond Fund - Regular Plan - Growth Option,16.0821
2026-06-30,143240,Union Corporate Bond Fund - Regular Plan - IDCW Option,16.0821
2026-06-30,143241,Union Corporate Bond Fund - Direct Plan - Growth Option,16.4961
2026-06-30,143242,Union Corporate Bond Fund - Direct Plan - IDCW Option,16.4961
2026-06-30,143247,ICICI Prudential BSE 500 ETF,38.8134
2026-06-30,143258,BANDHAN Equity Savings Fund-Direct Plan -Quarterly IDCW,13.220
2026-06-30,143259,BANDHAN Equity Savings Fund- Regular Plan -Quarterly IDCW,12.619
2026-06-30,143260,Parag Parikh Liquid Fund- Regular Plan- Growth,1538.4728
2026-06-30,143261,Parag Parikh Liquid Fund- Regular Plan- Monthly IDCW,1003.5980
2026-06-30,143262,Parag Parikh Liquid Fund- Direct Plan- Monthly IDCW,1003.6005
2026-06-30,143263,Parag Parikh Liquid Fund- Direct Plan- Daily Reinvestment of IDCW,1000.9942
2026-06-30,143264,Parag Parikh Liquid Fund- Regular Plan- Daily Reinvestment of IDCW,1000.9572
2026-06-30,143265,Parag Parikh Liquid Fund- Direct Plan- Weekly Reinvestment of IDCW,1001.5994
2026-06-30,143266,Parag Parikh Liquid Fund- Regular Plan- Weekly Reinvestment of IDCW,1001.5967
2026-06-30,143269,Parag Parikh Liquid Fund- Direct Plan- Growth,1551.1328
2026-06-30,143340,UTI Nifty Next 50 Index Fund - Regular Plan - Growth Option,25.5138
2026-06-30,143341,UTI Nifty Next 50 Index Fund - Direct Plan - Growth Option,26.5574
2026-06-30,143366,Bandhan Short Duration Fund - Regular Plan - Quarterly IDCW,10.8305
2026-06-30,143367,Bandhan Short Duration Fund - Direct Plan - Quarterly IDCW,10.7597
2026-06-30,143368,Bandhan Short Duration Fund - Regular Plan - Annual IDCW,10.8553
2026-06-30,143369,Bandhan Short Duration Fund - Direct Plan - Annual IDCW,11.0808
2026-06-30,143464,Baroda BNP Paribas Ultra Short Duration Fund - Regular Plan - Growth,1641.2403
2026-06-30,143493,Nippon India Ultra Short Duration Fund- Growth Option,4280.8627
2026-06-30,143494,Nippon India Ultra Short Duration Fund- Direct Plan- Growth Option,4755.0077
2026-06-30,143495,NIPPON INDIA ULTRA SHORT DURATION FUND - WEEKLY IDCW OPTION,1092.1884
2026-06-30,143496,NIPPON INDIA ULTRA SHORT DURATION FUND - QUARTERLY IDCW Option,1011.6424
2026-06-30,143497,NIPPON INDIA ULTRA SHORT DURATION FUND - DIRECT Plan - MONTHLY IDCW Option,1033.1336
2026-06-30,143498,NIPPON INDIA ULTRA SHORT DURATION FUND - DAILY IDCW OPTION,1114.1500
2026-06-30,143499,NIPPON INDIA ULTRA SHORT DURATION FUND - MONTHLY IDCW Option,1022.8766
2026-06-30,143500,NIPPON INDIA ULTRA SHORT DURATION FUND - DIRECT Plan - DAILY IDCW OPTION,1114.1500
2026-06-30,143501,NIPPON INDIA ULTRA SHORT DURATION FUND - DIRECT Plan - WEEKLY IDCW OPTION,1092.2105
2026-06-30,143502,NIPPON INDIA ULTRA SHORT DURATION FUND - DIRECT Plan - QUARTERLY IDCW Option,1018.1989
2026-06-30,143507,Baroda BNP Paribas Ultra Short Duration Fund - Regular Plan - Daily IDCW,1006.2583
2026-06-30,143508,Baroda BNP Paribas Ultra Short Duration Fund- Direct Plan- Growth,1665.4652
2026-06-30,143510,Baroda BNP Paribas Ultra Short Duratio Fund- Regular Plan- Weekly IDCW,1001.8681
2026-06-30,143511,Baroda BNP Paribas Ultra Short Duration Fund- Direct Plan- Daily IDCW,1007.0751
2026-06-30,143532,Invesco India Aggressive Hybrid Fund - Direct Plan - IDCW (Payout / Reinvestment),23.8646
2026-06-30,143534,Invesco India Aggressive Hybrid Fund - Regular Plan - IDCW (Payout / Reinvestment),21.1339
2026-06-30,143536,Invesco India Aggressive Hybrid Fund - Regular Plan - Growth,21.1327
2026-06-30,143537,Invesco India Aggressive Hybrid Fund - Direct Plan - Growth,23.9686
2026-06-30,143603,JM Low Duration Fund (Regular) - Daily IDCW,10.82
2026-06-30,143604,JM Low Duration Fund (Direct) - Daily IDCW,10.85
2026-06-30,143605,JM Low Duration Fund (Regular) - Fortnightly IDCW,11.08
2026-06-30,143606,JM Low Duration Fund (Direct) - Fortnightly IDCW,11.12
2026-06-30,143607,JM Low Duration Fund (Regular) - Growth Option,39.2958
2026-06-30,143608,JM Low Duration Fund (Regular) - Weekly IDCW,11.41
2026-06-30,143609,JM Low Duration Fund - Bonus Option - Principal Units,23.6748
2026-06-30,143610,JM Low Duration Fund (Direct) - Bonus Option - Principal Units,24.4236
2026-06-30,143611,JM Low Duration Fund (Direct) - Weekly IDCW,11.45
2026-06-30,143612,JM Low Duration Fund (Direct) - Growth,40.5643
2026-06-30,143613,BANK OF INDIA Arbitrage Fund Direct Plan Annual IDCW,13.7794
2026-06-30,143614,BANK OF INDIA Arbitrage Fund Direct Plan Growth,15.2458
2026-06-30,143615,BANK OF INDIA Arbitrage Fund Direct Plan Monthly IDCW,13.7369
2026-06-30,143616,BANK OF INDIA Arbitrage Fund Direct Plan Quarterly IDCW,14.4830
2026-06-30,143617,BANK OF INDIA Arbitrage Fund Regular Plan IDCW Annual IDCW,13.4287
2026-06-30,143618,BANK OF INDIA Arbitrage Fund Regular Plan IDCW Monthly IDCW,13.1703
2026-06-30,143619,BANK OF INDIA Arbitrage Fund Regular Plan IDCW Quarterly IDCW,13.9036
2026-06-30,143620,BANK OF INDIA Arbitrage Fund Regular Growth,14.5324
2026-06-30,143701,NIPPON INDIA NIVESH LAKSHYA LONG DURATION FUND - DIRECT Plan - HALF YEARLY IDCW Option,12.6037
2026-06-30,143702,Nippon India Nivesh Lakshya Long Duration Fund- Growth Option,18.3844
2026-06-30,143703,NIPPON INDIA NIVESH LAKSHYA LONG DURATION FUND - ANNUAL IDCW Option,12.1032
2026-06-30,143704,Nippon India Nivesh Lakshya Long Duration Fund- Direct Plan- Growth Option,18.8541
2026-06-30,143705,NIPPON INDIA NIVESH LAKSHYA LONG DURATION FUND - DIRECT Plan - MONTHLY IDCW Option,11.9704
2026-06-30,143706,NIPPON INDIA NIVESH LAKSHYA LONG DURATION FUND - IDCW Option,18.3833
2026-06-30,143707,NIPPON INDIA NIVESH LAKSHYA LONG DURATION FUND - DIRECT Plan - IDCW Option,18.8543
2026-06-30,143708,NIPPON INDIA NIVESH LAKSHYA LONG DURATION FUND - QUARTERLY IDCW Option,11.7398
2026-06-30,143709,NIPPON INDIA NIVESH LAKSHYA LONG DURATION  FUND - DIRECT Plan - QUARTERLY IDCW Option,11.7511
2026-06-30,143710,NIPPON INDIA NIVESH LAKSHYA LONG DURATION FUND LONG DURATION - HALF YEARLY IDCW Option,12.5589
2026-06-30,143711,NIPPON INDIA NIVESH LAKSHYA LONG DURATION FUND - DIRECT Plan - ANNUAL IDCW Option,12.1222
2026-06-30,143712,NIPPON INDIA NIVESH LAKSHYA LONG DURATION FUND - MONTHLY IDCW Option,11.9151
2026-06-30,143783,Mirae Asset Healthcare Fund Direct Growth,49.270
2026-06-30,143784,Mirae Asset Healthcare Fund Direct IDCW,29.676
2026-06-30,143785,Mirae Asset Healthcare Fund -Regular Growth,43.592
2026-06-30,143786,Mirae Asset Healthcare Fund Regular IDCW,25.662
2026-06-30,143787,Navi Flexi Cap Fund - Regular Plan - Growth,24.4985
2026-06-30,143788,NAVI FLEXI CAP FUND - REGULAR PLAN QUARTERLY IDCW PAYOUT,24.4958
2026-06-30,143789,NAVI FLEXI CAP FUND - REGULAR PLAN NORMAL IDCW PAYOUT,24.5021
2026-06-30,143790,NAVI FLEXI CAP FUND - REGULAR PLAN MONTHLY IDCW PAYOUT,24.5082
2026-06-30,143791,NAVI FLEXI CAP FUND - DIRECT PLAN QUARTERLY IDCW PAYOUT,28.418
2026-06-30,143792,NAVI FLEXI CAP FUND - DIRECT PLAN NORMAL IDCW PAYOUT,28.3585
2026-06-30,143793,Navi Flexi Cap Fund - Direct Plan - Growth,28.6145
2026-06-30,143794,NAVI FLEXI CAP FUND - REGULAR PLAN HALF YEARLY IDCW PAYOUT,24.5024
2026-06-30,143795,NAVI FLEXI CAP FUND - REGULAR PLAN ANNUAL IDCW PAYOUT,24.4992
2026-06-30,143796,NAVI FLEXI CAP FUND - DIRECT PLAN MONTHLY IDCW PAYOUT,28.3895
2026-06-30,143797,NAVI FLEXI CAP FUND - DIRECT PLAN HALF YEARLY IDCW PAYOUT,28.3955
2026-06-30,143798,NAVI FLEXI CAP FUND - DIRECT PLAN ANNUAL IDCW PAYOUT,28.3948
2026-06-30,143873,ICICI Prudential Pharma Healthcare and Diagnostics (P.H.D) Fund - Cumulative Option,43.05
2026-06-30,143874,ICICI Prudential Pharma Healthcare and Diagnostics (P.H.D) Fund - Direct Plan - Cumulative Option,46.75
2026-06-30,143875,ICICI Prudential Pharma Healthcare and Diagnostics (P.H.D) Fund - IDCW Option,25.12
2026-06-30,143876,ICICI Prudential Pharma Healthcare and Diagnostics (P.H.D) Fund - Direct Plan - IDCW Option,28.23
2026-06-30,143903,ICICI Prudential BHARAT 22 FOF - Direct Plan Cumulative Option,34.6514
2026-06-30,143904,ICICI Prudential BHARAT 22 FOF - Cumulative Option,34.6394
2026-06-30,144171,BANDHAN ULTRA SHORT DURATION FUND - REGULAR PLAN GROWTH,16.1865
2026-06-30,144172,BANDHAN ULTRA SHORT DURATION FUND - REGULAR PLAN DAILY IDCW,10.0519
2026-06-30,144173,BANDHAN ULTRA SHORT DURATION FUND - DIRECT PLAN GROWTH,16.4159
2026-06-30,144174,BANDHAN ULTRA SHORT DURATION FUND - DIRECT PLAN-DAILY IDCW,10.0367
2026-06-30,144189,BANDHAN ULTRA SHORT DURATION FUND - REGULAR PLAN WEEKLY IDCW,10.0882
2026-06-30,144190,BANDHAN ULTRA SHORT DURATION FUND - REGULAR PLAN QUARTERLY IDCW,10.5038
2026-06-30,144191,BANDHAN ULTRA SHORT DURATION FUND - DIRECT PLAN- WEEKLY IDCW,10.0868
2026-06-30,144192,BANDHAN ULTRA SHORT DURATION FUND - DIRECT PLAN QUARTERLY IDCW,10.5206
2026-06-30,144193,BANDHAN ULTRA SHORT DURATION FUND - REGULAR PLAN PERIODIC IDCW,13.6232
2026-06-30,144194,BANDHAN ULTRA SHORT DURATION FUND - REGULAR PLAN MONTHLY IDCW,10.0465
2026-06-30,144195,BANDHAN ULTRA SHORT DURATION FUND - DIRECT PLAN -MONTHLY IDCW,10.0410
2026-06-30,144196,BANDHAN ULTRA SHORT DURATION FUND - DIRECT PLAN PERIODIC IDCW,13.9559
2026-06-30,144309,BANK OF INDIA Midcap Tax Fund Series 2 Direct Plan IDCW,34.82
2026-06-30,144310,Union Equity Savings Fund - Regular Plan - Growth Option,17.29
2026-06-30,144311,Union Equity Savings Fund - Regular Plan - IDCW Option,17.29
2026-06-30,144312,Union Equity Savings Fund - Direct Plan - Growth Option,18.06
2026-06-30,144313,Union Equity Savings Fund - Direct Plan - IDCW Option,18.06
2026-06-30,144314,BANK OF INDIA Midcap Tax Fund Series 2 Regular Plan Growth,33.45
2026-06-30,144315,BANK OF INDIA Midcap Tax Fund Series 2 Direct Plan Growth,34.82
2026-06-30,144316,BANK OF INDIA Midcap Tax Fund Series 2 Regular Plan IDCW,33.46
2026-06-30,144333,Kotak Balanced Advantage Fund -Regular Plan - Growth Option,20.888
2026-06-30,144334,Kotak Balanced Advantage Fund -Direct Plan  -Payout of Income Distribution cum capital withdrawal option,22.898
2026-06-30,144335,Kotak Balanced Advantage Fund  - Direct Plan -Growth Option,22.898
2026-06-30,144336,Kotak Balanced Advantage Fund - Regular Plan - Payout of Income Distribution cum capital withdrawal option Option,20.888
2026-06-30,144337,UTI Corporate Bond Fund - Regular Plan - Annual IDCW,13.4527
2026-06-30,144338,UTI Corporate Bond Fund - Regular Plan - Flexi IDCW,15.2778
2026-06-30,144339,UTI Corporate Bond Fund - Direct Plan - Growth Option,17.7827
2026-06-30,144340,UTI Corporate Bond Fund - Direct Plan - Half-Yearly IDCW,15.1949
2026-06-30,144341,UTI Corporate Bond Fund - Direct Plan - Flexi IDCW,15.6734
2026-06-30,144342,UTI Corporate Bond Fund - Regular Plan - Quarterly IDCW,15.0871
2026-06-30,144343,UTI Corporate Bond Fund - Regular Plan - Half-Yearly IDCW,14.6596
2026-06-30,144344,UTI Corporate Bond Fund - Direct Plan - Annual IDCW,13.8389
2026-06-30,144345,UTI Corporate Bond Fund - Regular Plan - Growth Option,17.3502
2026-06-30,144346,UTI Corporate Bond Fund - Direct Plan - Quarterly IDCW,15.5528
2026-06-30,144393,Axis Aggressive Hybrid Fund - Regular Plan - Growth Option,20.43
2026-06-30,144394,Axis Aggressive Hybrid Fund - Direct Plan - Growth Option,22.63
2026-06-30,144395,Axis Aggressive Hybrid Fund - Direct Plan - Regular IDCW,15.25
2026-06-30,144396,Axis Aggressive Hybrid Fund - Regular Plan - Regular IDCW,13.73
2026-06-30,144397,Axis Aggressive Hybrid Fund - Direct Plan - Monthly IDCW,15.34
2026-06-30,144398,Axis Aggressive Hybrid Fund - Direct Plan - Quarterly IDCW,14.53
2026-06-30,144399,Axis Aggressive Hybrid Fund - Regular Plan - Monthly IDCW,12.50
2026-06-30,144400,Axis Aggressive Hybrid Fund - Regular Plan - Quarterly IDCW,12.59
2026-06-30,144401,Mahindra Manulife Dynamic Bond Fund - Regular Plan - Growth,14.9795
2026-06-30,144402,Mahindra Manulife Dynamic Bond Fund - Regular Plan - Quarterly IDCW,10.4623
2026-06-30,144403,Mahindra Manulife Dynamic Bond Fund - Direct Plan - Growth,16.3658
2026-06-30,144404,Mahindra Manulife Dynamic Bond Fund - Direct Plan - Quarterly IDCW,11.6505
2026-06-30,144405,Mahindra Manulife Dynamic Bond Fund - Regular Plan - IDCW,11.6095
2026-06-30,144406,Mahindra Manulife Dynamic Bond Fund - Direct Plan - IDCW,12.8874
2026-06-30,144461,Franklin India Equity Savings Fund- Growth,16.8623
2026-06-30,144462,Franklin India Equity Savings Fund - Direct - IDCW,15.1568
2026-06-30,144463,Franklin India Equity Savings Fund - Quarterly - IDCW,12.2297
2026-06-30,144464,Franklin India Equity Savings Fund - Monthly - IDCW,13.1557
2026-06-30,144465,Franklin India Equity Savings Fund - Direct - Monthly - IDCW,13.6658
2026-06-30,144466,Franklin India Equity Savings Fund- Growth Direct,18.5682
2026-06-30,144467,Franklin India Equity Savings Fund - Direct - Quarterly - IDCW,13.8434
2026-06-30,144468,Franklin India Equity Savings Fund - IDCW,13.8203
2026-06-30,144475,UTI Liquid Fund - Regular Plan - Half-Yearly IDCW,139.8473
2026-06-30,144484,UTI Equity Savings Fund - Regular Plan - Growth Option,18.7788
2026-06-30,144485,UTI Equity Savings Fund - Regular Plan - IDCW,18.7788
2026-06-30,144486,UTI Equity Savings Fund - Regular Plan - Monthly IDCW,18.7789
2026-06-30,144487,UTI Equity Savings Fund - Regular Plan - Quarterly IDCW,18.7788
2026-06-30,144488,UTI Equity Savings Fund - Direct Plan - Quarterly IDCW,20.1662
2026-06-30,144489,UTI Equity Savings Fund - Direct Plan - Monthly IDCW,20.1674
2026-06-30,144490,UTI Equity Savings Fund - Direct Plan - Growth Option,20.1663
2026-06-30,144491,UTI Equity Savings Fund - Direct Plan - IDCW,20.1662
2026-06-30,144543,TATA Flexi Cap Fund Direct Plan - Reinvestment of Income Distribution cum capital withdrawal option,25.3071
2026-06-30,144544,TATA Flexi Cap Fund Regular Plan - Payout of Income Distribution cum capital withdrawal option,22.4186
2026-06-30,144545,TATA Flexi Cap Fund Regular Plan - Reinvestment of Income Distribution cum capital withdrawal option,22.4186
2026-06-30,144546,Tata Flexi Cap Fund-Direct Plan-Growth,26.2645
2026-06-30,144547,TATA Flexi Cap Fund - Direct Plan - Payout of Income Distribution cum capital withdrawal option,25.3071
2026-06-30,144548,Tata Flexi Cap Fund -Regular Plan-Growth,23.3751
2026-06-30,144587,ICICI Prudential Nifty Next 50 ETF,75.4177
2026-06-30,144644,DSP Corporate Bond Fund - Regular - Growth,16.9194
2026-06-30,144645,DSP Corporate Bond Fund - Regular - IDCW - Monthly,10.5889
2026-06-30,144646,DSP Corporate Bond Fund - Direct - Growth,17.2574
2026-06-30,144647,DSP Corporate Bond Fund - Direct - IDCW,11.4702
2026-06-30,144648,DSP Corporate Bond Fund - Direct - IDCW - Quarterly,11.3983
2026-06-30,144649,DSP Corporate Bond Fund - Regular - IDCW - Quarterly,10.7472
2026-06-30,144650,DSP Corporate Bond Fund - Regular - IDCW,11.4403
2026-06-30,144651,DSP Corporate Bond Fund - Direct - IDCW - Monthly,10.6134
2026-06-30,144753,Axis Ultra Short Duration Fund - Direct Plan - Daily IDCW,10.0338
2026-06-30,144754,Axis Ultra Short Duration Fund - Direct Plan Growth,16.6871
2026-06-30,144755,Axis Ultra Short Duration Fund - Direct Plan - Monthly IDCW,10.0389
2026-06-30,144756,Axis Ultra Short Duration Fund - Direct Plan - Regular IDCW,16.6883
2026-06-30,144757,Axis Ultra Short Duration Fund - Direct Plan - Weekly IDCW,10.0558
2026-06-30,144758,Axis Ultra Short Duration Fund - Regular Plan - Daily IDCW,10.0689
2026-06-30,144759,Axis Ultra Short Duration Fund - Regular Plan Growth,15.6002
2026-06-30,144760,Axis Ultra Short Duration Fund - Regular Plan - Monthly IDCW,10.0482
2026-06-30,144761,Axis Ultra Short Duration Fund - Regular Plan - Regular IDCW,15.6002
2026-06-30,144762,Axis Ultra Short Duration Fund - Regular Plan - Weekly IDCW,10.0727
2026-06-30,144834,Sundaram Services Fund Regular Plan - Reinvestment of Income Distribution cum Capital Withdrawal (IDCW),20.9116
2026-06-30,144835,Sundaram Services Fund Direct Plan - Growth,38.4953
2026-06-30,144836,Sundaram Services Fund Direct Plan - Payout of Income Distribution cum Capital Withdrawal (IDCW),22.9270
2026-06-30,144837,Sundaram Services Fund Direct Plan - Reinvestment of Income Distribution cum Capital Withdrawal (IDCW),22.9270
2026-06-30,144838,Sundaram Services Fund Regular Plan - Growth,35.1779
2026-06-30,144839,Sundaram Services Fund Regular Plan - Payout of Income Distribution cum Capital Withdrawal (IDCW),20.9116
2026-06-30,144902,Shriram Flexi Cap Fund - Regular Growth,19.6784
2026-06-30,144903,Shriram Flexi Cap Fund - Regular-IDCW,19.6714
2026-06-30,144905,Shriram Flexi Cap Fund - Direct Growth,22.5552
2026-06-30,144906,Shriram Flexi Cap Fund - Direct-IDCW,22.3288
2026-06-30,144916,SBI BSE Sensex Next 50 ETF,928.2273
2026-06-30,144947,ICICI Prudential BSE Liquid Rate ETF - IDCW,1000.0000
2026-06-30,145034,HDFC Ultra Short Term Fund - Direct Plan-Growth Option,16.4809
2026-06-30,145035,HDFC Ultra Short Term Fund - Direct Plan-Weekly IDCW Option,10.0553
2026-06-30,145036,HDFC Ultra Short Term Fund - Direct Plan-Monthly IDCW Option,10.0553
2026-06-30,145037,HDFC Ultra Short Term Fund - Monthly IDCW Option,10.1553
2026-06-30,145038,HDFC Ultra Short Term Fund - Weekly IDCW Option,10.0552
2026-06-30,145039,HDFC Ultra Short Term Fund - Direct Plan-Daily IDCW Option,10.092
2026-06-30,145040,HDFC Ultra Short Term Fund - Growth Option,16.0778
2026-06-30,145041,HDFC Ultra Short Term Fund - Daily IDCW Option,10.103
2026-06-30,145042,Sundaram Money Market Fund Regular Plan - Growth,15.9646
2026-06-30,145044,Sundaram Money Market Fund Regular Plan- Income Distribution cum Capital Withdrawal (IDCW),11.2722
2026-06-30,145049,Sundaram Money Market Fund Regular Plan -Income Distribution cum Capital Withdrawal(IDCW),11.2722
2026-06-30,145050,Sundaram Money Market Fund Direct Plan - Growth,16.0947
2026-06-30,145051,Sundaram Money Market Fund Direct Plan - Income Distribution cum Capital Withdrawal (IDCW),11.3163
2026-06-30,145056,Sundaram Money Market Fund Direct Plan - Income Distribution cum Capital Withdrawal(IDCW),11.3163
2026-06-30,145075,ICICI Prudential Manufacturing Fund - Direct Plan - Cumulative Option,41.39
2026-06-30,145076,ICICI Prudential Manufacturing Fund - Direct Plan - IDCW Option,24.63
2026-06-30,145077,ICICI Prudential Manufacturing Fund - Cumulative Option,38.07
2026-06-30,145078,ICICI Prudential Manufacturing Fund - IDCW Option,21.80
2026-06-30,145109,Axis Large & Mid Cap Fund - Direct Plan - IDCW,25.54
2026-06-30,145110,Axis Large & Mid Cap Fund - Direct Plan - Growth,38.06
2026-06-30,145111,Axis Large & Mid Cap Fund - Regular Plan - IDCW,19.94
2026-06-30,145112,Axis Large & Mid Cap Fund - Regular Plan - Growth,34.20
2026-06-30,145137,Invesco India Smallcap Fund - Direct Plan - Growth,52.13
2026-06-30,145138,Invesco India Smallcap Fund - Direct Plan - IDCW (Payout / Reinvestment),38.73
2026-06-30,145139,Invesco India Smallcap Fund - Regular Plan - Growth,46.48
2026-06-30,145140,Invesco India Smallcap Fund - Regular Plan - IDCW (Payout / Reinvestment),33.24
2026-06-30,145205,TATA SmallCap Fund Regular Plan - Payout of Income Distribution cum capital withdrawal option,36.3407
2026-06-30,145206,Tata Small Cap Fund-Direct Plan-Growth,42.9678
2026-06-30,145207,TATA SmallCap Fund - Direct Plan - Payout of Income Distribution cum capital withdrawal option,41.5124
2026-06-30,145208,Tata Small Cap Fund-Regular Plan-Growth,37.7933
2026-06-30,145209,TATA Small Cap Fund Direct Plan - Reinvestment of Income Distribution cum capital withdrawal option,41.5124
2026-06-30,145210,TATA Small Cap Fund Regular Plan - Reinvestment of Income Distribution cum capital withdrawal option,36.3407
2026-06-30,145287,UTI - Floater Fund - Regular Plan  - Growth Option,1585.3293
2026-06-30,145288,UTI Floater Fund - Regular Plan - Half-Yearly IDCW,1400.0878
2026-06-30,145289,UTI Floater Fund - Regular Plan - Annual IDCW,1505.5731
2026-06-30,145290,UTI Floater Fund - Direct Plan - Quarterly IDCW,1418.7752
2026-06-30,145291,UTI Floater Fund - Direct Plan - Flexi IDCW,1569.4966
2026-06-30,145292,UTI Floater Fund - Regular Plan - Flexi IDCW,1449.2714
2026-06-30,145293,UTI Floater Fund - Direct Plan - Annual IDCW,1525.0878
2026-06-30,145294,UTI Floater Fund - Regular Plan - Quarterly IDCW,1284.2048
2026-06-30,145295,UTI - Floater Fund - Direct Plan - Growth Option,1665.9978
2026-06-30,145296,UTI Floater Fund - Direct Plan - Half-Yearly IDCW,1518.5614
2026-06-30,145355,Mahindra Manulife Consumption Fund- Regular Plan - Growth,21.3506
2026-06-30,145356,Mahindra Manulife Consumption Fund - Direct Plan -Growth,24.3191
2026-06-30,145357,Mahindra Manulife Consumption Fund - Direct Plan - IDCW,17.2216
2026-06-30,145358,Mahindra Manulife Consumption Fund - Regular Plan - IDCW,14.5311
2026-06-30,145387,Baroda BNP Paribas Balanced Advantage Fund-Regular Plan -Growth Option,25.4709
2026-06-30,145389,Baroda BNP Paribas Balanced Advantage Fund-Regular Plan-IDCW Option,15.9264
2026-06-30,145396,Baroda BNP Paribas Balanced Advantage Fund-Direct Plan-Growth Option,28.1332
2026-06-30,145397,Baroda BNP Paribas Balanced Advantage Fund-Direct Plan-IDCW Option,17.6283
2026-06-30,145399,ICICI Prudential Ultra Short Term Fund - Daily IDCW,10.0813
2026-06-30,145400,ICICI Prudential Ultra Short Term Fund - Direct Plan - Weekly IDCW,10.0891
2026-06-30,145402,ICICI Prudential Ultra Short Term Fund - Weekly IDCW,10.0731
2026-06-30,145404,ICICI Prudential Ultra Short Term Fund - Direct Plan - Daily IDCW,10.0142
2026-06-30,145453,DSP Healthcare Fund - Regular Plan - IDCW,24.962
2026-06-30,145454,DSP Healthcare Fund - Direct Plan - Growth,48.161
2026-06-30,145455,DSP Healthcare Fund - Direct Plan - IDCW,27.850
2026-06-30,145456,DSP Healthcare Fund - Regular Plan - Growth,43.091
2026-06-30,145471,Union Value Fund - Regular Plan - Growth Option,28.82
2026-06-30,145472,Union Value Fund - Regular Plan - IDCW Option,28.82
2026-06-30,145473,Union Value Fund - Direct Plan - Growth Option,30.94
2026-06-30,145474,Union Value Fund - Direct Plan - IDCW Option,30.94
2026-06-30,145481,ADITYA BIRLA SUNLIFE OVERNIGHT FUND-REGULAR PLAN-GROWTH,1462.5004
2026-06-30,145482,ADITYA BIRLA SUN LIFE OVERNIGHT FUND-  Regular - Weekly Reinvestment of IDCW option,1000.1661
2026-06-30,145483,ADITYA BIRLA SUN LIFE OVERNIGHT FUND- Regular - Daily Reinvestment of IDCW,1000.02
2026-06-30,145485,ADITYA BIRLA SUN LIFE OVERNIGHT FUND- Regular- Monthly Payout of IDCW option,1000.1663
2026-06-30,145486,ADITYA BIRLA SUN LIFE OVERNIGHT FUND-DIRECT PLAN-GROWTH,1475.3637
2026-06-30,145487,ADITYA BIRLA SUN LIFE OVERNIGHT FUND- Direct - Daily Reinvestment of IDCW,1000.02
2026-06-30,145488,ADITYA BIRLA SUN LIFE OVERNIGHT FUND-  Direct - Monthly Payout of IDCW,1001.2538
2026-06-30,145489,ADITYA BIRLA SUN LIFE OVERNIGHT FUND-  Direct - Weekly Reinvestment of IDCW,1000.1799
2026-06-30,145535,ICICI Prudential Overnight Fund - Growth,1460.7410
2026-06-30,145536,ICICI Prudential Overnight Fund - Direct Plan - Growth,1469.9633
2026-06-30,145537,ICICI Prudential Overnight Fund - Direct Plan - Daily IDCW,1000.0050
2026-06-30,145538,ICICI Prudential Overnight Fund - Weekly IDCW,1000.1495
2026-06-30,145539,ICICI Prudential Overnight Fund - Direct Plan - Weekly IDCW,1000.1514
2026-06-30,145547,ICICI Prudential Overnight Fund - Daily IDCW,1000.0050
2026-06-30,145551,Motilal Oswal Nasdaq 100 Fund of Fund- Regular Plan Growth,66.7594
2026-06-30,145552,Motilal Oswal Nasdaq 100 Fund of Fund- Direct Plan Growth,68.7450
2026-06-30,145589,Groww Dynamic Term Fund (formerly known as Indiabulls Dynamic Bond Fund) - Direct Plan - Growth option,1572.1729
2026-06-30,145590,Groww Dynamic Term Fund (formerly known as Indiabulls Dynamic Bond Fund) - Regular Plan - Growth option,1493.5988
2026-06-30,145591,Groww Dynamic Term Fund (formerly known as Indiabulls Dynamic Bond Fund)- Direct Plan- Monthly - Income Distribution cum capital withdrawal Option (Payout & Reinvestment),1013.5207
2026-06-30,145592,Groww Dynamic Term Fund (formerly known as Indiabulls Dynamic Bond Fund)- Regular Plan- Monthly - Income Distribution cum capital withdrawal Option (Payout & Reinvestment),1014.0148
2026-06-30,145593,Groww Dynamic Term Fund (formerly known as Indiabulls Dynamic Bond Fund)- Regular Plan- - Income Distribution cum capital withdrawal Option ( Reinvestment),1022.3344
2026-06-30,145594,Groww Dynamic Term Fund (formerly known as Indiabulls Dynamic Bond Fund)- Regular Plan- Weekly - Income Distribution cum capital withdrawal Option (Payout & Reinvestment),1019.3
2026-06-30,145595,Groww Dynamic Term Fund (formerly known as Indiabulls Dynamic Bond Fund)- Direct Plan- Fortnightly - Income Distribution cum capital withdrawal Option (Payout & Reinvestment),1022.5126
2026-06-30,145596,Groww Dynamic Term Fund (formerly known as Indiabulls Dynamic Bond Fund)- Direct Plan- - Income Distribution cum capital withdrawal Option ( Reinvestment),1019.7276
2026-06-30,145597,Groww Dynamic Term Fund (formerly known as Indiabulls Dynamic Bond Fund)- Direct Plan- Weekly - Income Distribution cum capital withdrawal Option (Payout & Reinvestment),1019.3887
2026-06-30,145598,Groww Dynamic Term Fund (formerly known as Indiabulls Dynamic Bond Fund)- Regular Plan- Fortnightly - Income Distribution cum capital withdrawal Option (Payout & Reinvestment),1019.7299
2026-06-30,145599,Groww Aggressive Hybrid Fund (formerly known as Indiabulls Equity Hybrid Fund) - Direct Plan - Growth option,22.95
2026-06-30,145600,Groww Aggressive Hybrid Fund (formerly known as Indiabulls Equity Hybrid Fund)- Direct Plan- - Income Distribution cum capital withdrawal Option (Payout & Reinvestment),22.7477
2026-06-30,145601,Groww Aggressive Hybrid Fund (formerly known as Indiabulls Equity Hybrid Fund)- Direct Plan- Quarterly - Income Distribution cum capital withdrawal Option (Payout & Reinvestment),22.4779
2026-06-30,145602,Groww Aggressive Hybrid Fund (formerly known as Indiabulls Equity Hybrid Fund)- Direct Plan- Half Yearly - Income Distribution cum capital withdrawal Option (Payout & Reinvestment),22.0609
2026-06-30,145603,Groww Aggressive Hybrid Fund (formerly known as Indiabulls Equity Hybrid Fund)- Regular Plan- - Income Distribution cum capital withdrawal Option (Payout & Reinvestment),20.3257
2026-06-30,145604,Groww Aggressive Hybrid Fund (formerly known as Indiabulls Equity Hybrid Fund)- Regular Plan- Monthly - Income Distribution cum capital withdrawal Option (Payout & Reinvestment.,20.3268
2026-06-30,145605,Groww Aggressive Hybrid Fund (formerly known as Indiabulls Equity Hybrid Fund) - Regular Plan - Growth option,20.3286
2026-06-30,145606,Groww Aggressive Hybrid Fund (formerly known as Indiabulls Equity Hybrid Fund)- Direct Plan- Monthly - Income Distribution cum capital withdrawal Option (Payout & Reinvestment),22.7116
2026-06-30,145607,Groww Aggressive Hybrid Fund (formerly known as Indiabulls Equity Hybrid Fund)- Regular Plan- Quarterly - Income Distribution cum capital withdrawal Option (Payout & Reinvestment),21.547
2026-06-30,145608,Groww Aggressive Hybrid Fund (formerly known as Indiabulls Equity Hybrid Fund)- Regular Plan- Half Yearly - Income Distribution cum capital withdrawal Option (Payout & Reinvestment),20.2808
2026-06-30,145633,Mirae Asset Nifty 50 ETF,259.0801
2026-06-30,145648,SBI Nifty 200 Quality 30 ETF,213.0953
2026-06-30,145675,BANK OF INDIA Small Cap Fund Direct Plan IDCW,45.90
2026-06-30,145676,BANK OF INDIA Small Cap Fund Regular Plan IDCW,39.53
2026-06-30,145677,BANK OF INDIA Small Cap Fund Regular Plan Growth,54.22
2026-06-30,145678,BANK OF INDIA Small Cap Fund Direct Plan Growth,61.30
2026-06-30,145693,Mirae Asset Equity Savings Fund- Direct Plan- Growth,22.738
2026-06-30,145694,Mirae Asset Equity Savings Fund Direct IDCW,13.598
2026-06-30,145695,Mirae Asset Equity Savings Fund- Regular Plan- Growth,21.038
2026-06-30,145696,Mirae Asset Equity Savings Fund Regular IDCW,12.453
2026-06-30,145723,Tata Arbitrage Fund-Regular Plan-Growth,15.2005
2026-06-30,145724,Tata Arbitrage Fund-Direct Plan-Growth,16.1138
2026-06-30,145725,TATA Arbitrage Fund Direct Plan - Monthly Reinvestment of Income Distribution cum capital withdrawal option,15.4804
2026-06-30,145726,TATA Arbitrage Fund Regular Plan - Monthly Reinvestment of Income Distribution cum capital withdrawal option,14.5301
2026-06-30,145727,TATA Arbitrage Fund Direct Plan - Monthly Payout of Income Distribution cum capital withdrawal option,15.4804
2026-06-30,145728,TATA Arbitrage Fund Regular Plan - Monthly Payout of Income Distribution cum capital withdrawal option,14.5301
2026-06-30,145801,Tata Nifty 50 Exchange Traded Fund,259.2637
2026-06-30,145810,Nippon India Overnight Fund - Direct Plan - Growth Option,146.5444
2026-06-30,145811,Nippon India Overnight Fund - Regular Plan - Growth Option,145.5361
2026-06-30,145812,NIPPON INDIA OVERNIGHT FUND - DIRECT Plan - DAILY IDCW Option,100.0050
2026-06-30,145819,Shriram ELSS Tax Saver Fund - Direct Growth,23.5279
2026-06-30,145820,Shriram ELSS Tax Saver Fund - Regular Growth,20.63
2026-06-30,145821,Shriram ELSS Tax Saver Fund - Regular-IDCW,20.633
2026-06-30,145822,Shriram ELSS Tax Saver Fund - Direct- IDCW,23.339
2026-06-30,145823,NIPPON INDIA OVERNIGHT FUND - DIRECT Plan - WEEKLY IDCW Option,100.0197
2026-06-30,145824,NIPPON INDIA OVERNIGHT FUND - DIRECT Plan - MONTHLY IDCW Option,100.1943
2026-06-30,145825,NIPPON INDIA OVERNIGHT FUND - DIRECT Plan - QUARTERLY IDCW Option,100.4429
2026-06-30,145826,NIPPON INDIA OVERNIGHT FUND - WEEKLY IDCW Option,100.0195
2026-06-30,145827,NIPPON INDIA OVERNIGHT FUND - MONTHLY IDCW Option,100.1846
2026-06-30,145830,NIPPON INDIA OVERNIGHT FUND - DAILY IDCW Option,100.0050
2026-06-30,145833,NIPPON INDIA OVERNIGHT FUND - QUARTERLY IDCW Option,100.4383
2026-06-30,145834,Motilal Oswal Liquid Fund - Direct Growth,14.7753
2026-06-30,145881,Aditya Birla Sunlife Nifty Next 50 ETF,75.266
2026-06-30,145890,LIC MF Arbitrage Fund-Regular Plan-Growth,14.6046
2026-06-30,145891,LIC MF Arbitrage Fund-Direct Plan-Weekly IDCW,14.4419
2026-06-30,145892,LIC MF Arbitrage Fund-Regular Plan-Monthly IDCW,14.2687
2026-06-30,145893,LIC MF Arbitrage Fund-Regular Plan-Weekly IDCW,14.1779
2026-06-30,145894,LIC MF Arbitrage Fund-Direct Plan-Monthly IDCW,13.9124
2026-06-30,145895,LIC MF Arbitrage Fund-Direct Plan-Growth,15.3687
2026-06-30,145896,ICICI Prudential India Opportunities Fund - Cumulative Option,35.89
2026-06-30,145897,ICICI Prudential India Opportunities Fund - Direct Plan - Cumulative Option,39.43
2026-06-30,145898,ICICI Prudential India Opportunities Fund - Direct Plan - IDCW Option,24.06
2026-06-30,145899,ICICI Prudential India Opportunities Fund - IDCW Option,20.95
2026-06-30,145946,Motilal Oswal Liquid Fund - Regular Growth,14.6025
2026-06-30,145951,LIC MF Short Duration Fund-Regular Plan-IDCW,15.3697
2026-06-30,145952,LIC MF Short Duration Fund-Regular Plan-Growth,15.3697
2026-06-30,145953,LIC MF Short Duration Fund-Direct Plan-IDCW,16.5633
2026-06-30,145954,LIC MF Short Duration Fund-Direct Plan-Growth,16.5633
2026-06-30,145963,WhiteOak Capital Liquid Fund- Regular plan-Daily Reinvestment of Income Distribution cum capital withdrawal option (IDCW),1001.9023
2026-06-30,145964,WhiteOak Capital Liquid Fund- Regular plan-Weekly Payout/ Reinvestment of Income Distribution cum capital withdrawal option (IDCW),1001.9058
2026-06-30,145965,WhiteOak Capital Liquid Fund- Regular plan-Fortnightly Payout/ Reinvestment of Income Distribution cum capital withdrawal option (IDCW),1002.7626
2026-06-30,145966,WhiteOak Capital Liquid Fund- Direct plan-Fortnightly Payout/ Reinvestment of Income Distribution cum capital withdrawal option (IDCW),1001.6184
2026-06-30,145967,WhiteOak Capital Liquid Fund- Direct plan-Monthly  Payout/ Reinvestment of Income Distribution cum capital withdrawal option (IDCW),1004.9223
2026-06-30,145968,WhiteOak Capital Liquid Fund- Regular plan-Growth Option,1490.6945
2026-06-30,145969,WhiteOak Capital Liquid Fund- Direct plan-Daily Reinvestment of Income Distribution cum capital withdrawal option (IDCW),1001.9025
2026-06-30,145970,WhiteOak Capital Liquid Fund- Direct plan-Weekly Payout/ Reinvestment of Income Distribution cum capital withdrawal option (IDCW),1001.9202
2026-06-30,145971,WhiteOak Capital Liquid Fund- Direct plan-Growth Option,1501.1597
2026-06-30,145972,WhiteOak Capital Liquid Fund- Regular plan-Monthly Payout/ Reinvestment of Income Distribution cum capital withdrawal option (IDCW),1004.4779
2026-06-30,146005,TATA Balanced Advantage Fund Regular Plan - Payout of Income Distribution cum capital withdrawal option,20.1403
2026-06-30,146006,TATA Balanced Advantage Fund Direct Plan - Payout of Income Distribution cum capital withdrawal option,22.6752
2026-06-30,146007,Tata Balanced Advantage Fund-Regular Plan-Growth,20.9928
2026-06-30,146008,TATA Balanced Advantage Fund Direct Plan - Reinvestment of Income Distribution cum capital withdrawal option,22.6752
2026-06-30,146009,TATA Balanced Advantage Fund Regular Plan - Reinvestment of Income Distribution cum capital withdrawal option,20.1403
2026-06-30,146010,Tata Balanced Advantage Fund-Direct Plan-Growth,23.5285
2026-06-30,146061,DSP Overnight Fund - Regular Plan - Growth,1452.5477
2026-06-30,146062,DSP Overnight Fund - Direct Plan - Growth,1461.2286
2026-06-30,146063,DSP Overnight Fund - Regular Plan - IDCW - Weekly,1001.4409
2026-06-30,146065,DSP Overnight Fund - Direct Plan - IDCW - Daily,1000.0099
2026-06-30,146066,DSP Overnight Fund - Regular Plan - IDCW - Daily,1000.0099
2026-06-30,146067,TATA Ultra Short Term Fund-Direct Plan - Weekly Payout of Income Distribution cum capital withdrawal option,10.4023
2026-06-30,146068,TATA Ultra Short Term Fund Direct Plan - Weekly Reinvestment of Income Distribution cum capital withdrawal option,10.4023
2026-06-30,146069,TATA Ultra Short Term Fund-Direct Plan - Monthly Payout of Income Distribution cum capital withdrawal option,15.9559
2026-06-30,146070,Tata Ultra Short Term Fund-Regular Plan-Growth,15.0335
2026-06-30,146071,TATA Ultra Short Term Fund-Regular Plan - Weekly Payout of Income Distribution cum capital withdrawal option,10.3758
2026-06-30,146072,TATA Ultra Short Term Fund-Regular Plan - Monthly Payout of Income Distribution cum capital withdrawal option,15.0393
2026-06-30,146073,TATA Ultra Short Term Fund Regular Plan - Monthly Reinvestment of Income Distribution cum capital withdrawal option,15.0393
2026-06-30,146074,TATA Ultra Short Term Fund Regular Plan -Weekly Reinvestment of Income Distribution cum capital withdrawal option,10.3758
2026-06-30,146075,Tata Ultra Short Term Fund-Direct Plan-Growth,15.9345
2026-06-30,146076,TATA Ultra Short Term Fund Direct Plan - Monthly Reinvestment of Income Distribution cum capital withdrawal option,15.9559
2026-06-30,146127,CANARA ROBECO SMALL CAP FUND - REGULAR PLAN - GROWTH OPTION,39.7900
2026-06-30,146128,CANARA ROBECO SMALL CAP FUND - REGULAR PLAN - IDCW (Payout/Reinvestment),34.0600
2026-06-30,146130,CANARA ROBECO SMALL CAP FUND - DIRECT PLAN - GROWTH OPTION,44.4600
2026-06-30,146131,CANARA ROBECO SMALL CAP FUND - DIRECT PLAN - IDCW (Payout/Reinvestment),38.5100
2026-06-30,146138,Kotak Overnight Fund-Regular Plan- Daily Reinvestment of Income Distribution cum capital withdrawal option,1004.7568
2026-06-30,146140,Kotak Overnight Fund-Direct Plan- Daily Reinvestment of Income Distribution cum capital withdrawal option,1003.6055
2026-06-30,146141,Kotak Overnight Fund -Direct Plan-Growth Option,1455.4807
2026-06-30,146142,Kotak Overnight Fund -Regular plan-Growth Option,1445.5957
2026-06-30,146183,BANDHAN Overnight Fund - Direct Plan - Monthly IDCW,1000.1581
2026-06-30,146184,BANDHAN Overnight Fund - Direct Plan - Periodic IDCW,1325.7677
2026-06-30,146185,BANDHAN Overnight Fund - Regular Plan - Monthly IDCW,1000.1508
2026-06-30,146186,BANDHAN Overnight Fund - REGULAR PLAN PERIODIC IDCW,1320.5892
2026-06-30,146187,BANDHAN Overnight Fund - Regular Plan - Growth,1443.2345
2026-06-30,146188,BANDHAN Overnight Fund - Regular Plan - Daily IDCW,1000.0098
2026-06-30,146189,BANDHAN Overnight Fund - Regular Plan - Weekly IDCW,1001.9297
2026-06-30,146190,BANDHAN Overnight Fund - Direct Plan - Daily IDCW,1000.0098
2026-06-30,146191,BANDHAN Overnight Fund - Direct Plan - Growth,1454.8429
2026-06-30,146192,BANDHAN Overnight Fund - Direct Plan - Weekly IDCW,1000.7298
2026-06-30,146193,Edelweiss Small Cap Fund - Regular Plan - Growth,46.396
2026-06-30,146194,Edelweiss Small Cap Fund - Regular Plan - IDCW Option,40.317
2026-06-30,146196,Edelweiss Small Cap Fund - Direct Plan - Growth,51.96
2026-06-30,146197,Edelweiss Small Cap Fund - Direct Plan - IDCW Option,45.456
2026-06-30,146207,SBI Corporate Bond Fund - Regular Plan - Growth,16.3588
2026-06-30,146208,SBI Corporate Bond Fund - Regular Plan - Monthly Income Distribution cum Capital Withdrawal Option (IDCW),15.4386
2026-06-30,146210,SBI Corporate Bond Fund - Regular Plan - Quarterly Income Distribution cum Capital Withdrawal Option (IDCW),15.8944
2026-06-30,146212,SBI Corporate Bond Fund - Direct Plan - Monthly Income Distribution cum Capital Withdrawal Option (IDCW),15.9728
2026-06-30,146215,SBI Corporate Bond Fund - Direct Plan - Growth,16.9222
2026-06-30,146216,SBI Corporate Bond Fund - Direct Plan - Quarterly Income Distribution cum Capital Withdrawal Option (IDCW),16.4507
2026-06-30,146218,Motilal Oswal Liquid Fund Direct - IDCW  Quarterly Payout/Reinvestment,10.2911
2026-06-30,146220,Motilal Oswal Liquid Fund Regular - IDCW Monthly Payout/Reinvestment,10.0340
2026-06-30,146222,Motilal Oswal Liquid Fund Regular - IDCW Quarterly Payout/Reinvestment,10.2812
2026-06-30,146223,Motilal Oswal Liquid Fund Direct - IDCW Monthly Payout/Reinvestment,10.0340
2026-06-30,146224,Motilal Oswal Liquid Fund Regular - IDCW Weekly Reinvestment,10.0170
2026-06-30,146226,Motilal Oswal Liquid Fund Direct - IDCW Fortnightly Reinvestment,10.0111
2026-06-30,146227,Motilal Oswal Liquid Fund Regular - IDCW Daily Reinvestment,10.0094
2026-06-30,146228,Motilal Oswal Liquid Fund Direct - IDCW Reinvestment,10.0094
2026-06-30,146229,Motilal Oswal Liquid Fund Direct - IDCW Weekly Reinvestment,10.0111
2026-06-30,146230,Motilal Oswal Liquid Fund Regular - IDCW Fortnightly Reinvestment,10.0111
2026-06-30,146271,Nippon India ETF Nifty Midcap 150,235.1368
2026-06-30,146294,Union Arbitrage Fund - Regular Plan - Growth Option,14.8226
2026-06-30,146295,Union Arbitrage Fund - Regular Plan - IDCW Option,14.4732
2026-06-30,146296,Union Arbitrage Fund - Direct Plan - IDCW Option,15.0655
2026-06-30,146297,Union Arbitrage Fund - Direct Plan - Growth Option,15.4317
2026-06-30,146346,ICICI Prudential Retirement Fund - Pure Equity - Growth Option,34.62
2026-06-30,146347,ICICI Prudential Retirement Fund - Pure Equity - IDCW Option,34.62
2026-06-30,146348,ICICI Prudential Retirement Fund - Pure Equity - Direct Plan - IDCW Option,38.63
2026-06-30,146349,ICICI Prudential Retirement Fund - Pure Equity - Direct Plan - Growth Option,38.64
2026-06-30,146376,DSP Nifty 50 Index Fund - Direct Plan - Growth,23.5146
2026-06-30,146377,DSP Nifty 50 Index Fund - Direct Plan - IDCW,20.1205
2026-06-30,146378,DSP Nifty 50 Index Fund - Regular Plan - IDCW,18.8981
2026-06-30,146379,DSP Nifty 50 Index Fund - Regular Plan - Growth,23.1746
2026-06-30,146380,DSP Nifty Next 50 Index Fund - Regular Plan - Growth,27.6475
2026-06-30,146381,DSP Nifty Next 50 Index Fund - Direct Plan - Growth,28.3249
2026-06-30,146382,DSP Nifty Next 50 Index Fund - Direct Plan - IDCW,23.2017
2026-06-30,146383,DSP Nifty Next 50 Index Fund - Regular Plan - IDCW,22.6672
2026-06-30,146388,UTI - BSE Sensex Next 50 Exchange Traded Fund,92.543
2026-06-30,146405,ADITYA BIRLA SUN LIFE BAL BHAVISHYA YOJNA- Regular - IDCW,16.6
2026-06-30,146407,ADITYA BIRLA SUN LIFE BAL BHAVISHYA YOJNA DIRECT GROWTH,22.92
2026-06-30,146408,ADITYA BIRLA SUN LIFE BAL BHAVISHYA YOJNA- Direct - IDCW,18.69
2026-06-30,146409,ADITYA BIRLA SUN LIFE BAL BHAVISHYA YOJNA REGULAR GROWTH,20.34
2026-06-30,146455,Invesco India Equity Savings Fund - Regular Plan - IDCW (Payout / Reinvestment),16.5308
2026-06-30,146456,Invesco India Equity Savings Fund - Regular Plan - Growth,16.5317
2026-06-30,146457,Invesco India Equity Savings Fund - Direct Plan - Growth,18.6632
2026-06-30,146458,Invesco India Equity Savings Fund - Direct Plan - IDCW (Payout / Reinvestment),18.608
2026-06-30,146512,NIPPON INDIA NIFTY NEXT 50 JUNIOR BEES FOF - IDCW Option,26.5865
2026-06-30,146513,Nippon India Nifty Next 50 Junior BeES FoF - Direct Plan - Growth Plan - Growth Option,27.0323
2026-06-30,146514,Nippon India Nifty Next 50 Junior BeES FoF - Growth Plan - Growth Option,26.5865
2026-06-30,146515,NIPPON INDIA NIFTY NEXT 50 JUNIOR BEES FOF - DIRECT Plan - IDCW Option,27.0323
2026-06-30,146548,Mahindra Manulife Large Cap Fund - Regular Plan - IDCW,14.5715
2026-06-30,146549,Mahindra Manulife Large Cap Fund - Direct Plan -Growth,24.8908
2026-06-30,146550,Mahindra Manulife Large Cap Fund - Direct Plan - IDCW,17.3411
2026-06-30,146551,Mahindra Manulife Large Cap Fund - Regular Plan - Growth,21.8446
2026-06-30,146574,Aditya Birla Sun Life Retirement Fund-The 30s Plan-Regular - Payout of IDCW,18.016
2026-06-30,146575,Aditya Birla Sun Life Retirement Fund-The 30s Plan-Direct Growth,24.72
2026-06-30,146576,Aditya Birla Sun Life Retirement Fund-The 30s Plan-Direct - Payout of IDCW,20.123
2026-06-30,146577,Aditya Birla Sun Life Retirement Fund-The 30s Plan-Regular Growth,22.13
2026-06-30,146641,SBI Equity Minimum Variance Fund - Regular Plan - Income Distribution cum Capital Withdrawal Option (IDCW),23.6462
2026-06-30,146642,SBI Equity Minimum Variance Fund - Direct Plan - Income Distribution cum Capital Withdrawal Option (IDCW),24.2673
2026-06-30,146643,SBI Equity Minimum Variance Fund - Direct Plan - Growth,24.2688
2026-06-30,146644,SBI Equity Minimum Variance Fund - Regular Plan - Growth,23.6424
2026-06-30,146675,Axis Overnight Fund - Direct Plan - Growth Option,1444.0699
2026-06-30,146676,Axis Overnight Fund - Direct Plan - Weekly IDCW,1000.8510
2026-06-30,146677,Axis Overnight Fund - Direct Plan - Monthly IDCW,1001.5833
2026-06-30,146678,Axis Overnight Fund - Regular Plan - Growth Option,1438.5935
2026-06-30,146679,Axis Overnight Fund - Direct Plan - Daily IDCW,1000.5073
2026-06-30,146680,Axis Overnight Fund - Regular Plan - Weekly IDCW,1000.8196
2026-06-30,146681,Axis Overnight Fund - Regular Plan - Monthly IDCW,1001.5699
2026-06-30,146682,Axis Overnight Fund - Regular Plan - Daily IDCW,1000.5032
2026-06-30,146695,BANDHAN Fixed Term Plan Series 179 REGULAR PLAN-GROWTH (3652 days),17.7026
2026-06-30,146699,BANDHAN Fixed Term Plan Series 179 DIRECT PLAN HALF YEARLY-IDCW (3652 days),11.5068
2026-06-30,146701,BANDHAN Fixed Term Plan Series 179 DIRECT PLAN-GROWTH (3652 days),18.0287
2026-06-30,146702,BANDHAN Fixed Term Plan Series 179 REGULAR PLAN PERIODIC-IDCW (3652 days),15.2511
2026-06-30,146716,ICICI Prudential Retirement Fund - Hybrid Conservative - Direct Plan - Growth Option,20.0809
2026-06-30,146717,ICICI Prudential Retirement Fund - Hybrid Conservative - Growth Option,18.2263
2026-06-30,146718,ICICI Prudential Retirement Fund - Hybrid Conservative - Direct Plan - IDCW Option,20.0805
2026-06-30,146719,ICICI Prudential Retirement Fund - Hybrid Conservative - IDCW Option,18.2262
2026-06-30,146720,ICICI Prudential Retirement Fund - Hybrid Aggressive - Direct Plan - IDCW Option,31.21
2026-06-30,146721,ICICI Prudential Retirement Fund - Hybrid Aggressive - Direct Plan - Growth Option,31.21
2026-06-30,146722,ICICI Prudential Retirement Fund - Hybrid Aggressive - Growth Option,27.88
2026-06-30,146723,ICICI Prudential Retirement Fund - Hybrid Aggressive - IDCW Option,27.88
2026-06-30,146724,ICICI Prudential Retirement Fund - Pure Debt - IDCW Option,15.6887
2026-06-30,146725,ICICI Prudential Retirement Fund - Pure Debt - Direct Plan - IDCW Option,17.1785
2026-06-30,146726,ICICI Prudential Retirement Fund - Pure Debt - Growth Option,15.6885
2026-06-30,146727,ICICI Prudential Retirement Fund - Pure Debt - Direct Plan - Growth Option,17.1786
2026-06-30,146769,HSBC Large & Mid Cap Fund - Regular IDCW,20.4133
2026-06-30,146770,HSBC Large & Mid Cap Fund - Direct IDCW,22.6603
2026-06-30,146771,HSBC Large & Mid Cap Fund - Regular Growth,29.4785
2026-06-30,146772,HSBC Large & Mid Cap Fund - Direct Growth,32.548
2026-06-30,146795,ICICI Prudential Fixed Maturity Plan - Series 85 - 10 Years Plan I - Direct Plan Cumulative Option,17.9608
2026-06-30,146797,ICICI Prudential Fixed Maturity Plan - Series 85 - 10 Years Plan I - Cumulative Option,17.7178
2026-06-30,146800,ICICI Prudential Fixed Maturity Plan - Series 85 - 10 Years Plan I - Quarterly IDCW Option,17.4052
2026-06-30,146927,Aditya Birla Sun Life Retirement Fund-The 40s Plan- Direct - Payout of IDCW,17.208
2026-06-30,146928,Aditya Birla Sun Life Retirement Fund-The 40s Plan-Regular - Payout of IDCW,15.445
2026-06-30,146929,Aditya Birla Sun Life Retirement Fund-The 40s Plan-Regular Plan-Growth,18.977
2026-06-30,146930,Aditya Birla Sun Life Retirement Fund-The 40s Plan-Direct Plan-Growth,21.144
2026-06-30,146937,Aditya Birla Sun Life Retirement Fund-The 50s Plan- Direct - Payout of IDCW,13.5787
2026-06-30,146938,Aditya Birla Sun Life Retirement Fund-The 50s Plan-Regular Plan-Growth,15.1
2026-06-30,146939,Aditya Birla Sun Life Retirement Fund-The 50s Plan- Regular - Payout of IDCW,12.2842
2026-06-30,146940,Aditya Birla Sun Life Retirement Fund-The 50s Plan-Direct Plan-Growth,16.6917
2026-06-30,146941,Aditya Birla Sun Life Retirement Fund-The 50s Plus-Debt Plan-Regular Plan-Growth,13.6105
2026-06-30,146942,Aditya Birla Sun Life Retirement Fund-The 50s Plus-Debt Plan - Regular - Payout of IDCW,11.0708
2026-06-30,146943,Aditya Birla Sun Life Retirement Fund-The 50s Plus-Debt Plan-Direct Plan-Growth,14.9195
2026-06-30,146944,Aditya Birla Sun Life Retirement Fund-The 50s Plus-Debt Plan - Direct - Payout of IDCW,12.1339
2026-06-30,146949,ICICI Prudential Bharat Consumption Fund - Direct Plan - IDCW Option,17.01
2026-06-30,146950,ICICI Prudential Bharat Consumption Fund - Growth Option,24.47
2026-06-30,146951,ICICI Prudential Bharat Consumption Fund - Direct Plan - Growth Option,26.51
2026-06-30,146952,ICICI Prudential Bharat Consumption Fund - IDCW Option,15.20
2026-06-30,146957,Sundaram Overnight Fund Direct Plan - Monthly Reinvestment of Income Distribution cum Capital Withdrawal (IDCW),1047.1085
2026-06-30,146959,Sundaram Overnight Fund Regular Plan - Growth,1438.5707
2026-06-30,146960,Sundaram Overnight Fund Regular Plan - Monthly Payout of Income Distribution cum Capital Withdrawal (IDCW),1041.9331
2026-06-30,146961,Sundaram Overnight Fund Regular Plan - Monthly Reinvestment of Income Distribution cum Capital Withdrawal (IDCW),1041.9331
2026-06-30,146962,Sundaram Overnight Fund Direct Plan - Monthly Payout of Income Distribution cum Capital Withdrawal (IDCW),1047.1085
2026-06-30,146963,Sundaram Overnight Fund Direct Plan - Growth,1448.7980
2026-06-30,146973,SBI Fixed Maturity Plan (FMP) - Series 1 (3668 Days) - Regular Plan - Income Distribution cum Capital Withdrawal Option (IDCW),17.4229
2026-06-30,146974,SBI Fixed Maturity Plan (FMP) - Series 1 (3668 Days) - Direct Plan - Growth,17.6467
2026-06-30,146975,SBI Fixed Maturity Plan (FMP) - Series 1 (3668 Days) - Direct Plan - Income Distribution cum Capital Withdrawal Option (IDCW),17.6642
2026-06-30,146976,SBI Fixed Maturity Plan (FMP) - Series 1 (3668 Days) - Regular Plan - Growth,17.4229
2026-06-30,146977,Tata Overnight Fund-Regular Plan-Growth,1428.3438
2026-06-30,146978,TATA Overnight Fund Direct Plan - Daily Reinvestment of Income Distribution cum capital withdrawal option,1000.0000
2026-06-30,146979,TATA Overnight Fund Regular Plan - Daily Reinvestment of Income Distribution cum capital withdrawal option,1000.0000
2026-06-30,146980,Tata Overnight Fund-Direct Plan-Growth,1440.1658
2026-06-30,146997,Union Overnight Fund - Regular Plan - Growth Option,1425.7060
2026-06-30,146998,Union Overnight Fund - Regular Plan - Daily IDCW Option,1001.2621
2026-06-30,147000,Union Overnight Fund - Regular Plan - Monthly IDCW Option,1001.3305
2026-06-30,147002,Union Overnight Fund - Direct Plan - Daily IDCW Option,1000.8056
2026-06-30,147003,Union Overnight Fund - Direct Plan - Growth Option,1435.9782
2026-06-30,147006,Union Overnight Fund - Direct Plan - Monthly IDCW Option,1001.3367
2026-06-30,147095,NIPPON INDIA FIXED MATURITY  PLAN - XLI - SERIES 8 - DIRECT Plan - IDCW Option,17.6729
2026-06-30,147096,NIPPON INDIA FIXED MATURITY PLAN  - XLI - SERIES 8 - IDCW Option,17.2986
2026-06-30,147097,Nippon India Fixed Maturity Plan XLI - Series 8 - Growth Option,17.2986
2026-06-30,147098,Nippon India Fixed Maturity Plan XLI - Series 8 - Direct Plan - Growth Option,17.6729
2026-06-30,147128,UTI Ultra Short Duration Fund - Direct Plan - Half-Yearly IDCW,1537.9016
2026-06-30,147153,ITI Liquid Fund - Regular Plan - Growth Option,1442.1596
2026-06-30,147154,ITI Liquid Fund - Regular Plan - Daily IDCW Option,1001.1719
2026-06-30,147156,ITI Liquid Fund - Regular Plan - Monthly IDCW Option,1001.5385
2026-06-30,147157,ITI Liquid Fund - Direct Plan - Growth Option,1456.4792
2026-06-30,147158,ITI Liquid Fund - Direct Plan - Daily IDCW Option,1001.1676
2026-06-30,147159,ITI Liquid Fund - Direct Plan - Weekly IDCW Option,1001.1728
2026-06-30,147160,ITI Liquid Fund - Direct Plan - Fortnightly IDCW Option,1001.9949
2026-06-30,147161,ITI Liquid Fund - Direct Plan - Annually IDCW Option,1458.4124
2026-06-30,147162,ITI Liquid Fund - Regular Plan - Annually IDCW Option,1451.3636
2026-06-30,147163,ITI Liquid Fund - Direct Plan - Monthly IDCW Option,1001.9949
2026-06-30,147164,ITI Liquid Fund - Regular Plan - Weekly IDCW Option,1001.3373
2026-06-30,147183,ITI Multi Cap Fund - Direct Plan - Growth Option,29.3042
2026-06-30,147184,ITI Multi Cap Fund - Regular Plan - Growth Option,25.5675
2026-06-30,147185,ITI Multi Cap Fund - Regular Plan - IDCW Option,22.3646
2026-06-30,147186,ITI Multi Cap Fund - Direct Plan - IDCW Option,25.9249
2026-06-30,147193,Baroda BNP Paribas Overnight Fund - Regular Plan - Growth,1426.1810
2026-06-30,147194,Baroda BNP Paribas Overnight Fund - Regular Plan - Daily IDCW,1000.0018
2026-06-30,147195,Baroda BNP Paribas Overnight Fund - Direct Plan - Weekly IDCW,1000.1079
2026-06-30,147196,Baroda BNP Paribas Overnight Fund - Direct Plan - Growth,1432.9399
2026-06-30,147197,Baroda BNP Paribas Overnight Fund - Direct Plan - Daily IDCW,1000.0028
2026-06-30,147198,Baroda BNP Paribas Overnight Fund - Regular Plan - Weekly IDCW,1000.5950
2026-06-30,147203,Mirae Asset Focused Fund Regular Plan Growth,23.975
2026-06-30,147204,Mirae Asset Focused Fund Regular IDCW,22.041
2026-06-30,147205,Mirae Asset Focused Fund Direct IDCW,24.262
2026-06-30,147206,Mirae Asset Focused Fund Direct Plan Growth,26.379
2026-06-30,147211,Franklin India Overnight Fund - Direct Weekly Dividend Plan - Weekly - IDCW,1000.3033
2026-06-30,147212,Franklin India Overnight Fund - Direct Daily Dividend Plan - Daily - IDCW,1000.0007
2026-06-30,147213,Franklin India Overnight fund- Growth,1418.1803
2026-06-30,147214,Franklin India Overnight Fund- Growth - Direct,1423.1329
2026-06-30,147215,Franklin India Overnight Fund - Daily Dividend Plan - Daily - IDCW,1000.0001
2026-06-30,147216,Franklin India Overnight Fund - Weekly Dividend Plan - Weekly - IDCW,1000.3059
2026-06-30,147247,SBI Fixed Maturity Plan (FMP) - Series 6 (3668 Days) - Regular Plan - Growth,16.8725
2026-06-30,147248,SBI Fixed Maturity Plan (FMP) - Series 6 (3668 Days) - Direct Plan - Growth,17.1616
2026-06-30,147249,SBI Fixed Maturity Plan (FMP) - Series 6 (3668 Days) - Direct Plan - Income Distribution cum Capital Withdrawal Option (IDCW),17.1620
2026-06-30,147250,SBI Fixed Maturity Plan (FMP) - Series 6 (3668 Days) - Regular Plan - Income Distribution cum Capital Withdrawal Option (IDCW),16.8748
2026-06-30,147265,KOTAK FLOATING RATE FUND-REGULAR PLAN-STANDARD Reinvestment of Income Distribution cum capital withdrawal option,1434.1463
2026-06-30,147266,KOTAK FLOATING RATE FUND-REGULAR PLAN-GROWTH OPTION,1609.2039
2026-06-30,147267,KOTAK FLOATING RATE FUND-DIRECT PLAN-Standard Reinvestment of Income Distribution cum capital withdrawal option,1440.6502
2026-06-30,147269,KOTAK FLOATING RATE FUND-DIRECT PLAN-GROWTH OPTION,1653.7256
2026-06-30,147287,HSBC Overnight Fund - Direct Growth,1427.5094
2026-06-30,147288,HSBC Overnight Fund - Regular Weekly IDCW,1000.0404
2026-06-30,147289,HSBC Overnight Fund - Regular Daily IDCW,1000.0149
2026-06-30,147290,HSBC Overnight Fund - Regular Growth,1415.3089
2026-06-30,147291,HSBC Overnight Fund - Direct Daily IDCW,1000.0149
2026-06-30,147296,HSBC Overnight Fund - Direct Weekly IDCW,1000.015
2026-06-30,147300,HSBC Overnight Fund - Direct Monthly IDCW,1000.7168
2026-06-30,147301,HSBC Overnight Fund - Regular Monthly IDCW,1000.7083
2026-06-30,147303,DSP Quant Fund - Regular Plan - Growth,20.846
2026-06-30,147304,DSP Quant Fund - Direct Plan - IDCW,16.766
2026-06-30,147305,DSP Quant Fund - Regular Plan - IDCW,15.830
2026-06-30,147306,DSP Quant Fund - Direct Plan - Growth,21.954
2026-06-30,147307,WhiteOak Capital Ultra Short Duration Fund- Regular plan-Growth Option,1440.3479
2026-06-30,147308,WhiteOak Capital Ultra Short Duration Fund- Regular plan-Daily Reinvestment of Income Distribution cum capital withdrawal option (IDCW),1004.9919
2026-06-30,147309,WhiteOak Capital Ultra Short Duration Fund- Regular plan-Fortnightly Payout/ Reinvestment of Income Distribution cum capital withdrawal option (IDCW),1004.7025
2026-06-30,147310,WhiteOak Capital Ultra Short Duration Fund- Regular plan-Weekly Payout/ Reinvestment of Income Distribution cum capital withdrawal option (IDCW),1006.2616
2026-06-30,147311,WhiteOak Capital Ultra Short Duration Fund- Direct plan-Growth Option,1498.9134
2026-06-30,147312,WhiteOak Capital Ultra Short Duration Fund- Direct plan-Monthly Payout/ Reinvestment of Income Distribution cum capital withdrawal option (IDCW),1009.2827
2026-06-30,147313,WhiteOak Capital Ultra Short Duration Fund- Direct plan-Weekly Payout/ Reinvestment of Income Distribution cum capital withdrawal option (IDCW),1004.8482
2026-06-30,147314,WhiteOak Capital Ultra Short Duration Fund- Regular plan-Monthly Payout/ Reinvestment of Income Distribution cum capital withdrawal option (IDCW),1007.9639
2026-06-30,147315,WhiteOak Capital Ultra Short Duration Fund- Direct plan-Fortnightly Payout/ Reinvestment of Income Distribution cum capital withdrawal option (IDCW),1004.7043
2026-06-30,147316,WhiteOak Capital Ultra Short Duration Fund- Direct plan-Daily Reinvestment of Income Distribution cum capital withdrawal option (IDCW),1004.9898
2026-06-30,147345,ICICI Prudential MNC Fund - Growth Option,29.92
2026-06-30,147346,ICICI Prudential MNC Fund - Direct Plan - Growth Option,32.71
2026-06-30,147347,ICICI Prudential MNC Fund - Direct Plan - IDCW Option,19.61
2026-06-30,147348,ICICI Prudential MNC Fund - IDCW Option,17.27
2026-06-30,147371,QUANTUM ESG BEST IN CLASS STRATEGY FUND - REGULAR PLAN - GROWTH OPTION,22.50
2026-06-30,147372,QUANTUM ESG BEST IN CLASS STRATEGY FUND - DIRECT PLAN - GROWTH OPTION,24.06
2026-06-30,147373,Baroda BNP Paribas Money Market Fund - Direct Plan - Monthly IDCW,1033.6153
2026-06-30,147376,Baroda BNP Paribas Money Market Fund - Regular Plan - Monthly IDCW,1013.8829
2026-06-30,147377,Baroda BNP Paribas Money Market Fund- Direct Plan - Growth,1492.2751
2026-06-30,147378,Baroda BNP Paribas Money Market Fund - Direct Plan-Daily IDCW,1000.9924
2026-06-30,147379,Baroda BNP Paribas Money Market Fund -Direct Plan - Weekly IDCW,1000.9943
2026-06-30,147380,Baroda BNP Paribas Money Market Fund-Regular Plan- Daily IDCW,1005.9752
2026-06-30,147381,Baroda BNP Paribas Money Market Fund-Regular Plan-Weekly IDCW,1000.9944
2026-06-30,147382,Baroda BNP Paribas Money Market Fund-Regular Plan - Growth,1467.7175
2026-06-30,147403,Shriram Balanced Advantage Fund - Direct- IDCW,18.5295
2026-06-30,147404,Shriram Balanced Advantage Fund - Regular-IDCW,16.4352
2026-06-30,147405,Shriram Balanced Advantage Fund - Regular Growth,16.4126
2026-06-30,147406,Shriram Balanced Advantage Fund - Direct Growth,18.6898
2026-06-30,147407,Aditya Birla Sun Life Pharma and Healthcare Fund-Regular-Growth,34.85
2026-06-30,147408,Aditya Birla Sun Life Pharma and Healthcare Fund-Regular - Payout of IDCW,23.01
2026-06-30,147409,Aditya Birla Sun Life Pharma and Healthcare Fund-Direct-Growth,38.75
2026-06-30,147410,Aditya Birla Sun Life Pharma and Healthcare Fund-Direct - Payout of IDCW,25.19
2026-06-30,147441,Motilal Oswal Liquid Fund - Unclaimed Dividend- Upto 3 years,14.3909
2026-06-30,147442,Motilal Oswal Liquid Fund - Unclaimed Dividend - Greater than 3 years,10.0000
2026-06-30,147443,Motilal Oswal Liquid Fund - Unclaimed Redemption - Greater than 3 years,10.0000
2026-06-30,147444,Motilal Oswal Liquid Fund - Unclaimed Redemption - Upto 3 years,14.1044
2026-06-30,147445,Mirae Asset Midcap Fund- Direct Growth Option,42.559
2026-06-30,147446,Mahindra Manulife Aggressive Hybrid Fund - Direct Plan -Growth,30.0479
2026-06-30,147447,Mahindra Manulife Aggressive Hybrid Fund - Regular Plan - Growth,26.5799
2026-06-30,147448,Mahindra Manulife Aggressive Hybrid Fund - Direct Plan - Monthly IDCW,20.9613
2026-06-30,147449,Mahindra Manulife Aggressive Hybrid Fund - Regular Plan - Monthly IDCW,17.9332
2026-06-30,147450,Groww Overnight Fund (formerly known as Indiabulls Overnight Fund)- Direct Plan- Growth Option,1405.2097
2026-06-30,147451,Groww Overnight Fund (formerly known as Indiabulls Overnight Fund)- Direct Plan- Weekly - Income Distribution cum capital withdrawal Option (Payout & Reinvestment),1002.4085
2026-06-30,147452,Groww Overnight Fund (formerly known as Indiabulls Overnight Fund)- Direct Plan- Fortnightly - Income Distribution cum capital withdrawal Option (Payout & Reinvestment),1215.6801
2026-06-30,147453,Groww Overnight Fund (formerly known as Indiabulls Overnight Fund)- Direct Plan- Monthly - Income Distribution cum capital withdrawal Option (Payout & Reinvestment),1005.4138
2026-06-30,147454,Groww Overnight Fund (formerly known as Indiabulls Overnight Fund)- Regular Plan- Growth Option,1395.991
2026-06-30,147455,Groww Overnight Fund (formerly known as Indiabulls Overnight Fund)- Regular Plan- - Income Distribution cum capital withdrawal Option ( Reinvestment),1001.0499
2026-06-30,147456,Groww Overnight Fund (formerly known as Indiabulls Overnight Fund)- Regular Plan- Weekly - Income Distribution cum capital withdrawal Option (Payout & Reinvestment),1001.0472
2026-06-30,147457,Groww Overnight Fund (formerly known as Indiabulls Overnight Fund)- Regular Plan- Fortnightly - Income Distribution cum capital withdrawal Option (Payout & Reinvestment),1001.6417
2026-06-30,147458,Groww Overnight Fund (formerly known as Indiabulls Overnight Fund)- Direct Plan- - Income Distribution cum capital withdrawal Option ( Reinvestment),1001.4878
2026-06-30,147459,Groww Overnight Fund (formerly known as Indiabulls Overnight Fund)- Regular Plan- Monthly - Income Distribution cum capital withdrawal Option (Payout & Reinvestment),1005.2524
2026-06-30,147472,Kotak Focused Fund- Regular Plan-Income Distribution cum capital withdrawal option,26.969
2026-06-30,147473,Kotak Focused Fund- Direct Plan- Growth option,30.018
2026-06-30,147475,Kotak Focused Fund-Direct Plan- Income Distribution cum capital withdrawal option,30.02
2026-06-30,147477,Kotak Focused Fund- Regular plan _ Growth Option,26.969
2026-06-30,147478,Mirae Asset Midcap Fund Direct IDCW,27.969
2026-06-30,147479,Mirae Asset Midcap Fund - Regular Plan-Growth Option,38.945
2026-06-30,147480,Mirae Asset Midcap Fund Regular IDCW,25.433
2026-06-30,147481,Parag Parikh ELSS Tax Saver Fund- Direct Growth,31.7430
2026-06-30,147482,Parag Parikh ELSS Tax Saver Fund- Regular Growth,29.2293
2026-06-30,147483,ICICI Prudential Nifty Bank ETF,59.0827
2026-06-30,147490,Union Focused Fund - Regular Plan - Growth Option,27.09
2026-06-30,147491,Union Focused Fund - Direct Plan - IDCW Option,28.94
2026-06-30,147492,Union Focused Fund - Direct Plan - Growth Option,28.94
2026-06-30,147493,Union Focused Fund - Regular Plan - IDCW Option,27.09
2026-06-30,147494,Baroda BNP Paribas Equity Savings Fund - Regular Plan - Growth,17.1833
2026-06-30,147495,Baroda BNP Paribas Equity Savings Fund - Regular Plan - IDCW,12.8059
2026-06-30,147496,Baroda BNP Paribas Equity Savings Fund - Direct Plan - Growth,18.5322
2026-06-30,147498,Baroda BNP Paribas Equity Savings Fund - Direct Plan - IDCW,13.8106
2026-06-30,147512,LIC MF Overnight Fund-Regular Plan-IDCW,1240.2498
2026-06-30,147513,LIC MF Overnight Fund-Direct Plan-IDCW,1414.2596
2026-06-30,147514,LIC MF Overnight Fund-Direct Plan-Weekly IDCW,1101.582
2026-06-30,147515,LIC MF Overnight Fund-Direct Plan-Growth,1414.0905
2026-06-30,147516,LIC MF Overnight Fund-Direct Plan-Daily IDCW,1119.8865
2026-06-30,147517,LIC MF Overnight Fund-Regular Plan-Daily IDCW,1115.8258
2026-06-30,147518,LIC MF Overnight Fund-Regular Plan-Weekly IDCW,1180.2772
2026-06-30,147519,LIC MF Overnight Fund-Regular Plan-Growth,1402.2778
2026-06-30,147530,ICICI Prudential Nifty Private Bank ETF,28.1915
2026-06-30,147531,CANARA ROBECO OVERNIGHT FUND - DIRECT PLAN - GROWTH OPTION,1408.0373
2026-06-30,147532,CANARA ROBECO OVERNIGHT FUND - DIRECT PLAN - DAILY IDCW (Reinvestment),1001.0012
2026-06-30,147533,CANARA ROBECO OVERNIGHT FUND - REGULAR PLAN - DAILY IDCW (Reinvestment),1001.0000
2026-06-30,147534,CANARA ROBECO OVERNIGHT FUND - REGULAR PLAN - GROWTH OPTION,1406.4821
2026-06-30,147541,ITI ELSS Tax Saver Fund - Direct Plan - Growth Option,28.5439
2026-06-30,147542,ITI ELSS Tax Saver Fund - Direct Plan - IDCW Option,25.2533
2026-06-30,147543,ITI ELSS Tax Saver Fund - Regular Plan - IDCW Option,21.8927
2026-06-30,147544,ITI ELSS Tax Saver Fund - Regular Plan - Growth Option,25.0135
2026-06-30,147549,Edelweiss Overnight Fund - Regular Plan - Fortnightly - IDCW Option,1095.4773
2026-06-30,147550,Edelweiss Overnight Fund - Direct Plan - Fortnightly - IDCW Option,1370.9459
2026-06-30,147551,Edelweiss Overnight Fund - Direct Plan - Annual - IDCW Option,1411.532
2026-06-30,147552,Edelweiss Overnight Fund - Regular Plan - Daily - IDCW Option,1008.3719
2026-06-30,147553,Edelweiss Overnight Fund - Regular Plan - Weekly - IDCW Option,1016.5569
2026-06-30,147554,Edelweiss Overnight Fund - Direct Plan - Monthly - IDCW Option,1058.2761
2026-06-30,147555,Edelweiss Overnight Fund - Regular Plan - Monthly - IDCW Option,1005.1355
2026-06-30,147556,Edelweiss Overnight Fund - Regular Plan - Annual - IDCW Option,1405.727
2026-06-30,147557,Edelweiss Overnight Fund - Direct Plan - Daily - IDCW Option,1000.2326
2026-06-30,147558,Edelweiss Overnight Fund - Direct Plan - Weekly - IDCW Option,1378.3138
2026-06-30,147563,Mahindra Manulife Overnight Fund - Direct Plan - Daily IDCW,1415.2667
2026-06-30,147564,Mahindra Manulife Overnight Fund - Direct Plan -Growth,1411.7896
2026-06-30,147565,Mahindra Manulife Overnight Fund - Regular Plan - Growth,1401.9484
2026-06-30,147566,Mahindra Manulife Overnight Fund - Regular Plan - Daily IDCW,1243.3217
2026-06-30,147567,Axis Money Market Fund - Direct Plan - Growth Option,1541.7803
2026-06-30,147568,Axis Money Market Fund - Regular Plan - Growth Option,1525.2367
2026-06-30,147569,Edelweiss Overnight Fund - Regular Plan - Growth,1405.7157
2026-06-30,147570,Edelweiss Overnight Fund - Direct Plan - Growth,1411.0649
2026-06-30,147571,Axis Money Market Fund - Direct Plan - Daily IDCW,1005.6131
2026-06-30,147572,Axis Money Market Fund - Direct Plan - Monthly IDCW,1010.3230
2026-06-30,147573,Axis Money Market Fund - Direct Plan - Quarterly IDCW,1195.1832
2026-06-30,147574,Axis Money Market Fund - Regular Plan - Quarterly IDCW,1179.5366
2026-06-30,147575,Axis Money Market Fund - Regular Plan - Annual IDCW,1290.2481
2026-06-30,147576,Axis Money Market Fund - Direct Plan - Annual IDCW,1305.8750
2026-06-30,147577,Axis Money Market Fund - Regular Plan - Daily IDCW,1005.6127
2026-06-30,147578,Axis Money Market Fund - Regular Plan - Monthly IDCW,1007.4334
2026-06-30,147579,Nippon India ETF BSE Sensex Next 50,90.6189
2026-06-30,147600,PGIM India Overnight Fund - Regular Plan- Growth Option,1399.8375
2026-06-30,147605,PGIM India Overnight Fund - Direct Plan - Daily Dividend Option,1000.0088
2026-06-30,147606,PGIM India Overnight Fund - Direct Plan - Growth Option,1406.1372
2026-06-30,147607,PGIM India Overnight Fund - Regular Plan - Weekly Dividend Option,1007.6634
2026-06-30,147608,PGIM India Overnight Fund - Direct Plan - Weekly Dividend Option,1001.003
2026-06-30,147609,PGIM India Overnight Fund - Regular Plan - Daily Dividend Option,1000
2026-06-30,147614,Tata Nifty Private Bank Exchange Traded Fund,289.1596
2026-06-30,147615,ITI Arbitrage Fund - Direct Plan - IDCW Option,14.3938
2026-06-30,147616,ITI Arbitrage Fund - Regular Plan - IDCW Option,13.6849
2026-06-30,147617,ITI Arbitrage Fund - Direct Plan - Growth Option,14.3938
2026-06-30,147618,ITI Arbitrage Fund - Regular Plan - Growth Option,13.6849
2026-06-30,147619,Motilal Oswal Nifty Bank Index - Regular Plan,20.3754
2026-06-30,147620,Motilal Oswal Nifty Bank Index Fund - Direct Plan,21.3918
2026-06-30,147621,Motilal Oswal Nifty Midcap 150 Index Fund - Regular Plan,39.2715
2026-06-30,147622,Motilal Oswal Nifty Midcap 150 Index Fund - Direct Plan,41.2786
2026-06-30,147623,Motilal Oswal Nifty Smallcap 250 Index Fund- Direct Plan,39.6549
2026-06-30,147624,Motilal Oswal Nifty Smallcap 250 Index - Regular Plan,37.8221
2026-06-30,147625,Motilal Oswal Nifty 500 Index Fund - Direct Plan,26.8186
2026-06-30,147626,Motilal Oswal Nifty 500 Index Fund - Regular Plan,25.6082
2026-06-30,147645,ICICI Prudential Global Advantage Fund (FOF) - Direct Plan - IDCW,22.5495
2026-06-30,147646,ICICI Prudential Global Advantage Fund (FOF) - IDCW,21.5386
2026-06-30,147647,ICICI Prudential Global Advantage Fund (FOF) - Growth Option,21.5393
2026-06-30,147648,ICICI Prudential Global Advantage Fund (FOF) - Direct Plan - Growth Option,22.5496
2026-06-30,147661,ICICI Prudential Commodities Fund - Growth Option,45.99
2026-06-30,147662,ICICI Prudential Commodities Fund - Direct Plan - Growth Option,50.12
2026-06-30,147663,ICICI Prudential Commodities Fund - IDCW Option,29.56
2026-06-30,147664,ICICI Prudential Commodities Fund - Direct Plan - IDCW Option,33.23
2026-06-30,147665,Axis Nifty 100 Index Fund - Regular Plan - Growth Option,21.1844
2026-06-30,147666,Axis Nifty 100 Index Fund - Direct Plan - Growth Option,22.2972
2026-06-30,147667,Axis Nifty 100 Index Fund - Regular Plan - IDCW,20.0931
2026-06-30,147668,Axis Nifty 100 Index Fund - Direct Plan - IDCW,21.1830
2026-06-30,147701,Motilal Oswal Large and Midcap Fund - Regular Plan Growth,35.9275
2026-06-30,147703,Motilal Oswal Large and Midcap Fund Regular - IDCW Payout/Reinvestment,25.5073
2026-06-30,147704,Motilal Oswal Large and Midcap Fund - Direct Plan Growth,39.5612
2026-06-30,147706,Motilal Oswal Large and Midcap Fund Direct - IDCW Payout/Reinvestment,27.9614
2026-06-30,147707,ITI Overnight Fund - Direct Plan - Annual IDCW Option,1021.7480
2026-06-30,147708,ITI Overnight Fund - Direct Plan - Daily IDCW Option,1000.9992
2026-06-30,147709,ITI Overnight Fund - Regular Plan - Daily IDCW Option,1001.0002
2026-06-30,147710,ITI Overnight Fund - Direct Plan - Fortnightly IDCW Option,1001.5647
2026-06-30,147711,ITI Overnight Fund - Direct Plan - Weekly IDCW option,1000.9998
2026-06-30,147712,ITI Overnight Fund - Regular Plan - Weekly IDCW Option,1001.0000
2026-06-30,147713,ITI Overnight Fund - Direct Plan - Growth Option,1379.9565
2026-06-30,147714,ITI Overnight Fund - Regular Plan - Growth Option,1370.7141
2026-06-30,147716,ITI Overnight Fund - Regular Plan - Fortnightly IDCW Option,1001.5802
2026-06-30,147717,ITI Overnight Fund - Direct Plan - Monthly IDCW Option,1001.5543
2026-06-30,147718,ITI Overnight Fund - Regular Plan - Monthly IDCW Option,1001.0714
2026-06-30,147724,Kotak Pioneer Fund- Regular Plan- Growth Option,34.101
2026-06-30,147725,Kotak Pioneer Fund-Direct Plan-Reinvestment of Income Distribution cum capital withdrawal option,37.81
2026-06-30,147727,Kotak Pioneer Fund- Direct Plan- Growth Option,37.816
2026-06-30,147728,Kotak Pioneer Fund- Regular Plan- Reinvestment of Income Distribution cum capital withdrawal option,34.116
2026-06-30,147729,Mahindra Manulife Ultra Short Duration Fund - Regular Plan - Daily IDCW,1105.4821
2026-06-30,147730,Mahindra Manulife Ultra Short Duration Fund - Regular Plan - Weekly IDCW,1001.6381
2026-06-30,147731,Mahindra Manulife Ultra Short Duration Fund - Direct Plan -Growth,1503.1194
2026-06-30,147732,Mahindra Manulife Ultra Short Duration Fund - Direct Plan - Weekly IDCW,1001.7124
2026-06-30,147733,Mahindra Manulife Ultra Short Duration Fund - Direct Plan - Daily IDCW,1249.6485
2026-06-30,147734,Mahindra Manulife Ultra Short Duration Fund - Regular Plan - Growth,1461.3492
2026-06-30,147735,Aditya Birla Sun Life Nifty Bank ETF,58.9847
2026-06-30,147736,Mirae Asset Overnight Fund Direct Plan Growth,1399.0104
2026-06-30,147737,Mirae Asset Overnight Fund Direct Daily IDCW,1000.0244
2026-06-30,147738,Mirae Asset Overnight Fund Direct Monthly IDCW,1000.8653
2026-06-30,147739,Mirae Asset Overnight Fund Regular Plan Growth,1390.4990
2026-06-30,147740,Mirae Asset Overnight Fund Direct Weekly IDCW,1000.8616
2026-06-30,147741,Mirae Asset Overnight Fund Regular Weekly IDCW,1000.8580
2026-06-30,147742,Mirae Asset Overnight Fund Regular Monthly IDCW,1000.8567
2026-06-30,147743,Mirae Asset Overnight Fund Regular Daily  IDCW,1000.0067
2026-06-30,147748,Union Large & Midcap Fund - Regular Plan - Growth Option,26.38
2026-06-30,147749,Union Large & Midcap Fund - Regular Plan - IDCW Option,26.38
2026-06-30,147750,Union Large & Midcap Fund - Direct Plan - Growth Option,28.61
2026-06-30,147751,Union Large & Midcap Fund - Direct Plan - IDCW Option,28.61
2026-06-30,147756,TATA Focused Fund Regular Plan - Reinvestment of Income Distribution cum capital withdrawal option,21.8628
2026-06-30,147757,Tata Focused Fund-Direct Plan-Growth,25.3805
2026-06-30,147758,TATA Focused Fund Direct Plan - Reinvestment of Income Distribution cum capital withdrawal option,24.4449
2026-06-30,147759,TATA Focused Fund Direct Plan - Payout of Income Distribution cum capital withdrawal option,24.4449
2026-06-30,147760,Tata Focused Fund-Regular Plan-Growth,22.7975
2026-06-30,147761,TATA Focused Fund Regular Plan - Payout of Income Distribution cum capital withdrawal option,21.8628
2026-06-30,147766,LIC MF Ultra Short Duration Fund-Regular Plan-Daily IDCW,1093.4116
2026-06-30,147767,LIC MF Ultra Short Duration Fund-Regular Plan-Weekly IDCW,1032.5278
2026-06-30,147768,LIC MF Ultra Short Duration Fund-Regular Plan-Monthly IDCW,1398.9442
2026-06-30,147769,LIC MF Ultra Short Duration Fund-Direct Plan-Weekly IDCW,1104.5979
2026-06-30,147770,LIC MF Ultra Short Duration Fund-Regular Plan-Growth,1398.8309
2026-06-30,147771,LIC MF Ultra Short Duration Fund-Direct Plan-Daily IDCW,1102.1317
2026-06-30,147772,LIC MF Ultra Short Duration Fund-Direct Plan-Growth,1440.79
2026-06-30,147773,LIC MF Ultra Short Duration Fund-Direct Plan-Monthly IDCW,1440.4135
2026-06-30,147786,ITI Balanced Advantage Fund - Regular Plan - IDCW Option,11.9021
2026-06-30,147787,ITI Balanced Advantage Fund - Regular Plan - Growth Option,14.2170
2026-06-30,147788,ITI Balanced Advantage Fund - Direct Plan - IDCW Option,13.7468
2026-06-30,147789,ITI Balanced Advantage Fund - Direct Plan - Growth Option,16.1240
2026-06-30,147794,Motilal Oswal Nifty 50 Index Fund - Direct plan - Growth,20.7825
2026-06-30,147795,Motilal Oswal Nifty 50 Index Fund - Regular plan - Growth,20.2342
2026-06-30,147796,Motilal Oswal Nifty Next 50 Index Fund - Direct plan - Growth,25.6978
2026-06-30,147797,Motilal Oswal Nifty Next 50 Index Fund - Regular plan - Growth,24.5726
2026-06-30,147822,Axis Retirement Fund - Aggressive Plan - Direct Plan - IDCW,19.95
2026-06-30,147823,Axis Retirement Fund - Aggressive Plan - Regular Growth,18.14
2026-06-30,147824,Axis Retirement Fund - Aggressive Plan - Regular Plan - IDCW,18.14
2026-06-30,147825,Axis Retirement Fund - Aggressive Plan - Direct Growth,20.01
2026-06-30,147826,Axis Retirement Fund - Dynamic Plan - Direct Growth,21.37
2026-06-30,147827,Axis Retirement Fund - Dynamic Plan - Direct Plan - IDCW,21.13
2026-06-30,147828,Axis Retirement Fund - Dynamic Plan - Regular Growth,19.29
2026-06-30,147829,Axis Retirement Fund - Dynamic Plan - Regular Plan - IDCW,19.29
2026-06-30,147830,Axis Retirement Fund - Conservative Plan - Direct Growth,17.5586
2026-06-30,147831,Axis Retirement Fund - Conservative Plan - Direct Plan - IDCW,17.3667
2026-06-30,147832,Axis Retirement Fund - Conservative Plan - Regular Growth,15.9213
2026-06-30,147833,Axis Retirement Fund - Conservative Plan - Regular Plan - IDCW,15.9202
2026-06-30,147834,JM Overnight Fund (Regular) - Weekly IDCW,1000
2026-06-30,147835,JM Overnight Fund (Direct) - Weekly IDCW,1000
2026-06-30,147836,JM Overnight Fund (Regular) - Growth,1375.6949
2026-06-30,147837,JM Overnight Fund - (Direct) - Growth,1382.0215
2026-06-30,147838,JM Overnight Fund (Direct) - Daily IDCW,1000
2026-06-30,147839,JM Overnight Fund (Regular) - Daily IDCW,1000
2026-06-30,147840,Mahindra Manulife Large & Mid Cap Fund - Direct Plan -Growth,30.0925
2026-06-30,147841,Mahindra Manulife Large & Mid Cap Fund - Direct Plan - IDCW,21.7972
2026-06-30,147842,Mahindra Manulife Large & Mid Cap Fund - Regular Plan - IDCW,18.9636
2026-06-30,147843,Mahindra Manulife Large & Mid Cap Fund - Regular Plan - Growth,26.9371
2026-06-30,147844,Aditya Birla Sun Life PSU Equity Fund-Direct Plan-Growth,40.03
2026-06-30,147845,Aditya Birla Sun Life PSU Equity Fund-Direct - Payout of IDCW,30.4
2026-06-30,147846,Aditya Birla Sun Life PSU Equity Fund-Regular Plan-Growth,36.22
2026-06-30,147847,Aditya Birla Sun Life PSU Equity Fund-Regular - Payout of IDCW,25.97
2026-06-30,147849,Bharat Bond ETF - April 2030,1609.0703
2026-06-30,147854,Bharat Bond FOF - April 2030 - Regular Plan - Growth Option,15.98
2026-06-30,147855,BHARAT Bond FOF - April 2030 - Direct Plan - IDCW Option,15.98
2026-06-30,147856,BHARAT Bond FOF - April 2030 - Regular Plan - IDCW Option,15.98
2026-06-30,147857,Bharat Bond FOF - April 2030 - Direct Plan - Growth Option,15.98
2026-06-30,147878,Invesco India Overnight Fund - Regular Plan - Growth,1373.2229
2026-06-30,147879,Invesco India Overnight Fund - Regular Plan - Monthly IDCW (Payout / Reinvestment),1000.5417
2026-06-30,147880,Invesco India Overnight Fund - Regular Plan - Daily IDCW (Reinvestment),1000.1395
2026-06-30,147881,Invesco India Overnight Fund - Regular Plan - Weekly IDCW (Reinvestment),1000.3769
2026-06-30,147883,Invesco India Overnight Fund - Direct Plan - Growth,1378.2339
2026-06-30,147884,Invesco India Overnight Fund - Direct Plan - Daily IDCW (Reinvestment),1000.5303
2026-06-30,147886,Invesco India Overnight Fund - Direct Plan - Monthly IDCW (Payout / Reinvestment),1000.1983
2026-06-30,147888,Axis Income Plus Arbitrage Active FOF - Regular Plan - IDCW,15.2849
2026-06-30,147889,Axis Income Plus Arbitrage Active FOF - Direct Plan - Growth Option,15.6039
2026-06-30,147890,Axis Income Plus Arbitrage Active FOF - Regular Plan - Growth Option,15.2806
2026-06-30,147891,Axis Income Plus Arbitrage Active FOF - Direct Plan - IDCW,15.6170
2026-06-30,147892,Axis Income Plus Arbitrage Active FOF - Direct Plan - Monthly IDCW,15.6169
2026-06-30,147893,Axis Income Plus Arbitrage Active FOF - Direct Plan - Quarterly IDCW,12.1945
2026-06-30,147894,Axis Income Plus Arbitrage Active FOF - Direct Plan - Half Yearly Dividend Option,11.6354
2026-06-30,147895,Axis Income Plus Arbitrage Active FOF - Direct Plan - Annual IDCW,14.1324
2026-06-30,147896,Axis Income Plus Arbitrage Active FOF - Regular Plan - Monthly IDCW,15.2798
2026-06-30,147897,Axis Income Plus Arbitrage Active FOF - Regular Plan - Half Yearly IDCW,12.1771
2026-06-30,147898,Axis Income Plus Arbitrage Active FOF - Regular Plan - Annual IDCW,13.8473
2026-06-30,147905,Axis Income Plus Arbitrage Active FOF - Regular Plan - Quarterly IDCW,11.3553
2026-06-30,147906,Mirae Asset Nifty Next 50 ETF,737.7850
2026-06-30,147907,HSBC Ultra Short Duration Fund - Regular Growth,1440.9347
2026-06-30,147908,HSBC Ultra Short Duration Fund - Direct Growth,1462.9807
2026-06-30,147909,HSBC Ultra Short Duration Fund - Regular Daily IDCW,1031.7278
2026-06-30,147910,HSBC Ultra Short Duration Fund - Direct Daily IDCW,1079.9409
2026-06-30,147911,HSBC Ultra Short Duration Fund - Regular Weekly IDCW,1044.0719
2026-06-30,147912,HSBC Ultra Short Duration Fund - Direct Weekly IDCW,1009.9254
2026-06-30,147915,HSBC Ultra Short Duration Fund - Direct Monthly IDCW,1013.0438
2026-06-30,147916,HSBC Ultra Short Duration Fund - Regular Monthly IDCW,1028.6421
2026-06-30,147917,ITI Small Cap Fund - Direct Plan - IDCW Option,34.3550
2026-06-30,147918,ITI Small Cap Fund - Regular Plan - IDCW Option,30.3504
2026-06-30,147919,ITI Small Cap Fund - Direct Plan - Growth Option,36.2400
2026-06-30,147920,ITI Small Cap Fund - Regular Plan - Growth Option,32.1908
2026-06-30,147921,ICICI Prudential Nifty Midcap 150 ETF,23.5405
2026-06-30,147928,Axis ESG Integration Strategy Fund - Direct Plan - Growth Option,22.51
2026-06-30,147929,Axis ESG Integration Strategy Fund - Regular Plan - Growth Option,20.80
2026-06-30,147930,Axis ESG Integration Strategy Fund - Regular Plan - IDCW,13.58
2026-06-30,147931,Axis ESG Integration Strategy Fund - Direct Plan - IDCW,14.72
2026-06-30,147936,BANK OF INDIA Overnight Fund Regular Plan Growth,1383.4987
2026-06-30,147943,BANDHAN SMALL CAP FUND - DIRECT PLAN IDCW,37.978
2026-06-30,147944,BANDHAN SMALL CAP FUND - REGULAR PLAN GROWTH,49.439
2026-06-30,147945,BANDHAN SMALL CAP FUND - REGULAR PLAN IDCW,34.415
2026-06-30,147946,BANDHAN SMALL CAP FUND - DIRECT PLAN GROWTH,54.568
2026-06-30,147948,BANK OF INDIA Overnight Fund Direct Plan- Monthly IDCW,1000.1466
2026-06-30,147949,BANK OF INDIA Overnight Fund Regular Plan- Monthly IDCW,1000.1453
2026-06-30,147951,BANK OF INDIA Overnight Fund Direct Plan Growth,1387.7330
2026-06-30,147952,BANK OF INDIA Overnight Fund Direct Plan- Daily IDCW,1000.0000
2026-06-30,147953,BANK OF INDIA Overnight Fund Regular Plan- Daily IDCW,1000.0000
2026-06-30,148033,ICICI Prudential Diversified Equity All Cap Omni FOF - Growth,30.9724
2026-06-30,148034,ICICI Prudential Diversified Equity All Cap Omni FOF - IDCW,23.9471
2026-06-30,148035,ICICI Prudential Diversified Equity All Cap Omni FOF - Direct Plan - Growth,32.4138
2026-06-30,148036,ICICI Prudential Diversified Equity All Cap Omni FOF - Direct Plan - IDCW,25.2438
2026-06-30,148049,Tata Multi Asset Allocation Fund-Direct Plan-Dividend Payout,27.9529
2026-06-30,148050,Tata Multi Asset Allocation Fund-Regular Plan-Growth,25.1931
2026-06-30,148051,Tata Multi Asset Allocation Fund-Regular Plan-Dividend Reinvestment,25.1931
2026-06-30,148052,Tata Multi Asset Allocation Fund-Direct Plan-Dividend Reinvestment,27.9529
2026-06-30,148053,Tata Multi Asset Allocation Fund-Direct Plan-Growth,27.9529
2026-06-30,148054,Tata Multi Asset Allocation Fund-Regular Plan-Dividend Payout,25.1931
2026-06-30,148063,Edelweiss US Technology Equity Fund of Fund- Direct Plan- Growth,43.5124
2026-06-30,148064,Edelweiss US Technology Equity Fund of Fund- Regular Plan- Growth,40.9761
2026-06-30,148071,Union Midcap Fund - Regular Plan - Growth Option,51.24
2026-06-30,148072,Union Midcap Fund - Regular Plan - IDCW Option,51.24
2026-06-30,148073,Union Midcap Fund - Direct Plan - Growth Option,55.85
2026-06-30,148074,Union Midcap Fund - Direct Plan - IDCW Option,55.85
2026-06-30,148157,PGIM India Money Market Fund - Regular Plan - Monthly Dividend Option,1045.9627
2026-06-30,148158,PGIM India Money Market Fund - Regular Plan - Weekly Dividend Option,1003.0208
2026-06-30,148159,PGIM India Money Market Fund - Regular Plan - Growth Option,1409.8307
2026-06-30,148160,PGIM India Money Market Fund - Regular Plan - Daily Dividend Option,1009.0935
2026-06-30,148161,PGIM India Money Market Fund - Direct Plan - Growth Option,1456.0107
2026-06-30,148162,PGIM India Money Market Fund - Direct Plan - Daily Dividend Option,1010.4294
2026-06-30,148163,PGIM India Money Market Fund - Direct Plan - Monthly Dividend Option,1056.0419
2026-06-30,148164,PGIM India Money Market Fund - Direct Plan - Weekly Dividend Option,1002.8167
2026-06-30,148173,UTI Nifty Bank ETF,59.5158
2026-06-30,148351,ITI Large Cap Fund - Regular Plan - Growth Option,17.1313
2026-06-30,148352,ITI Large Cap Fund - Direct Plan - IDCW Option,18.1620
2026-06-30,148353,ITI Large Cap Fund - Direct Plan - Growth Option,19.1366
2026-06-30,148354,ITI Large Cap Fund - Regular Plan - IDCW Option,16.1634
2026-06-30,148381,Motilal Oswal S&P 500 Index Fund - Direct Plan Growth,32.7544
2026-06-30,148382,Motilal Oswal S&P 500 Index Fund - Regular Plan Growth,31.6143
2026-06-30,148387,SBI Fixed Maturity Plan (FMP) - Series 34 (3682 Days) - Direct Plan - Growth,14.8267
2026-06-30,148388,SBI Fixed Maturity Plan (FMP) - Series 34 (3682 Days) - Direct Plan - Income Distribution cum Capital Withdrawal Option (IDCW),14.8268
2026-06-30,148389,SBI Fixed Maturity Plan (FMP) - Series 34 (3682 Days) - Regular Plan - Growth,14.6229
2026-06-30,148390,SBI Fixed Maturity Plan (FMP) - Series 34 (3682 Days) - Regular Plan - Income Distribution cum Capital Withdrawal Option (IDCW),14.6230
2026-06-30,148397,IL&FS Infrastructure Debt Fund Series 2A - Growth - Direct,1979043.4256
2026-06-30,148398,IL&FS Infrastructure Debt Fund Series 2B - Growth - Direct,2510326.4049
2026-06-30,148399,IL&FS Infrastructure Debt Fund Series 2C - Growth - Direct,2472409.3435
2026-06-30,148400,Mirae Asset Arbitrage Fund Regular Growth,13.756
2026-06-30,148401,Mirae Asset Arbitrage Fund Direct Growth,14.383
2026-06-30,148402,Mirae Asset Arbitrage Fund Direct IDCW,14.363
2026-06-30,148403,Mirae Asset Arbitrage Fund Regular IDCW,13.755
2026-06-30,148404,BANK OF INDIA Flexi Cap Fund Direct Plan -Growth,40.76
2026-06-30,148405,BANK OF INDIA Flexi Cap Fund Regular Plan -Growth,37.13
2026-06-30,148406,BANK OF INDIA Flexi Cap Fund Direct Plan -IDCW,34.83
2026-06-30,148407,BANK OF INDIA Flexi Cap Fund Regular Plan -IDCW,33.74
2026-06-30,148408,Nippon India ETF Nifty IT,29.1685
2026-06-30,148409,HSBC Focused Fund - Regular Growth,26.0059
2026-06-30,148410,HSBC Focused Fund - Regular IDCW,18.3872
2026-06-30,148411,HSBC Focused Fund - Direct Growth,28.2032
2026-06-30,148412,HSBC Focused Fund - Direct IDCW,22.9104
2026-06-30,148413,JM Liquid Fund - Unclaimed Brokerage I.E.F. (Direct) - Growth Plan,41.4437
2026-06-30,148414,JM Liquid Fund - Unclaimed Application Refund Amount I.E.F. (Direct) - Growth Plan,41.4437
2026-06-30,148416,Mirae Asset Banking and PSU Fund - Regular Plan - Growth,13.6004
2026-06-30,148417,Mirae Asset Banking and PSU Fund - Direct Plan - IDCW,13.9608
2026-06-30,148418,Mirae Asset Banking and PSU Fund - Regular plan - IDCW,13.6015
2026-06-30,148419,Mirae Asset Banking and PSU Fund - Direct Plan - Growth,13.9679
2026-06-30,148445,BHARAT Bond ETF- April 2031,1438.6808
2026-06-30,148450,BHARAT Bond FOF- April 2031- Direct Plan- Growth Option,14.274
2026-06-30,148451,BHARAT Bond FOF - April 2031 - Regular Plan - IDCW Option,14.274
2026-06-30,148452,BHARAT Bond FOF- April 2031- Regular Plan- Growth Option,14.274
2026-06-30,148453,BHARAT Bond FOF - April 2031 - Direct Plan - IDCW Option,14.274
2026-06-30,148456,ICICI Prudential Nifty Alpha Low- Volatility 30 ETF,27.1267
2026-06-30,148457,Nippon India Multi Asset Allocation Fund - Direct Plan - Growth Option,26.3638
2026-06-30,148458,NIPPON INDIA MULTI ASSET ALLOCATION FUND - DIRECT Plan - IDCW Option,25.4528
2026-06-30,148459,Nippon India Multi Asset Allocation Fund - Regular Plan - Growth Option,24.4012
2026-06-30,148460,NIPPON INDIA MULTI ASSET ALLOCATION FUND - IDCW Option,23.4920
2026-06-30,148461,HDFC NIFTY Bank ETF - GROWTH,59.2307
2026-06-30,148466,ICICI Prudential Nifty IT ETF,29.1729
2026-06-30,148467,Mahindra Manulife Arbitrage Fund - Regular Plan - Growth,12.9797
2026-06-30,148468,Mahindra Manulife Arbitrage Fund - Direct Plan -Growth,13.6140
2026-06-30,148469,Mahindra Manulife Arbitrage Fund - Regular Plan - IDCW,12.9797
2026-06-30,148470,Mahindra Manulife Arbitrage Fund - Direct Plan - IDCW,13.6140
2026-06-30,148471,Baroda BNP Paribas Large and Mid Cap Fund-Regular Plan-Growth Option,26.9565
2026-06-30,148472,Baroda BNP Paribas Large and Mid Cap Fund-Regular plan-IDCW Option,17.7787
2026-06-30,148474,Baroda BNP Paribas Large and Mid Cap Fund- Direct Plan -Growth Option,29.3112
2026-06-30,148475,Baroda BNP Paribas Large and Mid Cap Fund-Direct Plan-IDCW Option,20.5543
2026-06-30,148481,Invesco India Focused Fund - Direct Plan - Growth,30.58
2026-06-30,148482,Invesco India Focused Fund - Direct Plan - IDCW (Payout / Reinvestment),22.49
2026-06-30,148483,Invesco India Focused Fund - Regular Plan - Growth,28.08
2026-06-30,148484,Invesco India Focused Fund - Regular Plan - IDCW (Payout / Reinvestment),20.21
2026-06-30,148485,Axis Global Equity Alpha Fund of Fund - Direct Plan - Growth Option,25.2087
2026-06-30,148486,Axis Global Equity Alpha Fund of Fund - Regular Plan - Growth Option,23.8138
2026-06-30,148487,Axis Global Equity Alpha Fund of Fund - Direct Plan - IDCW,25.2010
2026-06-30,148488,Axis Global Equity Alpha Fund of Fund - Regular Plan - IDCW,23.8139
2026-06-30,148489,SBI Children's Fund - Investment Plan - Regular Plan - Growth,49.1819
2026-06-30,148490,SBI Children's Fund - Investment Plan - Direct Plan - Growth,52.8471
2026-06-30,148500,Mirae Asset Diversified Equity Allocator Passive FOF - Direct Plan - Growth,24.975
2026-06-30,148501,Mirae Asset Diversified Equity Allocator Passive FOF - Direct Plan - IDCW,24.995
2026-06-30,148502,Mirae Asset Diversified Equity Allocator Passive FOF - Regular Plan - Growth,24.868
2026-06-30,148503,Mirae Asset Diversified Equity Allocator Passive FOF - Regular Plan - IDCW,24.871
2026-06-30,148504,Sundaram Large Cap Fund(Formerly Known as Sundaram Blue Chip Fund) Regular Plan - Growth,20.5692
2026-06-30,148505,Sundaram Large Cap Fund (Formerly Known as Sundaram Blue Chip Fund)  Regular Plan - Payout of Income Distribution cum Capital Withdrawal (IDCW),14.9108
2026-06-30,148506,Sundaram Large Cap Fund (Formerly Known as Sundaram Blue Chip Fund) Regular Plan - Reinvestment of Income Distribution cum Capital Withdrawal (IDCW),14.9108
2026-06-30,148507,Sundaram Large Cap Fund (Formerly Known as Sundaram Blue Chip Fund)Direct Plan - Growth,22.3475
2026-06-30,148508,Sundaram Large Cap Fund (Formerly Known as Sundaram Blue Chip Fund) Direct Plan - Payout of Income Distribution cum Capital Withdrawal (IDCW),16.2257
2026-06-30,148509,Sundaram Large Cap Fund (Formerly Known as Sundaram Blue Chip  Fund)  Direct Plan - Reinvestment of Income Distribution cum Capital Withdrawal (IDCW),16.2257
2026-06-30,148514,ICICI Prudential ESG Exclusionary Strategy Fund - IDCW,14.32
2026-06-30,148515,ICICI Prudential ESG Exclusionary Strategy Fund - Direct Plan - IDCW,15.77
2026-06-30,148516,ICICI Prudential ESG Exclusionary Strategy Fund - Direct Plan - Growth,22.68
2026-06-30,148517,ICICI Prudential ESG Exclusionary Strategy Fund - Growth,21.05
2026-06-30,148518,Nippon India Nifty Smallcap 250 Index Fund - Regular Plan - Growth Option,33.7802
2026-06-30,148519,Nippon India Nifty Smallcap 250 Index Fund - Direct Plan - Growth Option,35.0967
2026-06-30,148520,NIPPON INDIA NIFTY SMALLCAP 250 INDEX FUND - IDCW Option,33.7802
2026-06-30,148521,NIPPON INDIA NIFTY SMALLCAP 250 INDEX FUND - DIRECT Plan - IDCW Option,35.0967
2026-06-30,148529,Mirae Asset Ultra Short Duration Fund Direct Growth,1412.2595
2026-06-30,148530,Mirae Asset Ultra Short Duration Fund Regular Growth,1393.6598
2026-06-30,148531,Mirae Asset Ultra Short Duration Fund Regular IDCW,1393.1549
2026-06-30,148532,Mirae Asset Ultra Short Duration Fund Direct IDCW,1411.8132
2026-06-30,148533,ITI Banking & PSU Debt Fund - Regular Plan - IDCW Option,13.6884
2026-06-30,148534,ITI Banking & PSU Debt Fund - Direct Plan - Growth Option,14.1215
2026-06-30,148535,ITI Banking & PSU Debt Fund - Regular Plan - Growth Option,13.6872
2026-06-30,148536,ITI Banking & PSU Debt Fund - Direct Plan - IDCW Option,14.1199
2026-06-30,148537,Aditya Birla Sun Life Special Opportunities Fund-Regular Plan-Growth,27.83
2026-06-30,148538,Aditya Birla Sun Life Special Opportunities Fund-Regular - IDCW,21.61
2026-06-30,148539,Aditya Birla Sun Life Special Opportunities Fund-Direct-Growth,30.11
2026-06-30,148540,Aditya Birla Sun Life Special Opportunities Fund-Direct - IDCW,23.39
2026-06-30,148541,SBI Nifty Private Bank ETF,285.0358
2026-06-30,148542,SBI Nifty IT ETF,291.1730
2026-06-30,148543,SBI Floating Rate Debt Fund - Regular Plan - Growth,14.1335
2026-06-30,148544,SBI Floating Rate DEBT Fund - Regular Plan - Monthly Income Distribution cum Capital Withdrawal Option (IDCW),14.1372
2026-06-30,148546,SBI Floating Rate DEBT Fund - Regular Plan - Quarterly Income Distribution cum Capital Withdrawal Option (IDCW),14.1345
2026-06-30,148549,SBI Floating Rate DEBT Fund - Direct Plan - Quarterly Income Distribution cum Capital Withdrawal Option (IDCW),14.2852
2026-06-30,148550,SBI Floating Rate Debt Fund - Direct Plan - Growth,14.2848
2026-06-30,148551,SBI Floating Rate DEBT Fund - Direct Plan - Monthly Income Distribution cum Capital Withdrawal Option (IDCW),14.2839
2026-06-30,148555,Edelweiss MSCI India Domestic & World Healthcare 45 Index Fund Direct Plan - Growth,23.7138
2026-06-30,148556,Edelweiss MSCI India Domestic & World Healthcare 45 Index Fund - Direct Plan - IDCW Option,23.7138
2026-06-30,148557,Edelweiss MSCI India Domestic & World Healthcare 45 index Fund Regular Plan - Growth,22.9627
2026-06-30,148558,Edelweiss MSCI India Domestic & World Healthcare 45 Index Fund - Regular Plan - IDCW Option,22.9627
2026-06-30,148559,Axis NIFTY Bank ETF,593.2710
2026-06-30,148560,quant ESG Integration Strategy Fund - Growth Option - Regular Plan,38.4724
2026-06-30,148561,quant ESG Integration Strategy Fund - IDCW Option - Regular Plan,38.2855
2026-06-30,148563,quant ESG Integration Strategy Fund - IDCW Option - Direct Plan,41.9262
2026-06-30,148564,quant ESG Integration Strategy Fund - Growth Option - Direct Plan,41.9794
2026-06-30,148566,Mahindra Manulife Focused Fund - Regular Plan - IDCW,17.7810
2026-06-30,148567,Mahindra Manulife Focused Fund - Direct Plan -Growth,29.6859
2026-06-30,148569,Mahindra Manulife Focused Fund - Direct Plan - IDCW,20.2016
2026-06-30,148571,Mahindra Manulife Focused Fund - Regular Plan - Growth,26.7833
2026-06-30,148572,Mirae Asset Nifty 100 ESG Sector Leaders ETF,40.8807
2026-06-30,148573,Mirae Asset Nifty 100 ESG Sector Leaders Fund  of Fund Regular IDCW,17.660
2026-06-30,148574,Mirae Asset Nifty 100 ESG Sector Leaders Fund of Fund Direct Growth,18.053
2026-06-30,148575,Mirae Asset Nifty 100 ESG Sector Leaders Fund  of Fund Direct IDCW,18.048
2026-06-30,148576,Mirae Asset Nifty 100 ESG Sector Leaders Fund of Fund Regular Growth,17.695
2026-06-30,148590,Union Aggressive Hybrid Fund - Regular Plan - IDCW Option,16.91
2026-06-30,148591,Union Aggressive Hybrid Fund - Regular Plan - Growth Option,18.26
2026-06-30,148592,Union Aggressive Hybrid Fund - Direct Plan - Growth Option,19.46
2026-06-30,148593,Union Aggressive Hybrid Fund - Direct Plan - IDCW Option,18.10
2026-06-30,148598,ICICI Prudential Quant Fund Growth,22.26
2026-06-30,148599,ICICI Prudential Quant Fund IDCW,14.24
2026-06-30,148600,ICICI Prudential Quant Fund Direct Plan Growth,23.09
2026-06-30,148601,ICICI Prudential Quant Fund Direct Plan IDCW,14.93
2026-06-30,148602,Kotak ESG Exclusionary Strategy Fund - Regular Plan - Growth Option,16.518
2026-06-30,148603,Kotak ESG Exclusionary Strategy Fund - Regular Plan - Payout of Income Distribution cum capital withdrawal option,16.518
2026-06-30,148605,Kotak ESG Exclusionary Strategy Fund - Direct Plan - Payout of Income Distribution cum capital withdrawal option,18.042
2026-06-30,148606,Kotak ESG Exclusionary Strategy Fund - Direct Plan - Growth Option,18.042
2026-06-30,148608,HDFC Dividend Yield Fund - IDCW Option Direct Plan,21.395
2026-06-30,148609,HDFC Dividend Yield Fund - Growth Option Direct Plan,26.403
2026-06-30,148610,HDFC Dividend Yield Fund - Growth Plan,24.477
2026-06-30,148611,HDFC Dividend Yield Fund - IDCW Plan,19.506
2026-06-30,148612,Invesco India - Invesco Global Consumer Trends Fund of Fund - Regular Plan - IDCW (Payout / Reinvestment),13.9626
2026-06-30,148613,Invesco India - Invesco Global Consumer Trends Fund of Fund - Regular Plan - Growth,13.9629
2026-06-30,148614,Invesco India - Invesco Global Consumer Trends Fund of Fund - Direct Plan - Growth,14.7451
2026-06-30,148615,Invesco India - Invesco Global Consumer Trends Fund of Fund - Direct Plan - IDCW (Payout / Reinvestment),14.7442
2026-06-30,148616,UTI Small Cap Fund - Regular Plan - IDCW (Payout),27.0267
2026-06-30,148617,UTI Small Cap Fund - Regular Plan - Growth Option,27.0269
2026-06-30,148618,UTI Small Cap Fund - Direct Plan - Growth Option,29.3932
2026-06-30,148619,UTI Small Cap Fund - Direct Plan - IDCW (Payout),29.3932
2026-06-30,148620,Motilal Oswal Nifty 5 year Benchmark G-sec ETF,64.9577
2026-06-30,148621,Mirae Asset Banking and Financial Services Fund Regular Growth,21.515
2026-06-30,148622,Mirae Asset Banking and Financial Services Fund Regular IDCW,21.542
2026-06-30,148623,Mirae Asset Banking and Financial Services Fund Direct Growth,23.450
2026-06-30,148624,Mirae Asset Banking and Financial Services Fund Direct  IDCW,23.348
2026-06-30,148631,Axis Innovation Fund - Regular Plan - Growth Option,19.47
2026-06-30,148632,Axis Innovation Fund - Direct Plan - IDCW,17.47
2026-06-30,148633,Axis Innovation Fund - Regular Plan - IDCW,16.30
2026-06-30,148634,Axis Innovation Fund - Direct Plan - Growth Option,20.86
2026-06-30,148635,Aditya Birla Sun Life ESG Integration Strategy Fund-Regular Plan-Growth,17.48
2026-06-30,148636,Aditya Birla Sun Life ESG Integration Strategy Fund-Regular - Payout of IDCW,14.19
2026-06-30,148637,Aditya Birla Sun Life ESG Integration Strategy Fund-Direct Plan-Growth,18.87
2026-06-30,148640,Aditya Birla Sun Life ESG Integration Strategy Fund-Direct - Payout of IDCW,15.32
2026-06-30,148641,Nippon India Diversified Equity Flexicap Passive FoF - Regular Plan - Growth Option,20.5693
2026-06-30,148642,Nippon India Diversified Equity Flexicap Passive FoF - Direct Plan - Growth Option,21.0930
2026-06-30,148643,Nippon India Diversified Equity Flexicap Passive FoF - IDCW Option,20.5693
2026-06-30,148644,Nippon India Diversified Equity Flexicap Passive FoF- DIRECT Plan - IDCW Option,21.0930
2026-06-30,148645,Kotak International REIT Overseas Equity Omni FOF - Regular Plan - Growth,11.5481
2026-06-30,148646,Kotak International REIT Overseas Equity Omni FOF - Direct Plan - Growth,12.1277
2026-06-30,148647,Kotak International REIT Overseas Equity Omni FOF - Regular Plan - Payout of Income Distribution cum capital withdrawal option,11.5482
2026-06-30,148649,Kotak International REIT Overseas Equity Omni FOF - Direct Plan - Payout of Income Distribution cum capital withdrawal option,12.1277
2026-06-30,148651,ICICI Prudential Business Cycle Fund Direct Plan Growth,26.41
2026-06-30,148652,ICICI Prudential Business Cycle Fund Direct Plan IDCW,19.23
2026-06-30,148653,ICICI Prudential Business Cycle Fund Growth,24.78
2026-06-30,148654,ICICI Prudential Business Cycle Fund IDCW,17.72
2026-06-30,148657,PGIM India Balanced Advantage Fund - Regular Plan - Growth Option,14.94
2026-06-30,148658,PGIM India Balanced Advantage Fund -  Direct Plan - Growth Option,16.41
2026-06-30,148659,PGIM India Balanced Advantage Fund - Direct Plan - Dividend Option,10.81
2026-06-30,148660,PGIM India Balanced Advantage Fund - Regular Plan - Dividend Option,10.64
2026-06-30,148661,Kotak US Specific Equity Passive FOF - Regular Plan - Growth,28.3628
2026-06-30,148662,Kotak US Specific Equity Passive FOF- Direct Plan - Growth,28.9613
2026-06-30,148663,Nippon India Multi - Asset Omni FoF - Regular Plan - Growth Option,23.3677
2026-06-30,148664,Nippon India Multi - Asset Omni FoF - DIRECT Plan - IDCW Option,24.6473
2026-06-30,148665,Nippon India Multi - Asset Omni FoF - IDCW Option,23.3677
2026-06-30,148666,Nippon India Multi - Asset Omni FoF - Direct Plan - Growth Option,24.6473
2026-06-30,148683,SBI Retirement Benefit Fund - Aggressive Plan - Direct Plan - Growth,21.3062
2026-06-30,148684,SBI Retirement Benefit Fund - Aggressive Hybrid Plan - Regular Plan - Income Distribution cum Capital Withdrawal Option (IDCW),19.2037
2026-06-30,148685,SBI Retirement Benefit Fund - Aggressive Hybrid Plan - Direct Plan - Growth,20.4256
2026-06-30,148686,SBI Retirement Benefit Fund - Aggressive Hybrid Plan - Direct Plan - Income Distribution cum Capital Withdrawal Option (IDCW),20.4278
2026-06-30,148687,SBI Retirement Benefit Fund - Conservative Plan - Regular Plan - Income Distribution cum Capital Withdrawal Option (IDCW),14.6188
2026-06-30,148688,SBI Retirement Benefit Fund - Conservative Plan - Direct Plan - Growth,15.0114
2026-06-30,148689,SBI Retirement Benefit Fund - Conservative Plan - Direct Plan - Income Distribution cum Capital Withdrawal Option (IDCW),15.0092
2026-06-30,148690,SBI Retirement Benefit Fund - Conservative Hybrid Plan - Direct Plan - Growth,16.2837
2026-06-30,148691,SBI Retirement Benefit Fund - Aggressive Plan - Regular Plan - Income Distribution cum Capital Withdrawal Option (IDCW),19.9233
2026-06-30,148692,SBI Retirement Benefit Fund - Conservative Hybrid Plan - Regular Plan - Growth,15.7708
2026-06-30,148693,SBI Retirement Benefit Fund - Conservative Hybrid Plan - Direct Plan - Income Distribution cum Capital Withdrawal Option (IDCW),16.2816
2026-06-30,148694,SBI Retirement Benefit Fund - Aggressive Plan - Direct Plan - Income Distribution cum Capital Withdrawal Option (IDCW),21.2948
2026-06-30,148695,SBI Retirement Benefit Fund - Aggressive Hybrid Plan - Regular Plan - Growth,19.2042
2026-06-30,148696,SBI Retirement Benefit Fund - Conservative Plan - Regular Plan - Growth,14.6189
2026-06-30,148697,SBI Retirement Benefit Fund - Conservative Hybrid Plan - Regular Plan - Income Distribution cum Capital Withdrawal Option (IDCW),15.7725
2026-06-30,148698,SBI Retirement Benefit Fund - Aggressive Plan - Regular Plan - Growth,19.9228
2026-06-30,148699,Axis Greater China Equity Fund of Fund - Direct Plan - Growth Option,12.01
2026-06-30,148700,Axis Greater China Equity Fund of Fund - Direct Plan - IDCW,12.00
2026-06-30,148701,Axis Greater China Equity Fund of Fund - Regular Plan - Growth Option,11.32
2026-06-30,148702,Axis Greater China Equity Fund of Fund - Regular Plan - IDCW,11.32
2026-06-30,148703,UTI Nifty 200 Momentum 30 Index Fund - Direct Plan - Growth Option,21.4112
2026-06-30,148704,UTI Nifty 200 Momentum 30 Index Fund - Regular Plan - Growth Option,20.8615
2026-06-30,148705,BANDHAN FLOATER FUND  - REGULAR PLAN GROWTH,13.7360
2026-06-30,148706,BANDHAN FLOATER FUND  - REGULAR PLAN QUARTERLY IDCW,10.4104
2026-06-30,148707,BANDHAN FLOATER FUND  - REGULAR PLAN MONTHLY IDCW,10.1402
2026-06-30,148708,BANDHAN FLOATER FUND  - REGULAR PLAN WEEKLY IDCW,10.1581
2026-06-30,148709,BANDHAN FLOATER FUND  - REGULAR PLAN PERIODIC IDCW,13.7375
2026-06-30,148710,BANDHAN FLOATER FUND  - REGULAR PLAN DAILY IDCW,10.1331
2026-06-30,148711,BANDHAN FLOATER FUND  - DIRECT PLAN GROWTH,14.1199
2026-06-30,148712,BANDHAN FLOATER FUND  - DIRECT PLAN QUARTERLY IDCW,10.4403
2026-06-30,148713,BANDHAN FLOATER FUND  - DIRECT PLAN MONTHLY IDCW,10.1407
2026-06-30,148714,BANDHAN FLOATER FUND  - DIRECT PLAN DAILY IDCW,10.1331
2026-06-30,148715,BANDHAN FLOATER FUND  - DIRECT PLAN PERIODIC IDCW,13.8097
2026-06-30,148716,BANDHAN FLOATER FUND  - DIRECT PLAN WEEKLY IDCW,10.1590
2026-06-30,148717,BANDHAN FLOATER FUND- DIRECT PLAN ANNUAL IDCW,10.4363
2026-06-30,148718,BANDHAN FLOATER FUND  - REGULAR PLAN ANNUAL IDCW,10.4075
2026-06-30,148719,Nippon India Nifty 50 Value 20 Index Fund - Regular Plan - Growth Option,17.1304
2026-06-30,148720,NIPPON INDIA NIFTY 50 VALUE 20 INDEX FUND - IDCW Option,17.1304
2026-06-30,148721,Nippon India Nifty 50 Value 20 Index Fund - Direct Plan - Growth Option,17.6508
2026-06-30,148722,NIPPON INDIA NIFTY 50 VALUE 20 INDEX FUND - DIRECT Plan - IDCW Option,17.6508
2026-06-30,148723,Nippon India Nifty Midcap 150 Index Fund - Regular Plan - Growth Option,25.5994
2026-06-30,148724,NIPPON INDIA NIFTY MIDCAP 150 INDEX FUND - IDCW Option,25.5994
2026-06-30,148725,NIPPON INDIA NIFTY MIDCAP 150 INDEX FUND - DIRECT Plan - IDCW Option,26.3486
2026-06-30,148726,Nippon India Nifty Midcap 150 Index Fund - Direct Plan - Growth Option,26.3486
2026-06-30,148727,Mahindra Manulife Short Duration Fund - Regular Plan - Growth,13.4962
2026-06-30,148728,Mahindra Manulife Short Duration Fund - Regular Plan - IDCW,11.4686
2026-06-30,148729,Mahindra Manulife Short Duration Fund - Direct Plan -Growth,14.2074
2026-06-30,148730,Mahindra Manulife Short Duration Fund - Direct Plan - IDCW,12.1449
2026-06-30,148731,ITI Mid Cap Fund - Direct Plan - IDCW Option,23.1373
2026-06-30,148732,ITI Mid Cap Fund - Regular Plan - Growth Option,22.7555
2026-06-30,148733,ITI Mid Cap Fund - Direct Plan - Growth Option,25.2353
2026-06-30,148734,ITI Mid Cap Fund - Regular Plan - IDCW Option,20.7047
2026-06-30,148743,Kotak Nifty Next 50 Index Fund - Regular Plan - Growth Option,20.4194
2026-06-30,148744,Kotak Nifty Next 50 Index Fund - Regular Plan - Payout of Income Distribution cum capital withdrawal option,20.4199
2026-06-30,148745,Kotak Nifty Next 50 Index Fund - Direct Plan - Growth Option,20.9655
2026-06-30,148746,Kotak Nifty Next 50 Index Fund - Direct Plan -Payout of Income Distribution cum capital withdrawal option,20.9652
2026-06-30,148747,Motilal Oswal Multi Asset Passive Fund of Fund - Direct Growth,19.6986
2026-06-30,148748,Motilal Oswal Multi Asset Passive Fund of Fund - Regular Growth,19.1682
2026-06-30,148749,Motilal Oswal Asset Allocation FOF- C- Regular Growth,17.3019
2026-06-30,148750,Motilal Oswal Asset Allocation FOF- C- Direct Growth,17.7809
2026-06-30,148751,Invesco India ESG Integration Strategy Fund - Direct Plan - Growth,17.85
2026-06-30,148752,Invesco India ESG Integration Strategy Fund - Direct Plan - IDCW (Payout / Reinvestment),14.56
2026-06-30,148753,Invesco India ESG Integration Strategy Fund - Regular Plan - Growth,16.44
2026-06-30,148754,Invesco India ESG Integration Strategy Fund - Regular Plan - IDCW (Payout / Reinvestment),13.26
2026-06-30,148755,Mirae Asset Corporate Bond Fund Direct Growth Plan,13.7587
2026-06-30,148756,Mirae Asset Corporate Bond Fund Direct IDCW,13.7552
2026-06-30,148757,Mirae Asset Corporate Bond Fund Regular Growth,13.4433
2026-06-30,148758,Mirae Asset Corporate Bond Fund Regular IDCW,13.4433
2026-06-30,148759,SBI US Specific Equity Active FoF- Regular Plan - Income Distribution cum Capital Withdrawal Option (IDCW),24.2812
2026-06-30,148760,SBI US Specific Equity Active FoF - Direct Plan - Growth,25.2365
2026-06-30,148761,SBI US Specific Equity Active FoF- Direct Plan - Income Distribution cum Capital Withdrawal Option (IDCW),25.2366
2026-06-30,148762,SBI US Specific Equity Active FoF- Regular Plan - Growth,24.2820
2026-06-30,148763,Kotak Nifty IT ETF,29.162
2026-06-30,148768,DSP Floater Fund - Regular Plan - Growth,14.0402
2026-06-30,148769,DSP Floater Fund - Direct Plan - IDCW,14.2467
2026-06-30,148770,DSP Floater Fund - Regular Plan - IDCW,14.0402
2026-06-30,148771,DSP Floater Fund - Direct Plan - Growth,14.2467
2026-06-30,148786,BANDHAN CRISIL IBX Gilt June 2027 Index Fund Regular Plan-Growth,13.6094
2026-06-30,148787,BANDHAN CRISIL IBX Gilt June 2027 Index Fund Regular Plan-IDCW,10.3179
2026-06-30,148788,BANDHAN CRISIL IBX Gilt June 2027 Index Fund Direct Plan-IDCW,10.3275
2026-06-30,148789,BANDHAN CRISIL IBX Gilt June 2027 Index Fund Direct Plan-Growth,13.7901
2026-06-30,148790,BANDHAN CRISIL IBX Gilt April 2028 Index Fund Regular Plan-Growth,13.6983
2026-06-30,148791,BANDHAN CRISIL IBX Gilt April 2028 Index Fund Direct Plan-IDCW,10.3169
2026-06-30,148792,BANDHAN CRISIL IBX Gilt April 2028 Index Fund Direct Plan-Growth,13.8802
2026-06-30,148793,BANDHAN CRISIL IBX Gilt April 2028 Index Fund Regular Plan-IDCW,10.3156
2026-06-30,148799,Axis IT ETF,289.3194
2026-06-30,148800,Nippon India ETF Nifty 5 yr Benchmark G-Sec,65.7836
2026-06-30,148805,Aditya Birla Sun Life Nifty Midcap 150 Index Fund-Regular Growth,24.9247
2026-06-30,148806,Aditya Birla Sun Life Nifty Midcap 150 Index Fund - Regular - Payout of IDCW,24.9208
2026-06-30,148807,Aditya Birla Sun Life Nifty Midcap 150 Index Fund-Direct Growth,25.7379
2026-06-30,148809,Aditya Birla Sun Life Nifty Midcap 150 Index Fund - Direct - Payout of IDCW,25.7375
2026-06-30,148811,Aditya Birla Sun Life Nifty Smallcap 50 Index Fund-Regular Growth,22.1088
2026-06-30,148812,Aditya Birla Sun Life Nifty Smallcap 50 Index Fund-Regular - Payout of IDCW,22.111
2026-06-30,148814,Aditya Birla Sun Life Nifty Smallcap 50 Index Fund-Direct - Payout of IDCW,22.8182
2026-06-30,148815,Aditya Birla Sun Life Nifty Smallcap 50 Index Fund-Direct Growth,22.8222
2026-06-30,148821,ICICI Prudential Nifty 100 Low Volatility 30 ETF FOF - Growth,17.6892
2026-06-30,148822,ICICI Prudential Nifty 100 Low Volatility 30 ETF FOF - Direct Plan - Growth,18.1000
2026-06-30,148823,ICICI Prudential Nifty 100 Low Volatility 30 ETF FOF - Direct Plan - IDCW,18.1001
2026-06-30,148824,ICICI Prudential Nifty 100 Low Volatility 30 ETF FOF - IDCW,17.6893
2026-06-30,148833,TRUSTMF Liquid Fund-Regular Plan-Growth,1347.0290
2026-06-30,148834,TRUSTMF Liquid Fund-Regular Plan-Daily Income Distribution cum Capital Withdrawal,1213.4965
2026-06-30,148836,TRUSTMF Liquid Fund-Regular Plan-Weekly Income Distribution cum Capital Withdrawal,1188.4010
2026-06-30,148837,TRUSTMF Liquid Fund-Direct Plan-Weekly Income Distribution cum Capital Withdrawal,1240.9649
2026-06-30,148839,TRUSTMF Liquid Fund-Direct Plan-Monthly Income Distribution cum Capital Withdrawal,1213.1194
2026-06-30,148841,TRUSTMF Liquid Fund-Direct Plan-Growth,1357.6496
2026-06-30,148842,TRUSTMF Liquid Fund-Direct Plan-Daily Income Distribution cum Capital Withdrawal,1284.9934
2026-06-30,148843,TRUSTMF Liquid Fund-Regular Plan-Monthly Income Distribution cum Capital Withdrawal,1203.6336
2026-06-30,148882,Canara Robeco Focused Fund - Direct Plan - IDCW (Payout/Reinvestment),18.6900
2026-06-30,148883,Canara Robeco Focused Fund - Direct Plan - Growth Option,20.9000
2026-06-30,148884,Canara Robeco Focused Fund - Regular Plan - Growth Option,19.3100
2026-06-30,148885,Canara Robeco Focused Fund - Regular Plan - IDCW (Payout/Reinvestment),17.2000
2026-06-30,148900,HDFC Multi-Asset Active FOF - IDCW Option,19.185
2026-06-30,148901,HDFC Multi-Asset Active FOF - Growth Option,19.185
2026-06-30,148902,HDFC Multi-Asset Active FOF - IDCW Option - Direct Plan,20.354
2026-06-30,148903,HDFC Multi-Asset Active FOF - Growth Option -Direct Plan,20.354
2026-06-30,148906,ITI Ultra Short Duration Fund - Regular Plan - Growth Option,1306.7327
2026-06-30,148907,ITI Ultra Short Duration Fund - Regular Plan - Weekly IDCW Option,1001.1747
2026-06-30,148908,ITI Ultra Short Duration Fund - Direct Plan - Fortnightly IDCW Option,1001.5760
2026-06-30,148909,ITI Ultra Short Duration Fund - Direct Plan - Annually IDCW Option,1364.5890
2026-06-30,148911,ITI Ultra Short Duration Fund - Regular Plan - Fortnightly IDCW Option,1001.5575
2026-06-30,148912,ITI Ultra Short Duration Fund - Regular Plan - Daily IDCW Option,1001.0000
2026-06-30,148913,ITI Ultra Short Duration Fund - Direct Plan - Growth Option,1362.8579
2026-06-30,148914,ITI Ultra Short Duration Fund - Regular Plan - Monthly IDCW Option,1001.5569
2026-06-30,148915,ITI Ultra Short Duration Fund - Direct Plan - Weekly IDCW Option,1001.0006
2026-06-30,148916,ITI Ultra Short Duration Fund - Direct Plan - Monthly IDCW Option,1001.5757
2026-06-30,148917,ITI Ultra Short Duration Fund - Regular Plan - Annually IDCW Option,1306.7868
2026-06-30,148918,Aditya Birla Sun Life Multi-Cap Fund-Regular Growth,20.45
2026-06-30,148919,Aditya Birla Sun Life Multi-Cap Fund-Regular-IDCW Payout,18.1
2026-06-30,148920,Aditya Birla Sun Life Multi-Cap Fund-Direct IDCW Payout,19.4
2026-06-30,148921,Aditya Birla Sun Life Multi-Cap Fund-Direct Growth,21.92
2026-06-30,148922,quant Quantamental Fund - IDCW Option - Regular Plan,25.404
2026-06-30,148923,quant Quantamental Fund - Growth Option - Regular Plan,25.3745
2026-06-30,148924,quant Quantamental Fund - IDCW Option - Direct Plan,27.5976
2026-06-30,148925,quant Quantamental Fund - Growth Option - Direct Plan,27.4467
2026-06-30,148927,Mirae Asset NYSE FANG + ETF,156.9684
2026-06-30,148928,Mirae Asset NYSE FANG + ETF Fund of Fund Direct Growth,38.879
2026-06-30,148929,Mirae Asset NYSE FANG + ETF Fund of Fund Regular Growth,38.110
2026-06-30,148934,Axis NIFTY Healthcare ETF,164.0847
2026-06-30,148943,SBI Nifty Next 50 Index Fund - Regular Plan - Growth,19.3772
2026-06-30,148944,SBI Nifty Next 50 Index Fund - Regular Plan - Income Distribution cum Capital Withdrawal Option (IDCW),19.3774
2026-06-30,148945,SBI Nifty Next 50 Index Fund - Direct Plan - Growth,19.8425
2026-06-30,148946,SBI Nifty Next 50 Index Fund - Direct Plan - Income Distribution cum Capital Withdrawal Option (IDCW),19.8414
2026-06-30,148947,Tata Dividend Yield Fund-Direct Plan-Growth,21.2923
2026-06-30,148948,Tata Dividend Yield Fund-Regular Plan-Growth,19.4841
2026-06-30,148949,Tata Dividend Yield Fund-Regular Plan-IDCW Reinvestment,19.4841
2026-06-30,148950,Tata Dividend Yield Fund-Regular Plan-IDCW Payout,19.4841
2026-06-30,148951,Tata Dividend Yield Fund-Direct Plan-IDCW Reinvestment,21.2923
2026-06-30,148952,Tata Dividend Yield Fund-Direct Plan-IDCW Payout,21.2923
2026-06-30,148953,Axis Global Innovation Fund of Fund - Regular Plan - Growth,18.21
2026-06-30,148954,Axis Global Innovation Fund of Fund - Direct Plan - Growth,19.16
2026-06-30,148955,Axis Global Innovation Fund of Fund - Direct Plan - IDCW,19.16
2026-06-30,148956,Axis Global Innovation Fund of Fund - Regular Plan - IDCW,18.21
2026-06-30,148957,ICICI Prudential Nifty Healthcare ETF,165.4130
2026-06-30,148958,Parag Parikh Conservative Hybrid Fund - Direct Plan - Growth,16.0811
2026-06-30,148959,Parag Parikh Conservative Hybrid Fund - Regular Plan - Growth,15.8363
2026-06-30,148960,Parag Parikh Conservative Hybrid Fund - Regular Plan - Monthly IDCW,10.7636
2026-06-30,148961,Parag Parikh Conservative Hybrid Fund - Direct Plan - Monthly IDCW,11.0069
2026-06-30,148962,Aditya Birla Sun Life Nifty 50 Equal Weight Index Fund-Direct Growth,18.7544
2026-06-30,148963,Aditya Birla Sun Life Nifty 50 Equal Weight Index Fund-Direct-IDCW,18.7546
2026-06-30,148964,Aditya Birla Sun Life Nifty 50 Equal Weight Index Fund-Regular IDCW,18.1645
2026-06-30,148965,Aditya Birla Sun Life Nifty 50 Equal Weight Index Fund-Regular Growth,18.1647
2026-06-30,148966,SBI Fixed Maturity Plan (FMP) - Series 44 (1855 Days) - Regular Plan - Growth,13.4565
2026-06-30,148967,SBI Fixed Maturity Plan (FMP) - Series 44 (1855 Days) - Direct Plan - Growth,13.5467
2026-06-30,148968,SBI Fixed Maturity Plan (FMP) - Series 44 (1855 Days) - Direct Plan - Income Distribution cum Capital Withdrawal Option (IDCW),13.5467
2026-06-30,148969,SBI Fixed Maturity Plan (FMP) Series 44 (1855 Days) - Regular Plan - Income Distribution cum Capital Withdrawal Option (IDCW),13.4565
2026-06-30,148970,ITI Value Fund - Direct Plan - IDCW Option,17.7754
2026-06-30,148971,ITI Value Fund - Regular Plan - IDCW Option,15.9993
2026-06-30,148972,ITI Value Fund - Direct Plan - Growth Option,18.7762
2026-06-30,148973,ITI Value Fund - Regular Plan - Growth Option,16.9932
2026-06-30,148974,Kotak Nifty 50 Index Fund - Regular Plan-Growth,15.581
2026-06-30,148976,Kotak Nifty 50 Index Fund - Direct Plan-IDCW Payout,15.821
2026-06-30,148978,Kotak Nifty 50 Index Fund - Direct Plan-Growth,15.825
2026-06-30,148979,Kotak Nifty 50 Index Fund - Regular Plan-IDCW Payout,15.581
2026-06-30,148980,BANK OF INDIA Large Cap Fund Direct Plan Growth,17.70
2026-06-30,148981,BANK OF INDIA Large Cap Fund Direct Plan IDCW,17.67
2026-06-30,148982,BANK OF INDIA Large Cap Fund Regular Plan Growth,16.59
2026-06-30,148983,BANK OF INDIA Large Cap Fund Regular Plan IDCW,16.59
2026-06-30,148984,HDFC Banking & Financial Services Fund - IDCW Option,15.763
2026-06-30,148985,HDFC Banking & Financial Services Fund - IDCW Option - Direct Plan,17.019
2026-06-30,148986,HDFC Banking & Financial Services Fund - Growth Option - Direct Plan,19.256
2026-06-30,148987,HDFC Banking & Financial Services Fund - Growth Option,17.958
2026-06-30,148988,ICICI Prudential Flexicap Fund - IDCW,16.43
2026-06-30,148989,ICICI Prudential Flexicap Fund - Growth,19.61
2026-06-30,148990,ICICI Prudential Flexicap Fund - Direct Plan - Growth,20.75
2026-06-30,148991,ICICI Prudential Flexicap Fund - Direct Plan - IDCW,17.55
2026-06-30,148992,Axis Quant Fund - Regular Plan - Growth,15.84
2026-06-30,148993,Axis Quant Fund - Direct Plan - Growth,17.14
2026-06-30,148994,Axis Quant Fund - Direct Plan - IDCW,17.14
2026-06-30,148995,Axis Quant Fund - Regular Plan - IDCW,15.84
2026-06-30,148996,SBI Fixed Maturity Plan (FMP) Series 45 (1840 Days) - Regular Plan - Growth,13.4429
2026-06-30,148997,SBI Fixed Maturity Plan (FMP) Series 45 (1840Days) - Regular Plan - Income Distribution cum Capital Withdrawal Option (IDCW),13.4429
2026-06-30,148998,SBI Fixed Maturity Plan (FMP) Series 45 (1840 Days) - Direct Plan - Income Distribution cum Capital Withdrawal Option (IDCW),13.5293
2026-06-30,148999,SBI Fixed Maturity Plan (FMP) Series 45 (1840 Days) - Direct Plan - Growth,13.5293
2026-06-30,149000,Tata Floating Rate Fund-Direct Plan-IDCW Monthly Payout,13.8434
2026-06-30,149001,Tata Floating Rate Fund-Direct Plan-IDCW Quarterly Payout,13.8434
2026-06-30,149002,Tata Floating Rate Fund-Direct Plan-IDCW Periodic Payout,13.8434
2026-06-30,149003,Tata Floating Rate Fund-Regular Plan-Growth,13.5483
2026-06-30,149004,Tata Floating Rate Fund-Regular Plan-IDCW Monthly Payout,13.5483
2026-06-30,149005,Tata Floating Rate Fund-Regular Plan-IDCW Quarterly Payout,13.5483
2026-06-30,149006,Tata Floating Rate Fund-Regular Plan-IDCW Periodic Payout,13.5483
2026-06-30,149007,Tata Floating Rate Fund -Direct Plan-Growth,13.8434
2026-06-30,149008,Nippon India Nifty Pharma ETF,25.9961
2026-06-30,149009,Invesco India Medium Duration Fund - Regular Plan - Quarterly IDCW (Payout / Reinvestment),1040.1186
2026-06-30,149010,Invesco India Medium Duration Fund - Regular Plan - Discretionary IDCW(Payout / Reinvestment)),1297.3042
2026-06-30,149011,Invesco India Medium Duration Fund - Direct Plan - Growth,1352.3123
2026-06-30,149012,Invesco India Medium Duration Fund - Regular Plan - Growth,1297.2975
2026-06-30,149013,Invesco India Medium Duration Fund - Direct Plan - Discretionary IDCW (Payout/Reinvestment),1352.2183
2026-06-30,149014,Invesco India Medium Duration Fund - Direct Plan - Quarterly IDCW (Payout / Reinvestment)),1040.9485
2026-06-30,149015,Aditya Birla Sun Life Fixed Term Plan - Series TI (1837 days) - Regular Plan - Growth Option,13.4879
2026-06-30,149016,Aditya Birla Sun Life Fixed Term Plan - Series TI (1837 days) - Regular Plan - Payout of IDCW option,13.488
2026-06-30,149017,Aditya Birla Sun Life Fixed Term Plan - Series TI (1837 days) - Direct Plan - Growth Option,13.5555
2026-06-30,149018,Aditya Birla Sun Life Fixed Term Plan - Series TI (1837 days) - Direct Plan - Payout of IDCW option,13.5574
2026-06-30,149019,PGIM India Small Cap Fund - Direct Plan- Growth Option,18.89
2026-06-30,149020,PGIM India Small Cap Fund - Regular Plan - Growth Option,17.41
2026-06-30,149021,ITI Dynamic Bond Fund - Regular Plan - Growth Option,12.8596
2026-06-30,149022,ITI Dynamic Bond Fund - Regular Plan - Monthly IDCW Option,10.0717
2026-06-30,149023,ITI Dynamic Bond Fund - Direct Plan - Monthly IDCWOption,10.1963
2026-06-30,149024,ITI Dynamic Bond Fund - Regular Plan - Quarterly IDCW Option,12.8631
2026-06-30,149025,ITI Dynamic Bond Fund - Direct Plan - Quarterly IDCW Option,13.5789
2026-06-30,149026,ITI Dynamic Bond Fund - Regular Plan - Half Yearly IDCW Option,12.8634
2026-06-30,149027,ITI Dynamic Bond Fund - Regular Plan - Annually IDCWOption,12.8606
2026-06-30,149028,ITI Dynamic Bond Fund - Direct Plan - Half Yearly IDCW Option,11.2642
2026-06-30,149029,ITI Dynamic Bond Fund - Direct Plan - Growth Option,13.5501
2026-06-30,149030,ITI Dynamic Bond Fund - Direct Plan - Annually IDCW Option,13.5456
2026-06-30,149031,PGIM India Small Cap Fund - Direct Plan - IDCW Option,14.87
2026-06-30,149032,PGIM India Small Cap Fund - Regular Plan - IDCW Option,14.17
2026-06-30,149033,Tata Floating Rate Fund-Direct Plan-IDCW Periodic Dividend Reinvestment,13.8434
2026-06-30,149034,Tata Floating Rate Fund-Direct Plan-IDCW Quarterly Dividend Reinvestment,13.8434
2026-06-30,149035,Tata Floating Rate Fund-Regular Plan-IDCW Monthly Dividend Reinvestment,13.5483
2026-06-30,149036,Tata Floating Rate Fund-Regular Plan-IDCW Periodic Dividend Reinvestment,13.5483
2026-06-30,149037,Tata Floating Rate Fund-Direct Plan-IDCW Monthly Dividend Reinvestment,13.8434
2026-06-30,149038,Tata Floating Rate Fund-Regular Plan-IDCW Quarterly Dividend Reinvestment,13.5483
2026-06-30,149039,Navi Nifty 50 Index Fund-Direct Plan-Growth,15.7215
2026-06-30,149040,Navi Nifty 50 Index Fund-Regular Plan-Growth,15.5623
2026-06-30,149041,SBI Nifty Consumption ETF,118.6145
2026-06-30,149042,SBI Fixed Maturity Plan (FMP) - Series 46 (1850 Days) - Regular Plan - Income Distribution cum Capital Withdrawal Option (IDCW),13.4270
2026-06-30,149043,SBI Fixed Maturity Plan (FMP) - Series 46 (1850 Days) - Direct Plan - Growth,13.5208
2026-06-30,149044,SBI Fixed Maturity Plan (FMP) - Series 46 (1850 Days) - Direct Plan - Income Distribution cum Capital Withdrawal Option (IDCW),13.5208
2026-06-30,149045,SBI Fixed Maturity Plan (FMP) - Series 46 (1850 Days) - Regular Plan - Growth,13.4269
2026-06-30,149046,Axis Floater Fund - Regular Plan - Quarterly IDCW,1313.0244
2026-06-30,149047,Axis Floater Fund - Regular Plan - Annual IDCW,1354.9860
2026-06-30,149048,Axis Floater Fund - Regular Plan - Growth,1390.9442
2026-06-30,149049,Axis Floater Fund - Direct Plan - Growth,1415.3421
2026-06-30,149050,Axis Floater Fund - Direct Plan - Daily IDCW,1009.6280
2026-06-30,149051,Axis Floater Fund - Direct Plan - Monthly IDCW,1017.6284
2026-06-30,149052,Axis Floater Fund - Direct Plan - Quarterly IDCW,1334.9572
2026-06-30,149053,Axis Floater Fund - Regular Plan - Monthly IDCW,1016.9636
2026-06-30,149054,Axis Floater Fund - Regular Plan - Daily IDCW,1022.2089
2026-06-30,149055,Axis Floater Fund - Direct Plan - Annual IDCW,1377.2081
2026-06-30,149056,Kotak Global Innovation Overseas Equity Omni FOF - Regular Plan-Growth,14.8648
2026-06-30,149058,Kotak Global Innovation Overseas Equity Omni FOF - Regular Plan -IDCW Option,14.8652
2026-06-30,149059,Kotak Global Innovation Overseas Equity Omni FOF- Direct Plan -Growth,15.7568
2026-06-30,149060,Kotak Global Innovation Overseas Equity Omni FOF- Direct Plan - IDCW Option,15.7545
2026-06-30,149062,Aditya Birla Sun Life Fixed Term Plan - Series TJ (1838 days) - Direct Plan - Growth Option,13.5834
2026-06-30,149063,Aditya Birla Sun Life Fixed Term Plan - Series TJ (1838 days) - Direct Plan - Payout of IDCW Option,13.5852
2026-06-30,149064,Aditya Birla Sun Life Fixed Term Plan - Series TJ (1838 days) - Regular Plan - Growth Option,13.5214
2026-06-30,149065,Aditya Birla Sun Life Fixed Term Plan - Series TJ (1838 days) - Regular Plan - Payout of IDCW Option,13.5214
2026-06-30,149066,Tata Business Cycle Fund-Direct Plan-IDCW Payout,20.5200
2026-06-30,149067,Tata Business Cycle Fund-Direct Plan-IDCW Reinvestment,20.5200
2026-06-30,149068,Tata Business Cycle Fund-Regular Plan-Growth,18.9980
2026-06-30,149069,Tata Business Cycle Fund-Regular Plan-IDCW Reinvestment,18.9980
2026-06-30,149070,Tata Business Cycle Fund-Regular Plan-IDCW Payout,18.9980
2026-06-30,149071,Tata Business Cycle Fund-Direct Plan-Growth,20.5200
2026-06-30,149072,ICICI Prudential Nifty FMCG ETF,52.3330
2026-06-30,149073,TRUSTMF Short Duration Fund-Regular Plan-Growth,1317.5539
2026-06-30,149074,TRUSTMF Short Duration Fund-Regular Plan-Weekly Income Distribution Cum Capital Withdrawal,1116.7028
2026-06-30,149075,TRUSTMF Short Duration Fund-Regular Plan-Quarterly Income Distribution Cum Capital Withdrawal,1142.7724
2026-06-30,149076,TRUSTMF Short Duration Fund-Direct Plan-Growth,1350.2677
2026-06-30,149077,TRUSTMF Short Duration Fund-Direct Plan-Weekly Income Distribution Cum Capital Withdrawal,1136.1433
2026-06-30,149078,TRUSTMF Short Duration Fund-Direct Plan-Monthly Income Distribution Cum Capital Withdrawal,1159.9005
2026-06-30,149079,TRUSTMF Short Duration Fund-Direct Plan-Quarterly Income Distribution Cum Capital Withdrawal,1173.3742
2026-06-30,149080,TRUSTMF Short Duration Fund-Regular Plan-Monthly Income Distribution Cum Capital Withdrawal,1139.8309
2026-06-30,149085,Canara Robeco Value Fund - Direct Plan - Growth Option,19.1400
2026-06-30,149086,Canara Robeco Value Fund - Direct Plan - IDCW (Payout/Reinvestment),18.0000
2026-06-30,149087,Canara Robeco Value Fund - Regular Plan - IDCW (Payout/Reinvestment),16.7000
2026-06-30,149088,Canara Robeco Value Fund - Regular Plan - Growth Option,17.7600
2026-06-30,149089,Nippon India Flexi Cap Fund - Regular Plan - Growth Plan - Growth Option,16.5685
2026-06-30,149090,UTI Focused Fund - Regular Plan - Growth Option,14.9947
2026-06-30,149091,UTI Focused Fund - Direct Plan - Growth Option,16.1194
2026-06-30,149092,UTI Focused Fund - Regular Plan - IDCW Payout Option,14.9948
2026-06-30,149093,UTI Focused Fund - Direct Plan - IDCW Payout Option,16.119
2026-06-30,149094,Nippon India Flexi Cap Fund - Direct Plan - Growth Plan - Growth Option,17.7318
2026-06-30,149095,Nippon India Flexi Cap Fund - Direct Plan - IDCW Option,17.7318
2026-06-30,149096,Nippon India Flexi Cap Fund - Regular Plan - IDCW Option,16.5685
2026-06-30,149097,Bandhan US specific Equity Active FOF - IDCW - REGULAR PLAN,20.156
2026-06-30,149098,Bandhan US specific Equity Active FOF - GROWTH - DIRECT PLAN,21.195
2026-06-30,149099,Bandhan US specific Equity Active FOF - IDCW - DIRECT PLAN,21.195
2026-06-30,149100,Bandhan US specific Equity Active FOF - GROWTH - REGULAR PLAN,20.156
2026-06-30,149101,Mahindra Manulife Flexi Cap Fund - Regular Plan -Growth,15.7003
2026-06-30,149102,Mahindra Manulife Flexi Cap Fund - Regular Plan -IDCW,12.4287
2026-06-30,149103,Mahindra Manulife Flexi Cap Fund - Direct Plan -IDCW,13.7888
2026-06-30,149104,Mahindra Manulife Flexi Cap Fund - Direct Plan -Growth,17.1269
2026-06-30,149105,Mirae Asset Nifty Financial Services ETF,27.5723
2026-06-30,149106,HDFC NIFTY50 Equal weight Index Fund - Growth Option,17.8827
2026-06-30,149107,HDFC NIFTY50 Equal weight Index Fund - Direct Plan - Growth Option,18.3351
2026-06-30,149112,Mirae Asset Money Market Fund Direct Growth,1362.5038
2026-06-30,149113,Mirae Asset Money Market Fund Direct IDCW,1360.2634
2026-06-30,149114,Mirae Asset Money Market Fund Regular IDCW,1339.1806
2026-06-30,149115,Mirae Asset Money Market Fund Regular Growth,1339.1911
2026-06-30,149116,Union Money Market Fund - Regular Plan -  Growth Option,1306.5408
2026-06-30,149117,Union Money Market Fund - Direct Plan -  Growth Option,1352.0045
2026-06-30,149118,Union Money Market Fund - Regular Plan - Daily IDCW Option,1002.2900
2026-06-30,149123,Union Money Market Fund - Direct Plan -  Monthly IDCW Option,1010.8647
2026-06-30,149132,SBI Balanced Advantage Fund - Regular Plan - Growth,15.8381
2026-06-30,149133,SBI Balanced Advantage Fund - Regular Plan - Income Distribution cum Capital Withdrawal Option (IDCW),15.8383
2026-06-30,149134,SBI Balanced Advantage Fund - Direct Plan - Growth,16.5845
2026-06-30,149135,SBI Balanced Advantage Fund - Direct Plan - Income Distribution cum Capital Withdrawal Option (IDCW),16.5849
2026-06-30,149140,Baroda BNP Paribas Business Cycle Fund - Regular Plan - Growth,15.7563
2026-06-30,149141,Baroda BNP Paribas Business Cycle Fund - Direct Plan - Growth,16.8973
2026-06-30,149142,Baroda BNP Paribas Business Cycle Fund - Regular Plan - IDCW Option,13.1623
2026-06-30,149143,Baroda BNP Paribas Business Cycle Fund - Direct Plan - IDCW Option,14.1165
2026-06-30,149144,SBI Fixed Maturity Plan (FMP) - Series 49 (1823 Days) - Direct Plan - Income Distribution cum Capital Withdrawal Option (IDCW),13.4107
2026-06-30,149145,SBI Fixed Maturity Plan (FMP) - Series 49 (1823 Days) - Regular Plan - Growth,13.3230
2026-06-30,149146,SBI Fixed Maturity Plan (FMP) - Series 49 (1823 Days) - Regular Plan - Income Distribution cum Capital Withdrawal Option (IDCW),13.3230
2026-06-30,149147,SBI Fixed Maturity Plan (FMP) - Series 49 (1823 Days) - Direct Plan - Growth,13.4107
2026-06-30,149156,Axis NIFTY India Consumption ETF,118.3089
2026-06-30,149157,ICICI Prudential Nifty Alpha Low - Volatility 30 ETF FOF - Growth,14.4797
2026-06-30,149158,ICICI Prudential Nifty Alpha Low - Volatility 30 ETF FOF - Direct Plan - Growth,14.7939
2026-06-30,149159,ICICI Prudential Nifty Alpha Low - Volatility 30 ETF FOF - IDCW,14.4797
2026-06-30,149160,ICICI Prudential Nifty Alpha Low - Volatility 30 ETF FOF - Direct Plan - IDCW,14.7935
2026-06-30,149165,Axis Value Fund - Regular Plan - IDCW,16.19
2026-06-30,149166,Axis Value Fund - Direct Plan - Growth,20.59
2026-06-30,149167,Axis Value Fund - Regular Plan - Growth,19.25
2026-06-30,149168,Axis Value Fund - Direct Plan - IDCW,17.31
2026-06-30,149169,Mirae Asset S&P 500 Top 50 ETF,65.0172
2026-06-30,149170,Mirae Asset S&P 500 Top 50 ETF Fund of Fund Direct Growth,27.001
2026-06-30,149171,Mirae Asset S&P 500 Top 50 ETF Fund of Fund Regular Growth,26.481
2026-06-30,149172,SBI Fixed Maturity Plan (FMP) - Series 50 (1843 Days) - Regular Plan - Growth,13.1750
2026-06-30,149173,SBI Fixed Maturity Plan (FMP) - Series 50 (1843 Days) - Regular Plan -Income Distribution Capital Withdrawal Option (IDCW),13.1750
2026-06-30,149174,SBI Fixed Maturity Plan (FMP) - Series 50 (1843 Days) - Direct Plan - Growth,13.2788
2026-06-30,149175,SBI Fixed Maturity Plan (FMP) - Series 50 (1843 Days) - Direct Plan - Income Distribution Capital Withdrawal Option (IDCW),13.2788
2026-06-30,149180,HDFC Developed World Overseas Equity Passive FOF - Direct Plan - Growth Option,21.232
2026-06-30,149181,HDFC Developed World Overseas Equity Passive FOF - Growth Option,20.77
2026-06-30,149182,Kotak Multicap Fund-Regular Plan-Growth,19.955
2026-06-30,149183,Kotak Multicap Fund- Regular Plan -IDCW Option,18.339
2026-06-30,149185,Kotak Multicap Fund-Direct Plan-Growth,21.345
2026-06-30,149187,Kotak Multicap Fund-Direct Plan-IDCW Option,19.617
2026-06-30,149188,DSP FMP Series - 264 - 60M - 17D - Regular Plan - Growth,13.2097
2026-06-30,149189,DSP FMP Series - 264 - 60M - 17D - Regular - IDCW,13.2091
2026-06-30,149190,DSP FMP Series - 264 - 60M - 17D - Direct - Growth,13.3055
2026-06-30,149191,DSP FMP Series - 264 - 60M - 17D - Direct - IDCW,13.3055
2026-06-30,149194,SBI Fixed Maturity Plan (FMP) - Series 51 (1846 Days) - Direct Plan - Income Distribution Capital Withdrawal Option (IDCW),13.2693
2026-06-30,149195,SBI Fixed Maturity Plan (FMP) - Series 51 (1846 Days) - Direct Plan - Growth,13.2688
2026-06-30,149196,SBI Fixed Maturity Plan (FMP) - Series 51 (1846 Days) - Regular Plan - Income Distribution Capital Withdrawal Option (IDCW),13.1846
2026-06-30,149197,SBI Fixed Maturity Plan (FMP) - Series 51 (1846 Days) - Regular Plan - Growth,13.1845
2026-06-30,149198,Aditya Birla Sun Life Nifty SDL Plus PSU Bond SEP 2026 60:40 Index Fund-Regular Growth,13.0829
2026-06-30,149199,Aditya Birla Sun Life Nifty SDL Plus PSU Bond SEP 2026 60:40 Index Fund-Direct Growth,13.1797
2026-06-30,149200,Aditya Birla Sun Life Nifty SDL Plus PSU Bond SEP 2026 60:40 Index Fund-Direct IDCW,13.1798
2026-06-30,149201,Aditya Birla Sun Life Nifty SDL Plus PSU Bond SEP 2026 60:40 Index Fund-Regular IDCW,13.0838
2026-06-30,149208,ICICI Prudential Nifty PSU Bond Plus SDL Sep 2027 40:60 Index Fund - Growth,13.1224
2026-06-30,149210,ICICI Prudential Nifty PSU Bond Plus SDL Sep 2027 40:60 Index Fund - Direct Plan Growth,13.2418
2026-06-30,149218,ICICI Prudential NASDAQ 100 Index Fund - Growth,24.3803
2026-06-30,149219,ICICI Prudential NASDAQ 100 Index Fund - Direct Plan - Growth,24.9297
2026-06-30,149220,ICICI Prudential NASDAQ 100 Index Fund - IDCW,24.3799
2026-06-30,149221,ICICI Prudential NASDAQ 100 Index Fund - Direct Plan - IDCW,24.9274
2026-06-30,149224,ICICI Prudential Nifty PSU Bond Plus SDL Sep 2027 40:60 Index Fund - Annual - IDCW,13.1222
2026-06-30,149227,ICICI Prudential Nifty PSU Bond Plus SDL Sep 2027 40:60 Index Fund - Direct Plan Annual - IDCW,13.2418
2026-06-30,149228,Mahindra Manulife Asia Pacific REITs FOF - Regular Plan - Growth,10.4499
2026-06-30,149229,Mahindra Manulife Asia Pacific REITs FOF - Regular Plan - IDCW,10.4499
2026-06-30,149230,Mahindra Manulife Asia Pacific REITs FOF - Direct Plan - Growth,10.9284
2026-06-30,149231,Mahindra Manulife Asia Pacific REITs FOF - Direct Plan - IDCW,10.9284
2026-06-30,149232,SBI Fixed Maturity Plan (FMP) - Series 52 (1848 Days) - Direct Plan - Growth,13.2488
2026-06-30,149233,SBI Fixed Maturity Plan (FMP) - Series 52 (1848 Days) - Regular Plan - Income Distribution Cum Withdrawal (IDCW),13.1674
2026-06-30,149234,SBI Fixed Maturity Plan (FMP) - Series 52 (1848 Days) - Direct Plan - Income Distribution Cum Withdrawal (IDCW),13.2488
2026-06-30,149235,SBI Fixed Maturity Plan (FMP) - Series 52 (1848 Days) - Regular Plan - Growth,13.1674
2026-06-30,149240,Motilal Oswal 5 Year G-Sec Fund Of Fund Direct -Growth,13.2084
2026-06-30,149241,Motilal Oswal 5 Year G-Sec Fund Of Fund Regular -Growth,13.1615
2026-06-30,149246,Edelweiss NIFTY PSU Bond Plus SDL Apr 2027 50:50 Index Fund - Direct Plan - IDCW,13.2631
2026-06-30,149247,Edelweiss NIFTY PSU Bond Plus SDL Apr 2027 50:50 Index Fund - Direct Plan Growth,13.2649
2026-06-30,149248,Edelweiss NIFTY PSU Bond Plus SDL Apr 2027 50:50 Index Fund - Regular Plan - IDCW,13.1455
2026-06-30,149249,Edelweiss NIFTY PSU Bond Plus SDL Apr 2027 50:50 Index Fund - Regular Plan - Growth,13.145
2026-06-30,149250,Edelweiss Nifty 50 Index Fund Direct Plan Growth,14.1169
2026-06-30,149251,Edelweiss Nifty 50 Index Fund Direct Plan IDCW,13.9216
2026-06-30,149252,Edelweiss Nifty 50 Index Fund Regular Plan Growth,13.6277
2026-06-30,149253,Edelweiss Nifty 50 Index Fund Regular Plan IDCW,13.6275
2026-06-30,149254,Edelweiss Nifty 100 Quality 30 Index Fund Direct Plan Growth,14.1111
2026-06-30,149255,Edelweiss Nifty 100 Quality 30 Index Fund Direct Plan IDCW,13.9137
2026-06-30,149256,Edelweiss Nifty 100 Quality 30 Index Fund Regular Plan Growth,13.6948
2026-06-30,149257,Edelweiss Nifty 100 Quality 30 Index Fund Regular Plan IDCW,13.6938
2026-06-30,149258,LIC MF Balanced Advantage Fund-Regular Plan-IDCW,11.7232
2026-06-30,149259,LIC MF Balanced Advantage Fund-Regular Plan-Growth,13.5127
2026-06-30,149260,LIC MF Balanced Advantage Fund-Direct Plan-IDCW,12.5126
2026-06-30,149261,LIC MF Balanced Advantage Fund-Direct Plan-Growth,14.5752
2026-06-30,149262,Aditya Birla Sun Life Nifty Healthcare ETF,16.5837
2026-06-30,149263,NJ Balanced Advantage Fund - Regular Plan - IDCW Payout Option,13.42
2026-06-30,149264,NJ Balanced Advantage Fund - Direct Plan - Growth Option,14.26
2026-06-30,149265,NJ Balanced Advantage Fund - Direct Plan - IDCW Payout Option,14.26
2026-06-30,149266,NJ Balanced Advantage Fund - Regular Plan - Growth Option,13.42
2026-06-30,149268,ITI Pharma and Healthcare Fund - Direct Plan - Growth Option,19.0275
2026-06-30,149269,ITI Pharma and Healthcare Fund - Regular Plan - IDCW Option,17.3419
2026-06-30,149270,ITI Pharma and Healthcare Fund - Regular Plan - Growth Option,17.3419
2026-06-30,149271,ITI Pharma and Healthcare Fund - Direct Plan - IDCW Option,19.0254
2026-06-30,149277,SBI Fixed Maturity Plan (FMP) - Series 53 (1839 Days) - Direct Plan - Income Distribution Cum Withdrawal Option (IDCW),13.2674
2026-06-30,149278,SBI Fixed Maturity Plan (FMP) - Series 53 (1839 Days) - Regular Plan - Growth,13.1981
2026-06-30,149279,SBI Fixed Maturity Plan (FMP) - Series 53 (1839 Days) - Direct Plan - Growth,13.2674
2026-06-30,149280,SBI Fixed Maturity Plan (FMP) - Series 53 (1839 Days) - Regular Plan - Income  Distribution Cum Withdrawal Option (IDCW),13.1981
2026-06-30,149281,ICICI Prudential Nifty Smallcap 250 Index Fund - Growth,17.6683
2026-06-30,149282,ICICI Prudential Nifty Smallcap 250 Index Fund - IDCW,17.6690
2026-06-30,149283,ICICI Prudential Nifty Smallcap 250 Index Fund - Direct Plan - Growth,18.1718
2026-06-30,149284,ICICI Prudential Nifty Smallcap 250 Index Fund - Direct Plan - IDCW,18.1712
2026-06-30,149285,ICICI Prudential Nifty India Consumption ETF,119.0654
2026-06-30,149286,DSP Nifty 50 Equal Weight ETF,337.0735
2026-06-30,149287,HDFC NIFTY Next 50 Index Fund - Growth Option,16.5843
2026-06-30,149288,HDFC NIFTY Next 50 Index Fund - Direct Plan - Growth Option,16.9177
2026-06-30,149289,Aditya Birla Sun Life US Equity Passive FOF-Direct IDCW,23.4318
2026-06-30,149290,Aditya Birla Sun Life US Equity Passive FOF-Regular Growth,23.0143
2026-06-30,149291,Aditya Birla Sun Life US Equity Passive FOF-Direct-Growth,23.4286
2026-06-30,149292,Aditya Birla Sun Life US Equity Passive FOF-Regular IDCW,23.0125
2026-06-30,149293,Aditya Birla Sun Life Nifty IT ETF,28.7434
2026-06-30,149294,Aditya Birla Sun Life Business Cycle Fund-Regular IDCW Payout,13.6
2026-06-30,149295,Aditya Birla Sun Life Business Cycle Fund-Direct Growth,16.47
2026-06-30,149296,Aditya Birla Sun Life Business Cycle Fund-Regular-Growth,15.54
2026-06-30,149297,Aditya Birla Sun Life Business Cycle Fund-Direct IDCW Payout,14.41
2026-06-30,149298,PGIM India Global Select Real Estate Securities Fund of Fund - Direct Plan - Growth Option,13.79
2026-06-30,149299,PGIM India Global Select Real Estate Securities Fund of Fund - Regular Plan - Growth Option,13.27
2026-06-30,149302,BANDHAN MULTI CAP FUND - IDCW - REGULAR PLAN,15.143
2026-06-30,149303,BANDHAN MULTI CAP FUND - GROWTH - DIRECT PLAN,18.624
2026-06-30,149304,BANDHAN MULTI CAP FUND - IDCW - DIRECT PLAN,16.410
2026-06-30,149305,BANDHAN MULTI CAP FUND - GROWTH - REGULAR PLAN,17.368
2026-06-30,149306,SBI Fixed Maturity Plan (FMP) - Series 54 (1842 Days) - Regular Plan - Income Distribution Cum Capital Withdrawal Option (IDCW),13.1771
2026-06-30,149307,SBI Fixed Maturity Plan (FMP) - Series 54 (1842 Days) - Direct Plan - Growth,13.2502
2026-06-30,149308,SBI Fixed Maturity Plan (FMP) - Series 54 (1842 Days) - Regular Plan - Growth,13.1771
2026-06-30,149309,SBI Fixed Maturity Plan (FMP) - Series 54 (1842 Days) - Direct Plan - Income Distribution Cum Withdrawal Option (IDCW),13.2507
2026-06-30,149310,Unclaimed Redemption - Upto 3 years (Invested in DSP Overnight Fund),13.0162
2026-06-30,149311,Unclaimed Redemption - Beyond 3 years (Invested in DSP Overnight Fund),10.0000
2026-06-30,149312,Unclaimed IDCW - Upto 3 years (Invested in DSP Overnight Fund),13.0163
2026-06-30,149313,Unclaimed IDCW - Beyond 3 years (Invested in DSP Overnight Fund),10.0000
2026-06-30,149316,360 ONE QUANT FUND REGULAR INCOME DISTRIBUTION CUM CAPITAL WITHDRAWAL,18.2662
2026-06-30,149317,360 ONE QUANT FUND REGULAR GROWTH,18.2662
2026-06-30,149318,360 ONE QUANT FUND DIRECT GROWTH,19.3527
2026-06-30,149319,360 ONE QUANT FUND DIRECT INCOME DISTRIBUTION CUM CAPITAL WITHDRAWAL,19.3527
2026-06-30,149321,ITI Banking and Financial Services Fund - Direct Plan - Growth Option,17.4940
2026-06-30,149322,ITI Banking and Financial Services Fund - Direct Plan - IDCW Option,16.5084
2026-06-30,149323,ITI Banking and Financial Services Fund - Regular Plan - IDCW Option,15.0065
2026-06-30,149324,ITI Banking and Financial Services Fund -Regular Plan - Growth Option,15.9843
2026-06-30,149325,Nippon India Taiwan Equity Fund- Regular Plan- IDCW option,35.5510
2026-06-30,149327,Nippon India Taiwan Equity Fund- Direct Plan- IDCW option,37.9772
2026-06-30,149328,Nippon India Taiwan Equity fund- Regular Plan- Growth Option,35.5510
2026-06-30,149329,Nippon India Taiwan Equity Fund- Direct Plan- Growth Option,37.9772
2026-06-30,149331,ICICI Prudential BSE 500 ETF FOF - Direct Plan - Growth,15.7820
2026-06-30,149332,ICICI Prudential BSE 500 ETF FOF - IDCW,15.4446
2026-06-30,149333,ICICI Prudential BSE 500 ETF FOF - Direct Plan - IDCW,15.7817
2026-06-30,149334,ICICI Prudential BSE 500 ETF FOF - Growth,15.4446
2026-06-30,149335,Quant Value Fund - Growth Option  - Direct Plan,24.7159
2026-06-30,149336,Quant Value Fund - IDCW Option- Regular Plan,23.0541
2026-06-30,149337,Quant Value Fund - Growth Option - Regular Plan,22.9284
2026-06-30,149338,Quant Value Fund - IDCW Option - Direct Plan,23.4832
2026-06-30,149339,Edelweiss NIFTY Large Midcap 250 Index Fund - Direct Plan Payout,17.1896
2026-06-30,149341,Edelweiss NIFTY Large Midcap 250 Index Fund - Regular Plan Growth,16.6794
2026-06-30,149342,Edelweiss NIFTY Large Midcap 250 Index Fund - Regular Plan Payout,16.6786
2026-06-30,149343,Edelweiss NIFTY Large Midcap 250 Index Fund - Direct Plan Growth,17.1895
2026-06-30,149345,SBI Fixed Maturity Plan (FMP) - Series 55 (1849 Days) - Direct Plan - Growth,13.2205
2026-06-30,149346,SBI Fixed Maturity Plan (FMP) - Series 55 (1849 Days) - Regular Plan - Income Distribution Cum Capital Withdrawal Option (IDCW),13.1487
2026-06-30,149347,SBI Fixed Maturity Plan (FMP) - Series 55 (1849 Days) - Regular Plan - Growth,13.1488
2026-06-30,149348,SBI Fixed Maturity Plan (FMP) - Series 55 (1849 Days) - Direct Plan - Income Distribution cum Capital Withdrawal Option (IDCW),13.2206
2026-06-30,149351,Tata Corporate Bond Fund-Regular Plan-Growth,13.0336
2026-06-30,149352,Tata Corporate Bond Fund-Regular Plan-IDCW Periodic Reinvestment,13.0336
2026-06-30,149353,Tata Corporate Bond Fund-Regular Plan-IDCW Monthly Payout,13.0336
2026-06-30,149354,Tata Corporate Bond Fund-Regular Plan-IDCW Quarterly Payout,13.0336
2026-06-30,149355,Tata Corporate Bond Fund-Direct Plan-IDCW Periodic Payout,13.3745
2026-06-30,149356,Tata Corporate Bond Fund-Direct Plan-IDCW Periodic Reinvestment,13.3745
2026-06-30,149357,Tata Corporate Bond Fund-Direct Plan-IDCW Monthly Reinvestment,13.3745
2026-06-30,149358,Tata Corporate Bond Fund-Direct Plan-IDCW Quarterly Reinvestment,13.3745
2026-06-30,149359,Tata Corporate Bond Fund-Regular Plan-IDCW Quarterly Reinvestment,13.0336
2026-06-30,149360,Tata Corporate Bond Fund-Regular Plan-IDCW Periodic Payout,13.0336
2026-06-30,149361,Tata Corporate Bond Fund-Direct Plan-Growth,13.3745
2026-06-30,149362,Tata Corporate Bond Fund-Direct Plan-IDCW Quarterly Payout,13.3745
2026-06-30,149363,Tata Corporate Bond Fund-Regular Plan-IDCW Monthly Reinvestment,13.0336
2026-06-30,149364,Tata Corporate Bond Fund-Direct Plan-IDCW Monthly Payout,13.3745
2026-06-30,149365,HDFC Multi Cap Fund - IDCW Option,16.847
2026-06-30,149366,HDFC Multi Cap Fund - Growth Option,18.597
2026-06-30,149367,HDFC Multi Cap Fund - IDCW Option - Direct Plan,17.919
2026-06-30,149368,HDFC Multi Cap Fund - Growth Option - Direct Plan,19.608
2026-06-30,149371,Axis Nifty 50 Index Fund - Regular Plan - Growth Option,14.2922
2026-06-30,149372,Axis Nifty 50 Index Fund - Regular Plan - IDCW,13.5568
2026-06-30,149373,Axis Nifty 50 Index Fund - Direct Plan - Growth,14.4835
2026-06-30,149374,Axis Nifty 50 Index Fund - Direct Plan - IDCW,13.7374
2026-06-30,149379,Mirae Asset Hang Seng TECH ETF,18.1328
2026-06-30,149380,Mirae Asset Hang Seng TECH ETF Fund of Fund Regular Plan - Growth Option,10.850
2026-06-30,149381,Mirae AssetHang Seng TECH ETF Fund of Fund Direct Plan - Growth Option,11.078
2026-06-30,149382,Axis Multicap Fund - Regular Plan - Growth,18.58
2026-06-30,149383,Axis Multicap Fund - Direct Growth,19.68
2026-06-30,149384,Axis Multicap Fund - Direct Plan - IDCW,19.67
2026-06-30,149387,Axis Multicap Fund - Regular Plan - IDCW,18.58
2026-06-30,149388,ICICI Prudential Nifty Midcap 150 Index Fund - IDCW,19.7184
2026-06-30,149389,ICICI Prudential Nifty Midcap 150 Index Fund - Direct Plan - Growth,20.3538
2026-06-30,149390,ICICI Prudential Nifty Midcap 150 Index Fund - Growth,19.7187
2026-06-30,149391,ICICI Prudential Nifty Midcap 150 Index Fund - Direct Plan - IDCW,20.3535
2026-06-30,149392,DSP Nifty 50 ETF,250.9268
2026-06-30,149394,Groww Overnight Fund (formerly known as Indiabulls Overnight Fund)- Unclaimed Dividend < 3 years,1303.5552
2026-06-30,149395,Groww Overnight Fund (formerly known as Indiabulls Overnight Fund)- Unclaimed Redemption > 3 Years,1000
2026-06-30,149396,Groww Overnight Fund (formerly known as Indiabulls Overnight Fund)- Unclaimed Redemption < 3 Years,1289.6632
2026-06-30,149397,Kotak Nifty Alpha 50 ETF,51.388
2026-06-30,149398,BHARAT Bond ETF - April 2032,1350.2307
2026-06-30,149399,BHARAT Bond ETF FOF - April 2032 Regular Plan Growth,13.4708
2026-06-30,149400,BHARAT Bond ETF FOF - April 2032 Regular Plan Dividend,13.4708
2026-06-30,149401,BHARAT Bond ETF FOF - April 2032 Direct Growth,13.4708
2026-06-30,149402,BHARAT Bond ETF FOF - April 2032 Direct Plan Dividend,13.4708
2026-06-30,149403,DSP Nifty Midcap 150 Quality 50 ETF,246.1326
2026-06-30,149404,Mahindra Manulife Balanced Advantage Fund - Regular Plan - Growth,14.6633
2026-06-30,149405,Mahindra Manulife Balanced Advantage Fund - Regular Plan - IDCW,11.6125
2026-06-30,149406,Mahindra Manulife Balanced Advantage Fund - Direct Plan - Growth,15.8659
2026-06-30,149407,Mahindra Manulife Balanced Advantage Fund - Direct Plan - IDCW,12.7423
2026-06-30,149408,ICICI Prudential Overnight fund - Direct Plan - Unclaimed IDCW Transitory Scheme,1296.9747
2026-06-30,149409,ICICI Prudential Overnight fund - Direct Plan - Unclaimed Redemption Stable Scheme,1000.0000
2026-06-30,149410,ICICI Prudential Overnight fund - Direct Plan - Unclaimed Redemption Transitory Scheme,1296.9883
2026-06-30,149411,ICICI Prudential Overnight fund - Direct Plan - Unclaimed IDCW Stable Scheme,1000.0000
2026-06-30,149412,BANK OF INDIA Overnight Fund Unclaimed IDCW Plan - Greater than 3 Years,1000.0000
2026-06-30,149413,BANK OF INDIA Overnight Fund Unclaimed Redemption Plan - Upto 3 Years,1304.9657
2026-06-30,149414,BANK OF INDIA Overnight Fund Unclaimed IDCW Plan - Up to 3 Years,1304.7322
2026-06-30,149415,BANK OF INDIA Overnight Fund Unclaimed Redemption Plan - Greater than 3 Years,1000.0000
2026-06-30,149430,SBI Fixed Maturity Plan (FMP) - Series 57 (1835 Days) - Direct Plan - Income Distribution cum Capital Withdrawal Option (IDCW),13.1373
2026-06-30,149431,SBI Fixed Maturity Plan (FMP) - Series 57 (1835 Days) - Direct Plan - Growth,13.1371
2026-06-30,149432,SBI Fixed Maturity Plan (FMP) - Series 57 (1835 Days) - Regular Plan - Growth,13.0669
2026-06-30,149433,SBI Fixed Maturity Plan (FMP) - Series 57 (1835 Days) - Regular Plan - Income Distribution cum Capital Withdrawal Option (IDCW),13.0672
2026-06-30,149438,Motilal Oswal Nasdaq Q50 ETF,122.6982
2026-06-30,149439,ICICI Prudential Passive Multi-Asset Fund of Funds - Growth,16.4348
2026-06-30,149440,ICICI Prudential Passive Multi-Asset Fund of Funds - IDCW,16.4349
2026-06-30,149441,ICICI Prudential Passive Multi-Asset Fund of Funds - Direct Plan - Growth,16.7545
2026-06-30,149442,ICICI Prudential Passive Multi-Asset Fund of Funds - Direct Plan - IDCW,16.7654
2026-06-30,149443,Franklin India Overnight Fund- Unclaimed IDCW Plan,12.9165
2026-06-30,149444,Franklin India Overnight Fund- Unclaimed Redemption Investor EducationPlan,10.0000
2026-06-30,149445,Franklin India Overnight Fund- Unclaimed IDCW Investor Education Plan,10.0000
2026-06-30,149446,Franklin India Overnight Fund- Unclaimed Redemption Plan,12.9165
2026-06-30,149447,Navi Nifty Next 50 Index Fund- Direct Plan- Growth,17.044
2026-06-30,149448,Navi Nifty Next 50 Index Fund- Regular Plan- Growth,16.6262
2026-06-30,149449,Samco Flexi Cap Fund - Regular Plan - Growth Option,9.91
2026-06-30,149450,Samco Flexi Cap Fund - Direct Plan - Growth Option,10.56
2026-06-30,149451,Union Overnight Fund - Unclaimed Amounts Plan - IDCW Beyond 3 years,1000.0000
2026-06-30,149452,Union Overnight Fund - Unclaimed Amounts Plan - IDCW Upto 3 years,1293.4232
2026-06-30,149453,Union Overnight Fund - Unclaimed Amounts Plan - Redemption Beyond 3 years,1000.0000
2026-06-30,149454,Union Overnight Fund - Unclaimed Amounts Plan - Redemption Upto 3 years,1293.3882
2026-06-30,149455,ICICI Prudential Strategic Metal and Energy Equity Fund of Fund - Direct Plan Growth,27.1895
2026-06-30,149456,ICICI Prudential Strategic Metal and Energy Equity Fund of Fund - Growth,26.0846
2026-06-30,149457,ICICI Prudential Strategic Metal and Energy Equity Fund of Fund - IDCW,26.0799
2026-06-30,149458,ICICI Prudential Strategic Metal and Energy Equity Fund of Fund - Direct Plan IDCW,27.189
2026-06-30,149459,SBI Fixed Maturity Plan (FMP) - Series 58 (1842 Days) - Regular Plan - Growth,13.1905
2026-06-30,149460,SBI Fixed Maturity Plan (FMP) - Series 58 (1842 Days) - Direct Plan - Growth,13.2593
2026-06-30,149461,SBI Fixed Maturity Plan (FMP) - Series 58 (1842 Days) - Direct Plan - Income Distribution cum Capital withdrawal option (IDCW),13.2596
2026-06-30,149462,SBI Fixed Maturity Plan (FMP) - Series 58 (1842 Days) - Regular Plan - Income Distribution cum Capital withdrawal option (IDCW),13.1905
2026-06-30,149463,ICICI Prudential Nifty Auto ETF,27.3095
2026-06-30,149464,ICICI PRUDENTIAL SILVER ETF,222.9781
2026-06-30,149465,Nippon India Nifty Auto ETF,272.6572
2026-06-30,149466,Axis Nifty Next 50 Index Fund - Direct Plan - Growth,17.7575
2026-06-30,149467,Axis Nifty Next 50 Index Fund - Regular Plan - Growth,17.2253
2026-06-30,149468,Axis Nifty Next 50 Index Fund - Regular Plan - IDCW,16.3421
2026-06-30,149469,Axis Nifty Next 50 Index Fund - Direct Plan - IDCW,16.8501
2026-06-30,149470,Mahindra Manulife Overnight Fund - Unclaimed Redemption/IDCW upto 3 years,1294.7507
2026-06-30,149471,Mahindra Manulife Overnight Fund - Unclaimed Redemption/IDCW beyond 3 years,1000.0000
2026-06-30,149472,SBI CPSE Bond Plus SDL Sep 2026 50:50 Index Fund - Regular Plan - Growth,12.9856
2026-06-30,149473,SBI CPSE Bond Plus SDL Sep 2026 50:50 Index Fund - Regular Plan - Income Distribution cum Capital Withdrawal Option (IDCW),12.9860
2026-06-30,149474,SBI CPSE Bond Plus SDL Sep 2026 50:50 Index Fund - Direct Plan - Growth,13.0799
2026-06-30,149475,SBI CPSE Bond Plus SDL Sep 2026 50:50 Index Fund - Direct Plan - Income Distribution cum Capital Withdrawal Option (IDCW),13.1364
2026-06-30,149476,Edelweiss Overnight Fund - Unclaimed IDCW Plan - Above 3 years,1000
2026-06-30,149477,Edelweiss Overnight Fund - Unclaimed IDCW Plan - Upto 3 years,1291.048
2026-06-30,149478,Edelweiss Overnight Fund - Unclaimed Redemption Plan - Upto 3 years,1291.0464
2026-06-30,149479,Edelweiss Overnight Fund - Unclaimed Redemption Plan - Above 3 years,1000
2026-06-30,149480,Sundaram Nifty 100 Equal Weight Fund (Formerly Known as Principal Nifty 100 Equal Weight Fund-Income Distribution CUM Capital Withdrawal,73.9310
2026-06-30,149481,Sundaram Nifty 100 Equal Weight Fund (Formerly Known as Principal Nifty 100 Equal Weight Fund)-Growth,181.1136
2026-06-30,149482,Sundaram Nifty 100 Equal Weight Fund (Formerly Known as Principal Nifty 100 Equal Weight Fund)- Direct Plan - Income Distribution CUM Capital Withdrawal Option,78.2653
2026-06-30,149483,Sundaram Nifty 100 Equal Weight Fund (Formerly Known as Principal Nifty 100 Equal Weight Fund) - Direct Plan - Growth Option,191.6753
2026-06-30,149519,Sundaram Low Duration Fund (Formerly Known as Principal Low Duration Fund)- Growth Option,3651.5964
2026-06-30,149521,Sundaram Low Duration Fund (Formerly Known as Principal Low Duration Fund)- Income Distribution CUM Capital Withdrawal Option (IDCW),1100.9985
2026-06-30,149525,Sundaram Low Duration Fund (Formerly Known as Principal Low Duration Fund) - Direct Plan - Income Distribution CUM Capital Withdrawal Option (IDCW),1122.6879
2026-06-30,149526,Sundaram Low Duration Fund (Formerly Known as Principal Low Duration Fund) - Direct Plan - Growth Option,3945.3265
2026-06-30,149531,Sundaram Focused Fund (Formerly Known as Principal Focused Multicap Fund)- Income Distribution CUM Capital Withdrawal Option (IDCW),38.3930
2026-06-30,149532,Sundaram Focused Fund (Formerly Known as Principal Focused Multicap Fund)-Growth Option,160.9784
2026-06-30,149533,Sundaram Focused Fund (Formerly Known as Principal Focused Multicap Fund)- Direct Plan - Growth Option,179.9508
2026-06-30,149534,Sundaram Focused Fund (Formerly Known as Principal Focused Multicap Fund)- Direct Plan - Income Distribution CUM Capital Withdrawal Option (IDCW),42.1731
2026-06-30,149535,Sundaram Ultra Short Duration Fund (Formerly Known as Principal Ultra Short Term Fund)-Growth Option,2827.1817
2026-06-30,149537,Sundaram Ultra Short Duration Fund (Formerly Known as Principal Ultra Short Term Fund) - Income Distribution CUM Capital Withdrawal Option (IDCW),1074.6310
2026-06-30,149539,Sundaram Ultra Short Duration Fund (Formerly Known as Principal Ultra Short Term Fund)- Direct Plan -Growth Option,3121.1674
2026-06-30,149540,Sundaram Ultra Short Duration Fund (Formerly Known as Principal Ultra Short Term Fund)- Direct Plan Income Distribution CUM Capital Withdrawal Option (IDCW),1093.3191
2026-06-30,149549,Sundaram Arbitrage Fund( Formerly Known as Principal Arbitrage Fund) - Direct Plan- Monthly Income Distribution CUM Capital Withdrawal,13.2047
2026-06-30,149550,Sundaram Arbitrage Fund (Formerly Known as Prinicpal Arbitrage Fund) - Direct Plan - Growth,16.2419
2026-06-30,149551,Sundaram Arbitrage Fund (Formerly Known as Principal Arbitrage Fund)- Regular Plan - Monthly Income Distribution CUM Capital Withdrawal,12.6292
2026-06-30,149552,Sundaram Arbitrage Fund (Formerly Know as Principal Arbitrage Fund) - Regular Plan - Growth,15.2772
2026-06-30,149569,Sundaram ELSS Tax Saver Fund Regular Growth,492.2658
2026-06-30,149570,Sundaram ELSS Tax Saver Fund Direct Plan Growth,529.0551
2026-06-30,149571,Sundaram ELSS Tax Saver Fund Direct Plan - Income Distribution CUM Capital Withdrawal Option (IDCW),506.6399
2026-06-30,149572,Sundaram ELSS Tax Saver Fund Regular Plan - Income Distribution CUM Capital Withdrawal Option (IDCW),378.4103
2026-06-30,149585,Sundaram Short Duration Fund (Formerly Known as Principal Short Term Debt Fund)- Growth Plan,46.7615
2026-06-30,149586,Sundaram Short Duration Fund (Formerly Known as Principal Short Term Debt Fund)- Income Distribution CUM Capital Withdrawal Option (IDCW),13.1116
2026-06-30,149587,Sundaram Short Duration Fund (Formerly Known as Principal Short Term Debt Fund)- Direct Plan - Growth Option,50.8681
2026-06-30,149588,Sundaram Short Duration Fund (Formerly Known as Principal Short Term Debt Fund) - Direct Plan - Income Distribution CUM Capital Withdrawal Plan (IDCW),13.2499
2026-06-30,149599,Sundaram Aggressive Hybrid Fund (Formerly Known as Principal Hybrid Equity Fund)-Growth,157.9372
2026-06-30,149600,Sundaram Aggressive Hybrid Fund (Formerly Known as Principal Hybrid Equity Fund)- Monthly Income Distribution CUM Capital Withdrawal,24.6493
2026-06-30,149601,Sundaram Aggressive Hybrid Fund (Formerly Known as Principal Hybrid Equity Fund)- Direct Plan - Growth Option,182.8698
2026-06-30,149602,Sundaram Aggressive Hybrid Fund(Formerly Known as Principal Hybrid Equity Fund)-Direct Plan - Monthly Income Distribution CUM Capital Withdrawal Option,38.6719
2026-06-30,149660,Sundaram Liquid Fund (Formerly Known as Principal Cash Management Fund) - Regular Plan IDCW,1047.2951
2026-06-30,149661,Sundaram Liquid Fund (Formerly Known as Principal Cash Management Fund) -Growth Option,2445.0203
2026-06-30,149662,Sundaram Liquid Fund (Formerly Known as Principal Cash Management Fund) -Direct Plan - IDCW,1050.2119
2026-06-30,149664,Sundaram Liquid Fund (Formerly Known as Principal Cash Management Fund) - Direct Plan - Growth Option,2478.5614
2026-06-30,149666,Sundaram Multi Cap Fund (Formerly Known as Principal Multi Cap Growth Fund)- Income Distribution CUM Capital Withdrawal Option (IDCW),62.1852
2026-06-30,149667,Sundaram Multi Cap Fund (Formerly Known as Principal Multi Cap Growth Fund)-Growth Option,379.9020
2026-06-30,149668,Sundaram Multi Cap Fund (Formerly Known as Principal Multi Cap Growth Fund) - Direct Plan - Income Distribution CUM Capital Withdrawal Option (IDCW),84.7505
2026-06-30,149669,Sundaram Multi Cap Fund (Formerly Known as Principal Multi Cap Growth Fund)-Direct Plan - Growth Option,427.1966
2026-06-30,149674,Sundaram Equity Savings Fund (Formerly Known as Principal Equity Savings Fund) - Growth Option,70.6015
2026-06-30,149675,Sundaram Equity Savings Fund (Formerly Known as Principal Equity Savings Fund)- Income Distribution CUM Capital Withdrawal (IDCW),14.1655
2026-06-30,149677,Sundaram Equity Savings Fund (Formerly Known as  Principal Equity Savings Fund) - Direct Plan - Income Distribution CUM Capital Withdrawal Option (IDCW),15.4242
2026-06-30,149679,Sundaram Equity Savings Fund (Formerly Known as Principal Equity Savings Fund) - Direct Plan - Growth Option,83.1215
2026-06-30,149697,Sundaram Dividend Yield Fund (Formerly Known as Principal Dividend Yield Fund)-Growth Plan,129.6522
2026-06-30,149698,Sundaram Dividend Yield Fund (Formerly Known as Principal Dividend Yield Fund)- Income Distribution CUM Capital Withdrawal Plan,35.2533
2026-06-30,149699,Sundaram Dividend Yield Fund (Formerly Known as Principal Dividend Yield Fund)- Direct Plan - Income Distribution CUM Capital Withdrawal Option,59.7358
2026-06-30,149700,Sundaram Dividend Yield Fund (Formerly Known as Principal Dividend Yield Fund) - Direct Plan - Growth Option,143.1154
2026-06-30,149715,Sundaram Balanced Advantage Fund (Formerly Known as Principal Balanced Advantage Fund) - Growth Option,34.8276
2026-06-30,149716,Sundaram Balanced Advantage Fund (Formerly Known as Principal Balanced Advantage Fund) - Monthly Income Distribution CUM Capital Withdrawal Option,14.2088
2026-06-30,149717,Sundaram Balanced Advantage Fund ( Formerly Known as Principal Balanced Advantage Fund) - Direct Plan - Growth Option,41.4216
2026-06-30,149718,Sundaram Balanced Advantage Fund (Formerly Known as Principal Balanced Advantage Fund) - Direct Plan - Monthly Income Distribution CUM Capital Withdrawal Option,17.6282
2026-06-30,149757,Kotak Nifty Midcap 50 ETF,17.9533
2026-06-30,149758,Nippon India Silver ETF,213.6774
2026-06-30,149759,Nippon India Silver ETF FOF-Regular Plan- Growth Option,33.3642
2026-06-30,149760,Nippon India Silver ETF FOF- Direct Plan-Growth Option,33.9212
2026-06-30,149761,Nippon India Silver ETF FOF- Regular Plan-IDCW Option,33.3642
2026-06-30,149762,Nippon India Silver ETF FOF- Direct Plan-IDCW Option,33.9212
2026-06-30,149763,Invesco India Flexi Cap Fund - Direct Plan - Growth,20.42
2026-06-30,149764,Invesco India Flexi Cap Fund - Regular Plan - IDCW,17
2026-06-30,149765,Invesco India Flexi Cap Fund - Direct Plan - IDCW,18.27
2026-06-30,149766,Invesco India Flexi Cap Fund - Regular Plan - Growth,19.11
2026-06-30,149775,ICICI Prudential Silver ETF FOF - Direct Plan - Growth,34.1034
2026-06-30,149776,ICICI Prudential Silver ETF FOF - Direct Plan - IDCW,34.1039
2026-06-30,149777,ICICI Prudential Silver ETF FOF - Growth,33.3702
2026-06-30,149778,ICICI Prudential Silver ETF FOF - IDCW,33.3696
2026-06-30,149779,Aditya Birla Sun Life Silver ETF,223.0254
2026-06-30,149780,Aditya Birla Sun Life Silver ETF FOF-Direct Growth,34.5626
2026-06-30,149781,Aditya Birla Sun Life Silver ETF FOF-Direct IDCW,34.5501
2026-06-30,149783,Aditya Birla Sun Life Silver ETF FOF-Regular Growth,33.8796
2026-06-30,149784,Aditya Birla Sun Life Silver ETF FOF-Regular IDCW,33.8731
2026-06-30,149786,Mirae Asset Nifty India Manufacturing ETF,161.2409
2026-06-30,149787,Mirae Asset Nifty India Manufacturing ETF FOF - Direct Plan- IDCW,20.227
2026-06-30,149788,Mirae Asset Nifty India Manufacturing ETF FOF - Regular Plan - Growth,19.884
2026-06-30,149789,Mirae Asset Nifty India Manufacturing ETF FOF - Regular Plan - IDCW,19.958
2026-06-30,149790,Mirae Asset Nifty India Manufacturing ETF FOF - Direct Plan - Growth,20.226
2026-06-30,149791,Aditya Birla Sun Life Nifty SDL Apr 2027 Index Fund-Regular-IDCW Payout,13.0255
2026-06-30,149792,Aditya Birla Sun Life Nifty SDL Apr 2027 Index Fund-Regular Growth,13.0255
2026-06-30,149793,Aditya Birla Sun Life Nifty SDL Apr 2027 Index Fund-Direct IDCW Payout,13.2005
2026-06-30,149794,Aditya Birla Sun Life Nifty SDL Apr 2027 Index Fund-Direct Growth,13.2007
2026-06-30,149795,TRUST MF OVERNIGHT FUND-REGULAR-GROWTH,1286.8017
2026-06-30,149796,TRUST MF OVERNIGHT FUND-DIRECT PLAN-DAILY IDCW REINVESTMENT,1262.0036
2026-06-30,149797,TRUST MF OVERNIGHT FUND-DIRECT PLAN-GROWTH,1289.6747
2026-06-30,149798,TRUST MF OVERNIGHT FUND-REGULAR PLAN-DAILY IDCW REINVESTMENT,1252.2444
2026-06-30,149799,Motilal Oswal Nifty 200 Momentum 30 Index Fund-Regular Plan,14.9454
2026-06-30,149800,Motilal Oswal Nifty 200 Momentum 30 Index Fund-Direct Plan,15.3972
2026-06-30,149801,Motilal Oswal Nifty 200 Momentum 30 ETF,62.4601
2026-06-30,149802,UTI BSE Sensex Index Fund - Regular Plan  -Growth Option,13.7436
2026-06-30,149803,UTI BSE Sensex Index Fund - Direct Plan - Growth Option,13.8029
2026-06-30,149804,Navi Nifty Bank Index Fund- Direct Plan- Growth,15.1675
2026-06-30,149805,Navi Nifty Bank Index Fund- Regular Plan- Growth,14.6864
2026-06-30,149814,DSP Global Innovation Overseas Equity Omni FoF - Regular - IDCW,21.9011
2026-06-30,149815,DSP Global Innovation Overseas Equity Omni FoF - Direct - IDCW,22.7878
2026-06-30,149816,DSP Global Innovation Overseas Equity Omni FoF - Direct - Growth,22.7878
2026-06-30,149817,DSP Global Innovation Overseas Equity Omni FoF - Regular - Growth,21.9011
2026-06-30,149822,SBI Fixed Maturity Plan (FMP) - Series 59 (1618 Days) - Direct Plan - Growth,13.0052
2026-06-30,149823,SBI Fixed Maturity Plan (FMP) - Series 59 (1618 Days) - Direct Plan - Income Distribution cum Capital Withdrawal Option (IDCW),13.0048
2026-06-30,149824,SBI Fixed Maturity Plan (FMP) - Series 59 (1618 Days) - Regular Plan - Income Distribution cum Capital Withdrawal Option (IDCW),12.9408
2026-06-30,149825,SBI Fixed Maturity Plan (FMP) - Series 59 (1618 Days) - Regular Plan - Growth,12.9408
2026-06-30,149826,JM Overnight Fund - (Direct) - Unclaimed Redemption I.E.F. - Growth Plan,1073.9936
2026-06-30,149827,JM Overnight Fund - (Direct) - Unclaimed IDCW I.E.F. - Growth Plan,1073.9936
2026-06-30,149828,JM Overnight Fund - (Direct) - Unclaimed IDCW - Growth Plan,1387.6876
2026-06-30,149829,JM Overnight Fund - (Direct) - Unclaimed Redemption - Growth Plan,1382.0417
2026-06-30,149830,Navi Total Stock Market US Specific Equity Passive FoF- Direct Plan- Growth,22.2718
2026-06-30,149831,Navi Total Stock Market US Specific Equity Passive FoF- Regular Plan- Growth,22.2718
2026-06-30,149832,BANDHAN NIFTY 100 INDEX FUND - DIRECT PLAN - GROWTH,14.9349
2026-06-30,149833,BANDHAN NIFTY 100 INDEX FUND - REGULAR PLAN - GROWTH,14.6174
2026-06-30,149834,BANDHAN NIFTY 100 INDEX FUND - REGULAR PLAN - IDCW,14.6197
2026-06-30,149835,BANDHAN NIFTY 100 INDEX FUND - DIRECT PLAN - IDCW,14.9316
2026-06-30,149836,Aditya Birla Sun Life Nifty Next 50 Index Fund-Regular IDCW,17.3391
2026-06-30,149837,Aditya Birla Sun Life Nifty Next 50 Index Fund-Regular Growth,17.3244
2026-06-30,149838,Aditya Birla Sun Life Nifty Next 50 Index Fund-Direct Growth,17.7976
2026-06-30,149839,Aditya Birla Sun Life Nifty Next 50 Index Fund-Direct IDCW,17.7867
2026-06-30,149840,Kotak Manufacture in India Fund - Regular Plan Growth,20.807
2026-06-30,149841,Kotak Manufacture in India Fund - Direct Plan Growth,22.259
2026-06-30,149842,Kotak Manufacture in India Fund - Direct Plan IDCW Option,22.259
2026-06-30,149843,Kotak Manufacture in India Fund - Regular Plan IDCW Option,20.807
2026-06-30,149844,Axis Multi Factor Passive FoF - Regular Plan - Growth Option,15.2844
2026-06-30,149845,Axis Multi Factor Passive FoF - Regular Plan - IDCW,15.2853
2026-06-30,149846,Axis Multi Factor Passive FoF - Direct Plan - IDCW,15.4900
2026-06-30,149847,Axis Multi Factor Passive FoF - Direct Plan - Growth Option,15.4903
2026-06-30,149852,Kotak Nifty SDL Apr  2027 Top 12 Equal Weight Index Fund-Regular Plan- Growth,13.0361
2026-06-30,149853,Kotak Nifty SDL Apr  2027 Top 12 Equal Weight Index Fund-Regular Plan-IDCW Option,13.0363
2026-06-30,149854,Kotak Nifty SDL Apr 2027 Top 12 Equal Weight Index Fund-Direct Plan-IDCW Option,13.1236
2026-06-30,149855,Kotak Nifty SDL Apr  2027 Top 12 Equal Weight Index Fund-Direct Plan-Growth,13.1243
2026-06-30,149858,ICICI Prudential Nifty Bank Index Fund - Direct Plan Growth,16.5977
2026-06-30,149859,ICICI Prudential Nifty Bank Index Fund - Growth,16.1352
2026-06-30,149860,ICICI Prudential Nifty Bank Index Fund - IDCW,16.1351
2026-06-30,149861,ICICI Prudential Nifty Bank Index Fund - Direct Plan IDCW,16.5975
2026-06-30,149862,Kotak Nifty SDL Apr 2032 Top 12 Equal Weight Index Fund-Regular Plan-Growth,13.3493
2026-06-30,149864,Kotak Nifty SDL Apr 2032 Top 12 Equal Weight Index Fund-Direct Plan-IDCW Option,13.4473
2026-06-30,149865,Kotak Nifty SDL Apr 2032 Top 12 Equal Weight Index Fund-Direct Plan- Growth,13.4488
2026-06-30,149866,Kotak Nifty SDL Apr 2032 Top 12 Equal Weight Index Fund-Regular Plan-IDCW Option,13.3533
2026-06-30,149868,HDFC NIFTY 100 Index Fund - Direct Plan - Growth Option,14.8512
2026-06-30,149869,HDFC NIFTY 100 Index Fund - Growth Option,14.5367
2026-06-30,149870,HDFC Nifty 100 Equal Weight Index Fund - Direct Plan - Growth Option,17.3062
2026-06-30,149871,HDFC Nifty 100 Equal Weight Index Fund - Growth Option,16.954
2026-06-30,149872,Axis CRISIL IBX SDL May 2027 Index Fund - Regular Plan - Growth,13.0395
2026-06-30,149873,Axis CRISIL IBX SDL May 2027 Index Fund - Direct Plan - Growth,13.1188
2026-06-30,149874,Axis CRISIL IBX SDL May 2027 Index Fund - Direct Plan - IDCW,13.1184
2026-06-30,149875,Axis CRISIL IBX SDL May 2027 Index Fund - Regular Plan - IDCW,13.0397
2026-06-30,149876,SBI Fixed Maturity Plan (FMP) - Series 60 (1878 Days) - Regular Plan - Growth,13.1072
2026-06-30,149877,SBI Fixed Maturity Plan (FMP) - Series 60 (1878 Days) - Regular Plan - Income Distribution cum Capital Withdrawal Option (IDCW),13.1073
2026-06-30,149878,SBI Fixed Maturity Plan (FMP) - Series 60 (1878 Days) - Direct Plan - Growth,13.1748
2026-06-30,149879,SBI Fixed Maturity Plan (FMP) - Series 60 (1878 Days) - Direct Plan - Income Distribution cum Capital Withdrwal Option (IDCW),13.1752
2026-06-30,149880,UTI BSE Low Volatility Index Fund - Regular Plan - Growth Option,15.9878
2026-06-30,149881,UTI BSE Low Volatility Index Fund - Direct Plan  - Growth Option,16.3134
2026-06-30,149882,SBI Multicap Fund- Direct Plan- Growth option,17.5526
2026-06-30,149883,SBI Multicap Fund- Regular Plan- Income Distribution cum Capital Withdrawal Option (IDCW),16.8821
2026-06-30,149886,SBI Multicap Fund- Regular Plan- Growth Option,16.8794
2026-06-30,149887,SBI Multicap Fund- Direct Plan - Income Distribution cum Capital Withdrawal Option (IDCW),17.5527
2026-06-30,149892,Navi Nifty Midcap 150 Index Fund Direct Plan- Growth,21.5511
2026-06-30,149893,Navi Nifty Midcap 150 Index Fund Regular Plan- Growth,20.7799
2026-06-30,149894,Axis Nifty Smallcap 50 Index Fund - Direct Plan - Growth Option,19.8357
2026-06-30,149895,Axis Nifty Smallcap 50 Index Fund - Direct Plan - IDCW,19.8357
2026-06-30,149896,Axis Nifty Smallcap 50 Index Fund - Regular Plan - Growth Option,19.2195
2026-06-30,149897,Axis Nifty Smallcap 50 Index Fund - Regular Plan - IDCW,19.2198
2026-06-30,149910,Navi NASDAQ100 US Specific Equity Passive FOF- Direct- Growth,25.5407
2026-06-30,149911,Navi NASDAQ100 US Specific Equity Passive FOF- Regular- Growth,25.3475
2026-06-30,149914,Nippon India Fixed Maturity Plan-XLIII-Series 5- Direct Plan-Payout of IDCW,13.4385
2026-06-30,149915,Nippon India Fixed Maturity Plan-XLIII-Series 5- Regular Plan-Growth Option,13.3227
2026-06-30,149916,Nippon India Fixed Maturity Plan-XLIII-Series 5- Regular Plan-Payout of IDCW,13.3227
2026-06-30,149917,Nippon India Fixed Maturity Plan-XLIII-Series 5- Direct Plan-Growth Option,13.4385
2026-06-30,149918,Mirae Asset Nifty Midcap 150 ETF,23.2536
2026-06-30,149919,Motilal Oswal BSE Low Volatility Index Fund-Direct plan,16.1935
2026-06-30,149920,Motilal Oswal BSE Low Volatility Index Fund-Regular plan,15.7470
2026-06-30,149921,Motilal Oswal BSE Low Volatility ETF,36.6216
2026-06-30,149922,HDFC FMP 1861D March 2022 - Growth Option,13.1494
2026-06-30,149923,HDFC FMP 1861D March 2022 - Quarterly Dividend Option - Direct Plan,10.0277
2026-06-30,149924,HDFC FMP 1861D March 2022 - Growth Option - Direct Plan,13.2427
2026-06-30,149925,HDFC FMP 1861D March 2022 - IDCW Option,13.1494
2026-06-30,149926,HDFC FMP 1861D March 2022 - IDCW Option - Direct Plan,13.2427
2026-06-30,149927,HDFC FMP 1861D March 2022 - Quarterly Dividend Option,10.0272
2026-06-30,149928,ICICI Prudential Nifty 5 yr Benchmark G-SEC ETF,65.9178
2026-06-30,149935,Axis Nifty Midcap 50 Index Fund - Direct Plan - IDCW Option,21.3788
2026-06-30,149936,Axis Nifty Midcap 50 Index Fund - Direct Plan - Growth Option,21.3795
2026-06-30,149937,Axis Nifty Midcap 50 Index Fund - Regular Plan - IDCW Option,20.7141
2026-06-30,149938,Axis Nifty Midcap 50 Index Fund - Regular Plan - Growth Option,20.7141
2026-06-30,149959,Tata Nifty India Digital Exchange Traded Fund,79.7358
2026-06-30,149960,Invesco India - Invesco EQQQ Nasdaq-100 ETF Fund of Fund - Regular Plan - Growth,26.4531
2026-06-30,149961,Invesco India - Invesco EQQQ Nasdaq-100 ETF Fund of Fund - Direct Plan - Growth,26.7179
2026-06-30,149962,HSBC CRISIL IBX 50:50 Gilt Plus SDL Apr 2028 Index Fund - Direct - Payout of IDCW,13.2436
2026-06-30,149963,HSBC CRISIL IBX 50:50 Gilt Plus SDL Apr 2028 Index Fund - Regular - Growth,13.1414
2026-06-30,149964,HSBC CRISIL IBX 50:50 Gilt Plus SDL Apr 2028 Index Fund - Regular - payout of IDCW,13.1413
2026-06-30,149966,HSBC CRISIL IBX 50:50 Gilt Plus SDL Apr 2028 Index Fund - Direct - Growth,13.2436
2026-06-30,149968,DSP Nifty SDL Plus G-Sec Jun 2028 30:70 Index Fund - Regular - Growth,13.1688
2026-06-30,149969,DSP Nifty SDL Plus G-Sec Jun 2028 30:70 Index Fund - Regular - IDCW,13.1688
2026-06-30,149970,DSP Nifty SDL Plus G-Sec Jun 2028 30:70 Index Fund - Direct - Growth,13.2541
2026-06-30,149971,DSP Nifty SDL Plus G-Sec Jun 2028 30:70 Index Fund - Direct - IDCW,13.2541
2026-06-30,149988,Baroda BNP Paribas Overnight Fund - Plan C - Unclaimed IDCW - Greater than 3 years,1000.0000
2026-06-30,149989,Baroda BNP Paribas Overnight Fund - Plan C - Unclaimed Redemption - Up to 3 years,1285.6428
2026-06-30,149990,Baroda BNP Paribas Overnight Fund - Plan C - Unclaimed Redemption - Greater than 3 years,1000.0000
2026-06-30,149991,Baroda BNP Paribas Overnight Fund - Plan C - Unclaimed IDCW - Up to 3 years,1285.6728
2026-06-30,149992,SBI Fixed Maturity Plan (FMP)- Series 61 (1927 Days)- Regular Plan- Income Distribution Cum Capital withdrawal option,13.1505
2026-06-30,149993,SBI Fixed Maturity Plan (FMP)- Series 61 (1927 Days)- Direct Plan- Growth option,13.2165
2026-06-30,149994,SBI Fixed Maturity Plan (FMP)- Series 61 (1927 Days)- Regular Plan- Growth option,13.1506
2026-06-30,149995,SBI Fixed Maturity Plan (FMP)- Series 61 (1927 Days)- Direct Plan- Income Distribution Cum Capital withdrawal option,13.2166
2026-06-30,149996,ICICI Prudential Nifty SDL Sep 2027 Index Fund - Annual IDCW,13.0514
2026-06-30,149997,ICICI Prudential Nifty SDL Sep 2027 Index Fund - Direct Plan - Annual IDCW,13.1342
2026-06-30,149998,ICICI Prudential Nifty SDL Sep 2027 Index Fund - Growth,13.0514
2026-06-30,149999,ICICI Prudential Nifty SDL Sep 2027 Index Fund - Direct Plan - Growth,13.1342
2026-06-30,150000,Kotak Nifty 100 Low Volatility 30 ETF,20.6431
2026-06-30,150001,HDFC FMP 1876D March 2022 - Growth Option,13.1098
2026-06-30,150002,HDFC FMP 1876D March 2022 - Growth Option - Direct Plan,13.1924
2026-06-30,150003,HDFC FMP 1876D March 2022 - IDCW Option - Direct Plan,13.1924
2026-06-30,150004,HDFC FMP 1876D March 2022 - IDCW Option,13.1098
2026-06-30,150005,HDFC FMP 1876D March 2022 - Quarterly Dividend Option,10.024
2026-06-30,150006,HDFC FMP 1876D March 2022 - Quarterly Dividend Option - Direct Plan,10.0245
2026-06-30,150008,Nippon India Nifty AAA CPSE Bond Plus SDL - Apr 2027 Maturity 60:40 Index Fund - Direct Plan - IDCW Option,12.6689
2026-06-30,150009,Nippon India Nifty AAA CPSE Bond Plus SDL - Apr 2027 Maturity 60:40 Index Fund - Regular Plan - IDCW Option,12.5996
2026-06-30,150011,Nippon India Nifty AAA CPSE Bond Plus SDL - Apr 2027 Maturity 60:40 Index Fund - Regular Plan - Growth Option,12.9188
2026-06-30,150012,Nippon India Nifty AAA CPSE Bond Plus SDL - Apr 2027 Maturity 60:40 Index Fund - Direct Plan - Growth Option,13.0157
2026-06-30,150156,BARODA BNP PARIBAS ELSS Tax Saver Fund - Regular - Growth Option,97.9181
2026-06-30,150157,BARODA BNP PARIBAS ELSS Tax Saver Fund- Regular - IDCW Option,21.5225
2026-06-30,150158,BARODA BNP PARIBAS ELSS Tax Saver Fund - Direct Plan - IDCW Option,27.6247
2026-06-30,150159,BARODA BNP PARIBAS ELSS Tax Saver Fund - Direct Plan - Growth Option,111.6414
2026-06-30,150160,BARODA BNP PARIBAS LOW DURATION Fund-Defunct Plan-Growth Option,42.5008
2026-06-30,150161,BARODA BNP PARIBAS LOW DURATION Fund-Defunct Plan-Weekly IDCW Option,10.0102
2026-06-30,150162,BARODA BNP PARIBAS LOW DURATION Fund-Defunct Plan-Monthly IDCW Option,10.4761
2026-06-30,150163,BARODA BNP PARIBAS LOW DURATION Fund-Defunct Plan- Daily IDCW Option,10.0499
2026-06-30,150164,BARODA BNP PARIBAS LOW DURATION FUND - Regular Plan - DAILY IDCW OPTION,10.0604
2026-06-30,150165,BARODA BNP PARIBAS LOW DURATION FUND - Regular Plan - GROWTH OPTION,42.4271
2026-06-30,150166,BARODA BNP PARIBAS LOW DURATION FUND - Regular Plan - WEEKLY IDCW OPTION,10.0102
2026-06-30,150167,BARODA BNP PARIBAS LOW DURATION FUND - Regular Plan - MONTHLY IDCW OPTION,10.2476
2026-06-30,150168,BARODA BNP PARIBAS LOW DURATION Fund - Direct Plan - Daily IDCW Option,10.0998
2026-06-30,150169,BARODA BNP PARIBAS LOW DURATION Fund - Direct Plan - Growth Option,46.8101
2026-06-30,150170,BARODA BNP PARIBAS LOW DURATION Fund - Direct Plan - Monthly IDCW Option,10.4063
2026-06-30,150171,BARODA BNP PARIBAS LOW DURATION Fund - Direct Plan - Weekly IDCW Option,10.0102
2026-06-30,150172,Baroda BNP Paribas Dynamic Bond Fund-Defunct Plan - Growth Option,32.8018
2026-06-30,150173,Baroda BNP Paribas Dynamic Bond Fund - Regular Plan - Growth Option,46.5791
2026-06-30,150174,Baroda BNP Paribas Dynamic Bond Fund - Regular Plan - Daily IDCW Option,10.1148
2026-06-30,150175,Baroda BNP Paribas Dynamic Bond Fund - Regular Plan - Weekly IDCW Option,10.0808
2026-06-30,150176,Baroda BNP Paribas Dynamic Bond Fund - Regular Plan - Monthly IDCW Option,10.1917
2026-06-30,150177,Baroda BNP Paribas Dynamic Bond Fund - Regular Plan - Quarterly IDCW Option,10.1862
2026-06-30,150178,Baroda BNP Paribas Dynamic Bond Fund - Regular Plan - Half Yearly IDCW Option,10.2215
2026-06-30,150179,Baroda BNP Paribas Dynamic Bond Fund - Direct Plan - Daily IDCW Option,10.1148
2026-06-30,150180,Baroda BNP Paribas Dynamic Bond Fund - Direct Plan - Growth Option,52.3742
2026-06-30,150182,Baroda BNP Paribas Dynamic Bond Fund - Direct Plan - Monthly IDCW Option,10.4537
2026-06-30,150183,Baroda BNP Paribas Dynamic Bond Fund - Direct Plan - Quarterly IDCW Option,10.3654
2026-06-30,150184,Baroda BNP Paribas Dynamic Bond Fund - Direct Plan - Weekly IDCW Option,10.0808
2026-06-30,150185,BARODA BNP PARIBAS LARGE CAP Fund- Regular Plan - Growth Option,216.4817
2026-06-30,150186,BARODA BNP PARIBAS LARGE CAP Fund - Regular Plan - IDCW Option,21.1188
2026-06-30,150187,BARODA BNP PARIBAS LARGE CAP Fund - Direct Plan - Growth Option,252.5520
2026-06-30,150188,BARODA BNP PARIBAS LARGE CAP Fund - Direct Plan - IDCW Option,25.6629
2026-06-30,150203,BARODA BNP PARIBAS Conservative Hybrid Fund-Regular Plan-Growth Option,46.3718
2026-06-30,150204,BARODA BNP PARIBAS Conservative hybrid Fund-Regular Plan-Monthly IDCW Option,10.6725
2026-06-30,150205,BARODA BNP PARIBAS Conservative Hybrid Fund-Regular Plan-Quarterly IDCW Option,10.7807
2026-06-30,150206,BARODA BNP PARIBAS Conservative Hybrid Fund - Direct Plan - Growth Option,57.3346
2026-06-30,150207,BARODA BNP PARIBAS Conservative Hybrid Fund - Direct Plan - Monthly IDCW Option,13.1588
2026-06-30,150208,BARODA BNP PARIBAS Conservative Hybrid Fund - Direct Plan - Quarterly IDCW Option,12.6749
2026-06-30,150209,BARODA BNP PARIBAS Mid Cap Fund - Regular Plan - Growth Option,110.4798
2026-06-30,150210,BARODA BNP PARIBAS Mid Cap Fund - Regular Plan - IDCW Option,57.5078
2026-06-30,150211,BARODA BNP PARIBAS Mid Cap Fund - Direct Plan - IDCW Option,73.6932
2026-06-30,150212,BARODA BNP PARIBAS Mid Cap Fund - Direct Plan - Growth Option,133.3080
2026-06-30,150228,BARODA BNP PARIBAS Corporate Bond Fund - Defunct Plan - Quarterly-IDCW Option,10.3647
2026-06-30,150229,BARODA BNP PARIBAS Corporate Bond Fund - Defunct Plan - Growth Option,33.8353
2026-06-30,150230,BARODA BNP PARIBAS Corporate Bond Fund - Defunct Plan - Annual-IDCW Option,12.1795
2026-06-30,150231,BARODA BNP PARIBAS Corporate Bond Fund - Defunct Plan - Monthly-IDCW Option,10.3689
2026-06-30,150232,BARODA BNP PARIBAS CORPORATE BOND FUND - Regular Plan - QUARTERLY IDCW OPTION,10.3774
2026-06-30,150233,BARODA BNP PARIBAS CORPORATE BOND FUND - Regular Plan - ANNUAL IDCW OPTION,12.1007
2026-06-30,150234,BARODA BNP PARIBAS CORPORATE BOND FUND - Regular Plan - MONTHLY IDCW OPTION,10.4143
2026-06-30,150235,BARODA BNP PARIBAS CORPORATE BOND FUND - Regular Plan - GROWTH OPTION,29.2334
2026-06-30,150236,BARODA BNP PARIBAS Corporate Bond Fund - Direct Plan - Annual IDCW Option,12.4790
2026-06-30,150237,BARODA BNP PARIBAS Corporate Bond Fund - Direct Plan - Growth Option,31.1326
2026-06-30,150238,BARODA BNP PARIBAS Corporate Bond Fund - Direct Plan - Monthly IDCW Option,10.5835
2026-06-30,150239,BARODA BNP PARIBAS Corporate Bond Fund - Direct Plan - Quarterly IDCW Option,10.6159
2026-06-30,150250,BARODA BNP PARIBAS ARBITRAGE FUND- REGULAR PLAN- GROWTH OPTION,16.9371
2026-06-30,150251,BARODA BNP PARIBAS ARBITRAGE FUND-DIRECT PLAN-GROWTH OPTION,18.0328
2026-06-30,150252,BARODA BNP PARIBAS ARBITRAGE FUND -DIRECT PLAN - ADHOC IDCW OPTION,11.5229
2026-06-30,150253,BARODA BNP PARIBAS ARBITRAGE FUND-REGULAR PLAN- ADHOC IDCW OPTION,11.0536
2026-06-30,150254,BARODA BNP PARIBAS ARBITRAGE FUND REGULAR PLAN MONTHLY IDCW Option,10.5594
2026-06-30,150255,BARODA BNP PARIBAS ARBITRAGE FUND DIRECT PLAN MONTHLY IDCW Option,10.8234
2026-06-30,150256,BARODA BNP PARIBAS ARBITRAGE FUND DIRECT PLAN QUARTERLY IDCW Option,10.8958
2026-06-30,150257,BARODA BNP PARIBAS ARBITRAGE FUND REGULAR PLAN QUARTERLY IDCW Option,10.7344
2026-06-30,150258,Baroda BNP Paribas Aggressive Hybrid Fund- REGULAT PLAN -GROWTH OPTION,27.8284
2026-06-30,150259,Baroda BNP Paribas Aggressive Hybrid Fund -DIRECT PLAN- IDCW OPTION,17.9232
2026-06-30,150260,Baroda BNP Paribas Aggressive Hybrid Fund- DIRECT PLAN - GROWTH OPTION,32.2972
2026-06-30,150261,Baroda BNP Paribas Aggressive Hybrid Fund- REGULAR PLAN- IDCW OPTION,15.4521
2026-06-30,150262,BARODA BNP PARIBAS Focused Fund - Regular Plan - IDCW Option,13.7026
2026-06-30,150263,BARODA BNP PARIBAS Focused Fund - Regular Plan-Growth Option,20.7900
2026-06-30,150264,BARODA BNP PARIBAS Focused Fund - Direct Plan - Growth Option,23.9497
2026-06-30,150265,BARODA BNP PARIBAS Focused Fund - Direct Plan - IDCW Option,15.7501
2026-06-30,150266,BARODA BNP PARIBAS India Consumption Fund - Direct Plan - Growth Option,33.3902
2026-06-30,150267,BARODA BNP PARIBAS India Consumption Fund - Regular Plan - IDCW Option,18.3419
2026-06-30,150268,BARODA BNP PARIBAS India Consumption Fund - Regular Plan - Growth Option,29.7359
2026-06-30,150269,BARODA BNP PARIBAS India Consumption Fund - Direct Plan - IDCW Option,21.2473
2026-06-30,150284,Baroda BNP Paribas Aqua Fund of Fund - Regular Plan Growth,15.8962
2026-06-30,150285,Baroda BNP Paribas Aqua Fund of Fund - Direct Plan - Growth Option,16.7874
2026-06-30,150286,Baroda BNP Paribas Aqua Fund of Fund - Regular Plan - IDCW Option,15.8962
2026-06-30,150287,Baroda BNP Paribas Aqua Fund of Fund - Direct Plan - IDCW Option,16.7874
2026-06-30,150308,ICICI PRUDENTIAL HOUSING OPPORTUNITIES FUND - Growth,17.27
2026-06-30,150309,ICICI PRUDENTIAL HOUSING OPPORTUNITIES FUND - IDCW,14.52
2026-06-30,150310,ICICI PRUDENTIAL HOUSING OPPORTUNITIES FUND - Direct Plan Growth,18.17
2026-06-30,150311,ICICI PRUDENTIAL HOUSING OPPORTUNITIES FUND - Direct Plan IDCW,15.40
2026-06-30,150312,UTI Nifty Midcap 150 Quality 50 Index Fund - Regular Plan - Growth Option,13.9109
2026-06-30,150313,UTI Nifty Midcap 150 Quality 50 Index Fund - Direct Plan - Growth Option,14.1814
2026-06-30,150314,Aditya Birla Sun Life Fixed Term Plan - Series TQ (1879 days) - Regular Plan - Growth Option,13.1252
2026-06-30,150315,Aditya Birla Sun Life Fixed Term Plan - Series TQ (1879 days) - Regular Plan - Payout of IDCW option,13.1251
2026-06-30,150316,Aditya Birla Sun Life Fixed Term Plan - Series TQ (1879 days) - Direct Plan - Growth Option,13.1696
2026-06-30,150326,Tata Nifty SDL Plus AAA PSU Bond Dec 6040 Index Fund- Direct Plan-Growth,13.2406
2026-06-30,150327,Tata Nifty SDL Plus AAA PSU Bond Dec 6040 Index Fund-Direct Plan-IDCW Payout,13.2406
2026-06-30,150328,Tata Nifty SDL Plus AAA PSU Bond Dec 6040 Index Fund-Direct Plan- IDCW Reinvestment,13.2406
2026-06-30,150329,Tata Nifty SDL Plus AAA PSU Bond Dec 6040 Index Fund-Regular Plan- IDCW Reinvestment,13.0903
2026-06-30,150330,Tata Nifty SDL Plus AAA PSU Bond Dec 6040 Index Fund-Regular Plan -Growth,13.0903
2026-06-30,150331,Tata Nifty SDL Plus AAA PSU Bond Dec 6040 Index Fund -Regular Plan-IDCW Payout,13.0903
2026-06-30,150340,Tata Nifty India Digital ETF Fund of Fund-Direct Plan-IDCW Payout,12.4296
2026-06-30,150341,Tata Nifty India Digital ETF Fund of Fund-Direct Plan- IDCW Reinvestment,12.4296
2026-06-30,150342,Tata Nifty India Digital ETF Fund of Fund-Regular Plan-IDCW Payout,12.2014
2026-06-30,150343,Tata Nifty India Digital ETF Fund of Fund-Regular Plan-IDCW Reinvestment,12.2014
2026-06-30,150344,Tata Nifty India Digital ETF Fund of Fund-Direct Plan-Growth,12.4296
2026-06-30,150345,Tata Nifty India Digital ETF Fund of Fund -Regular Plan-Growth,12.2014
2026-06-30,150346,WhiteOak Capital Flexi Cap Fund Direct Plan-Growth,18.556
2026-06-30,150347,WhiteOak Capital Flexi Cap Fund Regular Plan-Growth,17.534
2026-06-30,150348,WhiteOak Capital Flexi Cap Fund Regular Plan IDCW,17.534
2026-06-30,150349,WhiteOak Capital Flexi Cap Fund Direct Plan IDCW,18.556
2026-06-30,150350,Aditya Birla Sun Life Crisil IBX 60:40 SDL+AAA PSU-Apr 2027 Index Fund-Regular IDCW,12.9332
2026-06-30,150351,Aditya Birla Sun Life Crisil IBX 60:40 SDL+AAA PSU-Apr 2027 Index Fund-Regular Growth,12.9369
2026-06-30,150352,Aditya Birla Sun Life Crisil IBX 60:40 SDL+AAA PSU-Apr 2027 Index Fund-Direct IDCW,13.0319
2026-06-30,150353,Aditya Birla Sun Life Crisil IBX 60:40 SDL+AAA PSU-Apr 2027 Index Fund-Direct Growth,13.0298
2026-06-30,150358,Mirae Asset Nifty SDL Jun 2027 Index Fund -Direct Plan - Growth,13.1374
2026-06-30,150359,Mirae Asset Nifty SDL Jun 2027 Index Fund - Direct Plan - IDCW,13.1379
2026-06-30,150360,Mirae Asset Nifty SDL Jun 2027 Index Fund - Regular Plan - Growth,13.0472
2026-06-30,150361,Mirae Asset Nifty SDL Jun 2027 Index Fund - Regular Plan - IDCW,13.0478
2026-06-30,150366,NJ Arbitrage Fund - Regular Plan - Growth Option,12.6186
2026-06-30,150367,NJ Arbitrage Fund - Direct Plan - Growth Option,12.9703
2026-06-30,150368,NJ Overnight Fund - Regular Plan - Growth Option,1257.3256
2026-06-30,150369,NJ Overnight Fund - Direct Plan - Growth Option,1262.2698
2026-06-30,150376,Edelweiss Focused Fund - Direct Plan - Growth,17.582
2026-06-30,150382,Edelweiss Focused Fund - Regular Plan - Growth,16.501
2026-06-30,150383,Edelweiss Focused Fund - Direct Plan - IDCW,16.08
2026-06-30,150384,Edelweiss Focused Fund - Regular Plan - IDCW,14.998
2026-06-30,150385,Baroda BNP Paribas Flexi Cap Fund - Regular Plan - Growth Option,15.6598
2026-06-30,150386,Baroda BNP Paribas Flexi Cap Fund - Regular Plan - IDCW Option,13.0745
2026-06-30,150387,Baroda BNP Paribas Flexi Cap Fund - Direct Plan - Growth Option,16.5145
2026-06-30,150388,Baroda BNP Paribas Flexi Cap Fund - Direct Plan - IDCW Option,13.7920
2026-06-30,150389,Quantum Nifty 50 ETF FOF - Regular Plan - Growth,14.1684
2026-06-30,150390,Quantum Nifty 50 ETF FOF - Direct Plan - Growth,14.2351
2026-06-30,150391,LIC MF Money Market Fund-Direct Plan-IDCW,1285.2111
2026-06-30,150392,LIC MF Money Market Fund-Direct Plan-Growth,1285.2111
2026-06-30,150393,LIC MF Money Market Fund-Regular Plan-Growth,1266.0599
2026-06-30,150394,LIC MF Money Market Fund-Regular Plan-IDCW,1266.0599
2026-06-30,150401,BANDHAN MIDCAP FUND - IDCW - DIRECT PLAN,19.660
2026-06-30,150402,BANDHAN MIDCAP FUND - GROWTH - REGULAR PLAN,18.532
2026-06-30,150403,BANDHAN MIDCAP FUND - IDCW - REGULAR PLAN,17.383
2026-06-30,150404,BANDHAN MIDCAP FUND - GROWTH - DIRECT PLAN,19.678
2026-06-30,150405,Union Gilt Fund - Regular Plan - Growth Option,12.3986
2026-06-30,150406,Union Gilt Fund - Regular Plan - Annual IDCW Option,12.3986
2026-06-30,150407,Union Gilt Fund - Direct Plan - Growth Option,12.6366
2026-06-30,150408,Union Gilt Fund - Direct Plan - Annual IDCW Option,12.6366
2026-06-30,150409,UTI Gilt Fund with 10 year Constant Duration - Regular Plan - Growth Option,13.1357
2026-06-30,150410,UTI Gilt Fund with 10 year Constant Duration - Direct Plan - Growth Option,13.3851
2026-06-30,150411,UTI Gilt Fund with 10 year Constant Duration - Regular Plan - Quarterly IDCW Option,13.1358
2026-06-30,150412,UTI Gilt Fund with 10 year Constant Duration - Direct Plan - Quarterly IDCW Option,13.3854
2026-06-30,150415,UTI Gilt Fund with 10 year Constant Duration - Direct Plan - Half Yearly IDCW Option,13.253
2026-06-30,150416,UTI Gilt Fund with 10 year Constant Duration - Regular Plan - Half Yearly IDCW Option,13.1355
2026-06-30,150419,UTI Gilt Fund with 10 year Constant Duration - Regular Plan - Annual IDCW Option,11.4334
2026-06-30,150420,UTI Gilt Fund with 10 year Constant Duration - Regular Plan - Flexi IDCW Option,13.1352
2026-06-30,150423,UTI Gilt Fund with 10 year Constant Duration - Direct Plan - Annual IDCW Option,11.6693
2026-06-30,150424,UTI Gilt Fund with 10 year Constant Duration - Direct Plan - Flexi IDCW Option,13.3852
2026-06-30,150427,DSP Nifty Midcap 150 Quality 50 Index Fund - Regular - Growth,14.2636
2026-06-30,150428,DSP Nifty Midcap 150 Quality 50 Index Fund - Direct - Growth,14.6268
2026-06-30,150429,DSP Nifty Midcap 150 Quality 50 Index Fund - Direct - IDCW,13.8951
2026-06-30,150430,DSP Nifty Midcap 150 Quality 50 Index Fund - Regular - IDCW,12.8142
2026-06-30,150439,quant Large Cap Fund - IDCW Option - Direct Plan,16.618
2026-06-30,150440,quant Large Cap Fund - Growth Option - Direct Plan,16.5496
2026-06-30,150441,quant Large Cap Fund - Growth Option - Regular Plan,15.5697
2026-06-30,150442,quant Large Cap Fund - IDCW Option - Regular Plan,15.4835
2026-06-30,150443,Motilal Oswal BSE Financials ex Bank 30 Index Fund Direct Growth,17.5467
2026-06-30,150444,Motilal Oswal BSE Financials ex Bank 30 Index Fund Regular Growth,17.0817
2026-06-30,150445,Motilal Oswal BSE Healthcare ETF,49.9257
2026-06-30,150451,ICICI Prudential Nifty 200 Momentum 30 Index Fund - IDCW,16.3887
2026-06-30,150452,ICICI Prudential Nifty 200 Momentum 30 Index Fund - Direct Plan - Growth,16.7957
2026-06-30,150453,ICICI Prudential Nifty 200 Momentum 30 Index Fund - Direct Plan - IDCW,16.7932
2026-06-30,150454,ICICI Prudential Nifty 200 Momentum 30 Index Fund - Growth,16.3891
2026-06-30,150455,ICICI Prudential Nifty 200 Momentum 30 ETF,31.4185
2026-06-30,150456,Union Gilt Fund - Direct Plan - Half-yearly IDCW Option,12.6366
2026-06-30,150457,Union Gilt Fund - Regular Plan - Half-yearly IDCW Option,12.3986
2026-06-30,150458,SBI Fixed Maturity Plan (FMP) - Series 67 (1467 Days) - Direct Plan - IDCW Payout,13.0933
2026-06-30,150459,SBI Fixed Maturity Plan (FMP) - Series 67 (1467 Days) - Regular Plan - IDCW Payout,13.0373
2026-06-30,150460,SBI Fixed Maturity Plan (FMP) - Series 67 (1467 Days) - Direct Plan - Growth,13.0933
2026-06-30,150461,SBI Fixed Maturity Plan (FMP) - Series 67 (1467 Days) - Regular Plan - Growth,13.0369
2026-06-30,150466,ICICI Prudential Nifty IT Index Fund - Growth,9.1376
2026-06-30,150467,ICICI Prudential Nifty IT Index Fund - IDCW,9.1377
2026-06-30,150468,ICICI Prudential Nifty IT Index Fund - Direct Plan - Growth,9.3289
2026-06-30,150469,ICICI Prudential Nifty IT Index Fund - Direct Plan - IDCW,9.3334
2026-06-30,150470,Mirae Asset Balanced Advantage Fund Direct Plan- Growth,15.306
2026-06-30,150471,Mirae Asset Balanced Advantage Fund Direct Plan- IDCW,14.092
2026-06-30,150473,Mirae Asset Balanced Advantage Fund Regular Plan- Growth,14.498
2026-06-30,150474,Mirae Asset Balanced Advantage Fund Regular Plan IDCW,13.358
2026-06-30,150476,HDFC NIFTY 100 ETF - Growth Option,25.7234
2026-06-30,150477,HDFC NIFTY NEXT 50 ETF - Growth Option,73.0879
2026-06-30,150478,Franklin India Balanced Advantage Fund- IDCW,13.3540
2026-06-30,150479,Franklin India Balanced Advantage Fund- IDCW- Direct,13.6310
2026-06-30,150480,Franklin India Balanced Advantage Fund- Growth,14.3585
2026-06-30,150481,Franklin India Balanced Advantage Fund- Growth- Direct,15.2703
2026-06-30,150482,Aditya Birla Sun Life Long Duration Fund-Regular Growth,13.1735
2026-06-30,150483,Aditya Birla Sun Life Long Duration Fund-Regular IDCW Payout,10.7503
2026-06-30,150484,Aditya Birla Sun Life Long Duration Fund-Direct Growth,13.5007
2026-06-30,150485,Aditya Birla Sun Life Long Duration Fund-Direct IDCW Payout,11.0224
2026-06-30,150487,Nippon India Nifty Alpha Low Volatility 30 Index Fund - Direct Plan - Growth Option,15.8186
2026-06-30,150488,Nippon India Nifty Alpha Low Volatility 30 Index Fund - Direct Plan - IDCW Option,15.8186
2026-06-30,150490,Nippon India Nifty Alpha Low Volatility 30 Index Fund - Regular Plan - Growth Option,15.4773
2026-06-30,150491,Nippon India Nifty Alpha Low Volatility 30 Index Fund - Regular Plan - IDCW Option,15.4773
2026-06-30,150492,Kotak Nifty India Consumption ETF,11.8153
2026-06-30,150497,Aditya Birla Sun Life Nifty 200 Quality 30 ETF,20.4687
2026-06-30,150498,Aditya Birla Sun Life Nifty 200 Momentum 30 ETF,31.2464
2026-06-30,150499,HSBC Overnight Fund - Unclaimed IDCW Below three years,1266.9032
2026-06-30,150500,HSBC Overnight Fund - Unclaimed Redemption above three years,1000
2026-06-30,150501,HSBC Overnight Fund - Unclaimed IDCW Above three years,1000
2026-06-30,150502,HSBC Overnight Fund - Unclaimed Redemption Below three years,1266.9228
2026-06-30,150503,Canara Robeco Banking and PSU Debt Fund- Regular Plan- Growth Option,12.7035
2026-06-30,150504,Canara Robeco Banking and PSU Debt Fund- Regular Plan- IDCW (Payout/ Reinvestment),10.6587
2026-06-30,150505,Canara Robeco Banking and PSU Debt Fund- Direct Plan- Growth Option,12.8529
2026-06-30,150507,Canara Robeco Banking and PSU Debt Fund- Direct Plan- IDCW Payout,10.7749
2026-06-30,150511,TRUSTMF MONEY MARKET FUND-REGULAR PLAN-GROWTH,1295.3716
2026-06-30,150512,TRUSTMF MONEY MARKET FUND-REGULAR PLAN-MONTHLY IDCW,1150.3912
2026-06-30,150513,TRUSTMF MONEY MARKET FUND-DIRECT PLAN-GROWTH,1305.7962
2026-06-30,150514,TRUSTMF MONEY MARKET FUND-DIRECT PLAN-MONTHLY IDCW,1160.0860
2026-06-30,150515,Navi Nifty India Manufacturing Index Fund- Direct Plan- Growth,19.2951
2026-06-30,150516,Navi Nifty India Manufacturing Index Fund- Regular Plan- Growth,18.7342
2026-06-30,150517,Motilal Oswal BSE Enhanced Value ETF,114.4158
2026-06-30,150518,Motilal Oswal BSE Enhanced Value Index Fund-Direct plan,27.7393
2026-06-30,150519,Motilal Oswal BSE Enhanced Value Index Fund-Regular plan,27.0231
2026-06-30,150520,Motilal Oswal BSE Quality ETF,199.0139
2026-06-30,150521,Motilal Oswal BSE Quality Index Fund-Direct plan,17.4535
2026-06-30,150522,Motilal Oswal BSE Quality Index Fund-Regular plan,16.9979
2026-06-30,150523,DSP Silver ETF,215.2948
2026-06-30,150526,ICICI Prudential Nifty Infrastructure ETF,96.5386
2026-06-30,150531,Kotak Nifty MNC ETF,33.3926
2026-06-30,150532,Tata Housing Opportunities Fund - Direct Plan - Growth,15.8212
2026-06-30,150533,Tata Housing Opportunities Fund - Direct Plan - IDCW Reinvestment,15.8212
2026-06-30,150534,Tata Housing Opportunities Fund - Direct Plan - IDCW Payout,15.8212
2026-06-30,150535,Tata Housing Opportunities Fund - Regular Plan - IDCW Payout,14.8209
2026-06-30,150536,Tata Housing Opportunities Fund - Regular Plan - IDCW Reinvestment,14.8209
2026-06-30,150537,Tata Housing Opportunities Fund - Regular Plan - Growth,14.8209
2026-06-30,150538,ICICI Prudential PSU Equity Fund - Growth,21.79
2026-06-30,150539,ICICI Prudential PSU Equity Fund - Direct Plan - Growth,22.95
2026-06-30,150540,ICICI Prudential PSU Equity Fund - IDCW,18.35
2026-06-30,150541,ICICI Prudential PSU Equity Fund - Direct Plan - IDCW,19.47
2026-06-30,150542,JM Short Duration Fund (Regular) - Growth,12.6453
2026-06-30,150543,JM Short Duration Fund (Regular) - IDCW,12.6458
2026-06-30,150544,JM Short Duration Fund (Direct) - IDCW,13.0325
2026-06-30,150545,JM Short Duration Fund (Direct) - Growth,13.0322
2026-06-30,150546,HDFC FMP 1406D August 2022 - Growth Option,12.8602
2026-06-30,150547,HDFC FMP 1406D August 2022 - Growth Option - Direct Plan,12.9888
2026-06-30,150548,HDFC FMP 1406D August 2022 - IDCW Option - Direct Plan,10
2026-06-30,150549,HDFC FMP 1406D August 2022 - Quarterly IDCW Option - Direct Plan,10
2026-06-30,150550,HDFC FMP 1406D August 2022 - IDCW Option,10
2026-06-30,150551,HDFC FMP 1406D August 2022 - Quarterly IDCW Option,10
2026-06-30,150552,Union Retirement Fund - Regular Plan - Growth Option,16.35
2026-06-30,150553,Union Retirement Fund - Regular Plan - IDCW Option,16.35
2026-06-30,150554,Union Retirement Fund - Direct Plan - Growth Option,17.24
2026-06-30,150555,Union Retirement Fund - Direct Plan - IDCW Option,17.24
2026-06-30,150556,HDFC Silver ETF - Growth Option,213.757
2026-06-30,150568,Sundaram Flexicap Fund Regular Growth,14.2590
2026-06-30,150569,Sundaram Flexicap Fund Regular Plan IDCW Payout,11.7887
2026-06-30,150570,Sundaram Flexicap Fund Regular Plan IDCW Reinvestment,11.7887
2026-06-30,150571,Sundaram Flexicap Fund Direct Growth,15.1089
2026-06-30,150572,Sundaram Flexicap Fund Direct Plan IDCW Reinvestment,12.5019
2026-06-30,150573,Sundaram Flexicap Fund Direct Plan IDCW Payout,12.5019
2026-06-30,150578,Edelweiss Gold and Silver ETF FOF - Direct Plan - IDCW,32.419
2026-06-30,150579,Edelweiss Gold and Silver ETF FOF - Regular Plan - Growth,31.931
2026-06-30,150580,Edelweiss Gold and Silver ETF FOF - Regular Plan - IDCW,31.931
2026-06-30,150581,Edelweiss Gold and Silver ETF FOF - Direct Plan - Growth,32.419
2026-06-30,150582,WhiteOak Capital Mid Cap Fund Direct Plan IDCW,22.494
2026-06-30,150583,WhiteOak Capital Mid Cap Fund Regular Plan Growth,21.208
2026-06-30,150584,WhiteOak Capital Mid Cap Fund Direct Plan Growth,22.494
2026-06-30,150585,WhiteOak Capital Mid Cap Fund Regular Plan IDCW,21.208
2026-06-30,150586,WhiteOak Capital ELSS Tax Saver Fund Direct Plan IDCW,18.530
2026-06-30,150587,WhiteOak Capital ELSS Tax Saver Fund Direct Plan Growth,18.530
2026-06-30,150588,WhiteOak Capital ELSS Tax Saver Fund Regular Plan IDCW,17.394
2026-06-30,150589,WhiteOak Capital ELSS Tax Saver Fund Regular Plan Growth,17.394
2026-06-30,150590,BANDHAN NIFTY200 MOMENTUM 30 INDEX FUND - IDCW - DIRECT PLAN,15.7417
2026-06-30,150591,BANDHAN NIFTY200 MOMENTUM 30 INDEX FUND - GROWTH - DIRECT PLAN,15.7676
2026-06-30,150592,BANDHAN NIFTY200 MOMENTUM 30 INDEX FUND - GROWTH - REGULAR PLAN,15.3968
2026-06-30,150593,BANDHAN NIFTY200 MOMENTUM 30 INDEX FUND - IDCW - REGULAR PLAN,15.3963
2026-06-30,150594,Mirae Asset Global Electric & Autonomous Vehicles Equity Passive FOF - Regular Plan - Growth,17.683
2026-06-30,150595,Mirae Asset Global Electric & Autonomous Vehicles Equity Passive FOF - Direct Plan - Growth,17.956
2026-06-30,150596,Mirae Asset Global X Artificial Intelligence & Technology ETF Fund of Fund - Regular Plan - Growth,36.223
2026-06-30,150597,Mirae Asset Global X Artificial Intelligence & Technology ETF Fund of Fund - Direct Plan- Growth,36.446
2026-06-30,150610,Axis Silver ETF,222.0809
2026-06-30,150615,Axis Silver Fund of Fund- Direct Plan-Growth Option,38.1938
2026-06-30,150616,Axis Silver Fund of Fund- Direct Plan - IDCW Option,38.1933
2026-06-30,150617,Axis Silver Fund of Fund -Regular Plan- Growth Option,37.4587
2026-06-30,150618,Axis Silver Fund of Fund - Regular Plan - IDCW Option,37.4573
2026-06-30,150619,HDFC NIFTY 50 VALUE 20 ETF - Growth Option,125.4345
2026-06-30,150620,HDFC NIFTY100 QUALITY 30 ETF - Growth Option,55.8695
2026-06-30,150621,HDFC NIFTY GROWTH SECTORS 15 ETF - Growth Option,110.3477
2026-06-30,150622,Kotak Business Cycle Fund-Regular Plan-IDCW option,15.607
2026-06-30,150624,Kotak Business Cycle - Direct Plan - Growth,17.766
2026-06-30,150625,Kotak Business Cycle Fund-Direct Plan-IDCW option,16.513
2026-06-30,150626,Kotak Business Cycle Fund-Regular Plan--Growth,16.791
2026-06-30,150627,Nippon India Fixed Maturity Plan-XLIV-Series 1-Direct Plan-Growth Option,13.2902
2026-06-30,150628,Nippon India Fixed Maturity Plan-XLIV-Series 1-Direct Plan-Payout of IDCW,13.2902
2026-06-30,150629,Nippon India Fixed Maturity Plan-XLIV-Series 1-Regular Plan-Growth Option,13.1903
2026-06-30,150630,Nippon India Fixed Maturity Plan-XLIV-Series 1-Regular Plan-Payout of IDCW,13.1903
2026-06-30,150631,Samco Overnight Fund - Direct Plan - Growth Option,1245.2724
2026-06-30,150632,Samco Overnight Fund - Regular Plan - Growth Option,1235.3912
2026-06-30,150633,BANDHAN NIFTY100 LOW VOLATILITY 30 INDEX FUND - GROWTH - REGULAR PLAN,15.0866
2026-06-30,150634,BANDHAN NIFTY100 LOW VOLATILITY 30 INDEX FUND - IDCW - DIRECT PLAN,15.4170
2026-06-30,150635,BANDHAN NIFTY100 LOW VOLATILITY 30 INDEX FUND - IDCW - REGULAR PLAN,15.0863
2026-06-30,150636,BANDHAN NIFTY100 LOW VOLATILITY 30 INDEX FUND - GROWTH - DIRECT PLAN,15.4937
2026-06-30,150637,ICICI Prudential Nifty50 Equal Weight Index Fund- Growth,16.4967
2026-06-30,150638,ICICI Prudential Nifty50 Equal Weight Index Fund- IDCW,16.4966
2026-06-30,150639,ICICI Prudential Nifty50 Equal Weight Index Fund- Direct Plan - Growth,16.8751
2026-06-30,150640,ICICI Prudential Nifty50 Equal Weight Index Fund- Direct Plan - IDCW,16.8748
2026-06-30,150641,Motilal Oswal Gold and Silver Passive Fund of Funds(Regular Plan),28.7425
2026-06-30,150642,Motilal Oswal Gold and Silver Passive Fund of Funds(Direct Plan),29.1216
2026-06-30,150643,ICICI Prudential Nifty Auto Index Fund - Direct Plan - Growth,21.3129
2026-06-30,150644,ICICI Prudential Nifty Auto Index Fund - Direct Plan - IDCW,21.3128
2026-06-30,150645,ICICI Prudential Nifty Auto Index Fund - Growth,20.8808
2026-06-30,150646,ICICI Prudential Nifty Auto Index Fund - IDCW,20.8812
2026-06-30,150651,HDFC FMP 1359D September - Growth Option,12.8784
2026-06-30,150652,HDFC FMP 1359D September - IDCW Option,10
2026-06-30,150653,HDFC FMP 1359D September - IDCW Option - Direct Plan,10
2026-06-30,150654,HDFC FMP 1359D September - Quarterly IDCW Option - Direct Plan,10
2026-06-30,150655,HDFC FMP 1359D September - Growth Option - Direct Plan,12.9982
2026-06-30,150656,HDFC FMP 1359D September - Quarterly IDCW Option,10
2026-06-30,150657,HDFC NIFTY200 MOMENTUM 30 ETF - Growth Option,31.1425
2026-06-30,150658,HDFC NIFTY100 Low Volatility 30 ETF - Growth Option,20.1773
2026-06-30,150659,LIC MF Multi Cap Fund-Direct Plan-Growth,19.1145
2026-06-30,150660,LIC MF Multi Cap Fund-Direct Plan-IDCW,19.1145
2026-06-30,150661,LIC MF Multi Cap Fund-Regular Plan-Growth,18.0186
2026-06-30,150662,LIC MF Multi Cap Fund-Regular Plan-IDCW,18.0186
2026-06-30,150671,Edelweiss CRISIL IBX 50:50 Gilt Plus SDL April 2037 Index Fund - Direct Plan - Growth,13.477
2026-06-30,150672,SBI Nifty Midcap 150 Index Fund - Regular Plan - Growth,19.4561
2026-06-30,150673,SBI Nifty Midcap 150 Index Fund - Direct Plan - Growth,19.8303
2026-06-30,150674,SBI Nifty Midcap 150 Index Fund - Regular Plan - Income Distribution cum Capital Withdrawal Option (IDCW),19.4564
2026-06-30,150675,SBI Nifty Midcap 150 Index Fund - Direct Plan - Income Distribution cum Capital Withdrawal Option (IDCW),19.8297
2026-06-30,150676,SBI Nifty Smallcap 250 Index Fund - Regular Plan - Growth,18.9347
2026-06-30,150677,SBI Nifty Smallcap 250 Index Fund - Direct Plan - Growth,19.3066
2026-06-30,150678,SBI Nifty Smallcap 250 Index Fund - Direct Plan - Income Distribution cum Capital Withdrawal Option (IDCW),19.3061
2026-06-30,150679,SBI Nifty Smallcap 250 Index Fund - Regular Plan - Income Distribution cum Capital Withdrawal Option (IDCW),18.9352
2026-06-30,150680,SBI CRISIL IBX Gilt Index - June 2036 Fund - Regular Plan - Income Distribution cum Capital Withdrawal Option (IDCW),13.4115
2026-06-30,150681,SBI |CRISIL IBX Gilt Index - June 2036 Fund - Direct Plan - Growth,13.5330
2026-06-30,150682,SBI CRISIL IBX Gilt Index - June 2036 Fund - Direct Plan - Income Distribution cum Capital Withdrawal Option (IDCW),13.5330
2026-06-30,150683,SBI CRISIL IBX Gilt Index - June 2036 Fund - Regular Plan - Growth,13.4111
2026-06-30,150684,ICICI PRUDENTIAL TRANSPORTATION AND LOGISTICS FUND - Growth,20.61
2026-06-30,150685,ICICI PRUDENTIAL TRANSPORTATION AND LOGISTICS FUND - Direct Plan - Growth,21.58
2026-06-30,150686,ICICI PRUDENTIAL TRANSPORTATION AND LOGISTICS FUND - IDCW,17.48
2026-06-30,150687,ICICI PRUDENTIAL TRANSPORTATION AND LOGISTICS FUND - Direct Plan - IDCW,18.41
2026-06-30,150688,Aditya Birla Sun Life Multi-Asset Passive FOF-Direct Growth,17.3341
2026-06-30,150689,Aditya Birla Sun Life Multi-Asset Passive FOF-Direct IDCW,17.3348
2026-06-30,150690,Aditya Birla Sun Life Multi-Asset Passive FOF-Regular Growth,17.1265
2026-06-30,150691,Aditya Birla Sun Life Multi-Asset Passive FOF-Regular IDCW,17.1266
2026-06-30,150702,Aditya Birla Sun Life Crisil IBX 50:50 Gilt Plus SDL Apr 2028 Index Fund-Direct Growth,13.248
2026-06-30,150703,Aditya Birla Sun Life Crisil IBX 50:50 Gilt Plus SDL Apr 2028 Index Fund-Regular Growth,13.1726
2026-06-30,150704,Aditya Birla Sun Life Crisil IBX 50:50 Gilt Plus SDL APR 2028 Index Fund-Direct IDCW,13.2458
2026-06-30,150705,Aditya Birla Sun Life Crisil IBX 50:50 Gilt Plus SDL Apr 2028 Index Fund-Regular IDCW,13.1738
2026-06-30,150706,SBI CRISIL IBX Gilt Index - April 2029 Fund - Direct Plan - Growth,13.3366
2026-06-30,150707,SBI CRISIL IBX Gilt Index - April 2029 Fund - Regular Plan - Growth,13.2218
2026-06-30,150708,SBI CRISIL IBX Gilt Index - April 2029 Fund - Direct Plan - Income Distribution cum Capital Withdrawal Option (IDCW),13.3367
2026-06-30,150709,SBI CRISIL IBX Gilt Index - April 2029 Fund - Regular Plan - Income Distribution cum Capital Withdrawal Option (IDCW),13.2227
2026-06-30,150710,SBI CRISIL IBX SDL Index - September 2027 Fund - Regular Plan - Income Distribution cum Capital Withdrawal Option (IDCW),13.0485
2026-06-30,150711,SBI CRISIL IBX SDL Index - September 2027 Fund - Direct Plan - Growth,13.1324
2026-06-30,150712,SBI CRISIL IBX SDL Index - September 2027 Fund - Regular Plan - Growth,13.0480
2026-06-30,150713,SBI CRISIL IBX SDL Index - September 2027 Fund - Direct Plan - Income Distribution cum Capital Withdrawal Option (IDCW),13.1383
2026-06-30,150714,UTI Gold ETF Fund of Fund - Direct Plan - Growth Option,26.9605
2026-06-30,150715,UTI Gold ETF Fund of Fund - Regular Plan - Growth Opton,26.5416
2026-06-30,150716,BANDHAN TRANSPORTATION AND LOGISTICS FUND - GROWTH - DIRECT PLAN,20.521
2026-06-30,150717,BANDHAN TRANSPORTATION AND LOGISTICS FUND - GROWTH - REGULAR PLAN,19.365
2026-06-30,150718,BANDHAN TRANSPORTATION AND LOGISTICS FUND - IDCW - REGULAR PLAN,18.127
2026-06-30,150719,BANDHAN TRANSPORTATION AND LOGISTICS FUND - IDCW - DIRECT PLAN,20.495
2026-06-30,150720,Edelweiss CRISIL IBX 50:50 Gilt Plus SDL April 2037 Index Fund - Regular Plan - Growth,13.3374
2026-06-30,150721,Edelweiss CRISIL IBX 50:50 Gilt Plus SDL April 2037 Index Fund - Regular Plan - IDCW Option,13.3376
2026-06-30,150722,Edelweiss CRISIL IBX 50:50 Gilt Plus SDL April 2037 Index Fund - Direct Plan - IDCW Option,13.4769
2026-06-30,150723,Kotak Nifty SDL Plus AAA PSU Bond Jul 2028 60:40 Index Fund Regular Plan - Growth,13.0768
2026-06-30,150724,Kotak Nifty SDL Plus AAA PSU Bond Jul 2028 60:40 Index Fund Regular Plan - IDCW,13.0726
2026-06-30,150725,Kotak Nifty SDL Plus AAA PSU Bond Jul 2028 60:40 Index Fund Direct Plan - Growth,13.1711
2026-06-30,150726,Kotak Nifty SDL Plus AAA PSU Bond Jul 2028 60:40 Index Fund Direct Plan - IDCW,13.1712
2026-06-30,150727,Edelweiss CRISIL IBX 50:50 Gilt Plus SDL June 2027 Index Fund - Direct Plan - Growth,13.13
2026-06-30,150728,ICICI Prudential Nifty SDL Dec 2028 Index Fund - Growth,13.2266
2026-06-30,150729,ICICI Prudential Nifty SDL Dec 2028 Index Fund - Direct Plan - Growth,13.3143
2026-06-30,150730,ICICI Prudential Nifty SDL Dec 2028 Index Fund - Direct Plan - Annual IDCW,13.3146
2026-06-30,150731,ICICI Prudential Nifty SDL Dec 2028 Index Fund - Annual IDCW,13.2266
2026-06-30,150732,ICICI Prudential Nifty G-Sec Dec 2030 Index Fund - Growth,13.2870
2026-06-30,150733,ICICI Prudential Nifty G-Sec Dec 2030 Index Fund - Direct Plan - Growth,13.3793
2026-06-30,150734,ICICI Prudential Nifty G-Sec Dec 2030 Index Fund - Annual IDCW,13.2871
2026-06-30,150735,ICICI Prudential Nifty G-Sec Dec 2030 Index Fund - Direct Plan - Annual IDCW,13.3785
2026-06-30,150736,HDFC Silver ETF Fund of Fund - Growth Option,36.3284
2026-06-30,150737,HDFC Silver ETF Fund of Fund - Growth Option - Direct Plan,36.8295
2026-06-30,150738,Tata Nifty Midcap 150 Momentum 50 Index Fund - Growth - Direct Plan,18.5700
2026-06-30,150739,Tata Nifty Midcap 150 Momentum 50 Index Fund - IDCW Reinvestment - Direct Plan,18.5700
2026-06-30,150740,Tata Nifty Midcap 150 Momentum 50 Index Fund - IDCW Payout - Direct Plan,18.5700
2026-06-30,150741,Tata Nifty Midcap 150 Momentum 50 Index Fund - Growth - Regular Plan,18.0838
2026-06-30,150742,Tata Nifty Midcap 150 Momentum 50 Index Fund - IDCW Payout - Regular Plan,18.0838
2026-06-30,150743,Tata Nifty Midcap 150 Momentum 50 Index Fund - IDCW Reinvestment - Regular Plan,18.0838
2026-06-30,150748,Axis NASDAQ 100 US Specific Equity Passive FOF - Regular Plan - IDCW,29.7840
2026-06-30,150749,Axis NASDAQ 100 US Specific Equity Passive FOF - Direct Plan - IDCW,30.1966
2026-06-30,150750,Axis NASDAQ 100 US Specific Equity Passive FOF - Regular Plan - Growth,29.7841
2026-06-30,150751,Axis NASDAQ 100 US Specific Equity Passive FOF - Direct Plan - Growth,30.1967
2026-06-30,150752,Nippon India Nifty AAA PSU Bond Plus SDL - Sep 2026 Maturity 50:50 Index Fund-Regular Plan-Growth Option,12.8792
2026-06-30,150753,Nippon India Nifty AAA PSU Bond Plus SDL - Sep 2026 Maturity 50:50 Index Fund-Direct Plan-IDCW Option,12.9667
2026-06-30,150754,Nippon India Nifty AAA PSU Bond Plus SDL - Sep 2026 Maturity 50:50 Index Fund-Direct Plan-Growth Option,12.9667
2026-06-30,150755,Nippon India Nifty AAA PSU Bond Plus SDL - Sep 2026 Maturity 50:50 Index Fund-Regular Plan-IDCW Option,12.8792
2026-06-30,150770,Edelweiss CRISIL IBX 50:50 Gilt Plus SDL June 2027 Index Fund - Direct Plan - IDCW,13.1296
2026-06-30,150771,Edelweiss CRISIL IBX 50:50 Gilt Plus SDL June 2027 Index Fund - Regular Plan - Growth,13.0115
2026-06-30,150772,Edelweiss CRISIL IBX 50:50 Gilt Plus SDL June 2027 Index Fund - Regular Plan - IDCW,13.0119
2026-06-30,150777,Aditya Birla Sun Life Crisil IBX Gilt-Apr 2029 Index Fund-Regular Growth,13.3054
2026-06-30,150778,Aditya Birla Sun Life Crisil IBX Gilt-Apr-2029 Index Fund-Direct Growth,13.3858
2026-06-30,150779,Aditya Birla Sun Life Crisil IBX Gilt-Apr 2029 Index Fund-Regular IDCW,10.6123
2026-06-30,150780,Aditya Birla Sun Life Crisil IBX Gilt-Apr 2029 Index Fund-Direct IDCW,10.7104
2026-06-30,150789,Mirae Asset CRISIL IBX Gilt Index - April 2033 Index Fund - Direct Plan - IDCW,13.4481
2026-06-30,150790,Mirae Asset CRISIL IBX Gilt Index - April 2033 Index Fund - Regular Plan - Growth,13.3097
2026-06-30,150791,Mirae Asset CRISIL IBX Gilt Index - April 2033 Index Fund - Regular Plan - IDCW,13.3107
2026-06-30,150792,Mirae Asset CRISIL IBX Gilt Index - April 2033 Index Fund - Direct Plan - Growth,13.4522
2026-06-30,150797,WhiteOak Capital Large Cap Fund Direct Plan Growth,15.519
2026-06-30,150798,WhiteOak Capital Large Cap Fund Direct Plan IDCW,15.519
2026-06-30,150799,WhiteOak Capital Large Cap Fund Regular Plan Growth,14.626
2026-06-30,150800,WhiteOak Capital Large Cap Fund Regular Plan IDCW,14.626
2026-06-30,150801,HDFC NIFTY IT ETF - Growth option,28.0484
2026-06-30,150802,HDFC NIFTY Private Bank ETF - Growth Option,28.437
2026-06-30,150803,HDFC Business Cycle Fund - Growth Option,14.868
2026-06-30,150804,HDFC Business Cycle Fund - IDCW Option - Direct Plan,15.533
2026-06-30,150805,HDFC Business Cycle Fund - Growth Option - Direct Plan,15.533
2026-06-30,150806,HDFC Business Cycle Fund - IDCW Option,14.868
2026-06-30,150807,Edelweiss CRISIL IBX 50:50 Gilt Plus SDL Sep 2028 Index Fund - Direct Plan - Growth,13.1831
2026-06-30,150812,JM Midcap Fund (Regular) - Growth,20.7445
2026-06-30,150813,JM Midcap Fund (Regular) - IDCW,20.7445
2026-06-30,150814,JM Midcap Fund (Direct) - IDCW,22.0784
2026-06-30,150815,JM Midcap Fund (Direct) - Growth,22.0785
2026-06-30,150816,Canara Robeco Mid Cap Fund- Regular Plan- Growth Option,18.0400
2026-06-30,150817,Canara Robeco Mid Cap Fund- Direct Plan- Growth Option,18.9500
2026-06-30,150818,Canara Robeco Mid Cap Fund- Direct Plan- IDCW,17.4600
2026-06-30,150819,Canara Robeco Mid Cap Fund- Regular Plan- IDCW,16.5900
2026-06-30,150820,Kotak Income Plus Arbitrage Omni  FOF-Regular Plan-Growth,13.0543
2026-06-30,150821,Kotak Income Plus Arbitrage Omni FOF-Regular Plan-IDCW,13.0541
2026-06-30,150822,Kotak Income Plus Arbitrage Omni FOF-Direct Plan-Growth,13.1249
2026-06-30,150823,Kotak Income Plus Arbitrage Omni FOF-Direct Plan-IDCW,13.1251
2026-06-30,150824,Nippon India Nifty SDL Plus G-Sec - Jun 2028 Maturity 70:30 Index Fund-Direct Plan-Growth Option,13.0355
2026-06-30,150825,Nippon India Nifty SDL Plus G-Sec - Jun 2028 Maturity 70:30 Index Fund-Regular Plan-Growth Option,12.9421
2026-06-30,150826,Nippon India Nifty SDL Plus G-Sec - Jun 2028 Maturity 70:30 Index Fund-Direct Plan-IDCW Option,13.0355
2026-06-30,150827,Nippon India Nifty SDL Plus G-Sec - Jun 2028 Maturity 70:30 Index Fund-Regular Plan IDCW Option,12.9421
2026-06-30,150838,Samco ELSS Tax Saver Fund - Direct Plan - Growth Option,13.21
2026-06-30,150839,Samco ELSS Tax Saver Fund - Regular Plan - Growth Option,12.56
2026-06-30,150842,DSP FMP Series - 267 - 1172 Days - Direct - Growth,12.9580
2026-06-30,150843,DSP FMP Series - 267 - 1172 Days - Regular - Growth,12.9072
2026-06-30,150844,HDFC Nifty G-Sec Dec 2026 Index Fund - Growth Option,12.8431
2026-06-30,150845,HDFC Nifty G-Sec Dec 2026 Index Fund - Growth Option - Direct Plan,12.9141
2026-06-30,150846,HDFC Nifty G-Sec July 2031 Index Fund - Growth Option,13.2277
2026-06-30,150847,HDFC Nifty G-Sec July 2031 Index Fund - Growth Option - Direct Plan,13.3057
2026-06-30,150848,Edelweiss CRISIL IBX 50:50 Gilt Plus SDL Sep 2028 Index Fund - Regular Plan - Growth,13.0589
2026-06-30,150849,Edelweiss CRISIL IBX 50:50 Gilt Plus SDL Sep 2028 Index Fund - Regular Plan - IDCW,13.0589
2026-06-30,150850,Edelweiss CRISIL IBX 50:50 Gilt Plus SDL Sep 2028 Index Fund - Direct Plan - IDCW,13.1834
2026-06-30,150851,Axis Nifty SDL September 2026 Debt Index Fund - Regular Plan - Growth,12.8408
2026-06-30,150852,Axis Nifty SDL September 2026 Debt Index Fund - Direct Plan - IDCW,12.8970
2026-06-30,150853,Axis Nifty SDL September 2026 Debt Index Fund - Regular Plan -  IDCW,12.8394
2026-06-30,150854,Axis Nifty SDL September 2026 Debt Index Fund - Direct Plan - Growth,12.8971
2026-06-30,150855,Union Multicap Fund - Regular Plan - Growth Option,16.95
2026-06-30,150856,Union Multicap Fund - Regular Plan - IDCW Option,16.95
2026-06-30,150857,Union Multicap Fund - Direct Plan - IDCW Option,17.73
2026-06-30,150858,Union Multicap Fund - Direct Plan - Growth Option,17.73
2026-06-30,150863,Baroda BNP Paribas Multi Asset Fund - Regular Plan - Growth Option,15.9544
2026-06-30,150864,Baroda BNP Paribas Multi Asset Fund - Regular Plan - IDCW Option,13.9439
2026-06-30,150865,Baroda BNP Paribas Multi Asset Fund - Direct Plan - Growth Option,16.7438
2026-06-30,150866,Baroda BNP Paribas Multi Asset Fund - Direct Plan - IDCW Option,14.8988
2026-06-30,150867,BANDHAN CRISIL IBX 90:10 SDL PLUS GILT - NOV 2026 INDEX FUND - DIRECT IDCW,10.5314
2026-06-30,150868,BANDHAN CRISIL IBX 90:10 SDL PLUS GILT - NOV 2026 INDEX FUND - DIRECT GROWTH,12.9381
2026-06-30,150869,BANDHAN CRISIL IBX 90:10 SDL PLUS GILT - NOV 2026 INDEX FUND - REGULAR GROWTH,12.8212
2026-06-30,150870,BANDHAN CRISIL IBX 90:10 SDL PLUS GILT - NOV 2026 INDEX FUND - REGULAR IDCW,10.3887
2026-06-30,150871,BANDHAN CRISIL IBX 90:10 SDL PLUS GILT APRIL 2032 INDEX FUND - DIRECT GROWTH,13.1783
2026-06-30,150872,BANDHAN CRISIL IBX 90:10 SDL PLUS GILT APRIL 2032 INDEX FUND - DIRECT IDCW,10.7939
2026-06-30,150873,BANDHAN CRISIL IBX 90:10 SDL PLUS GILT APRIL 2032 INDEX FUND - REGULAR GROWTH,13.0963
2026-06-30,150874,BANDHAN CRISIL IBX 90:10 SDL PLUS GILT APRIL 2032 INDEX FUND - REGULAR IDCW,10.7288
2026-06-30,150879,ICICI Prudential Nifty Financial Services Ex-BaNk ETF,32.3588
2026-06-30,150888,BANDHAN CRISIL IBX 90:10 SDL PLUS GILT - SEP27 INDEX FUND - DIRECT GROWTH,13.0178
2026-06-30,150889,BANDHAN CRISIL IBX 90:10 SDL PLUS GILT SEP27 INDEX FUND - DIRECT IDCW,10.4521
2026-06-30,150890,BANDHAN CRISIL IBX 90:10 SDL PLUS GILT SEP27 INDEX FUND - REGULAR GROWTH,12.9011
2026-06-30,150891,BANDHAN CRISIL IBX 90:10 SDL PLUS GILT SEP27 INDEX FUND - REGULAR IDCW,10.4425
2026-06-30,150892,Edelweiss Nifty Smallcap 250 Index Fund - Direct Plan - Growth,18.4435
2026-06-30,150893,Edelweiss Nifty Smallcap 250 Index Fund - Regular Plan - IDCW,18.0003
2026-06-30,150894,Edelweiss Nifty Smallcap 250 Index Fund - Regular Plan - Growth,18.0004
2026-06-30,150895,Edelweiss Nifty Smallcap 250 Index Fund - Direct Plan - IDCW,18.444
2026-06-30,150896,Edelweiss Nifty Next 50 Index Fund - Direct Plan - IDCW,16.687
2026-06-30,150897,Edelweiss Nifty Next 50 Index Fund - Regular Plan - Growth,16.2664
2026-06-30,150898,Edelweiss Nifty Next 50 Index Fund - Regular Plan - IDCW,16.2663
2026-06-30,150899,Edelweiss Nifty Next 50 Index Fund - Direct Plan - Growth,16.6874
2026-06-30,150900,Edelweiss Nifty Midcap150 Momentum 50 Index Fund - Regular Plan - Growth,18.1919
2026-06-30,150901,Edelweiss Nifty Midcap150 Momentum 50 Index Fund - Regular Plan - IDCW,18.1918
2026-06-30,150902,Edelweiss Nifty Midcap150 Momentum 50 Index Fund - Direct Plan - Growth,18.6551
2026-06-30,150903,Edelweiss Nifty Midcap150 Momentum 50 Index Fund - Direct Plan - IDCW,18.6581
2026-06-30,150904,Nippon India Nifty G-Sec Sep 2027 Maturity Index Fund-Regular Plan-Growth Option,12.7809
2026-06-30,150905,Nippon India Nifty G-Sec Sep 2027 Maturity Index Fund-Regular Plan-IDCW Option,12.7809
2026-06-30,150906,Nippon India Nifty G-Sec Sep 2027 Maturity Index Fund-Direct Plan-Growth Option,12.8756
2026-06-30,150907,Nippon India Nifty G-Sec Sep 2027 Maturity Index Fund-Direct Plan-IDCW Option,12.8756
2026-06-30,150912,Mahindra Manulife Small Cap Fund - Regular Plan - Growth,21.2465
2026-06-30,150913,Mahindra Manulife Small Cap Fund - Direct Plan - IDCW,21.5768
2026-06-30,150914,Mahindra Manulife Small Cap Fund - Regular Plan - IDCW,20.3653
2026-06-30,150915,Mahindra Manulife Small Cap Fund - Direct Plan - Growth,22.4616
2026-06-30,150920,Nippon India Nifty G-Sec Jun 2036 Maturity Index Fund-Direct Plan-Growth Option,13.2484
2026-06-30,150921,Nippon India Nifty G-Sec Jun 2036 Maturity Index fund-Direct Plan-IDCW Option,13.2484
2026-06-30,150922,Nippon India Nifty G-Sec Jun 2036 Maturity Index Fund-Regular Plan-IDCW Option,13.1450
2026-06-30,150923,Nippon India Nifty G-Sec Jun 2036 Maturity Index Fund-Regular Plan-Growth Option,13.1450
2026-06-30,150928,ICICI Prudential Nifty Pharma Index Fund - Direct Plan - IDCW,19.5858
2026-06-30,150929,ICICI Prudential Nifty Pharma Index Fund - Growth,19.1489
2026-06-30,150930,ICICI Prudential Nifty Pharma Index Fund - Direct Plan - Growth,19.5848
2026-06-30,150931,ICICI Prudential Nifty Pharma Index Fund - IDCW,19.1489
2026-06-30,150948,Kotak Silver ETF,21.6697
2026-06-30,150987,BHARAT Bond ETF - April 2033,1310.3589
2026-06-30,150988,BHARAT Bond ETF FOF - April 2033 - Regular Plan - IDCW,13.1078
2026-06-30,150989,BHARAT Bond ETF FOF - April 2033 - Direct Plan - Growth,13.1078
2026-06-30,150990,BHARAT Bond ETF FOF - April 2033 - Direct Plan - IDCW,13.1078
2026-06-30,150991,BHARAT Bond ETF FOF - April 2033 - Regular Plan - Growth,13.1078
2026-06-30,150992,HSBC Corporate Bond Fund - Regular Growth,77.4026
2026-06-30,150993,HSBC Corporate Bond Fund - Regular Quarterly IDCW,10.8417
2026-06-30,150994,HSBC Corporate Bond Fund - Regular Semi Annual IDCW,16.6636
2026-06-30,150995,HSBC Corporate Bond Fund -Regular Plan - Bonus,29.4016
2026-06-30,150996,HSBC Corporate Bond Fund - Direct Growth,82.6766
2026-06-30,150997,HSBC Corporate Bond Fund - Direct Semi Annual IDCW,19.9832
2026-06-30,150998,HSBC Corporate Bond Fund - Direct Quarterly IDCW,11.258
2026-06-30,151000,HSBC Corporate Bond Fund - Direct Annual IDCW,11.7435
2026-06-30,151001,HSBC Corporate Bond Fund - Regular Annual IDCW,11.4574
2026-06-30,151012,HSBC Gilt Fund - Regular Quarterly IDCW,10.2699
2026-06-30,151013,HSBC Gilt Fund - Regular Growth,67.1686
2026-06-30,151014,HSBC Gilt Fund - Direct Growth,77.8724
2026-06-30,151015,HSBC Gilt Fund - Direct Quarterly IDCW,12.0227
2026-06-30,151033,HSBC Midcap Fund - Regular IDCW,86.5719
2026-06-30,151034,HSBC Midcap Fund - Regular Growth,461.1689
2026-06-30,151035,HSBC Midcap Fund - Direct IDCW,100.4833
2026-06-30,151036,HSBC Midcap Fund - Direct Growth,526.4736
2026-06-30,151037,HSBC Infrastructure Fund - Regular Growth,50.5883
2026-06-30,151038,HSBC Infrastructure Fund - Regular IDCW,36.6533
2026-06-30,151039,HSBC Infrastructure Fund - Direct IDCW,41.1787
2026-06-30,151040,HSBC Infrastructure Fund - Direct Growth,57.4361
2026-06-30,151041,HSBC Credit Risk Fund- Regular Plan - Bonus,33.6928
2026-06-30,151042,HSBC Credit Risk Fund - Regular IDCW,11.2347
2026-06-30,151043,HSBC Credit Risk Fund - Regular Growth,34.2337
2026-06-30,151044,HSBC Credit Risk Fund - Direct IDCW,12.3278
2026-06-30,151045,HSBC Credit Risk Fund - Direct Growth,37.369
2026-06-30,151046,HSBC Credit Risk Fund - Regular Annual IDCW,12.4143
2026-06-30,151047,HSBC Credit Risk Fund - Direct Annual IDCW,13.5536
2026-06-30,151048,HSBC Money Market Fund - Regular Growth,28.0919
2026-06-30,151049,HSBC Money Market Fund - Regular Daily IDCW,10.8591
2026-06-30,151050,HSBC Money Market Fund - Regular Weekly IDCW,13.1337
2026-06-30,151051,HSBC Money Market Fund - Regular Monthly IDCW,11.5606
2026-06-30,151052,HSBC Money Market Fund - Direct Monthly IDCW,12.2115
2026-06-30,151053,HSBC Money Market Fund - Direct Weekly IDCW,13.2213
2026-06-30,151054,HSBC Money Market Fund - Direct Growth,29.5183
2026-06-30,151055,HSBC Money Market Fund - Direct Daily IDCW,10.8591
2026-06-30,151056,HSBC Equity Savings Fund - Regular Monthly IDCW,15.4841
2026-06-30,151057,HSBC Equity Savings Fund - Regular Quarterly IDCW,16.4027
2026-06-30,151058,HSBC Equity Savings Fund - Regular Growth,36.5597
2026-06-30,151059,HSBC Equity Savings Fund - Direct Quarterly IDCW,18.27
2026-06-30,151060,HSBC Equity Savings Fund - Direct Growth,40.8856
2026-06-30,151061,HSBC Equity Savings Fund - Direct Monthly IDCW,17.67
2026-06-30,151062,HSBC Short Duration Fund - Bonus,27.9992
2026-06-30,151063,HSBC Short Duration Fund -  Regular Plan - Monthly IDCW,11.0739
2026-06-30,151064,HSBC Short Duration Fund - Regular Quarterly IDCW,10.3552
2026-06-30,151065,HSBC Short Duration Fund - Regular Growth,28.0002
2026-06-30,151067,HSBC Short Duration Fund - Direct Growth,29.7786
2026-06-30,151068,HSBC Short Duration Fund - Direct Plan -  Monthly IDCW,11.745
2026-06-30,151069,HSBC Short Duration Fund - Direct Quarterly IDCW,11.2069
2026-06-30,151070,HSBC Short Duration Fund - Direct Annual IDCW,12.1748
2026-06-30,151071,HSBC Short Duration Fund - Regular Annual IDCW,11.5953
2026-06-30,151076,HSBC ELSS Tax saver Fund - Regular Growth,138.939
2026-06-30,151077,HSBC ELSS Tax saver Fund - Regular IDCW Payout,26.7623
2026-06-30,151078,HSBC ELSS Tax saver Fund - Direct Growth,152.5167
2026-06-30,151079,HSBC ELSS Tax saver Fund - Direct IDCW Payout,39.4677
2026-06-30,151084,HSBC Dynamic Bond Fund - Regular Growth,30.7745
2026-06-30,151085,HSBC Dynamic Bond Fund - Regular Monthly IDCW,10.7085
2026-06-30,151086,HSBC Dynamic Bond Fund - Direct Monthly IDCW,12.7534
2026-06-30,151087,HSBC Dynamic Bond Fund - Direct Growth,33.4832
2026-06-30,151088,HSBC Dynamic Bond Fund - Direct Annual IDCW,10.8387
2026-06-30,151089,HSBC Dynamic Bond Fund - Regular Annual IDCW,10.2869
2026-06-30,151102,HSBC Banking and PSU Debt Fund - Regular Daily IDCW,11.116
2026-06-30,151103,HSBC Banking and PSU Debt Fund - Regular Weekly IDCW,10.3692
2026-06-30,151104,HSBC Banking and PSU Debt Fund - Regular Growth,25.6393
2026-06-30,151105,HSBC Banking and PSU Debt Fund - Regular Monthly IDCW,10.3987
2026-06-30,151106,HSBC Banking and PSU Debt Fund - Direct Monthly IDCW,11.205
2026-06-30,151107,HSBC Banking and PSU Debt Fund - Direct Growth,27.0955
2026-06-30,151108,HSBC Banking and PSU Debt Fund - Direct Daily IDCW,11.1907
2026-06-30,151109,HSBC Banking and PSU Debt Fund - Direct Weekly IDCW,10.3971
2026-06-30,151110,HSBC Value Fund - Regular Growth,113.2938
2026-06-30,151111,HSBC Value Fund - Regular IDCW,49.0984
2026-06-30,151112,HSBC Value Fund - Direct IDCW,63.1589
2026-06-30,151113,HSBC Value Fund - Direct Growth,127.6272
2026-06-30,151114,HSBC Low Duration Fund - Regular Growth,30.4791
2026-06-30,151115,HSBC Low Duration Fund - Regular Monthly IDCW,10.3582
2026-06-30,151116,HSBC Low Duration Fund - Direct Monthly IDCW,11.0703
2026-06-30,151117,HSBC Low Duration Fund - Direct Growth,32.3008
2026-06-30,151118,HSBC Low Duration Fund - Direct Annual IDCW,10.5111
2026-06-30,151119,HSBC Low Duration Fund - Regular Annual IDCW,10.3271
2026-06-30,151120,HSBC Aggressive Hybrid Fund - Regular Growth,58.2132
2026-06-30,151121,HSBC Aggressive Hybrid Fund - Regular IDCW,27.6533
2026-06-30,151122,HSBC Aggressive Hybrid Fund - Direct Growth,66.7979
2026-06-30,151123,HSBC Aggressive Hybrid Fund - Direct IDCW,33.3222
2026-06-30,151124,HSBC Aggressive Hybrid Fund - Regular Annual IDCW,17.0008
2026-06-30,151125,HSBC Aggressive Hybrid Fund - Direct Annual IDCW,19.2683
2026-06-30,151126,HSBC Balanced Advantage Fund - Regular IDCW,18.2455
2026-06-30,151127,HSBC Balanced Advantage Fund - Regular Growth,43.614
2026-06-30,151128,HSBC Balanced Advantage Fund - Direct IDCW,21.9405
2026-06-30,151129,HSBC Balanced Advantage Fund - Direct Growth,51.1542
2026-06-30,151130,HSBC Small Cap Fund - Direct Growth,97.2192
2026-06-30,151131,HSBC Small Cap Fund - Regular IDCW,39.2136
2026-06-30,151132,HSBC Small Cap Fund - Direct IDCW,46.1651
2026-06-30,151133,HSBC Small Cap Fund - Regular Growth,86.6553
2026-06-30,151134,HSBC Arbitrage Fund - Regular Growth,20.0861
2026-06-30,151135,HSBC Arbitrage Fund - Direct Monthly IDCW,10.2196
2026-06-30,151136,HSBC Arbitrage Fund - Direct Quarterly IDCW,10.7462
2026-06-30,151137,HSBC Arbitrage Fund - Regular Quarterly IDCW,10.621
2026-06-30,151138,HSBC Arbitrage Fund - Direct Growth,21.6216
2026-06-30,151140,HSBC Arbitrage Fund - Regular Monthly IDCW,10.2389
2026-06-30,151142,HSBC Business Cycles Fund - Direct Growth,47.5308
2026-06-30,151143,HSBC Business Cycles Fund - Regular IDCW,24.7495
2026-06-30,151144,HSBC Business Cycles Fund - Regular Growth,42.7045
2026-06-30,151145,HSBC Business Cycles Fund - Direct IDCW,27.396
2026-06-30,151146,HSBC Medium Duration Fund - Direct Growth,23.8014
2026-06-30,151147,HSBC Medium Duration Fund - Regular IDCW,10.6463
2026-06-30,151148,HSBC Medium Duration Fund - Direct IDCW,11.5851
2026-06-30,151149,HSBC Medium Duration Fund - Regular Growth,21.6666
2026-06-30,151150,HSBC Medium Duration Fund - Direct Annual IDCW,11.6635
2026-06-30,151151,HSBC Medium Duration Fund - Regular Annual IDCW,10.572
2026-06-30,151156,HSBC NIFTY 50 INDEX FUND - Direct IDCW,28.1953
2026-06-30,151157,HSBC NIFTY 50 INDEX FUND - Direct Growth,28.1954
2026-06-30,151158,HSBC NIFTY 50 INDEX FUND - Regular Growth,27.6815
2026-06-30,151159,HSBC NIFTY 50 INDEX FUND - Regular IDCW,27.6815
2026-06-30,151160,HSBC NIFTY NEXT 50 INDEX FUND - Direct Growth,31.3878
2026-06-30,151161,HSBC NIFTY NEXT 50 INDEX FUND - Regular IDCW,30.5473
2026-06-30,151162,HSBC NIFTY NEXT 50 INDEX FUND - Regular Growth,30.5471
2026-06-30,151163,HSBC NIFTY NEXT 50 INDEX FUND - Direct IDCW,31.3878
2026-06-30,151164,360 ONE ELSS Tax Saver Nifty 50 Index Fund - Regular Plan - Growth,13.4276
2026-06-30,151165,360 ONE ELSS Tax Saver Nifty 50 Index Fund - Direct Plan - Growth,13.5458
2026-06-30,151166,360 ONE ELSS Tax Saver Nifty 50 Index Fund - Direct Plan - IDCW Payout,13.5458
2026-06-30,151167,360 ONE ELSS Tax Saver Nifty 50 Index Fund - Regular Plan - IDCW Payout,13.4276
2026-06-30,151176,Axis Long Duration Fund - Direct Plan -Daily IDCW,1009.5824
2026-06-30,151177,Axis Long Duration Fund - Regular Plan - Daily IDCW,1009.5822
2026-06-30,151178,Axis Long Duration Fund - Regular Plan - Growth,1263.5996
2026-06-30,151179,Axis Long Duration Fund - Direct Plan - Growth,1283.0591
2026-06-30,151180,HDFC Nifty G-Sec Jun 2027 Index Fund - Growth Option,12.8375
2026-06-30,151181,HDFC Nifty G-Sec Jun 2027 Index Fund - Growth Option - Direct Plan,12.9077
2026-06-30,151182,HDFC Nifty G-Sec Sep 2032 Index Fund - Growth Option,13.1253
2026-06-30,151183,HDFC Nifty G-Sec Sep 2032 Index Fund - Growth Option - Direct Plan,13.2057
2026-06-30,151184,UTI CRISIL SDL Maturity April 2033 Index Fund - Regular Plan - Growth Option,12.8802
2026-06-30,151185,UTI CRISIL SDL Maturity April 2033 Index Fund - Direct Plan - Growth Option,12.9959
2026-06-30,151190,quant Overnight Fund - Growth Option - Direct Plan,12.4633
2026-06-30,151191,quant Overnight Fund - IDCW Option - Regular Plan,12.4068
2026-06-30,151193,quant Overnight Fund - IDCW Option - Direct Plan,12.4684
2026-06-30,151195,quant Overnight Fund - Growth Option - Regular Plan,12.4183
2026-06-30,151196,ICICI Prudential Nifty 10 yr Benchmark G-sec ETF,264.3349
2026-06-30,151201,Axis Long Duration Fund - Regular Plan - Monthly IDCW,1033.5016
2026-06-30,151202,Axis Long Duration Fund - Direct Plan - Monthly IDCW,1032.5273
2026-06-30,151203,Axis Long Duration Fund - Regular Plan - Quarterly IDCW,1224.9215
2026-06-30,151204,Axis Long Duration Fund - Direct Plan - Quarterly IDCW,1244.3516
2026-06-30,151205,Axis Long Duration Fund - Direct Plan - Annual IDCW,1271.7176
2026-06-30,151206,Axis Long Duration Fund - Regular Plan - Annual IDCW,1252.2871
2026-06-30,151207,ICICI Prudential Nifty Commodities ETF,99.6234
2026-06-30,151208,ICICI Prudential Nifty SDL Sep 2026 Index Fund - Growth,12.6963
2026-06-30,151209,ICICI Prudential Nifty SDL Sep 2026 Index Fund - Annual IDCW,12.6961
2026-06-30,151210,ICICI Prudential Nifty SDL Sep 2026 Index Fund - Direct Plan - Annual IDCW,12.7862
2026-06-30,151211,ICICI Prudential Nifty SDL Sep 2026 Index Fund - Direct Plan - Growth,12.7862
2026-06-30,151212,SBI Long Duration Fund - Regular Plan - Growth,12.6625
2026-06-30,151213,SBI Long Duration Fund - Regular Plan - Income Distribution cum Capital Withdrawal Option (IDCW),12.6627
2026-06-30,151214,SBI Long Duration Fund - Direct Plan - Growth,12.8476
2026-06-30,151215,SBI Long Duration Fund - Direct Plan - Income Distribution cum Capital Withdrawal Option (IDCW),12.8480
2026-06-30,151216,Kotak Nifty SDL Jul 2026 Index Fund Regular Plan Growth,12.6646
2026-06-30,151217,Kotak Nifty SDL Jul 2026 Index Fund Regular Plan IDCW,12.6647
2026-06-30,151218,Kotak Nifty SDL Jul 2026 Index Fund Direct Plan Growth,12.758
2026-06-30,151219,Kotak Nifty SDL Jul 2026 Index Fund Direct Plan IDCW,12.3151
2026-06-30,151228,quant Gilt Fund - Growth Option - Direct Plan,12.5591
2026-06-30,151229,quant Gilt Fund - IDCW Option - Direct Plan,12.5501
2026-06-30,151230,quant Gilt Fund - Growth Option - Regular Plan,12.1449
2026-06-30,151231,quant Gilt Fund - IDCW Option - Regular Plan,12.1556
2026-06-30,151232,Tata Multicap Fund - Direct Plan - Growth,16.1181
2026-06-30,151233,Tata Multicap Fund - Direct Plan - IDCW Reinvestment,16.1181
2026-06-30,151234,Tata Multicap Fund - Direct Plan - IDCW Payout,16.1181
2026-06-30,151235,Tata Multicap Fund - Regular Plan - Growth,15.2920
2026-06-30,151236,Tata Multicap Fund - Regular Plan - IDCW Reinvestment,15.2920
2026-06-30,151237,Tata Multicap Fund - Regular Plan - IDCW Payout,15.2920
2026-06-30,151238,UTI CRISIL SDL Maturity June 2027 Index Fund - Regular Plan - Growth Option,12.7651
2026-06-30,151239,UTI CRISIL SDL Maturity June 2027 Index Fund - Direct Plan - Growth Option,12.8747
2026-06-30,151262,DSP Nifty Bank ETF,58.9005
2026-06-30,151267,WhiteOak Capital Balanced Advantage Fund Direct Plan Growth,15.205
2026-06-30,151268,WhiteOak Capital Balanced Advantage Fund Regular Plan Growth,14.418
2026-06-30,151273,Tata Nifty G-Sec Dec 2029 Index Fund - Direct Plan - Growth,13.0369
2026-06-30,151274,Tata Nifty G-Sec Dec 2029 Index Fund - Direct Plan - IDCW Payout,13.0369
2026-06-30,151275,Tata Nifty G-Sec Dec 2029 Index Fund - Regular Plan - Growth,12.8863
2026-06-30,151276,Tata Nifty G-Sec Dec 2029 Index Fund - Regular Plan - IDCW Reinvestment,12.8863
2026-06-30,151277,Tata Nifty G-Sec Dec 2029 Index Fund - Regular Plan - IDCW Payout,12.8863
2026-06-30,151278,Tata Nifty G-Sec Dec 2029 Index Fund - Direct Plan - IDCW Reinvestment,13.0369
2026-06-30,151279,Baroda BNP Paribas Nifty SDL December 2026 Index Fund - Regular Plan - Growth Option,12.6489
2026-06-30,151280,Baroda BNP Paribas Nifty SDL December 2026 Index Fund - Regular Plan - IDCW Option,12.6491
2026-06-30,151283,Baroda BNP Paribas Nifty SDL December 2026 Index Fund - Direct Plan - Growth Option,12.7784
2026-06-30,151285,Kotak FMP Series 304-Regular Plan-Growth Option,13.2465
2026-06-30,151286,Kotak FMP Series 304-Direct Plan-Growth Option,13.2615
2026-06-30,151287,Kotak FMP Series 304-Direct Plan-Payout of IDCW,13.2602
2026-06-30,151288,Kotak FMP Series 304-Regular Plan-Payout of IDCW,13.2465
2026-06-30,151289,HSBC Multi Cap Fund - Regular - Growth,19.7107
2026-06-30,151290,HSBC Multi Cap Fund - Direct - Growth,20.608
2026-06-30,151291,HSBC Multi Cap Fund - Direct - IDCW,19.9053
2026-06-30,151292,HSBC Multi Cap Fund - Regular - IDCW,16.2033
2026-06-30,151297,Axis CRISIL IBX 50:50 Gilt Plus SDL June 2028 Index Fund - Regular Plan - Growth,12.7632
2026-06-30,151298,Axis CRISIL IBX 50:50 Gilt Plus SDL June 2028 Index Fund - Regular Plan - IDCW,12.7631
2026-06-30,151299,Axis CRISIL IBX 50:50 Gilt Plus SDL June 2028 Index Fund - Direct Plan - IDCW,12.8507
2026-06-30,151300,Axis CRISIL IBX 50:50 Gilt Plus SDL June 2028 Index Fund - Direct Plan - Growth,12.8455
2026-06-30,151301,Tata Nifty G Sec Dec 2026 Index Fund-Direct Plan-Growth,12.7297
2026-06-30,151302,Tata Nifty G Sec Dec 2026 Index Fund-Direct Plan-IDCW Payout,12.7297
2026-06-30,151303,Tata Nifty G SEc Dec 2026 Index Fund-Regular Plan-IDCW Reinvestment,12.5873
2026-06-30,151304,Tata Nifty G Sec Dec 2026 Index Fund-Regular Plan-IDCW Payout,12.5873
2026-06-30,151305,Tata Nifty G Sec Dec 2026 Index Fund-Direct Plan-IDCW Reinvestment,12.7297
2026-06-30,151306,Tata Nifty G Sec Dec 2026 Index Fund-Regular Plan-Growth,12.5873
2026-06-30,151307,Aditya Birla Sun Life Multi Asset Allocation Fund-Direct Growth,17.5309
2026-06-30,151308,Aditya Birla Sun Life Multi Asset Allocation Fund-Direct IDCW,15.848
2026-06-30,151309,Aditya Birla Sun Life Multi Asset Allocation Fund-Regular Growth,16.713
2026-06-30,151310,Aditya Birla Sun Life Multi Asset Allocation Fund-Regular IDCW,14.0727
2026-06-30,151311,HDFC Long Duration Debt Fund - IDCW Option,10.8685
2026-06-30,151312,HDFC Long Duration Debt Fund - IDCW Option - Direct Plan,10.6259
2026-06-30,151313,HDFC Long Duration Debt Fund - Growth Option - Direct Plan,12.7529
2026-06-30,151314,HDFC Long Duration Debt Fund - Growth Option,12.6012
2026-06-30,151319,TRUSTMF CORPORATE BOND FUND-REGULAR PLAN-MONTHLY IDCW,1166.8143
2026-06-30,151320,TRUSTMF CORPORATE BOND FUND-DIRECT PLAN-GROWTH,1269.1661
2026-06-30,151321,TRUSTMF CORPORATE BOND FUND-DIRECT PLAN-MONTHLY IDCW,1186.0864
2026-06-30,151322,TRUSTMF CORPORATE BOND FUND-REGULAR PLAN-GROWTH,1251.7415
2026-06-30,151327,DSP CRISIL-IBX 50:50 Gilt Plus SDL - April 2033 Index Fund - Regular - Growth,12.9417
2026-06-30,151328,DSP CRISIL-IBX 50:50 Gilt Plus SDL - April 2033 Index Fund - Direct - IDCW,13.0552
2026-06-30,151329,DSP CRISIL-IBX 50:50 Gilt Plus SDL - April 2033 Index Fund - Direct - Growth,13.0552
2026-06-30,151330,DSP CRISIL-IBX 50:50 Gilt Plus SDL - April 2033 Index Fund - Regular - IDCW,12.9417
2026-06-30,151358,Kotak Nifty 1D Rate Liquid ETF,1111.2561
2026-06-30,151365,Edelweiss CRISIL IBX 50:50 Gilt Plus SDL Short Duration Index fund - Direct Plan - Growth,12.8255
2026-06-30,151366,Axis Business Cycles Fund - Regular Plan - Growth,16.54
2026-06-30,151367,Axis Business Cycles Fund - Regular Plan - IDCW,16.54
2026-06-30,151368,Axis Business Cycles Fund - Direct Plan - Growth,17.29
2026-06-30,151369,Axis Business Cycles Fund - Direct Plan - IDCW,17.28
2026-06-30,151370,DSP Nifty SDL Plus G-Sec Sep 2027 50:50 Index Fund - Regular - Growth,12.7780
2026-06-30,151371,DSP Nifty SDL Plus G-Sec Sep 2027 50:50 Index Fund - Direct - IDCW,12.8534
2026-06-30,151372,DSP Nifty SDL Plus G-Sec Sep 2027 50:50 Index Fund - Regular - IDCW,12.7780
2026-06-30,151373,DSP Nifty SDL Plus G-Sec Sep 2027 50:50 Index Fund - Direct - Growth,12.8534
2026-06-30,151374,HDFC NIFTY Midcap 150 ETF - Growth Option,23.0378
2026-06-30,151375,HDFC NIFTY Smallcap 250 ETF - Growth Option,178.3489
2026-06-30,151376,HDFC BSE 500 ETF - Growth Option,36.8754
2026-06-30,151377,ITI Flexi Cap Fund- Regular Plan- Growth,19.2217
2026-06-30,151378,ITI Flexi Cap Fund- Regular Plan- IDCW,18.5862
2026-06-30,151379,ITI Flexi Cap Fund- Direct Plan- Growth,20.3602
2026-06-30,151380,ITI Flexi Cap Fund- Direct Plan- IDCW,19.7208
2026-06-30,151381,Kotak Banking & Financial Services Fund - Regular Plan - Growth,16.334
2026-06-30,151382,Kotak Banking & Financial Services Fund - Regular Plan - IDCW Payout,16.334
2026-06-30,151383,Kotak Banking & Financial Services Fund - Direct Plan - IDCW Payout,17.2
2026-06-30,151384,Kotak Banking & Financial Services Fund - Direct Plan - Growth,17.202
2026-06-30,151389,Nippon India Nifty SDL Plus G-Sec - Jun 2029 Maturity 70:30 Index Fund-Regular Plan-IDCW Option,12.8333
2026-06-30,151390,Nippon India Nifty SDL Plus G-Sec-Jun 2029 Maturity 70:30 Index Fund-Direct Plan-Growth Option,12.9156
2026-06-30,151391,Nippon India Nifty SDL Plus G-Sec-Jun 2029 Maturity 70:30 Index Fund-Direct Plan-IDCW Option,12.9156
2026-06-30,151392,Nippon India Nifty SDL Plus G-Sec-Jun 2029 Maturity 70:30 Index Fund-Regular Plan- Growth Option,12.8333
2026-06-30,151397,Edelweiss CRISIL IBX 50:50 Gilt Plus SDL Short Duration Index fund - Direct Plan - IDCW,12.8259
2026-06-30,151398,Edelweiss CRISIL IBX 50:50 Gilt Plus SDL Short Duration Index fund - Regular Plan - Growth,12.6434
2026-06-30,151399,Edelweiss CRISIL IBX 50:50 Gilt Plus SDL Short Duration Index fund - Regular Plan - IDCW,12.6442
2026-06-30,151404,"PGIM India CRISIL IBX Gilt Index - Apr 2028 Fund - Regular Plan, Growth Option",12.7192
2026-06-30,151405,"PGIM India CRISIL IBX Gilt Index - Apr 2028 Fund - Regular Plan, IDCW Option",10.5159
2026-06-30,151406,"PGIM India CRISIL IBX Gilt Index - Apr 2028 Fund - Direct Plan, IDCW Option",10.5776
2026-06-30,151407,"PGIM India CRISIL IBX Gilt Index - Apr 2028 Fund - Direct Plan, Growth Option",12.7901
2026-06-30,151408,BANDHAN CRISIL IBX GILT APRIL 2032 INDEX FUND - DIRECT GROWTH,13.0825
2026-06-30,151409,BANDHAN CRISIL IBX GILT APRIL 2032 INDEX FUND - REGULAR GROWTH,12.9710
2026-06-30,151410,BANDHAN CRISIL IBX GILT APRIL 2032 INDEX FUND - REGULAR IDCW,10.9174
2026-06-30,151411,BANDHAN CRISIL IBX GILT APRIL 2032 INDEX FUND - DIRECT IDCW,11.0892
2026-06-30,151412,Mirae Asset Flexi Cap Fund - Direct Plan - Growth,16.773
2026-06-30,151413,Mirae Asset Flexi Cap Fund - Direct Plan -  IDCW,16.723
2026-06-30,151414,Mirae Asset Flexi Cap Fund - Regular Plan - Growth,15.965
2026-06-30,151415,Mirae Asset Flexi Cap Fund - Regular Plan - IDCW,15.971
2026-06-30,151416,Mirae Asset Gold ETF,136.5671
2026-06-30,151417,Kotak Nifty SDL Jul 2033 Index Fund Regular Plan Growth Option,12.8153
2026-06-30,151418,Kotak Nifty SDL Jul 2033 Index Fund Direct Plan IDCW,12.5375
2026-06-30,151419,Kotak Nifty SDL Jul 2033 Index Fund Regular Plan IDCW,12.8137
2026-06-30,151420,Kotak Nifty SDL Jul 2033 Index Fund Direct Plan Growth Option,12.9173
2026-06-30,151425,Aditya Birla Sun Life CRISIL IBX SDL Jun 2032 INDEX FUND - Direct IDCW Payout,13.0145
2026-06-30,151426,Aditya Birla Sun Life CRISIL IBX SDL Jun 2032 INDEX FUND - Regular IDCW Payout,12.8562
2026-06-30,151427,Aditya Birla Sun Life CRISIL IBX SDL Jun 2032 INDEX FUND - Direct Growth,13.0123
2026-06-30,151428,Aditya Birla Sun Life CRISIL IBX SDL Jun 2032 INDEX FUND - Regular Growth,12.856
2026-06-30,151433,AXIS CRISIL IBX 50:50 Gilt Plus SDL September 2027 Index Fund- REGULAR PLAN-GROWTH,12.7476
2026-06-30,151434,AXIS CRISIL IBX 50:50 Gilt Plus SDL September 2027 Index Fund- REGULAR PLAN-IDCW,12.7437
2026-06-30,151435,AXIS CRISIL IBX 50:50 Gilt Plus SDL September 2027 Index Fund- DIRECT PLAN-GROWTH,12.8274
2026-06-30,151436,AXIS CRISIL IBX 50:50 Gilt Plus SDL September 2027 Index Fund- DIRECT PLAN- IDCW,12.8272
2026-06-30,151439,Nippon India Nifty G-Sec Oct 2028 Maturity Index Fund-Regular Plan-Growth Option,12.8219
2026-06-30,151440,Nippon India Nifty G-Sec Oct 2028 Maturity Index Fund-Direct Plan-Growth Option,12.8958
2026-06-30,151441,Nippon India Nifty G-Sec Oct 2028 Maturity Index Fund-Regular Plan-IDCW Option,12.8219
2026-06-30,151442,Nippon India Nifty G-Sec Oct 2028 Maturity Index Fund-Direct Plan-IDCW Option,12.8958
2026-06-30,151443,Bank of India Multi Cap Fund Direct Plan - Growth,20.27
2026-06-30,151444,Bank of India Multi Cap Fund Direct Plan - IDCW,20.24
2026-06-30,151445,Bank of India Multi Cap Fund Regular Plan - Growth,19.52
2026-06-30,151446,Bank of India Multi Cap Fund Regular Plan - IDCW,19.52
2026-06-30,151447,DSP FMP Series - 270 - 1172 Days - Regular - Growth,12.6737
2026-06-30,151449,DSP FMP Series - 270 - 1172 Days - Direct - Growth,12.7163
2026-06-30,151450,DSP FMP Series - 270 - 1172 Days - Direct - IDCW,12.7168
2026-06-30,151455,HDFC Nifty SDL Oct 2026 Index Fund - Growth Option,12.6694
2026-06-30,151456,HDFC Nifty SDL Oct 2026 Index Fund - Growth Option - Direct Plan,12.7356
2026-06-30,151457,HDFC MNC Fund - Growth Option,13.553
2026-06-30,151458,HDFC MNC Fund - Growth Option - Direct Plan,14.095
2026-06-30,151459,HDFC MNC Fund - IDCW Option,13.553
2026-06-30,151460,HDFC MNC Fund - IDCW Option - Direct Plan,14.095
2026-06-30,151465,HDFC FMP 2638D February 2023 - Growth Option,13.071
2026-06-30,151467,HDFC FMP 2638D February 2023 - Quarterly IDCW Option,10.1033
2026-06-30,151468,HDFC FMP 2638D February 2023 - IDCW Option,13.071
2026-06-30,151469,HDFC FMP 2638D February 2023 - Quarterly IDCW Option - Direct Plan,10.1042
2026-06-30,151470,HDFC FMP 2638D February 2023 - Growth Option - Direct Plan,13.1823
2026-06-30,151471,NAVI ELSS TAX SAVER NIFTY 50 INDEX FUND - DIRECT PLAN GROWTH,14.4877
2026-06-30,151472,NAVI ELSS TAX SAVER NIFTY 50 INDEX FUND - REGULAR PLAN GROWTH,14.0444
2026-06-30,151473,NAVI ELSS TAX SAVER NIFTY 50 INDEX FUND - DIRECT PLAN IDCW PAYOUT,14.4942
2026-06-30,151474,NAVI ELSS TAX SAVER NIFTY 50 INDEX FUND - REGULAR PLAN IDCW PAYOUT,14.1
2026-06-30,151475,SBI Dividend Yield Fund - Direct Plan - Income Distribution cum Capital Withdrawal (IDCW) Option,15.7946
2026-06-30,151476,SBI Dividend Yield Fund - Regular Plan - Growth,15.2717
2026-06-30,151477,SBI Dividend Yield Fund - Regular Plan - Income Distribution cum Capital Withdrawal (IDCW) Option,15.2715
2026-06-30,151478,SBI Dividend Yield Fund - Direct Plan - Growth,15.7935
2026-06-30,151479,HSBC CRISIL IBX Gilt June 2027 Index Fund - Direct - Growth,12.679
2026-06-30,151480,HSBC CRISIL IBX Gilt June 2027 Index Fund - Regular - Growth,12.5738
2026-06-30,151481,HSBC CRISIL IBX Gilt June 2027 Index Fund - Regular - IDCW,12.5739
2026-06-30,151482,HSBC CRISIL IBX Gilt June 2027 Index Fund - Direct - IDCW,12.6791
2026-06-30,151483,UTI Fixed Term Income Fund Series XXXVI - I (1574 Days) - Regular Plan - Growth Option,12.7604
2026-06-30,151484,UTI Fixed Term Income Fund Series XXXVI - I (1574 Days) - Direct Plan - Payout of IDCW Option,12.3667
2026-06-30,151485,UTI Fixed Term Income Fund Series XXXVI - I (1574 Days) - Direct Plan - Growth Option,12.931
2026-06-30,151486,UTI Fixed Term Income Fund Series XXXVI - I (1574 Days) - Regular Plan - Payout of IDCW Option,12.2012
2026-06-30,151487,UTI NIFTY SDL Plus AAA PSU Bond Apr 2028- 75:25 Index Fund - Direct Plan - Growth Option,12.8447
2026-06-30,151488,UTI NIFTY SDL Plus AAA PSU Bond Apr 2028- 75:25 Index Fund - Regular Plan - Growth Option,12.7516
2026-06-30,151489,HDFC Nifty G-Sec Jun 2036 Index Fund - Growth Option - Direct Plan,13.1398
2026-06-30,151490,HDFC Nifty G-Sec Jun 2036 Index Fund - Growth Option,13.0598
2026-06-30,151491,ICICI Prudential Fixed Maturity Plan - Series 88 - 1303 Days Plan S - Growth,12.6037
2026-06-30,151492,ICICI Prudential Fixed Maturity Plan - Series 88 - 1303 Days Plan S - Direct Plan - IDCW,12.7076
2026-06-30,151493,ICICI Prudential Fixed Maturity Plan - Series 88 - 1303 Days Plan S - Direct Plan - Growth,12.7076
2026-06-30,151494,ICICI Prudential Fixed Maturity Plan - Series 88 - 1303 Days Plan S - IDCW,12.6036
2026-06-30,151495,HDFC Nifty G-Sec Apr 2029 Index Fund - Growth Option - Direct Plan,12.9744
2026-06-30,151496,HDFC Nifty G-Sec Apr 2029 Index Fund - Growth Option,12.9059
2026-06-30,151523,UTI Long Duration Fund - Direct Plan - Growth Option,12.4207
2026-06-30,151524,UTI Long duration Fund - Direct Plan - Quarterly IDCW Option,12.4207
2026-06-30,151525,UTI Long Duration Fund - Direct Plan - Annual IDCW Option,11.4513
2026-06-30,151526,UTI Long Duration Fund - Direct Plan - Flexi IDCW Option,12.2634
2026-06-30,151527,UTI Long Duration Fund - Regular Plan - Growth Option,12.0472
2026-06-30,151528,UTI Long Duration Fund - Regular Plan - Quarterly IDCW Option,12.0472
2026-06-30,151529,UTI Long Duration Fund - Regular Plan - Half Yearly IDCW Option,12.0473
2026-06-30,151530,UTI Long Duration Fund - Direct Plan - Half Yearly IDCW Option,12.4207
2026-06-30,151531,UTI Long Duration Fund - Regular Plan - Annual IDCW Option,11.0934
2026-06-30,151532,UTI Long Duration Fund - Regular Plan - Flexi IDCW Option,12.0473
2026-06-30,151533,Aditya Birla Sun Life CRISIL Liquid Overnight ETF - IDCW Daily Reinvestment with Weekly Payout,1000
2026-06-30,151546,Bandhan US Treasury Bond 0-1 year specific Debt Passive FOF - REGULAR PLAN - GROWTH,13.1929
2026-06-30,151547,Bandhan US Treasury Bond 0-1 year specific Debt Passive FOF- REGULAR PLAN- IDCW,13.1929
2026-06-30,151548,Bandhan US Treasury Bond 0-1 year specific Debt Passive FOF - DIRECT PLAN - GROWTH,13.2185
2026-06-30,151549,Bandhan US Treasury Bond 0-1 year specific Debt Passive FOF - DIRECT PLAN - IDCW,13.2185
2026-06-30,151560,Aditya Birla Sun Life Nifty SDL SEP 2027 Index Fund-Regular Growth,12.7428
2026-06-30,151561,Aditya Birla Sun Life Nifty SDL SEP 2027 Index Fund-Regular IDCW,12.7427
2026-06-30,151562,Aditya Birla Sun Life Nifty SDL SEP 2027 Index Fund-Direct Growth,12.8378
2026-06-30,151563,Aditya Birla Sun Life Nifty SDL SEP 2027 Index Fund-Direct IDCW,12.8365
2026-06-30,151564,HDFC FMP 1269D March 2023 - Growth Option,12.4737
2026-06-30,151565,HDFC FMP 1269D March 2023 - Growth Option - Direct Plan,12.5769
2026-06-30,151566,HDFC FMP 1269D March 2023 - IDCW Option,12.4737
2026-06-30,151567,HDFC FMP 1269D March 2023 - IDCW Option - Direct Plan,12.5769
2026-06-30,151568,HDFC FMP 1269D March 2023 - Quarterly IDCW Option,10.0355
2026-06-30,151569,HDFC FMP 1269D March 2023 - Quarterly IDCW Option - Direct Plan,10.0363
2026-06-30,151570,HDFC NIFTY SDL Plus G-Sec Jun 2027 40:60 Index Fund - Growth Option - Direct Plan,12.6837
2026-06-30,151571,HDFC NIFTY SDL Plus G-Sec Jun 2027 40:60 Index Fund - Growth Option,12.6233
2026-06-30,151572,ICICI Prudential Nifty PSU Bank ETF,86.2204
2026-06-30,151573,Baroda BNP Paribas NIFTY SDL December 2028 Index Fund - Regular Plan - IDCW Option,11.8449
2026-06-30,151574,Baroda BNP Paribas NIFTY SDL December 2028 Index Fund - Direct Plan - Growth Option,12.8281
2026-06-30,151575,Baroda BNP Paribas NIFTY SDL December 2028 Index Fund - Direct Plan - IDCW Option,12.0372
2026-06-30,151576,Baroda BNP Paribas NIFTY SDL December 2028 Index Fund - Regular Plan - Growth Option,12.7033
2026-06-30,151577,Aditya Birla Sun Life Crisil IBX Gilt Apr 2028 Index Fund-Direct Growth,12.6039
2026-06-30,151578,ICICI Prudential Innovation Fund - Direct Plan - IDCW,16.54
2026-06-30,151579,ICICI Prudential Innovation Fund - Growth,18.84
2026-06-30,151580,ICICI Prudential Innovation Fund - Direct Plan - Growth,19.54
2026-06-30,151581,ICICI Prudential Innovation Fund - IDCW,15.88
2026-06-30,151582,Aditya Birla Sun Life Crisil IBX Gilt Apr 2028 Index Fund-Regular IDCW,12.4973
2026-06-30,151583,Aditya Birla Sun Life Crisil IBX Gilt Apr 2028 Index Fund-Regular Growth,12.4979
2026-06-30,151584,Aditya Birla Sun Life Crisil IBX Gilt Apr 2028 Index Fund-Direct IDCW,12.6074
2026-06-30,151585,Axis BSE Sensex ETF,79.2223
2026-06-30,151586,Axis Fixed Term Plan - Series 113 (1228 Days) - Direct Plan - Growth,12.6381
2026-06-30,151587,Axis Fixed Term Plan - Series 113 (1228 Days) - Direct Plan - Quarterly IDCW,12.6381
2026-06-30,151588,Axis Fixed Term Plan - Series 113 (1228 Days) - Regular Plan - Growth,12.5456
2026-06-30,151589,Axis Fixed Term Plan - Series 113 (1228 Days) - Regular Plan - Quarterly IDCW,12.5552
2026-06-30,151590,Invesco India Nifty G-sec Jul 2027 Index Fund - Regular Plan - Growth,1261.4203
2026-06-30,151591,Invesco India Nifty G-sec Jul 2027 Index Fund - Regular Plan - IDCW Payout,1261.4357
2026-06-30,151592,Invesco India Nifty G-sec Jul 2027 Index Fund - Direct Plan - IDCW Payout,1267.5268
2026-06-30,151593,Invesco India Nifty G-sec Jul 2027 Index Fund - Direct Plan - Growth,1267.5273
2026-06-30,151594,Invesco India Nifty G-sec Sep 2032 Index Fund - Regular Plan - Growth,1286.2911
2026-06-30,151595,Invesco India Nifty G-sec Sep 2032 Index Fund - Regular Plan - IDCW Payout,1286.2758
2026-06-30,151596,Invesco India Nifty G-sec Sep 2032 Index Fund - Direct Plan - IDCW Payout,1292.4725
2026-06-30,151597,Invesco India Nifty G-sec Sep 2032 Index Fund - Direct Plan - Growth,1292.4702
2026-06-30,151602,Kotak Silver ETF Fund of Fund - Regular Plan - Growth Option,29.2596
2026-06-30,151603,Kotak Silver ETF Fund of Fund - Direct Plan - Growth Option,29.691
2026-06-30,151604,Mirae Asset Nifty 100 Low Volatility 30 ETF,201.9893
2026-06-30,151609,NJ ELSS Tax Saver Scheme Regular Growth,13.69
2026-06-30,151610,NJ ELSS Tax Saver Scheme Regular IDCW,13.69
2026-06-30,151611,NJ ELSS Tax Saver Scheme Direct Growth,14.46
2026-06-30,151612,NJ ELSS Tax Saver Scheme Direct IDCW,14.46
2026-06-30,151617,TRUSTMF FIXED MATURITY PLAN -SERIES II (1196 DAYS)-REGULAR PLAN -GROWTH,1292.7779
2026-06-30,151618,TRUSTMF FIXED MATURITY PLAN -SERIES II (1196 DAYS)-REGULAR PLAN -IDCW PAYOUT,1292.7775
2026-06-30,151620,TRUSTMF FIXED MATURITY PLAN -SERIES II (1196 DAYS)-DIRECT PLAN -GROWTH,1297.1863
2026-06-30,151629,Axis Fixed Term Plan - Series 113 (1228 Days) - Regular Plan - Half Yearly IDCW,12.5456
2026-06-30,151647,Kotak Nifty Smallcap 50 Index Fund - Regular Plan - Growth,21.345
2026-06-30,151648,Kotak Nifty Smallcap 50 Index Fund - Regular Plan - IDCW,21.345
2026-06-30,151649,Kotak Nifty Smallcap 50 Index Fund - Direct Plan - Growth,21.784
2026-06-30,151650,Kotak Nifty Smallcap 50 Index Fund - Direct Plan - IDCW,21.796
2026-06-30,151691,Mirae Asset Nifty SDL June 2028 Index Fund - Direct Plan - Growth,12.7435
2026-06-30,151692,Mirae Asset Nifty SDL June 2028 Index Fund - Direct Plan - IDCW,12.7428
2026-06-30,151693,Mirae Asset Nifty SDL June 2028 Index Fund - Regular Plan - IDCW,12.5902
2026-06-30,151694,Mirae Asset Nifty SDL June 2028 Index Fund -Regular Plan - Growth,12.5899
2026-06-30,151695,Mirae Asset Nifty 8-13 yr Gsec ETF,30.3926
2026-06-30,151708,Nippon India Fixed Maturity Plan-XLV-Series 5-Direct Plan-Growth Option,13.1988
2026-06-30,151710,Nippon India Fixed Maturity Plan-XLV-Series 5-Regular Plan-Growth Option,13.0755
2026-06-30,151712,quant Dynamic Asset Allocation Fund - IDCW Option - Direct Plan,17.4273
2026-06-30,151713,quant Dynamic Asset Allocation Fund - Growth Option - Direct Plan,17.4333
2026-06-30,151714,quant Dynamic Asset Allocation Fund - Growth Option - Regular Plan,16.6082
2026-06-30,151715,quant Dynamic Asset Allocation Fund - IDCW Option - Regular Plan,16.6098
2026-06-30,151724,HDFC NIFTY Midcap 150 Index Fund - Growth Option - Direct Plan,19.4375
2026-06-30,151725,HDFC NIFTY Midcap 150 Index Fund - Growth Option,19.0906
2026-06-30,151726,HDFC NIFTY Smallcap 250 Index Fund - Growth Option,18.9571
2026-06-30,151727,HDFC NIFTY Smallcap 250 Index Fund - Growth Option - Direct Plan,19.2927
2026-06-30,151728,HDFC BSE 500 Index Fund - Growth Option - Direct Plan,15.5114
2026-06-30,151729,HDFC BSE 500 Index Fund - Regular Plan - Growth Option,15.2331
2026-06-30,151730,UTI Silver Exchange Traded Fund,215.7383
2026-06-30,151731,UTI Silver ETF Fund of Fund - Direct Plan - Growth Option,28.4771
2026-06-30,151732,UTI Silver ETF Fund of Fund - Regular Plan - Growth Option,28.1486
2026-06-30,151737,DSP Gold ETF,136.4629
2026-06-30,151738,UTI Nifty 500 Value 50 Index Fund - Regular Plan - Growth Option,22.0267
2026-06-30,151739,UTI Nifty 500 Value 50 Index Fund - Direct Plan - Growth Option,22.3577
2026-06-30,151745,WhiteOak Capital Multi Asset Allocation Fund Direct Plan Growth,16.245
2026-06-30,151746,WhiteOak Capital Multi Asset Allocation Fund Regular Plan Growth,15.654
2026-06-30,151747,Baroda BNP Paribas Value Fund - Regular Plan - Growth option,13.5964
2026-06-30,151748,HDFC Defence Fund - IDCW Option,29.471
2026-06-30,151749,HDFC Defence Fund - IDCW Option - Direct Plan,30.502
2026-06-30,151750,HDFC Defence Fund - Growth Option - Direct Plan,30.502
2026-06-30,151751,HDFC Defence Fund - Growth Option,29.471
2026-06-30,151752,Samco Active Momentum Fund - Regular Plan - Growth Option,14.54
2026-06-30,151753,Samco Active Momentum Fund - Direct Plan - Growth Option,15.16
2026-06-30,151754,Baroda BNP Paribas Value Fund - Regular Plan - IDCW option,12.3967
2026-06-30,151755,Baroda BNP Paribas Value Fund - Direct Plan - Growth option,14.1451
2026-06-30,151756,Baroda BNP Paribas Value Fund - Direct Plan - IDCW option,12.8978
2026-06-30,151757,quant Business Cycle Fund - Growth Option - Direct Plan,17.5475
2026-06-30,151758,quant Business Cycle Fund - Growth Option - Regular Plan,16.7277
2026-06-30,151759,quant Business Cycle Fund - IDCW Option - Direct Plan,17.5346
2026-06-30,151760,quant Business Cycle Fund - IDCW Option - Regular Plan,16.7437
2026-06-30,151761,UTI Nifty50 Equal Weight Index Fund - Regular Plan - Growth Option,14.7685
2026-06-30,151762,UTI Nifty50 Equal Weight Index Fund - Direct Plan - Growth Option,14.9739
2026-06-30,151763,UTI BSE Housing Index Fund - Regular Plan - Growth Option,13.6173
2026-06-30,151764,UTI BSE Housing Index Fund - Direct Plan - Growth Option,13.804
2026-06-30,151765,SBI BSE Sensex Index Fund - Regular Plan - Growth,12.5102
2026-06-30,151766,SBI BSE Sensex Index Fund - Regular Plan - IDCW,12.5102
2026-06-30,151769,SBI BSE Sensex Index Fund - Direct Plan - Growth,12.5961
2026-06-30,151770,SBI BSE Sensex Index Fund - Direct Plan - IDCW,12.5966
2026-06-30,151775,ITI Focused Fund - Regular Plan - IDCW,15.1920
2026-06-30,151776,ITI Focused Fund - Direct Plan - IDCW,16.1184
2026-06-30,151777,ITI Focused Fund - Direct Plan - Growth,17.1544
2026-06-30,151778,ITI Focused Fund - Regular Plan - Growth,16.2210
2026-06-30,151779,Mirae Asset Silver ETF,217.4638
2026-06-30,151780,Kotak Nifty 200 Momentum 30 Index Fund - Regular Plan - IDCW Payout,14.523
2026-06-30,151781,Kotak Nifty 200 Momentum 30 Index Fund - Direct Plan - Growth Option,14.739
2026-06-30,151782,Kotak Nifty 200 Momentum 30 Index Fund - Direct Plan - IDCW Payout,14.739
2026-06-30,151783,Kotak Nifty 200 Momentum 30 Index Fund - Regular Plan - Growth Option,14.523
2026-06-30,151784,Axis Nifty IT Index Fund - Regular Plan - IDCW,9.0501
2026-06-30,151785,Axis Nifty IT Index Fund - Direct Plan - Growth,9.2329
2026-06-30,151786,Axis Nifty IT Index Fund - Direct Plan - IDCW,9.2329
2026-06-30,151787,Axis Nifty IT Index Fund - Regular Plan - Growth,9.0500
2026-06-30,151788,quant BFSI Fund - Growth Option - Regular Plan,20.411
2026-06-30,151789,quant BFSI Fund - IDCW Option - Regular Plan,20.4095
2026-06-30,151790,quant BFSI Fund - IDCW Option - Direct Plan,21.454
2026-06-30,151791,quant BFSI Fund - Growth Option - Direct Plan,21.4302
2026-06-30,151792,Edelweiss Multi Asset Allocation Fund - Direct Plan - Growth,12.5209
2026-06-30,151793,Edelweiss Multi Asset Allocation Fund - Direct Plan - IDCW Option,12.1201
2026-06-30,151794,Edelweiss Multi Asset Allocation Fund - Regular Plan - IDCW Option,11.9985
2026-06-30,151795,Edelweiss Multi Asset Allocation Fund - Regular Plan - Growth,12.3987
2026-06-30,151796,360 ONE FLEXICAP FUND-DIRECT PLAN- GROWTH,16.2929
2026-06-30,151797,360 ONE FLEXICAP FUND-REGULAR PLAN- IDCW,15.5474
2026-06-30,151798,360 ONE FLEXICAP FUND-DIRECT PLAN- IDCW,16.2929
2026-06-30,151799,360 ONE FLEXICAP FUND-REGULAR PLAN- GROWTH,15.5474
2026-06-30,151802,HDFC Consumption Fund - IDCW Option,13.309
2026-06-30,151803,HDFC Consumption Fund - Growth Option,13.309
2026-06-30,151804,HDFC Consumption Fund - Growth Option - Direct Plan,13.796
2026-06-30,151805,HDFC Consumption Fund - IDCW Option - Direct Plan,13.796
2026-06-30,151810,Mirae Asset Multicap Fund - Direct Plan - Growth,15.074
2026-06-30,151811,Mirae Asset Multicap Fund - Direct Plan - IDCW,15.073
2026-06-30,151812,Mirae Asset Multicap Fund - Regular Plan - Growth,14.450
2026-06-30,151813,Mirae Asset Multicap Fund - Regular Plan - IDCW,14.439
2026-06-30,151814,Motilal Oswal Nifty Microcap 250 Index Fund- Direct- Growth Option,18.3634
2026-06-30,151815,Motilal Oswal Nifty Microcap 250 Index Fund- Regular- Growth Option,18.0181
2026-06-30,151816,BANDHAN FINANCIAL SERVICES FUND - DIRECT PLAN - GROWTH,15.625
2026-06-30,151817,BANDHAN FINANCIAL SERVICES FUND - DIRECT PLAN - IDCW,13.630
2026-06-30,151818,BANDHAN FINANCIAL SERVICES FUND - REGULAR PLAN - GROWTH,14.905
2026-06-30,151819,BANDHAN FINANCIAL SERVICES FUND - REGULAR PLAN - IDCW,13.011
2026-06-30,151820,DSP Nifty IT ETF,27.8502
2026-06-30,151821,Canara Robeco Multi Cap Fund - Regular Plan - Growth Option,14.5600
2026-06-30,151822,Canara Robeco Multi Cap Fund - Direct Plan - IDCW Option,14.2800
2026-06-30,151823,Canara Robeco Multi Cap Fund - Regular Plan - IDCW Option,13.6900
2026-06-30,151824,Canara Robeco Multi Cap Fund - Direct Plan - Growth Option,15.1800
2026-06-30,151833,Bajaj Finserv Liquid Fund - Direct Plan - Growth,1224.4250
2026-06-30,151834,Bajaj Finserv Liquid Fund - Direct Plan - Weekly - IDCW,1035.4145
2026-06-30,151835,Bajaj Finserv Liquid Fund - Direct Plan - Daily - IDCW,1034.6939
2026-06-30,151836,Bajaj Finserv Liquid Fund - Direct Plan - Monthly - IDCW,1038.0931
2026-06-30,151837,Bajaj Finserv Liquid Fund - Regular Plan - Growth,1218.0113
2026-06-30,151838,Bajaj Finserv Liquid Fund - Direct Plan - Fortnightly - IDCW,1035.4093
2026-06-30,151839,Bajaj Finserv Liquid Fund - Regular Plan - Daily - IDCW,1033.8241
2026-06-30,151840,Bajaj Finserv Liquid Fund - Regular Plan - Weekly - IDCW,1034.5448
2026-06-30,151841,Bajaj Finserv Liquid Fund - Regular Plan - Fortnightly - IDCW,1034.5368
2026-06-30,151842,Bajaj Finserv Liquid Fund - Regular Plan - Monthly - IDCW,1037.1353
2026-06-30,151843,Bajaj Finserv Overnight Fund - Direct Plan - Daily - IDCW,1033.1412
2026-06-30,151844,Bajaj Finserv Overnight Fund - Direct Plan - Weekly - IDCW,1033.2961
2026-06-30,151845,Bajaj Finserv Overnight Fund - Direct Plan - Monthly - IDCW,1035.3878
2026-06-30,151846,Bajaj Finserv Overnight Fund - Regular Plan - Weekly - IDCW,1033.0396
2026-06-30,151847,Bajaj Finserv Overnight Fund - Regular Plan - Fortnightly - IDCW,1033.0527
2026-06-30,151848,Bajaj Finserv Overnight Fund - Regular Plan - Monthly - IDCW,1035.1139
2026-06-30,151849,Bajaj Finserv Overnight Fund - Direct Plan - Growth,1196.9427
2026-06-30,151850,Bajaj Finserv Overnight Fund - Direct Plan - Fortnightly - IDCW,1033.2999
2026-06-30,151851,Bajaj Finserv Overnight Fund - Regular Plan - Growth,1195.1559
2026-06-30,151852,Bajaj Finserv Overnight Fund - Regular Plan - Daily - IDCW,1032.8859
2026-06-30,151853,quant Healthcare Fund - Growth Option - Direct Plan,17.9568
2026-06-30,151854,quant Healthcare Fund - IDCW Option - Direct Plan,17.955
2026-06-30,151855,quant Healthcare Fund - Growth Option - Regular Plan,17.1112
2026-06-30,151856,quant Healthcare Fund - IDCW Option - Regular Plan,17.1103
2026-06-30,151857,Mirae Asset Nifty Bank ETF,586.1902
2026-06-30,151862,HDFC Charity Fund for Cancer Cure - IDCW Option - Direct Plan - 50% IDCW Donation Option,10.0909
2026-06-30,151863,HDFC Charity Fund for Cancer Cure - IDCW Option - 75% IDCW Donation Option,10.0909
2026-06-30,151864,HDFC Charity Fund for Cancer Cure - IDCW Option - Direct Plan - 75% IDCW Donation Option,10.0909
2026-06-30,151865,HDFC Charity Fund for Cancer Cure - IDCW Option - 50% IDCW Donation Option,10.0909
2026-06-30,151878,Kotak Quant Fund - Regular Plan - Growth Option,15.058
2026-06-30,151879,Kotak Quant Fund - Regular Plan - IDCW Payout,14.943
2026-06-30,151880,Kotak Quant Fund - Direct plan - IDCW Payout,15.229
2026-06-30,151881,Kotak Quant Fund - Direct Plan - Growth Option,15.229
2026-06-30,151882,UTI Balanced Advantage Fund - Regular Plan - Growth Option,12.3528
2026-06-30,151883,UTI Balanced Advantage Fund - Direct Plan - Payout of IDCW Option,12.8526
2026-06-30,151884,UTI Balanced Advantage Fund - Regular Plan - Payout of IDCW Option,12.3529
2026-06-30,151885,UTI Balanced Advantage Fund - Direct Plan - Growth Option,12.8526
2026-06-30,151886,DSP BSE Sensex ETF,78.7379
2026-06-30,151887,DSP Nifty Private Bank ETF,28.3346
2026-06-30,151888,DSP Nifty PSU Bank ETF,85.9203
2026-06-30,151889,Bajaj Finserv Money Market Fund-Direct Plan-Growth,1238.7629
2026-06-30,151890,Bajaj Finserv Money Market Fund-Direct Plan-IDCW,1238.7629
2026-06-30,151891,Bajaj Finserv Money Market Fund-Regular Plan-IDCW,1217.1419
2026-06-30,151892,Bajaj Finserv Money Market Fund-Regular Plan-Monthly-IDCW,1048.7291
2026-06-30,151893,Bajaj Finserv Money Market Fund-Regular Plan-Growth,1217.1419
2026-06-30,151894,Bajaj Finserv Money Market Fund-Direct Plan-Monthly-IDCW,1040.7634
2026-06-30,151895,Bajaj Finserv Flexi Cap Fund-Direct Plan-Growth,15.948
2026-06-30,151896,Bajaj Finserv Flexi Cap Fund-Direct Plan-IDCW,15.948
2026-06-30,151897,Bajaj Finserv Flexi Cap Fund-Regular Plan-IDCW,15.323
2026-06-30,151898,Bajaj Finserv Flexi Cap Fund -Regular Plan-Growth,15.323
2026-06-30,151899,HDFC Transportation and Logistics Fund - IDCW Option - Direct Plan,18.659
2026-06-30,151900,HDFC Transportation and Logistics Fund - Growth Option,18.036
2026-06-30,151901,HDFC Transportation and Logistics Fund - Growth Option - Direct Plan,18.659
2026-06-30,151902,HDFC Transportation and Logistics Fund - IDCW Option,18.036
2026-06-30,151903,Union Innovation & Opportunities Fund - Regular Plan - Growth Option,14.95
2026-06-30,151904,Union Innovation & Opportunities Fund - Direct Plan - IDCW Option,15.58
2026-06-30,151905,Union Innovation & Opportunities Fund - Direct Plan - Growth Option,15.58
2026-06-30,151906,Union Innovation & Opportunities Fund - Regular Plan - IDCW Option,14.95
2026-06-30,151907,ICICI Prudential Nifty 200 Quality 30 ETF,20.2639
2026-06-30,151908,Mirae Asset Nifty 1D Rate Liquid ETF-IDCW,1000.0000
2026-06-30,151909,Kotak Nifty Financial Services Ex-Bank Index Fund - Regular Plan - Growth option,16.249
2026-06-30,151910,Kotak Nifty Financial Services Ex-Bank Index Fund - Regular Plan - IDCW option,16.249
2026-06-30,151911,Kotak Nifty Financial Services Ex-Bank Index Fund - Direct Plan - Growth option,16.505
2026-06-30,151912,Kotak Nifty Financial Services Ex-Bank Index Fund - Direct Plan - IDCW option,16.505
2026-06-30,151913,quant Manufacturing Fund - Growth Option - Regular Plan,16.7025
2026-06-30,151914,quant Manufacturing Fund - IDCW Option - Direct Plan,17.4487
2026-06-30,151915,quant Manufacturing Fund - IDCW Option - Regular Plan,16.8299
2026-06-30,151916,quant Manufacturing Fund - Growth Option - Direct Plan,17.4534
2026-06-30,151917,NJ Flexi Cap Fund - Direct Plan - Growth Option,13.30
2026-06-30,151918,NJ Flexi Cap Fund - Direct Plan - IDCW Option,13.30
2026-06-30,151919,NJ Flexi Cap Fund - Regular Plan - IDCW Option,12.72
2026-06-30,151920,NJ Flexi Cap Fund - Regular Plan - Growth Option,12.72
2026-06-30,151927,LIC MF Liquid Fund-Regular Plan-Weekly IDCW,1003.7934
2026-06-30,151928,LIC MF Liquid Fund-Regular Plan-Monthly IDCW,1215.0332
2026-06-30,151930,LIC MF Liquid Fund-Direct Plan-Monthly IDCW,1236.0544
2026-06-30,151932,LIC MF Liquid Fund-Direct Plan-Weekly IDCW,1104.1471
2026-06-30,151935,LIC MF Nifty Next 50 Index Fund-Regular Plan-Growth,53.2599
2026-06-30,151936,LIC MF Nifty Next 50 Index Fund-Regular Plan-IDCW,53.2599
2026-06-30,151937,LIC MF Nifty Next 50 Index Fund-Direct Plan-Growth,58.7255
2026-06-30,151938,LIC MF Nifty Next 50 Index Fund-Direct Plan-IDCW,58.7254
2026-06-30,151949,LIC MF Equity Savings Fund-Regular Plan-Monthly IDCW,21.9303
2026-06-30,151950,LIC MF Equity Savings Fund-Regular Plan-Growth,27.9621
2026-06-30,151951,LIC MF Equity Savings Fund-Regular Plan-Quarterly IDCW,20.5785
2026-06-30,151952,LIC MF Equity Savings Fund-Direct Plan-Growth,31.8773
2026-06-30,151953,LIC MF Equity Savings Fund-Direct Plan-Monthly IDCW,21.4308
2026-06-30,151954,LIC MF Equity Savings Fund-Direct Plan-Quarterly IDCW,17.5076
2026-06-30,151955,LIC MF Short Duration Fund-Regular Plan-Monthly IDCW,15.27
2026-06-30,151956,LIC MF Short Duration Fund-Regular Plan-Weekly IDCW,12.8589
2026-06-30,151959,LIC MF Short Duration Fund-Direct Plan-Monthly IDCW,16.561
2026-06-30,151960,LIC MF Short Duration Fund-Direct Plan-Weekly IDCW,16.5611
2026-06-30,151961,LIC MF Gold Exchange Traded Fund,126.5729
2026-06-30,151973,LIC MF Gold ETF Fund of Fund-Regular Plan-Growth,36.1718
2026-06-30,151974,LIC MF Gold ETF Fund of Fund-Direct Plan-Growth,38.2484
2026-06-30,151986,LIC MF Medium to Long Duration Fund-Regular Plan-Quarterly IDCW,16.3362
2026-06-30,151988,LIC MF Medium to Long Duration Fund-Direct Plan-Quarterly IDCW,19.8452
2026-06-30,151989,LIC MF Medium to Long Duration Fund-Regular Plan-Annual IDCW,16.5866
2026-06-30,151990,LIC MF Medium to Long Duration Fund-Direct Plan-Annual IDCW,19.845
2026-06-30,151999,LIC MF Mid Cap Fund-Direct Plan-IDCW,32.0421
2026-06-30,152000,LIC MF Mid Cap Fund-Regular Plan-IDCW,28.3397
2026-06-30,152001,LIC MF Mid Cap Fund-Regular Plan-Growth,30.1962
2026-06-30,152002,LIC MF Mid Cap Fund-Direct Plan-Growth,34.109
2026-06-30,152003,LIC MF Small Cap Fund-Regular Plan-Growth,33.561
2026-06-30,152004,LIC MF Small Cap Fund-Direct Plan-Growth,38.053
2026-06-30,152005,LIC MF Small Cap Fund-Direct Plan-IDCW,38.0448
2026-06-30,152006,LIC MF Small Cap Fund-Regular Plan-IDCW,33.5606
2026-06-30,152007,LIC MF Focused Fund-Regular Plan-IDCW,21.5223
2026-06-30,152008,LIC MF Focused Fund-Direct Plan-IDCW,23.8663
2026-06-30,152009,LIC MF Focused Fund-Regular Plan-Growth,21.5225
2026-06-30,152010,LIC MF Focused Fund-Direct Plan-Growth,23.8953
2026-06-30,152015,LIC MF Value Fund-Direct Plan-IDCW,30.0455
2026-06-30,152016,LIC MF Value Fund-Regular Plan-Growth,27.6362
2026-06-30,152017,LIC MF Value Fund-Regular Plan-IDCW,27.6363
2026-06-30,152018,LIC MF Value Fund-Direct Plan-Growth,30.0772
2026-06-30,152019,LIC MF Dividend Yield Fund-Regular Plan-Growth,32.0246
2026-06-30,152020,LIC MF Dividend Yield Fund-Regular Plan-IDCW,32.0239
2026-06-30,152021,LIC MF Dividend Yield Fund-Direct Plan-IDCW,35.2373
2026-06-30,152022,LIC MF Dividend Yield Fund-Direct Plan-Growth,35.2556
2026-06-30,152023,LIC MF Healthcare Fund-Direct Plan-IDCW,35.1824
2026-06-30,152024,LIC MF Healthcare Fund-Direct Plan-Growth,35.1937
2026-06-30,152025,LIC MF Healthcare Fund-Regular Plan-Growth,31.8451
2026-06-30,152026,LIC MF Healthcare Fund-Regular Plan-IDCW,31.8456
2026-06-30,152027,HSBC Consumption Fund - Regular Growth,14.3921
2026-06-30,152028,HSBC Consumption Fund - Direct IDCW,14.9492
2026-06-30,152030,HSBC Consumption Fund - Regular IDCW,14.3921
2026-06-30,152032,HSBC Consumption Fund - Direct Growth,14.9492
2026-06-30,152033,Nippon India Innovation Fund-Direct Plan-Growth Option,14.9360
2026-06-30,152034,Nippon India Innovation Fund-Regular Plan-Growth Option,14.3889
2026-06-30,152035,Nippon India Innovation Fund-Direct Plan-IDCW Option,14.9360
2026-06-30,152036,Nippon India Innovation Fund-Regular Plan-IDCW Option,14.3889
2026-06-30,152037,Kotak BSE Housing Index Fund - Direct Plan - IDCW Option,12.87
2026-06-30,152038,Kotak  BSE Housing Index Fund - Regular Plan - Growth Option,12.677
2026-06-30,152039,Kotak BSE Housing Index Fund - Direct Plan - Growth Option,12.871
2026-06-30,152040,Kotak  BSE Housing Index Fund - Regular Plan - IDCW Option,12.677
2026-06-30,152041,Bandhan Nifty IT Index Fund - Direct Plan - Growth,8.9402
2026-06-30,152042,Bandhan Nifty IT Index Fund - Direct Plan - IDCW,8.9431
2026-06-30,152043,Bandhan Nifty IT Index Fund - Regular Plan - Growth,8.7776
2026-06-30,152044,Bandhan Nifty IT Index Fund - Regular Plan - IDCW,8.7767
2026-06-30,152045,Mahindra Manulife Business Cycle Fund - Direct Plan - Growth,16.3359
2026-06-30,152046,Mahindra Manulife Business Cycle Fund-  Regular Plan - Growth,15.5763
2026-06-30,152047,Mahindra Manulife Business Cycle Fund - Regular Plan - IDCW,13.3023
2026-06-30,152048,Mahindra Manulife Business Cycle Fund - Direct Plan - IDCW,14.0305
2026-06-30,152050,UTI Nifty Midcap 150 Exchange Traded Fund,229.8755
2026-06-30,152051,Shriram Multi Asset Allocation Fund - Direct Growth,13.6048
2026-06-30,152052,Shriram Multi Asset Allocation Fund - Regular Growth,12.9354
2026-06-30,152053,DSP Multi Asset Allocation Fund - Regular - Growth,15.9317
2026-06-30,152054,DSP Multi Asset Allocation Fund - Regular - IDCW,14.3565
2026-06-30,152055,DSP Multi Asset Allocation Fund - Direct - IDCW,15.7344
2026-06-30,152056,DSP Multi Asset Allocation Fund - Direct - Growth,16.5205
2026-06-30,152057,HDFC Technology Fund - IDCW Option,10.468
2026-06-30,152058,HDFC Technology Fund - Growth Option,10.468
2026-06-30,152059,HDFC Technology Fund - Growth Option - Direct Plan,10.826
2026-06-30,152060,HDFC Technology Fund - IDCW Option - Direct Plan,10.826
2026-06-30,152061,NAVI BSE SENSEX INDEX FUND - REGULAR PLAN - GROWTH,11.6804
2026-06-30,152062,NAVI BSE SENSEX INDEX FUND - DIRECT PLAN - GROWTH,11.906
2026-06-30,152063,Kotak Multi Asset Allocation Fund - Direct Plan - IDCW Option,15.657
2026-06-30,152064,Kotak Multi Asset Allocation Fund - Direct Plan - Growth Option,16.307
2026-06-30,152065,Kotak Multi Asset Allocation Fund - Regular Plan - Growth Option,15.706
2026-06-30,152066,Kotak Multi Asset Allocation Fund - Regular Plan - IDCW Option,15.081
2026-06-30,152067,quant Teck Fund - Growth Option - Direct Plan,10.9877
2026-06-30,152068,quant Teck Fund - IDCW Option - Direct Plan,10.9819
2026-06-30,152069,quant Teck Fund - IDCW Option - Regular Plan,10.5106
2026-06-30,152070,quant Teck Fund - Growth Option - Regular Plan,10.5091
2026-06-30,152071,WhiteOak Capital Multi Cap Fund Direct Plan Growth,16.348
2026-06-30,152072,WhiteOak Capital Multi Cap Fund Regular Plan Growth,15.656
2026-06-30,152073,360 ONE Balanced Hybrid Fund - Direct Plan - IDCW,13.6605
2026-06-30,152074,360 ONE Balanced Hyrbrid fund - Regular Plan - IDCW,13.1069
2026-06-30,152075,360 ONE Balanced Hybrid Fund - Regular Plan - Growth,13.1069
2026-06-30,152076,360 ONE Balanced Hybrid Fund- Direct Plan - Growth,13.6605
2026-06-30,152077,Bajaj Finserv Arbitrage Fund-Direct Plan-Growth,12.098
2026-06-30,152078,Bajaj Finserv Arbitrage Fund- Regular Plan-Growth,11.864
2026-06-30,152079,Bajaj Finserv Arbitrage Fund-Regular Plan-IDCW,11.864
2026-06-30,152080,Bajaj Finserv Arbitrage Fund- Direct Plan-IDCW,12.098
2026-06-30,152081,HDFC Pharma and Healthcare Fund - IDCW Option - Direct Plan,21.079
2026-06-30,152082,HDFC Pharma and Healthcare Fund - Growth Option - Direct Plan,21.079
2026-06-30,152083,HDFC Pharma and Healthcare Fund - IDCW Option,20.401
2026-06-30,152084,HDFC Pharma and Healthcare Fund - Growth Option,20.401
2026-06-30,152086,UTI Innovation Fund - Regular Plan - Growth Option,10.8289
2026-06-30,152087,UTI Innovation Fund - Direct Plan - Growth Option,11.2532
2026-06-30,152088,UTI Innovation Fund - Regular Plan - Payout of IDCW Option,10.8289
2026-06-30,152089,UTI Innovation Fund - Direct Plan - Payout of IDCW Option,11.2532
2026-06-30,152090,Motilal Oswal Developed Market Ex US ETFs Fund of Funds Direct Plan Growth,18.2916
2026-06-30,152091,Motilal Oswal Developed Market Ex US ETFs Fund of Funds Regular Plan Growth,18.0348
2026-06-30,152092,Groww Nifty Total Market Index Fund - Direct Plan - Growth,13.8351
2026-06-30,152093,Edelweiss Multi Cap Fund - Direct Plan - IDCW,15.6384
2026-06-30,152094,Edelweiss Multi Cap Fund - Direct Plan - Growth,16.1374
2026-06-30,152095,Edelweiss Multi Cap Fund - Regular Plan - Growth,15.479
2026-06-30,152096,Edelweiss Multi Cap Fund - Regular Plan - IDCW,14.9801
2026-06-30,152097,Mirae Asset BSE Sensex ETF,78.7817
2026-06-30,152098,Kotak Nifty G-Sec July 2033 Index Fund - Direct Plan - Growth,12.4661
2026-06-30,152099,Kotak Nifty G-Sec July 2033 Index Fund - Direct Plan - IDCW Payout,12.4662
2026-06-30,152100,Kotak Nifty G-Sec July 2033 Index Fund - Regular Plan - Growth,12.3818
2026-06-30,152101,Kotak Nifty G-Sec July 2033 Index Fund - Regular Plan - IDCW Payout,12.3816
2026-06-30,152102,Bandhan Retirement Fund - Direct Plan - Growth,13.127
2026-06-30,152103,Bandhan Retirement Fund - Regular Plan - Growth,12.549
2026-06-30,152104,Bandhan Retirement Fund - Direct Plan - IDCW,13.117
2026-06-30,152105,Bandhan Retirement Fund - Regular Plan - IDCW,12.550
2026-06-30,152106,Motilal Oswal Nifty 500 ETF,23.4795
2026-06-30,152107,QUANTUM SMALL CAP FUND - DIRECT PLAN GROWTH OPTION,13.92
2026-06-30,152108,QUANTUM SMALL CAP FUND - REGULAR PLAN GROWTH OPTION,13.38
2026-06-30,152109,Parag Parikh Arbitrage Fund - Direct Plan Growth,11.9775
2026-06-30,152110,Parag Parikh Arbitrage Fund - Regular Plan Growth,11.8656
2026-06-30,152116,NJ Overnight Fund - Unclaimed Redemption Plan - Upto 3 Years,1096.4527
2026-06-30,152125,Groww Nifty Total Market Index Fund - Direct Plan - IDCW,13.8348
2026-06-30,152126,Groww Nifty Total Market Index Fund - Regular Plan - IDCW,13.5853
2026-06-30,152127,Groww Nifty Total Market Index Fund - Regular Plan - Growth,13.5846
2026-06-30,152128,Baroda BNP Paribas Small Cap Fund - Direct Plan - Growth option,14.1912
2026-06-30,152129,Baroda BNP Paribas Small Cap Fund - Direct Plan - IDCW option,13.8481
2026-06-30,152130,Baroda BNP Paribas Small Cap Fund - Regular Plan - Growth option,13.6711
2026-06-30,152131,Baroda BNP Paribas Small Cap Fund - Regular Plan - IDCW option,13.3217
2026-06-30,152132,WhiteOak Capital Balanced Hybrid Fund Direct Plan Growth,13.643
2026-06-30,152133,WhiteOak Capital Balanced Hybrid Fund Regular Plan Growth,13.105
2026-06-30,152134,Mirae Asset Nifty 200 Alpha 30 ETF,26.1915
2026-06-30,152135,Helios Flexi Cap Fund - Direct Plan - Growth Option,15.87
2026-06-30,152136,Helios Flexi Cap Fund - Regular Plan - Growth Option,15.28
2026-06-30,152137,Helios Flexi Cap Fund - Regular Plan - IDCW Option,15.28
2026-06-30,152138,Helios Flexi Cap Fund - Direct Plan - IDCW Option,15.87
2026-06-30,152139,Aditya Birla Sun Life US Treasury 1-3 Year Bond ETFs Fund Of Funds-Direct IDCW Payout,12.7314
2026-06-30,152140,Aditya Birla Sun Life US Treasury 1-3 Year Bond ETFs Fund Of Funds-Direct Growth,12.7314
2026-06-30,152142,Aditya Birla Sun Life US Treasury 1-3 Year Bond ETFs Fund Of Funds-Regular Growth,12.7156
2026-06-30,152144,Aditya Birla Sun Life US Treasury 1-3 Year Bond ETFs Fund Of Funds-Regular IDCW,12.7143
2026-06-30,152145,Aditya Birla Sun Life US Treasury 3-10 Year Bond ETFs Fund Of Funds-Direct IDCW,13.0016
2026-06-30,152147,Aditya Birla Sun Life US Treasury 3-10 Year Bond ETFs Fund Of Funds-Regular Growth,12.9838
2026-06-30,152149,Aditya Birla Sun Life US Treasury 3-10 Year Bond ETFs Fund Of Funds-Regular IDCW,12.9838
2026-06-30,152150,Aditya Birla Sun Life US Treasury 3-10 Year Bond ETFs Fund Of Funds-Direct Growth,13.0016
2026-06-30,152151,Helios Overnight Fund - Direct Plan - Daily IDCW Option,1000.0000
2026-06-30,152152,Helios Overnight Fund - Direct Plan - Growth Option,1169.7025
2026-06-30,152153,Helios Overnight Fund - Regular Plan - Growth Option,1168.1439
2026-06-30,152154,Helios Overnight Fund - Regular Plan - Daily IDCW Option,1000.0000
2026-06-30,152155,Mirae Asset Nifty IT ETF,27.8125
2026-06-30,152156,Zerodha Nifty LargeMidcap 250 Index Fund - Direct Plan - Growth option,14.2134
2026-06-30,152157,Zerodha ELSS Tax Saver Nifty LargeMidcap 250 Index Fund - Direct Plan - Growth option,14.2426
2026-06-30,152158,Aditya Birla Sun Life Transportation and Logistics Fund-Direct Growth,16.13
2026-06-30,152159,Aditya Birla Sun Life Transportation and Logistics Fund-Direct IDCW,16.12
2026-06-30,152160,Aditya Birla Sun Life Transportation and Logistics Fund-Regular IDCW,15.54
2026-06-30,152161,Aditya Birla Sun Life Transportation and Logistics Fund-Regular Growth,15.54
2026-06-30,152162,Bajaj Finserv Banking and PSU Fund-Direct Plan- Growth,12.1664
2026-06-30,152163,Bajaj Finserv Banking and PSU Fund- Direct Plan- IDCW,12.1664
2026-06-30,152164,Bajaj Finserv Banking and PSU Fund-  Direct Plan-Monthly- IDCW,11.0433
2026-06-30,152165,Bajaj Finserv Banking and PSU Fund- Regular Plan- Growth,11.9918
2026-06-30,152166,Bajaj Finserv Banking and PSU Fund- Regular Plan- IDCW,11.9918
2026-06-30,152167,Bajaj Finserv Banking and PSU Fund-Regular Plan-Monthly-IDCW,10.9720
2026-06-30,152168,SBI NIFTY 1D Rate Liquid ETF - IDCW,1000.0000
2026-06-30,152169,Kotak Consumption Fund - Direct plan - Growth Option,14.454
2026-06-30,152170,Kotak Consumption Fund - Regular plan - Growth Option,13.865
2026-06-30,152171,Kotak Consumption Fund - Regular plan - IDCW Option,13.863
2026-06-30,152172,Kotak Consumption Fund - Direct plan - IDCW Option,14.452
2026-06-30,152177,Bandhan Nifty Alpha 50 Index Fund - Direct Plan - Growth,14.1267
2026-06-30,152178,Bandhan Nifty Alpha 50 Index Fund - Direct Plan - IDCW,14.1181
2026-06-30,152179,Bandhan Nifty Alpha 50 Index Fund - Regular Plan - Growth,13.8775
2026-06-30,152180,Bandhan Nifty Alpha 50 Index Fund - Regular Plan - IDCW,13.8773
2026-06-30,152181,DSP Gold ETF Fund of Fund - Regular - IDCW,21.8690
2026-06-30,152182,DSP Gold ETF Fund of Fund - Regular - Growth,21.8690
2026-06-30,152183,DSP Gold ETF Fund of Fund - Direct - Growth,22.0830
2026-06-30,152184,DSP Gold ETF Fund of Fund - Direct - IDCW,22.0830
2026-06-30,152185,Samco Dynamic Asset Allocation Fund - Regular Plan - IDCW Option,10.32
2026-06-30,152186,Samco Dynamic Asset Allocation Fund - Direct Plan - IDCW Option,10.75
2026-06-30,152187,Samco Dynamic Asset Allocation Fund - Regular Plan - Growth Option,10.33
2026-06-30,152188,Samco Dynamic Asset Allocation Fund - Direct Plan - Growth Option,10.75
2026-06-30,152189,quant Momentum Fund - Growth Option - Direct Plan,15.8823
2026-06-30,152190,quant Momentum Fund - Growth Option - Regular Plan,15.3606
2026-06-30,152191,quant Momentum Fund - IDCW Option - Regular Plan,15.3119
2026-06-30,152192,quant Momentum Fund - IDCW Option - Direct Plan,15.8662
2026-06-30,152193,Edelweiss Gold ETF,140.4039
2026-06-30,152194,Bajaj Finserv Balanced Advantage Fund-Direct Plan-Growth,11.880
2026-06-30,152195,Bajaj Finserv Balanced Advantage Fund-Direct Plan-IDCW,11.880
2026-06-30,152196,Bajaj Finserv Balanced Advantage Fund-Regular Plan-Growth,11.422
2026-06-30,152197,Bajaj Finserv Balanced Advantage Fund-Regular Plan-IDCW,11.422
2026-06-30,152199,Franklin India Money Market Fund Wkly IDCW R,10.0864
2026-06-30,152200,Franklin India Money Market Fund - DP - Wkly IDCW R,10.0975
2026-06-30,152202,Axis India Manufacturing Fund - Direct Plan - Growth,15.74
2026-06-30,152203,Axis India Manufacturing Fund - Regular Plan - IDCW,15.20
2026-06-30,152204,Axis India Manufacturing Fund - Direct Plan - IDCW,15.74
2026-06-30,152205,Axis India Manufacturing Fund - Regular Plan - Growth,15.20
2026-06-30,152206,DSP Banking & Financial Services Fund - Direct - Growth,15.249
2026-06-30,152207,DSP Banking & Financial Services Fund - Direct - IDCW,12.847
2026-06-30,152208,DSP Banking & Financial Services Fund - Regular - Growth,14.680
2026-06-30,152209,DSP Banking & Financial Services Fund - Regular - IDCW,13.447
2026-06-30,152212,Edelweiss Silver ETF,223.1127
2026-06-30,152213,Kotak Healthcare Fund - Regular Plan - IDCW Option,15.972
2026-06-30,152214,Kotak Healthcare Fund - Direct Plan - Growth Option,16.648
2026-06-30,152215,Kotak Healthcare Fund - Direct Plan - IDCW Option,16.646
2026-06-30,152216,Kotak Healthcare Fund - Regular Plan - Growth Option,15.967
2026-06-30,152217,Union Children's Fund - Regular Plan - Growth Option,12.71
2026-06-30,152218,Union Children's Fund - Regular Plan - IDCW Option,11.05
2026-06-30,152219,Union Children's Fund - Direct Plan - Growth Option,13.13
2026-06-30,152220,Union Children's Fund - Direct Plan - IDCW Option,13.13
2026-06-30,152225,Whiteoak Capital Large & Mid Cap Fund Regular Plan Growth,13.502
2026-06-30,152226,Whiteoak Capital Large & Mid Cap Fund Direct Plan Growth,14.052
2026-06-30,152231,Baroda BNP Paribas Gold ETF,136.0225
2026-06-30,152232,Motilal Oswal Small Cap Fund - Regular - Growth,16.0096
2026-06-30,152234,Motilal Oswal Small Cap Fund - Regular - IDCW,16.0099
2026-06-30,152235,Motilal Oswal Small Cap Fund - Direct IDCW,16.5541
2026-06-30,152237,Motilal Oswal Small Cap Fund - Direct - Growth,16.5541
2026-06-30,152238,Axis US Specific Treasury Dynamic Debt Passive FOF - Regular Plan - IDCW Option,12.2572
2026-06-30,152239,Axis US Specific Treasury Dynamic Debt Passive FOF - Regular Plan - Growth Option,12.2573
2026-06-30,152240,Axis US Specific Treasury Dynamic Debt Passive FOF - Direct Plan - Growth Option,12.2725
2026-06-30,152241,Axis US Specific Treasury Dynamic Debt Passive FOF - Direct Plan - IDCW Option,12.2715
2026-06-30,152242,DSP Nifty Smallcap250 Quality 50 Index Fund - Regular - IDCW,10.1525
2026-06-30,152243,DSP Nifty Smallcap250 Quality 50 Index Fund - Direct - Growth,10.9258
2026-06-30,152244,DSP Nifty Smallcap250 Quality 50 Index Fund - Direct - IDCW,10.9258
2026-06-30,152245,DSP Nifty Smallcap250 Quality 50 Index Fund - Regular - Growth,10.7352
2026-06-30,152254,Groww Banking & Financial Services Fund - Direct Plan - Growth,13.2104
2026-06-30,152255,quant Commodities Fund - Growth Option - Direct Plan,15.5011
2026-06-30,152256,quant Commodities Fund - Growth Option - Regular Plan,14.9265
2026-06-30,152257,quant Commodities Fund - IDCW Option - Direct Plan,15.4962
2026-06-30,152258,quant Commodities Fund - IDCW Option - Regular Plan,14.9242
2026-06-30,152263,BANDHAN Nifty Smallcap 250 Index Fund - Direct Plan - IDCW,12.8440
2026-06-30,152264,BANDHAN Nifty Smallcap 250 Index Fund - Direct Plan - Growth,12.8439
2026-06-30,152265,BANDHAN Nifty Smallcap 250 Index Fund - Regular Plan - IDCW,12.6221
2026-06-30,152266,BANDHAN Nifty Smallcap 250 Index Fund - Regular Plan - Growth,12.6217
2026-06-30,152267,Aditya Birla Sun Life Crisil IBX Gilt Apr 2033 Index Fund-Direct Growth,12.2031
2026-06-30,152268,Aditya Birla Sun Life Crisil IBX Gilt Apr 2033 Index Fund-Regular Growth,12.1298
2026-06-30,152269,Aditya Birla Sun Life Crisil IBX Gilt Apr 2033 Index Fund-Regular IDCW payout,12.1301
2026-06-30,152270,Aditya Birla Sun Life Crisil IBX Gilt Apr 2033 Index Fund-Direct IDCW Payout,12.2027
2026-06-30,152273,Groww Banking & Financial Services Fund-IDCW,13.2095
2026-06-30,152274,Groww Banking & Financial Services Fund - Regular - Growth,12.6126
2026-06-30,152276,Groww Banking & Financial Services Fund - Regular Plan - IDCW,12.6126
2026-06-30,152284,Tata Gold Exchange Traded Fund,13.6535
2026-06-30,152285,Tata Silver Exchange Traded Fund,21.7114
2026-06-30,152286,Tata Gold ETF Fund of Fund Regular Plan IDCW Payout Option,21.2900
2026-06-30,152287,Tata Gold ETF Fund of Fund Direct Plan Growth Option,21.5538
2026-06-30,152288,Tata Gold ETF Fund of Fund Direct Plan IDCW Payout Option,21.5538
2026-06-30,152289,Tata Gold ETF Fund of Fund Direct Plan IDCW Reinvestment Option,21.5538
2026-06-30,152290,Tata Gold ETF Fund of Fund Regular Plan Growth Option,21.2900
2026-06-30,152291,Tata Gold ETF Fund of Fund Regular Plan IDCW Reinvestment Option,21.2900
2026-06-30,152292,Tata Silver ETF Fund of Fund Regular Plan IDCW Reinvestment Option,28.8932
2026-06-30,152293,Tata Silver ETF Fund of Fund Direct Plan Growth Option,29.2369
2026-06-30,152294,Tata Silver ETF Fund of Fund Direct Plan IDCW Payout Option,29.2369
2026-06-30,152295,Tata Silver ETF Fund of Fund Direct Plan IDCW Reinvestment Option,29.2369
2026-06-30,152296,Tata Silver ETF Fund of Fund Regular Plan IDCW Payout Option,28.8932
2026-06-30,152297,Tata Silver ETF Fund of Fund Regular Plan Growth Option,28.8932
2026-06-30,152298,Quantum Liquid Fund - Unclaimed IDCW Plan Below 3 years,11.7236
2026-06-30,152299,Quantum Liquid Fund - Unclaimed IDCW Plan Above 3 years,10.0000
2026-06-30,152300,Quantum Liquid Fund - Unclaimed Redemption Plan Below 3 years,11.2530
2026-06-30,152301,Quantum Liquid Fund - Unclaimed Redemption Plan Above 3 years,10.0000
2026-06-30,152306,DSP Nifty Healthcare ETF,162.7406
2026-06-30,152307,DSP Multicap Fund - Regular - Growth,12.167
2026-06-30,152308,DSP Multicap Fund - Regular - IDCW,11.229
2026-06-30,152309,DSP Multicap Fund - Direct - IDCW,11.563
2026-06-30,152310,DSP Multicap Fund - Direct - Growth,12.610
2026-06-30,152311,Sundaram Multi Asset Allocation Fund Regular Plan Growth,12.9391
2026-06-30,152312,Sundaram Multi Asset Allocation Fund Direct Plan IDCW Reinvestment,13.4244
2026-06-30,152313,Sundaram Multi Asset Allocation Fund Regular Plan IDCW Reinvestment,12.9391
2026-06-30,152314,Sundaram Multi Asset Allocation Fund Direct Plan Growth,13.4244
2026-06-30,152315,Sundaram Multi Asset Allocation Fund Regular Plan IDCW Payout,12.9391
2026-06-30,152316,Sundaram Multi Asset Allocation Fund Direct Plan IDCW Payout,13.4244
2026-06-30,152321,WhiteOak Capital Banking & Financial Services Fund - Direct Growth,13.460
2026-06-30,152322,WhiteOak Capital Banking & Financial Services Fund - Regular Growth,12.918
2026-06-30,152323,Bandhan Multi Asset Allocation Fund - Direct Plan - IDCW,13.6564
2026-06-30,152324,Bandhan Multi Asset Allocation Fund - Direct Plan - Growth,14.5596
2026-06-30,152325,Bandhan Multi Asset Allocation Fund - Regular Plan - IDCW,13.1634
2026-06-30,152326,Bandhan Multi Asset Allocation Fund - Regular Plan - Growth,14.0341
2026-06-30,152327,Zerodha Nifty 1D Rate Liquid ETF - Growth Option,114.7733
2026-06-30,152328,Baroda BNP Paribas Nifty 50 Index Fund - Regular Plan - IDCW option,11.1401
2026-06-30,152329,Baroda BNP Paribas Nifty 50 Index Fund - Direct Plan - Growth option,11.2453
2026-06-30,152330,Baroda BNP Paribas Nifty 50 Index Fund - Direct Plan - IDCW option,11.2453
2026-06-30,152331,Baroda BNP Paribas Nifty 50 Index Fund - Regular Plan - Growth option,11.1401
2026-06-30,152336,quant Consumption Fund - Growth Option - Direct Plan,10.4933
2026-06-30,152337,quant Consumption Fund - IDCW Option - Regular Plan,10.1106
2026-06-30,152338,quant Consumption Fund - Growth Option - Regular Plan,10.1065
2026-06-30,152339,quant Consumption Fund - IDCW Option - Direct Plan,10.4981
2026-06-30,152344,Mirae Asset Multi Asset Allocation Fund - Direct Plan - Growth,13.793
2026-06-30,152345,Mirae Asset Multi Asset Allocation Fund - Direct Plan - IDCW,13.791
2026-06-30,152346,Mirae Asset Multi Asset Allocation Fund - Regular Plan - IDCW,13.269
2026-06-30,152347,Mirae Asset Multi Asset Allocation Fund - Regular Plan - Growth,13.276
2026-06-30,152348,WhiteOak Capital Pharma and Heathcare Fund Regular Plan Growth,15.953
2026-06-30,152349,WhiteOak Capital Pharma and Heathcare Fund Direct Plan Growth,16.632
2026-06-30,152350,HDFC NIFTY PSU BANK ETF,85.9813
2026-06-30,152351,Motilal Oswal Large Cap Direct Plan IDCW,12.5593
2026-06-30,152352,Motilal Oswal Large Cap Regular Plan Growth,13.5157
2026-06-30,152353,Motilal Oswal Large Cap Regular Plan IDCW,12.0386
2026-06-30,152354,Motilal Oswal Large Cap Direct Plan Growth,13.9337
2026-06-30,152355,UTI Nifty IT ETF,276.1254
2026-06-30,152356,Bajaj Finserv Nifty 50 ETF,245.1214
2026-06-30,152357,Bajaj Finserv Nifty Bank ETF,58.4826
2026-06-30,152358,Old Bridge Focused Fund - Direct Growth,13.49
2026-06-30,152359,Old Bridge Focused Fund - Direct IDCW,13.49
2026-06-30,152361,Old Bridge Focused Fund - Regular Growth,13.15
2026-06-30,152363,Old Bridge Focused Fund - Regular IDCW,13.15
2026-06-30,152364,ICICI Prudential Nifty50 Value 20 Index Fund - IDCW,10.0024
2026-06-30,152365,ICICI Prudential Nifty50 Value 20 Index Fund - Direct Plan - Growth,10.1103
2026-06-30,152366,ICICI Prudential Nifty50 Value 20 Index Fund - Growth,10.0025
2026-06-30,152367,ICICI Prudential Nifty50 Value 20 Index Fund - Direct Plan - IDCW,10.1103
2026-06-30,152368,UTI Nifty 5 yr Benchmark G-Sec ETF,65.9802
2026-06-30,152369,UTI Nifty 10 yr Benchmark G-Sec ETF,26.6131
2026-06-30,152370,SBI Nifty50 Equal Weight Index Fund - Direct Plan - Growth,12.0749
2026-06-30,152371,SBI Nifty50 Equal Weight Index Fund - Direct Plan - Income Distribution Cum Capital Withdrawal Option,12.0741
2026-06-30,152372,SBI Nifty50 Equal Weight Index Fund - Regular Plan - Growth,11.9327
2026-06-30,152373,SBI Nifty50 Equal Weight Index Fund - Regular Plan - Income Distribution Cum Capital Withdrawal Option,11.9326
2026-06-30,152378,HSBC Multi Asset Allocation Fund - Regular - Growth,13.7379
2026-06-30,152379,HSBC Multi Asset Allocation Fund - Regular - IDCW,12.5416
2026-06-30,152380,HSBC Multi Asset Allocation Fund - Direct - Growth,14.1818
2026-06-30,152381,HSBC Multi Asset Allocation Fund - Direct - IDCW,13.8232
2026-06-30,152382,PGIM India Large and Midcap Fund - Direct Plan - Growth Option,12.81
2026-06-30,152383,PGIM India Large and Midcap Fund - Regular Plan - Growth Option,12.3
2026-06-30,152384,PGIM India Large and Midcap Fund - Direct Plan - IDCW option,11.62
2026-06-30,152385,PGIM India Large and Midcap Fund - Regular Plan - IDCW Option,11.4
2026-06-30,152386,Nippon India Nifty Bank Index Fund - Direct Plan - IDCW Option,12.4186
2026-06-30,152387,Nippon India Nifty Bank Index Fund - Regular Plan - Growth Option,12.2456
2026-06-30,152388,Nippon India Nifty Bank Index Fund - Regular Plan - IDCW Option,12.2456
2026-06-30,152389,Nippon India Nifty Bank Index Fund - Direct Plan - Growth Option,12.4186
2026-06-30,152390,Nippon India Nifty IT Index Fund - Direct Plan - IDCW Option,7.2057
2026-06-30,152391,Nippon India Nifty IT Index Fund - Regular Plan - Growth Option,7.0997
2026-06-30,152392,Nippon India Nifty IT Index Fund - Direct Plan - Growth Option,7.2057
2026-06-30,152393,Nippon India Nifty IT Index Fund - Regular Plan - IDCW Option,7.0997
2026-06-30,152395,Bank of India Multi Asset Allocation Fund-Regular Plan-IDCW,12.5286
2026-06-30,152396,Bank of India Multi Asset Allocation Fund-Direct Plan-Growth,12.8348
2026-06-30,152398,Bank of India Multi Asset Allocation Fund-Regular Plan-Growth,12.5275
2026-06-30,152399,Bank of India Multi Asset Allocation Fund-Direct Plan-IDCW,12.8299
2026-06-30,152404,LIC MF Nifty Midcap 100 ETF,62.1359
2026-06-30,152405,Bajaj Finserv Large and Mid Cap Fund- Direct Plan- IDCW,12.626
2026-06-30,152406,Bajaj Finserv Large and Mid Cap Fund- Regular Plan- Growth,12.203
2026-06-30,152407,Bajaj Finserv Large and Mid Cap Fund- Regular Plan- IDCW,12.203
2026-06-30,152408,Bajaj Finserv Large and Mid Cap Fund- Direct Plan- Growth,12.626
2026-06-30,152409,Union Business Cycle Fund - Direct Plan - Growth Option,12.10
2026-06-30,152410,Union Business Cycle Fund - Direct Plan - IDCW Option,12.10
2026-06-30,152411,Union Business Cycle Fund - Regular Plan - Growth Option,11.73
2026-06-30,152412,Union Business Cycle Fund - Regular Plan - IDCW Option,11.73
2026-06-30,152413,quant PSU Fund - Growth Option - Regular Plan,10.6586
2026-06-30,152414,quant PSU Fund - IDCW Option - Regular Plan,10.6583
2026-06-30,152415,quant PSU Fund - Growth Option - Direct Plan,11.0191
2026-06-30,152416,quant PSU Fund - IDCW Option - Direct Plan,11.0255
2026-06-30,152417,SBI Energy Opportunities Fund - Direct Plan - Growth,11.4166
2026-06-30,152418,SBI Energy Opportunities Fund - Regular Plan - Growth,11.1314
2026-06-30,152419,SBI Energy Opportunities Fund - Regular Plan - Income Distribution Cum Capital Withdrawal Option,11.1317
2026-06-30,152420,SBI Energy Opportunities Fund - Direct Plan - Income Distribution Cum Capital Withdrawal Option,11.4163
2026-06-30,152421,Axis BSE Sensex Index Fund - Regular Plan - Growth,10.6031
2026-06-30,152422,Axis BSE Sensex Index Fund - Direct Plan - Growth,10.7454
2026-06-30,152423,Axis BSE Sensex Index Fund - Regular Plan - IDCW,10.6028
2026-06-30,152424,Axis BSE Sensex Index Fund - Direct Plan - IDCW,10.7454
2026-06-30,152429,HDFC NIFTY200 Momentum 30 Index Fund - Regular Plan,10.2252
2026-06-30,152430,HDFC NIFTY200 Momentum 30 Index Fund - Direct Plan,10.3427
2026-06-30,152431,Groww Nifty Smallcap 250 Index Fund - Direct Plan - Growth,11.8166
2026-06-30,152433,Groww Nifty Smallcap 250 Index Fund - Regular Plan - Growth,11.6689
2026-06-30,152434,Groww Nifty Smallcap 250 Index Fund - Regular Plan - Regular Plan - IDCW,11.6549
2026-06-30,152436,Groww Nifty Smallcap 250 Index Fund - Direct Plan - IDCW,11.8215
2026-06-30,152437,Edelweiss Technology Fund - Direct Plan - Growth,11.9702
2026-06-30,152438,Edelweiss Technology Fund - Direct Plan - IDCW,11.9702
2026-06-30,152439,Edelweiss Technology Fund - Regular Plan - Growth,11.5034
2026-06-30,152440,Edelweiss Technology Fund - Regular Plan - IDCW,11.5034
2026-06-30,152441,Mahindra Manulife Multi Asset Allocation Fund- Regular Plan - Growth,13.6081
2026-06-30,152443,Mahindra Manulife Multi Asset Allocation Fund- Direct Plan - Growth,14.1245
2026-06-30,152444,Mahindra Manulife Multi Asset allocation Fund - Regular Plan - IDCW,12.7834
2026-06-30,152445,Mahindra Manulife Multi Asset Allocation Fund - Direct Plan - IDCW,13.2897
2026-06-30,152447,Canara Robeco Manufacturing Fund - Regular Plan - Growth Option,13.7600
2026-06-30,152448,Canara Robeco Manufacturing Fund -Regular Plan - IDWC Option,13.7500
2026-06-30,152449,Canara Robeco Manufacturing Fund - Direct Plan - IDWC Option,14.2000
2026-06-30,152450,Canara Robeco Manufacturing Fund - Direct Plan - Growth Option,14.2000
2026-06-30,152455,Mirae Asset Nifty Smallcap 250 Momentum Quality 100 ETF,46.3205
2026-06-30,152456,Mirae Asset Nifty Smallcap 250 Momentum Quality 100 ETF Fund of Fund - Direct Plan - IDCW,10.287
2026-06-30,152457,Mirae Asset Nifty Smallcap 250 Momentum Quality 100 ETF Fund of Fund - Regular Plan - Growth,10.171
2026-06-30,152458,Mirae Asset Nifty Smallcap 250 Momentum Quality 100 ETF Fund of Fund - Regular Plan - IDCW,10.173
2026-06-30,152459,Mirae Asset Nifty Smallcap 250 Momentum Quality 100 ETF Fund of Fund - Direct Plan - Growth,10.289
2026-06-30,152460,Kotak Technology Fund - Regular Plan - Growth Option,9.206
2026-06-30,152461,Kotak Technology Fund - Regular Plan - IDCW Option,9.207
2026-06-30,152462,Kotak Technology Fund - Direct Plan - Growth Option,9.523
2026-06-30,152463,Kotak Technology Fund - Direct Plan - IDCW Option,9.523
2026-06-30,152464,Parag Parikh Dynamic Asset Allocation Fund - Regular Plan Growth,11.7510
2026-06-30,152467,Parag Parikh Dynamic Asset Allocation Fund - Regular Plan - Monthly IDCW Reinvestment,10.0784
2026-06-30,152468,Parag Parikh Dynamic Asset Allocation Fund - Direct Plan Growth,11.8359
2026-06-30,152469,Parag Parikh Dynamic Asset Allocation Fund - Direct Plan - Monthly IDCW Reinvestment,10.3302
2026-06-30,152470,Baroda BNP Paribas Innovation Fund Direct plan - Growth Option,13.5501
2026-06-30,152471,Baroda BNP Paribas Innovation Fund Direct plan - IDCW Option,13.5501
2026-06-30,152472,Baroda BNP Paribas Innovation Fund Regular plan - Growth Option,13.0991
2026-06-30,152473,Baroda BNP Paribas Innovation Fund Regular plan - IDCW Option,12.9673
2026-06-30,152474,Quantum Multi Asset Allocation Fund - Direct Plan Growth Option,12.07
2026-06-30,152475,Quantum Multi Asset Allocation Fund - Regular Plan Growth Option,11.63
2026-06-30,152476,Zerodha Gold ETF,22.0982
2026-06-30,152481,ICICI Prudential Nifty LargeMidcap 250 Index Fund - Growth,12.2198
2026-06-30,152482,ICICI Prudential Nifty LargeMidcap 250 Index Fund - Direct Plan - Growth,12.3704
2026-06-30,152483,ICICI Prudential Nifty LargeMidcap 250 Index Fund - Direct Plan - IDCW,12.3704
2026-06-30,152484,ICICI Prudential Nifty LargeMidcap 250 Index Fund - IDCW,12.2193
2026-06-30,152489,Kotak Long Duration Fund - Regular Plan - Growth,11.2735
2026-06-30,152490,Kotak Long Duration Fund - Regular Plan - IDCW,11.2738
2026-06-30,152491,Kotak Long Duration Fund - Direct Plan - Growth,11.3499
2026-06-30,152492,Kotak Long Duration Fund - Direct Plan - IDCW,11.3502
2026-06-30,152509,Helios Balanced Advantage Fund- Direct Plan- Growth Option,11.85
2026-06-30,152510,Helios Balanced Advantage Fund- Regular Plan-IDCW Option,11.37
2026-06-30,152511,Helios Balanced Advantage Fund- Direct Plan-IDCW Option,11.77
2026-06-30,152512,Helios Balanced Advantage Fund- Regular Plan- Growth Option,11.44
2026-06-30,152517,Bandhan Long Duration Fund - Regular Plan - IDCW,10.4682
2026-06-30,152518,Bandhan Long Duration Fund - Regular Plan - Growth,11.4648
2026-06-30,152519,Bandhan Long Duration Fund - Direct Plan - IDCW,10.6626
2026-06-30,152520,Bandhan Long Duration Fund - Direct Plan - Growth,11.5722
2026-06-30,152521,HDFC NIFTY Realty Index Fund - Direct Plan,9.299
2026-06-30,152522,HDFC NIFTY Reality Index Fund - Regular Plan,9.1987
2026-06-30,152527,DSP US Specific Debt Passive FoF - Regular - Growth,12.5327
2026-06-30,152528,DSP US Specific Debt Passive FoF - Direct - Growth,12.5471
2026-06-30,152529,DSP US Specific Debt Passive FoF - Direct - IDCW,12.5471
2026-06-30,152530,DSP US Specific Debt Passive FoF - Regular - IDCW,12.5327
2026-06-30,152535,Navi NiftyIT Index Fund - Direct Plan- Growth,7.8496
2026-06-30,152536,Navi NiftyIT Index Fund - Regular Plan -Growth,7.7233
2026-06-30,152537,PGIM India Retirement Fund - Direct Plan - Growth Option,12.47
2026-06-30,152538,PGIM India Retirement Fund - Regular Plan - Growth Option,12.03
2026-06-30,152539,PGIM India Retirement Fund - Direct Plan - IDCW Payout Option,12.47
2026-06-30,152540,PGIM India Retirement Fund - Regular Plan - IDCW Payout Option,12.03
2026-06-30,152541,Motilal Oswal Nifty Realty ETF,82.7864
2026-06-30,152546,Motilal Oswal Nifty Smallcap 250 ETF,17.7827
2026-06-30,152555,DSP BSE Liquid Rate ETF,1133.4152
2026-06-30,152556,Tata Nifty Auto Index Fund - Regular Plan - IDCW Reinvestment,11.8551
2026-06-30,152557,Tata Nifty Auto Index Fund - Direct Plan - Growth,12.0262
2026-06-30,152558,Tata Nifty Auto Index Fund - Direct Plan - IDCW Reinvestment,12.0262
2026-06-30,152559,Tata Nifty Auto Index Fund - Direct Plan - IDCW payout,12.0262
2026-06-30,152560,Tata Nifty Auto Index Fund - Regular Plan - Growth,11.8551
2026-06-30,152561,Tata Nifty Auto Index Fund - Regular Plan - IDCW Payout,11.8551
2026-06-30,152562,Tata Nifty MidSmall Healthcare Index Fund - Regular Plan - IDCW Payout,14.5194
2026-06-30,152563,Tata Nifty MidSmall Healthcare Index Fund - Regular Plan - IDCW Reinvestment,14.5194
2026-06-30,152564,Tata Nifty MidSmall Healthcare Index Fund - Direct Plan - Growth,14.7277
2026-06-30,152565,Tata Nifty MidSmall Healthcare Index Fund - Direct Plan - IDCW Payout,14.7277
2026-06-30,152566,Tata Nifty MidSmall Healthcare Index Fund - Direct Plan - IDCW Reinvestment,14.7277
2026-06-30,152567,Tata Nifty MidSmall Healthcare Index Fund - Regular Plan - Growth,14.5194
2026-06-30,152568,Tata Nifty Realty Index Fund - Regular Plan - IDCW Payout,8.3731
2026-06-30,152569,Tata Nifty Realty Index Fund - Regular Plan - IDCW Reinvestment,8.3731
2026-06-30,152570,Tata Nifty Realty Index Fund - Direct Plan - Growth,8.4985
2026-06-30,152571,Tata Nifty Realty Index Fund - Direct Plan - IDCW Payout,8.4985
2026-06-30,152572,Tata Nifty Realty Index Fund - Direct Plan - IDCW Reinvestment,8.4985
2026-06-30,152573,Tata Nifty Realty Index Fund - Regular Plan - Growth,8.3731
2026-06-30,152574,Tata Nifty Financial Services Index Fund - Regular Plan - Growth,12.3096
2026-06-30,152575,Tata Nifty Financial Services Index Fund - Regular Plan - IDCW Payout,12.3096
2026-06-30,152576,Tata Nifty Financial Services Index Fund - Regular Plan - IDCW Reinvestment,12.3096
2026-06-30,152577,Tata Nifty Financial Services Index Fund - Direct Plan - Growth,12.4879
2026-06-30,152578,Tata Nifty Financial Services Index Fund - Direct Plan - IDCW Reinvestment,12.4879
2026-06-30,152579,Tata Nifty Financial Services Index Fund - Direct Plan - IDCW Payout,12.4879
2026-06-30,152580,Invesco India Money Market Fund - Weekly IDCW (Payout / Reinvestment),1000.891
2026-06-30,152581,Invesco India Money Market Fund - Direct Plan - Weekly IDCW (Payout / Reinvestment),1021.7498
2026-06-30,152582,TRUSTMF Flexi Cap Fund-Regular Plan- Growth,11.68
2026-06-30,152583,TRUSTMF Flexi Cap Fund-Regular Plan- IDCW,11.68
2026-06-30,152584,TRUSTMF Flexi Cap Fund-Direct Plan- Growth,12.12
2026-06-30,152585,TRUSTMF Flexi Cap Fund-Direct Plan- IDCW,12.10
2026-06-30,152586,Samco Special Opportunities Fund - Direct Plan - Growth,8.96
2026-06-30,152587,Samco Special Opportunities Fund - Regular Plan - Growth,8.67
2026-06-30,152588,Tata Nifty500 Multicap India Manufacturing 50:30:20 Index Fund -Direct Plan-Growth,12.0348
2026-06-30,152589,Tata Nifty500 Multicap India Manufacturing 50:30:20 Index Fund -Direct Plan-IDCW-Payout,12.0348
2026-06-30,152590,Tata Nifty500 Multicap India Manufacturing 50:30:20 Index Fund -Regular Plan-Growth,11.8651
2026-06-30,152591,Tata Nifty500 Multicap India Manufacturing 50:30:20 Index Fund -Regular Plan-IDCW Payout,11.8651
2026-06-30,152592,Tata Nifty500 Multicap India Manufacturing 50:30:20 Index Fund -Regular Plan -IDCW-Reinvestment,11.8651
2026-06-30,152593,Tata Nifty500 Multicap India Manufacturing 50:30:20 Index Fund -Direct Plan-IDCW-Reinvestment,12.0348
2026-06-30,152594,Tata Nifty500 Multicap Infrastructure 50:30:20 Index Fund - Direct Plan - IDCW Reinvestment,11.2101
2026-06-30,152595,Tata Nifty500 Multicap Infrastructure 50:30:20 Index Fund - Direct Plan - Growth,11.2101
2026-06-30,152596,Tata Nifty500 Multicap Infrastructure 50:30:20 Index Fund - Regular Plan - Growth,11.0471
2026-06-30,152597,Tata Nifty500 Multicap Infrastructure 50:30:20 Index Fund - Regular Plan - IDCW Payout,11.0471
2026-06-30,152598,Tata Nifty500 Multicap Infrastructure 50:30:20 Index Fund - Direct Plan - IDCW Payout,11.2101
2026-06-30,152599,Tata Nifty500 Multicap Infrastructure 50:30:20 Index Fund - Regular Plan - IDCW Reinvestment,11.0471
2026-06-30,152600,HDFC Manufacturing fund - Growth Option - Direct Plan,11.625
2026-06-30,152601,HDFC Manufacturing fund - IDCW - Regular Plan,11.355
2026-06-30,152602,HDFC Manufacturing fund - Growth Option - Regular Plan,11.355
2026-06-30,152603,HDFC Manufacturing fund - IDCW - Direct Plan,11.625
2026-06-30,152604,Bandhan Innovation Fund - Direct Plan - IDCW,13.826
2026-06-30,152605,Bandhan Innovation Fund - Regular Plan - IDCW,13.378
2026-06-30,152606,Bandhan Innovation Fund - Regular Plan - Growth,14.256
2026-06-30,152607,Bandhan Innovation Fund - Direct Plan - Growth,14.734
2026-06-30,152612,JM Small Cap Fund (Regular) - Growth Option,11.2205
2026-06-30,152613,JM Small Cap Fund (Regular) - IDCW Option,11.2206
2026-06-30,152614,JM Small Cap Fund (Direct) - Growth Option,11.6085
2026-06-30,152615,JM Small Cap Fund (Direct) - IDCW Option,11.6087
2026-06-30,152616,Edelweiss Nifty Alpha Low Volatility 30 Index Fund - Direct Plan - Growth,9.8772
2026-06-30,152617,Edelweiss Nifty Alpha Low Volatility 30 Index Fund - Regular Plan - Growth,9.7249
2026-06-30,152618,Edelweiss Nifty Alpha Low Volatility 30 Index Fund - Regular Plan - IDCW Payout,9.7249
2026-06-30,152619,Edelweiss Nifty Alpha Low Volatility 30 Index Fund - Direct Plan - IDCW Payout,9.8772
2026-06-30,152620,Aditya Birla Sun Life Nifty PSE ETF,10.3474
2026-06-30,152625,Baroda BNP Paribas Retirement Fund - Regular plan - Growth option,11.4372
2026-06-30,152626,Baroda BNP Paribas Retirement Fund - Direct plan - IDCW option,11.8418
2026-06-30,152627,Baroda BNP Paribas Retirement Fund - Regular plan - IDCW option,11.4372
2026-06-30,152628,Baroda BNP Paribas Retirement Fund - Direct plan - Growth option,11.8418
2026-06-30,152629,Axis Nifty Bank Index Fund - Direct Plan - Growth Option,11.8880
2026-06-30,152630,Axis Nifty Bank Index Fund - Regular Plan - IDCW Option,11.6796
2026-06-30,152631,Axis Nifty Bank Index Fund - Direct Plan - IDCW Option,11.8881
2026-06-30,152632,Axis Nifty Bank Index Fund - Regular Plan - Growth Option,11.6799
2026-06-30,152633,Groww Nifty Non-Cyclical Consumer Index Fund - Regular Plan - Growth,10.1199
2026-06-30,152634,Mirae Asset Nifty MidSmallcap400 Momentum Quality 100 ETF,50.7659
2026-06-30,152635,Groww Nifty Non-Cyclical Consumer Index Fund - IDCW,10.1187
2026-06-30,152636,Groww Nifty Non-Cyclical Consumer Index Fund - Direct Plan - IDCW,10.2439
2026-06-30,152637,Groww Nifty Non-Cyclical Consumer Index Fund - Direct Plan Growth,10.244
2026-06-30,152638,Bajaj Finserv Nifty 1D Rate Liquid ETF,1088.0869
2026-06-30,152639,Bajaj Finserv Multi Asset Allocation Fund - Direct Growth,12.3396
2026-06-30,152640,Bajaj Finserv Multi Asset Allocation Fund - Regular IDCW,11.9601
2026-06-30,152641,Bajaj Finserv Multi Asset Allocation Fund - Direct IDCW,12.3396
2026-06-30,152642,Bajaj Finserv Multi Asset Allocation Fund - Regular Growth,11.9601
2026-06-30,152643,WhiteOak Capital Special Opportunities Fund - Regular Growth,13.847
2026-06-30,152644,WhiteOak Capital Special Opportunities Fund - Direct Growth,14.377
2026-06-30,152645,Mirae Asset Nifty MidSmallcap400 Momentum Quality 100 ETF Fund of Fund - Direct Plan - Growth,10.248
2026-06-30,152646,Mirae Asset Nifty MidSmallcap400 Momentum Quality 100 ETF Fund of Fund - Direct Plan - IDCW,10.247
2026-06-30,152647,Mirae Asset Nifty MidSmallcap400 Momentum Quality 100 ETF Fund of Fund - Regular Plan - Growth,10.133
2026-06-30,152648,Mirae Asset Nifty MidSmallcap400 Momentum Quality 100 ETF Fund of Fund - Regular Plan - IDCW,10.138
2026-06-30,152649,Motilal Oswal Multi Cap Fund Regular Plan IDCW,13.0147
2026-06-30,152650,Motilal Oswal Multi Cap Fund Regular Plan Growth,13.2131
2026-06-30,152651,Motilal Oswal Multi Cap Fund-Direct Plan Growth,13.5657
2026-06-30,152652,Motilal Oswal Multi Cap Fund-Direct Plan IDCW,13.3666
2026-06-30,152653,DSP Nifty Bank Index Fund - Regular - Growth,11.6933
2026-06-30,152654,DSP Nifty Bank Index Fund - Direct - Growth,11.8528
2026-06-30,152655,SBI Automotive Opportunities Fund - Direct Plan - Income Distribution Cum Capital Withdrawal Option,12.3364
2026-06-30,152656,SBI Automotive Opportunities Fund - Regular Plan - Income Distribution Cum Capital Withdrawal Option,12.0552
2026-06-30,152657,SBI Automotive Opportunities Fund - Direct Plan - Growth,12.3367
2026-06-30,152658,SBI Automotive Opportunities Fund - Regular Plan - Growth,12.0550
2026-06-30,152659,Aditya Birla Sun Life Crisil IBX Gilt June 2027 Index Fund-Direct Growth,11.5981
2026-06-30,152660,Aditya Birla Sun Life Crisil IBX Gilt June 2027 Index Fund-Regular Growth,11.536
2026-06-30,152661,Aditya Birla Sun Life Crisil IBX Gilt June 2027 Index Fund-Regular IDCW Payout,11.536
2026-06-30,152662,Aditya Birla Sun Life Crisil Ibx Gilt June 2027 Index Fund-Direct IDCW Payout,11.5987
2026-06-30,152663,Kotak NIFTY 100 Low Volatility 30 Index Fund - Direct plan - Growth option,10.6337
2026-06-30,152664,Kotak NIFTY 100 Low Volatility 30 Index Fund - Regular plan - Growth option,10.4965
2026-06-30,152665,Kotak NIFTY 100 Low Volatility 30 Index Fund - Direct plan - IDCW option,10.6338
2026-06-30,152666,Kotak NIFTY 100 Low Volatility 30 Index Fund - Regular plan - IDCW option,10.4965
2026-06-30,152667,Zerodha Nifty 100 ETF,10.4444
2026-06-30,152668,Zerodha Nifty Midcap 150 ETF,11.4357
2026-06-30,152669,Mahindra Manulife Manufacturing Fund - Regular Plan - IDCW,10.4489
2026-06-30,152670,Mahindra Manulife Manufacturing Fund - Direct Plan - IDCW,10.7861
2026-06-30,152671,Mahindra Manulife Manufacturing Fund - Regular Plan - Growth,10.4489
2026-06-30,152672,Mahindra Manulife Manufacturing Fund - Direct Plan - Growth,10.7861
2026-06-30,152673,Sundaram Business Cycle Fund Direct Plan IDCW Reinvestment,11.2946
2026-06-30,152674,Sundaram Business Cycle Fund Regular Plan IDCW Payout,10.9454
2026-06-30,152675,Sundaram Business Cycle Fund Regular Plan IDCW Reinvestment,10.9454
2026-06-30,152676,Sundaram Business Cycle Fund Direct Plan IDCW Payout,11.2946
2026-06-30,152677,Sundaram Business Cycle Fund Direct Plan Growth,11.2946
2026-06-30,152678,Sundaram Business Cycle Fund Regular Plan Growth,10.9454
2026-06-30,152679,Helios Financial Services Fund - Direct Plan - Growth Option,11.86
2026-06-30,152680,Helios Financial Services Fund - Direct Plan - IDCW Option,11.86
2026-06-30,152681,Helios Financial Services Fund - Regular Plan - IDCW Option,11.48
2026-06-30,152682,Helios Financial Services Fund - Regular Plan - Growth Option,11.48
2026-06-30,152683,Baroda BNP Paribas Nifty Bank ETF,58.0139
2026-06-30,152684,Aditya Birla Sun Life Quant Fund - Direct Growth,10.3
2026-06-30,152685,Aditya Birla Sun Life Quant Fund - Direct IDCW Payout,10.29
2026-06-30,152686,Aditya Birla Sun Life Quant Fund - Regular Growth,10.01
2026-06-30,152687,Aditya Birla Sun Life Quant Fund - Regular IDCW Payout,9.99
2026-06-30,152688,Canara Robeco Balanced Advantage Fund - Direct Plan - Growth Option,10.3900
2026-06-30,152689,Canara Robeco Balanced Advantage Fund - Direct Plan - IDCW Option,10.2900
2026-06-30,152690,Canara Robeco Balanced Advantage Fund - Regular Plan - Growth Option,10.1100
2026-06-30,152691,Canara Robeco Balanced Advantage Fund - Regular Plan - IDCW Option,10.0100
2026-06-30,152692,Motilal Oswal Quant Fund - Regular - Growth,9.4904
2026-06-30,152693,Motilal Oswal Quant Fund - Regular - IDCW,8.7499
2026-06-30,152694,Motilal Oswal Quant Fund - Direct - Growth,10.0544
2026-06-30,152695,Motilal Oswal Quant Fund - Direct - IDCW,9.4550
2026-06-30,152696,Baroda BNP Paribas Manufacturing Fund - Regular Plan - Growth Option,10.7506
2026-06-30,152697,Baroda BNP Paribas Manufacturing Fund - Direct Plan - Growth Option,11.0546
2026-06-30,152698,Baroda BNP Paribas Manufacturing Fund - Direct Plan - IDCW Option,11.0546
2026-06-30,152699,Baroda BNP Paribas Manufacturing Fund - Regular Plan - IDCW Option,10.7506
2026-06-30,152700,Kotak Special Opportunities Fund - Regular Plan - IDCW Option,10.651
2026-06-30,152702,Kotak Special Opportunities Fund - Direct Plan - Growth Option,10.95
2026-06-30,152703,Kotak Special Opportunities Fund - Regular Plan - Growth Option,10.651
2026-06-30,152704,Kotak Special Opportunities Fund - Direct Plan - IDCW Payout Option,10.951
2026-06-30,152710,Edelweiss Business Cycle Fund - Direct Plan - Growth,9.0904
2026-06-30,152711,Motilal Oswal Nifty India Defence Index Fund Regular Plan Growth,12.2997
2026-06-30,152712,Motilal Oswal Nifty India Defence Index Fund Direct Plan Growth,12.4709
2026-06-30,152713,HDFC NIFTY100 Low Volatility 30 Index Fund - Direct Plan,10.1988
2026-06-30,152714,HDFC NIFTY100 Low Volatility 30 Index Fund - Regular Plan,10.0976
2026-06-30,152715,Mirae Asset Nifty EV and New Age Automotive ETF,31.1956
2026-06-30,152716,Bandhan Nifty Total Market Index Fund - Direct Plan - Growth,10.1145
2026-06-30,152717,Bandhan Nifty Total Market Index Fund - Regular Plan - Growth,9.9851
2026-06-30,152718,Mirae Asset Nifty200 Alpha 30 ETF Fund of Fund - Direct Plan - Growth,9.158
2026-06-30,152719,Mirae Asset Nifty200 Alpha 30 ETF Fund of Fund - Direct Plan - IDCW,9.164
2026-06-30,152720,Mirae Asset Nifty200 Alpha 30 ETF Fund of Fund - Regular Plan - Growth,9.079
2026-06-30,152721,Mirae Asset Nifty200 Alpha 30 ETF Fund of Fund - Regular Plan - IDCW,9.071
2026-06-30,152722,Edelweiss Business Cycle Fund - Regular Plan - IDCW Option,8.8144
2026-06-30,152723,Edelweiss Business Cycle Fund - Direct Plan - IDCW Option,9.0904
2026-06-30,152724,Edelweiss Business Cycle Fund - Regular Plan - Growth,8.8144
2026-06-30,152725,SBI Silver ETF,218.9042
2026-06-30,152726,ICICI PRUDENTIAL ENERGY OPPORTUNITIES FUND - Growth,11.65
2026-06-30,152727,ICICI PRUDENTIAL ENERGY OPPORTUNITIES FUND - IDCW,11.65
2026-06-30,152728,ICICI PRUDENTIAL ENERGY OPPORTUNITIES FUND - Direct Plan - Growth,11.92
2026-06-30,152729,ICICI PRUDENTIAL ENERGY OPPORTUNITIES FUND - Direct Plan - IDCW,11.92
2026-06-30,152730,Axis Nifty 500 Index Fund - Regular Plan - Growth Option,9.9104
2026-06-30,152731,Axis Nifty 500 Index Fund - Direct Plan - Growth Option,10.0873
2026-06-30,152732,ADITYA BIRLA SUN LIFE CRISIL BROAD BASED GILT ETF,114.296
2026-06-30,152733,SBI Silver ETF Fund of Fund- Regular Plan - Growth,23.6428
2026-06-30,152734,SBI Silver ETF FOF- Regular Plan - Income Distribution Cum Capital Withdrawal Option (IDCW),23.6458
2026-06-30,152735,SBI Silver ETF Fund of Fund- Direct Plan - Growth,23.8079
2026-06-30,152736,SBI Silver ETF Fund of Fund- Direct Plan - Income Distribution Cum Capital Withdrawal Option (IDCW),23.8078
2026-06-30,152737,Franklin India Multi Cap Fund - Direct - IDCW,10.8726
2026-06-30,152738,Franklin India Multi Cap Fund - Growth,10.5749
2026-06-30,152739,Franklin India Multi Cap Fund - Direct - Growth,10.8726
2026-06-30,152740,Franklin India Multi Cap Fund - IDCW,10.5749
2026-06-30,152741,Shriram Nifty 1D Rate Liquid ETF - Growth,1110.8683
2026-06-30,152742,Tata Nifty India Tourism Index Fund - Direct - Growth,9.1857
2026-06-30,152743,Tata Nifty India Tourism Index Fund - Direct - IDCW Reinvestment,9.1857
2026-06-30,152744,Tata Nifty India Tourism Index Fund - Direct - IDCW Payout,9.1857
2026-06-30,152745,Tata Nifty India Tourism Index Fund - Regular - IDCW Payout,9.0653
2026-06-30,152746,Tata Nifty India Tourism Index Fund - Regular - Growth,9.0653
2026-06-30,152747,Tata Nifty India Tourism Index Fund - Regular - IDCW Reinvestment,9.0653
2026-06-30,152748,ICICI Prudential Nifty Oil & Gas ETF,11.1961
2026-06-30,152749,SBI Nifty50 Equal Weight ETF,32.7989
2026-06-30,152750,NAVI NIFTY 500 MULTICAP 50-25-25 REGULAR PLAN,9.9322
2026-06-30,152751,NAVI NIFTY 500 MULTICAP 50-25-25 DIRECT PLAN,10.0632
2026-06-30,152752,Kotak BSE PSU Index Fund - Regular Plan - Growth,9.377
2026-06-30,152753,Kotak BSE PSU Index Fund - Regular Plan - IDCW Payout and Reinvestment,9.377
2026-06-30,152754,Kotak BSE PSU Index Fund - Direct Plan - IDCW Payout and Reinvestment,9.494
2026-06-30,152755,Kotak BSE PSU Index Fund - Direct Plan - Growth,9.494
2026-06-30,152756,Invesco India Manufacturing Fund - Direct Plan - Growth,11.34
2026-06-30,152757,Invesco India Manufacturing Fund - Direct Plan - IDCW,11.34
2026-06-30,152758,Invesco India Manufacturing Fund - Regular Plan - Growth,11.02
2026-06-30,152759,Invesco India Manufacturing Fund - Regular Plan - IDCW,11.02
2026-06-30,152760,Motilal Oswal Manufacturing Fund - Direct Plan- Growth,11.7115
2026-06-30,152761,Motilal Oswal Manufacturing Fund - Regular Plan - IDCW,11.4003
2026-06-30,152762,Motilal Oswal Manufacturing Fund - Direct Plan - IDCW,11.7109
2026-06-30,152763,Motilal Owsal Manufacturing Fund - Regular Plan - Growth,11.4005
2026-06-30,152764,GROWW NIFTY EV & NEW AGE AUTOMOTIVE ETF,31.0868
2026-06-30,152765,KOTAK NIFTY MIDCAP 50 INDEX FUND-REGULAR PLAN-GROWTH,10.691
2026-06-30,152766,KOTAK NIFTY MIDCAP 50 INDEX FUND-REGULAR PLAN-IDCW PAYOUT AND REINVESTMENT,10.69
2026-06-30,152767,KOTAK NIFTY MIDCAP 50 INDEX FUND-DIRECT PLAN- GROWTH,10.814
2026-06-30,152768,KOTAK NIFTY MIDCAP 50 INDEX FUND-DIRECT PLAN-IDCW PAYOUT AND REINVESTMENT,10.814
2026-06-30,152769,ICICI Prudential Nifty Metal ETF,12.5828
2026-06-30,152770,Groww Nifty EV & New Age Automotive ETF FOF- Direct Plan - Growth,9.4773
2026-06-30,152771,Groww Nifty EV & New Age Automotive ETF FOF - Direct Plan - IDCW,9.4778
2026-06-30,152772,Groww Nifty EV & New Age Automotive ETF FOF - Regular Plan - IDCW,9.4039
2026-06-30,152773,Groww Nifty EV & New Age Automotive ETF FOF - Regular Plan - Growth,9.4038
2026-06-30,152774,SBI Innovative Opportunities Fund - Regular Plan - Growth,9.6325
2026-06-30,152775,SBI Innovative Opportunities Fund - Regular Plan - Income Distribution Cum Capital Withdrawal Option,9.6330
2026-06-30,152776,SBI Innovative Opportunities Fund - Direct Plan - Growth,9.8305
2026-06-30,152777,SBI Innovative Opportunities Fund - Direct Plan - Income Distribution Cum Capital Withdrawal Option,9.8306
2026-06-30,152778,HDFC NIFTY500 Multicap 50:25:25 Index Fund - Direct Plan,9.992
2026-06-30,152779,HDFC NIFTY500 Multicap 50:25:25 index Fund - Regular Plan,9.9029
2026-06-30,152780,BAJAJ FINSERV LARGE CAP FUND - REGULAR PLAN - GROWTH,9.871
2026-06-30,152781,BAJAJ FINSERV LARGE CAP FUND - DIRECT PLAN - IDCW,10.150
2026-06-30,152782,BAJAJ FINSERV LARGE CAP FUND - REGULAR PLAN - IDCW,9.871
2026-06-30,152783,BAJAJ FINSERV LARGE CAP FUND - DIRECT PLAN - GROWTH,10.150
2026-06-30,152784,Union Multi Asset Allocation Fund- Direct Plan - IDCW Option,12.29
2026-06-30,152785,Union Multi Asset Allocation Fund- Regular Plan - IDCW Option,12.03
2026-06-30,152786,Union Multi Asset Allocation Fund- Regular Plan - Growth Option,12.03
2026-06-30,152787,Union Multi Asset Allocation Fund- Direct Plan - Growth Option,12.29
2026-06-30,152788,Bank of India Business Cycle Fund - Direct Plan - Dividend,9.57
2026-06-30,152789,Bank of India Business Cycle Fund - Direct Plan - Growth,9.57
2026-06-30,152790,Bank of India Business Cycle Fund - Regular Plan - Growth,9.36
2026-06-30,152791,Bank of India Business Cycle Fund - Regular Plan - Dividend,9.36
2026-06-30,152792,Bandhan Nifty Bank Index Fund - Regular Plan - Growth,11.1404
2026-06-30,152793,Bandhan Nifty Bank Index Fund - Direct Plan - Growth,11.3060
2026-06-30,152794,Motilal Oswal Business Cycle Fund-Regular Plan-Growth,11.3240
2026-06-30,152795,Motilal Oswal Business Cycle Fund-Regular Plan-IDCW,11.3241
2026-06-30,152796,Motilal Oswal Business Cycle Fund - Direct Plan- Growth,11.6120
2026-06-30,152797,Motilal Oswal Business Cycle Fund - Direct Plan- IDCW,11.6113
2026-06-30,152798,Aditya Birla Sun Life Nifty India Defence Index Fund-Direct Growth,13.6124
2026-06-30,152799,Aditya Birla Sun Life Nifty India Defence Index Fund-Direct IDCW Payout,13.6129
2026-06-30,152800,Aditya Birla Sun Life Nifty India Defence Index Fund-Regular-Growth,13.4307
2026-06-30,152801,Aditya Birla Sun Life Nifty India Defence Index Fund-Regular IDCW Payout,13.4281
2026-06-30,152802,Aditya Birla Sun Life Crisil 10 Year Gilt ETF,112.609
2026-06-30,152803,Axis Consumption Fund Direct Plan - IDCW,9.27
2026-06-30,152804,Axis Consumption Fund Regular Plan - Growth,9.04
2026-06-30,152805,Axis Consumption Fund Direct Plan - Growth,9.27
2026-06-30,152806,Axis Consumption Fund Regular Plan - IDCW,9.04
2026-06-30,152807,Baroda BNP Paribas Dividend Yield Fund - Regular Plan - Growth Option,9.4726
2026-06-30,152808,Baroda BNP Paribas Dividend Yield Fund - Regular Plan - IDCW Option,9.4726
2026-06-30,152809,Baroda BNP Paribas Dividend Yield Fund - Direct Plan - IDCW Option,9.7379
2026-06-30,152810,Baroda BNP Paribas Dividend Yield Fund - Direct Plan - Growth Option,9.7379
2026-06-30,152811,Mirae Asset Nifty500 Multicap 50:25:25 ETF,16.4369
2026-06-30,152812,DSP Nifty Top 10 Equal Weight ETF,86.6905
2026-06-30,152813,DSP Nifty Top 10 Equal Weight Index Fund - Regular - Growth,8.7822
2026-06-30,152814,DSP Nifty Top 10 Equal Weight Index Fund - Direct - Growth,8.8938
2026-06-30,152815,PGIM India Multi Cap Fund - Direct Plan - Growth Option,10.52
2026-06-30,152816,PGIM India Multi Cap Fund - Regular Plan - Growth Option,10.2
2026-06-30,152817,PGIM India Multi Cap Fund - Direct Plan - IDCW Option,10.52
2026-06-30,152818,PGIM India Multi Cap Fund - Regular Plan - IDCW Option,10.2
2026-06-30,152821,ITI Large & Midcap Fund - Direct Plan - Growth,10.0095
2026-06-30,152822,ITI Large & Midcap Fund - Regular Plan - IDCW Option,9.7097
2026-06-30,152823,ITI Large & Midcap Fund - Direct Plan - IDCW Option,10.0095
2026-06-30,152824,ITI Large & Midcap Fund - Regular Plan - Growth,9.7097
2026-06-30,152825,Franklin India Ultra Short Duration Fund - Direct - Growth,11.3809
2026-06-30,152826,Franklin India Ultra Short Duration Fund - IDCW,10.6423
2026-06-30,152827,Franklin India Ultra Short Duration Fund - Direct - IDCW,10.7139
2026-06-30,152828,Franklin India Ultra Short Duration Fund - Growth,11.2873
2026-06-30,152829,HSBC India Export Opportunities Fund - Direct Growth,10.9902
2026-06-30,152830,HSBC India Export Opportunities Fund - Regular Growth,10.7285
2026-06-30,152831,HSBC India Export Opportunities Fund - Direct IDCW,10.9902
2026-06-30,152832,HSBC India Export Opportunities Fund - Regular IDCW,10.7285
2026-06-30,152833,Tata Nifty200 Alpha 30 Index Fund - Direct - IDCW Reinvestment,8.9334
2026-06-30,152834,Tata Nifty200 Alpha 30 Index Fund - Regular -Growth,8.8261
2026-06-30,152835,Tata Nifty200 Alpha 30 Index Fund - Regular - IDCW Payout,8.8261
2026-06-30,152836,Tata Nifty200 Alpha 30 Index Fund - Direct -Growth,8.9334
2026-06-30,152837,Tata Nifty200 Alpha 30 Index Fund - Direct - IDCW Payout,8.9334
2026-06-30,152838,Tata Nifty200 Alpha 30 Index Fund - Regular - IDCW Reinvestment,8.8261
2026-06-30,152839,Nippon India Nifty 500 Equal Weight Index Fund - Direct Plan - IDCW Option,9.7116
2026-06-30,152840,Nippon India Nifty 500 Equal Weight Index Fund - Regular Plan - Growth Option,9.6153
2026-06-30,152841,Nippon India Nifty 500 Equal Weight Index Fund - Regular Plan - IDCW Option,9.6153
2026-06-30,152842,Nippon India Nifty 500 Equal Weight Index Fund - Direct Plan - Growth Option,9.7116
2026-06-30,152843,Bandhan BSE Healthcare Index Fund Regular Plan - Growth,11.2069
2026-06-30,152844,Bandhan BSE Healthcare Index Fund Direct Plan - Growth,11.3710
2026-06-30,152845,Groww Nifty India Defence ETF,95.0375
2026-06-30,152846,Motilal Oswal Nifty India Defence ETF,104.4562
2026-06-30,152847,Samco Multi Cap Fund - Direct Plan - Growth,8.90
2026-06-30,152848,Samco Multi Cap Fund - Regular Plan - Growth,8.67
2026-06-30,152849,WhiteOak Capital Arbitrage Fund Direct Plan Growth,11.344
2026-06-30,152850,WhiteOak Capital Arbitrage Fund Regular Plan Growth,11.193
2026-06-30,152851,Franklin India Medium to Long Duration Fund - Direct Growth,11.2709
2026-06-30,152852,Franklin India Medium to Long Duration Fund - Direct - IDCW,10.6601
2026-06-30,152853,Franklin India Medium to Long Duration Fund - Growth,11.1695
2026-06-30,152854,Franklin India Medium to Long Duration Fund - IDCW,10.5810
2026-06-30,152855,Bandhan Nifty Midcap 150 Index Fund-Direct Plan-Growth,10.3629
2026-06-30,152856,Bandhan Nifty Midcap 150 Index Fund-Regular Plan-Growth,10.2341
2026-06-30,152857,Edelweiss Nifty Bank ETF - Growth,58.0304
2026-06-30,152858,UTI Nifty 200 Quality 30 Index Fund - Regular Plan - Growth Option,8.5131
2026-06-30,152859,UTI Nifty 200 Quality 30 Index Fund - Direct Plan - Growth Option,8.5909
2026-06-30,152860,Invesco India Technology Fund - Direct Plan - IDCW,9.16
2026-06-30,152861,Invesco India Technology Fund - Regular Plan - IDCW,8.91
2026-06-30,152862,Invesco India Technology Fund - Regular Plan - Growth,8.91
2026-06-30,152863,Invesco India Technology Fund - Direct Plan - Growth,9.16
2026-06-30,152864,UTI Nifty Private Bank Index Fund - Direct Plan - Growth Option,10.359
2026-06-30,152865,UTI Nifty Private Bank Index Fund - Regular Plan - Growth Option,10.2657
2026-06-30,152866,Kotak CRISIL -IBX AAA Financial Services Index Sep-2027 Fund-REGULAR PLAN-GROWTH,11.4135
2026-06-30,152867,Kotak CRISIL-IBX AAA Financial Services Index Sep-2027 Fund-REGULAR PLAN-IDCW,11.4134
2026-06-30,152868,Kotak CRISIL -IBX AAA Financial Services Index Sep-2027 Fund-DIRECT PLAN-IDCW,11.4553
2026-06-30,152869,Kotak CRISIL -IBX AAA Financial Services Index Sep-2027 Fund-DIRECT PLAN-GROWTH Option,11.457
2026-06-30,152870,Kotak Nifty India Tourism Index Fund-Direct-Growth Option,8.648
2026-06-30,152871,Kotak Nifty India Tourism Index Fund-Regular Plan-IDCW Option,8.55
2026-06-30,152872,Kotak Nifty India Tourism Index Fund-Regular plan-Growth,8.55
2026-06-30,152873,Kotak Nifty India Tourism Index Fund-Direct Plan-IDCW Option,8.65
2026-06-30,152874,Motilal Oswal Nifty 500 Momentum 50 ETF,53.2308
2026-06-30,152875,Motilal Oswal Nifty 500 Momentum 50 Index Fund-Direct Plan-Growth,8.3351
2026-06-30,152876,Motilal Oswal Nifty 500 Momentum 50 Index Fund-Regular Plan-Growth,8.2346
2026-06-30,152877,Bandhan Business Cycle Fund - Regular Plan - Growth,9.713
2026-06-30,152878,Bandhan Business Cycle Fund - Direct Plan - Growth,9.977
2026-06-30,152879,Bandhan Business Cycle Fund - Direct Plan - IDCW,9.977
2026-06-30,152880,Bandhan Business Cycle Fund - Regular Plan - IDCW,9.713
2026-06-30,152881,Nippon India Nifty 500 Momentum 50 Index Fund - Direct Plan - Growth Option,8.4213
2026-06-30,152882,Nippon India Nifty 500 Momentum 50 Index Fund - Regular Plan - IDCW Option,8.3300
2026-06-30,152883,Nippon India Nifty 500 Momentum 50 Index Fund - Regular Plan - Growth Option,8.3300
2026-06-30,152884,Nippon India Nifty 500 Momentum 50 Index Fund - Direct Plan - IDCW Option,8.4213
2026-06-30,152885,Axis CRISIL-IBX AAA Bond NBFC - Jun 2027 Index Fund - Regular Plan - IDCW Option,11.3535
2026-06-30,152886,Axis CRISIL-IBX AAA Bond NBFC - Jun 2027 Index Fund - Regular Plan - Growth Option,11.3534
2026-06-30,152887,Axis CRISIL-IBX AAA Bond NBFC - Jun 2027 Index Fund - Direct Plan - Growth Option,11.4191
2026-06-30,152888,Axis CRISIL-IBX AAA Bond NBFC - Jun 2027 Index Fund - Direct Plan - IDCW Option,11.4190
2026-06-30,152889,HDFC NIFTY LargeMidcap 250 Index Fund - Growth Option - Direct,10.0686
2026-06-30,152890,HDFC NIFTY LargeMidcap 250 Index Fund - Growth Option,9.9849
2026-06-30,152891,Groww Nifty 1D Rate Liquid ETF,109.6964
2026-06-30,152906,SBI Nifty 500 Index Fund- Regular Plan- Growth,9.4959
2026-06-30,152907,SBI Nifty 500 Index Fund- Regular Plan- Income Distribution Cum Capital Withdrawal (IDCW),9.4957
2026-06-30,152908,SBI Nifty 500 Index Fund- Direct Plan- Growth,9.5770
2026-06-30,152909,SBI Nifty 500 Index Fund- Direct Plan- Income Distribution Cum Capital Withdrawal (IDCW),9.5770
2026-06-30,152910,Kotak MNC Fund-Direct Plan-Growth,12.63
2026-06-30,152911,Kotak MNC Fund-Direct Plan-IDCW Option,12.63
2026-06-30,152912,KotaK MNC Fund-Regular Plan-IDCW OPTION,12.329
2026-06-30,152913,Kotak MNC Fund-Regular Plan- Growth,12.329
2026-06-30,152914,WhiteOak Capital Digital Bharat Fund Regular Plan Growth,9.235
2026-06-30,152915,WhiteOak Capital Digital Bharat Fund Direct Plan Growth,9.515
2026-06-30,152916,Kotak Nifty Midcap 150 Momentum 50 Index Fund-Direct Plan-Growth,9.553
2026-06-30,152917,Kotak Nifty Midcap 150 Momentum 50 Index Fund-Direct Plan-IDCW option,9.553
2026-06-30,152918,Kotak Nifty Midcap 150 Momentum 50 Index Fund-Regular Plan-Growth,9.447
2026-06-30,152919,Kotak Nifty Midcap 150 Momentum 50 Index Fund-Regular plan-IDCW option,9.446
2026-06-30,152920,LIC MF Manufacturing Fund-Direct Plan-Growth,11.6621
2026-06-30,152921,LIC MF Manufacturing Fund-Direct Plan-IDCW,11.6621
2026-06-30,152922,LIC MF Manufacturing Fund-Regular Plan-Growth,11.3445
2026-06-30,152923,LIC MF Manufacturing Fund-Regular Plan-IDCW,11.3445
2026-06-30,152924,Mirae Asset Nifty Metal ETF,12.6268
2026-06-30,152925,Groww Nifty India Defence ETF FOF - Direct Growth,14.1426
2026-06-30,152926,Groww Nifty India Defence ETF FOF - Direct - IDCW,14.1428
2026-06-30,152927,Groww Nifty India Defence ETF FOF - Regular - Growth,14.0457
2026-06-30,152928,Groww Nifty India Defence ETF FOF - Regular - IDCW,14.0441
2026-06-30,152929,Mirae Asset Nifty PSU Bank ETF,85.7078
2026-06-30,152930,Baroda BNP Paribas Nifty200 Momentum 30 Index Fund - Regular Plan - Growth Option,8.0732
2026-06-30,152931,Baroda BNP Paribas Nifty200 Momentum 30 Index Fund - Direct Plan - Growth Option,8.1595
2026-06-30,152932,ICICI Prudential Nifty200 Value 30 ETF,15.4027
2026-06-30,152933,ICICI Prudential Nifty200 Value 30 Index Fund - Direct Plan - IDCW,11.1586
2026-06-30,152934,ICICI Prudential Nifty200 Value 30 Index Fund - Growth,11.0526
2026-06-30,152935,ICICI Prudential Nifty200 Value 30 Index Fund - IDCW,11.0525
2026-06-30,152936,ICICI Prudential Nifty200 Value 30 Index Fund - Direct Plan - Growth,11.1586
2026-06-30,152937,TRUSTMF SMALL CAP FUND -DIRECT PLAN-IDCW,13.09
2026-06-30,152938,TRUSTMF SMALL CAP FUND -REGULAR PLAN- IDCW,12.72
2026-06-30,152939,TRUSTMF SMALL CAP FUND -DIRECT PLAN-GROWTH,13.08
2026-06-30,152940,TRUSTMF SMALL CAP FUND -REGULAR PLAN-GROWTH,12.72
2026-06-30,152941,Helios Large & Mid Cap Fund - Direct Plan - Growth Option,11.49
2026-06-30,152942,Helios Large & Mid Cap Fund - Direct Plan - IDCW Option,11.49
2026-06-30,152943,Helios Large & Mid Cap Fund - Regular Plan - Growth Option,11.18
2026-06-30,152944,Helios Large & Mid Cap Fund - Regular Plan - IDCW Option,11.18
2026-06-30,152945,Aditya Birla Sun Life Crisil-IBX AAA NBFC-HFC Index-Sep 2026 Fund-Regular Growth,11.3221
2026-06-30,152946,Aditya Birla Sun Life Crisil-IBX AAA NBFC-HFC Index-Sep 2026 Fund-Regular IDCW Payout,11.3221
2026-06-30,152947,Aditya Birla Sun Life Crisil-IBX AAA NBFC-HFC Index-Sep 2026 Fund-Direct Growth,11.3772
2026-06-30,152948,Aditya Birla Sun Life Crisil-IBX AAA NBFC-HFC INDEX-Sep 2026 Fund-Direct IDCW Payout,11.3772
2026-06-30,152949,Axis Nifty500 Value 50 Index Fund - Direct Plan - Growth Option,11.4966
2026-06-30,152950,Axis Nifty500 Value 50 Index Fund - Regular Plan - Growth Option,11.3279
2026-06-30,152951,Tata Nifty Capital Markets Index Fund - Direct Plan Growth Option,14.8125
2026-06-30,152952,Tata Nifty Capital Markets Index Fund - Direct Plan IDCW Reinvestment Option,14.8125
2026-06-30,152953,Tata Nifty Capital Markets Index Fund - Direct Plan IDCW Payout Option,14.8125
2026-06-30,152954,Tata Nifty Capital Markets Index Fund - Regular Plan Growth Option,14.6556
2026-06-30,152955,Tata Nifty Capital Markets Index Fund - Regular Plan IDCW Reinvestment Option,14.6556
2026-06-30,152956,Tata Nifty Capital Markets Index Fund - Regular Plan IDCW Payout Option,14.6556
2026-06-30,152957,Groww Gold ETF,13.7346
2026-06-30,152962,WhiteOak Capital ESG Best-In-Class Strategy Fund Direct Plan Growth,10.131
2026-06-30,152963,WhiteOak Capital ESG Best-In-Class Strategy Fund Regular Plan Growth,9.842
2026-06-30,152964,Motilal Oswal Digital India Fund - Direct Plan - Growth,9.0871
2026-06-30,152965,Motilal Oswal Digital India Fund - Direct Plan- IDCW,9.0868
2026-06-30,152966,Motilal Oswal Digital India Fund - Regular Plan- Growth,8.8701
2026-06-30,152967,Motilal Oswal Digital India Fund - Regular Plan - IDCW,8.8702
2026-06-30,152968,Mirae Asset Nifty Total Market Index Fund - Direct Plan - Growth,10.2940
2026-06-30,152969,Mirae Asset Nifty Total Market Index Fund - Direct Plan - IDCW,10.2937
2026-06-30,152970,Mirae Asset Nifty Total Market Index Fund - Regular Plan - Growth,10.1761
2026-06-30,152971,Mirae Asset Nifty Total Market Index Fund - Regular Plan - IDCW,10.1757
2026-06-30,152972,Mirae Asset Nifty 50 Index Fund - Direct Plan - Growth,9.9354
2026-06-30,152973,Mirae Asset Nifty 50 Index Fund - Direct Plan - IDCW,9.9355
2026-06-30,152974,Mirae Asset Nifty 50 Index Fund - Regular Plan - Growth,9.8300
2026-06-30,152975,Mirae Asset Nifty 50 Index Fund - Regular Plan - IDCW,9.8318
2026-06-30,152976,Mirae Asset Nifty LargeMidcap 250 Index Fund - Direct Plan - Growth,10.4581
2026-06-30,152977,Mirae Asset Nifty LargeMidcap 250 Index Fund - Direct Plan - IDCW,10.4589
2026-06-30,152978,Mirae Asset Nifty LargeMidcap 250 Index Fund - Regular Plan - Growth,10.3459
2026-06-30,152979,Mirae Asset Nifty LargeMidcap 250 Index Fund - Regular Plan - IDCW,10.3453
2026-06-30,152980,Groww Gold ETF FOF - DIRECT - GROWTH,17.2284
2026-06-30,152981,Edelweiss Nifty500 Multicap Momentum Quality 50 ETF - Growth,41.6297
2026-06-30,152982,Edelweiss Nifty500 Multicap Momentum Quality 50 Index Fund - Direct - IDCW - Payout,9.1169
2026-06-30,152983,Edelweiss Nifty500 Multicap Momentum Quality 50 Index Fund - Regular - IDCW - Payout,9.0148
2026-06-30,152985,Edelweiss Nifty500 Multicap Momentum Quality 50 Index Fund - Direct - Growth,9.1169
2026-06-30,152988,Edelweiss Nifty500 Multicap Momentum Quality 50 Index Fund - Regular - Growth,9.0148
2026-06-30,152990,Bandhan Nifty 500 Value 50 Index Fund Direct Plan - Growth,11.3778
2026-06-30,152991,Bandhan Nifty 500 Value 50 Index Fund Regular Plan - Growth,11.2548
2026-06-30,152992,Nippon India CRISIL - IBX AAA Financial Services - Dec 2026 Index Fund - Direct Plan - Growth Option,11.3186
2026-06-30,152993,Nippon India CRISIL - IBX AAA Financial Services - Dec 2026 Index Fund - Direct Plan - IDCW Option,11.3186
2026-06-30,152994,Nippon India CRISIL - IBX AAA Financial Services - Dec 2026 Index Fund - Regular Plan - Growth Option,11.2807
2026-06-30,152995,Nippon India CRISIL - IBX AAA Financial Services - Dec 2026 Index Fund - Regular Plan - IDCW Option,11.2807
2026-06-30,152996,Nippon India CRISIL - IBX AAA Financial Services - Jan 2028 Index Fund - Direct Plan - Growth Option,11.3245
2026-06-30,152997,Nippon India CRISIL - IBX AAA Financial Services - Jan 2028 Index Fund - Direct Plan - IDCW Option,11.3245
2026-06-30,152998,Nippon India CRISIL - IBX AAA Financial Services - Jan 2028 Index Fund - Regular Plan - Growth Option,11.2828
2026-06-30,152999,Nippon India CRISIL - IBX AAA Financial Services - Jan 2028 Index Fund - Regular Plan - IDCW Option,11.2829
2026-06-30,153000,Baroda BNP Paribas Nifty Midcap 150 Index Fund - Direct Plan - Growth Option,10.9643
2026-06-30,153001,Baroda BNP Paribas Nifty Midcap 150 Index Fund - Regular Plan - Growth Option,10.8402
2026-06-30,153002,Bandhan Nifty 500 Momentum 50 Index Fund Regular Plan-Growth,8.9005
2026-06-30,153003,Bandhan Nifty 500 Momentum 50 Index Fund Direct Plan-Growth,8.9976
2026-06-30,153004,Groww Gold ETF FOF - DIRECT - IDCW,17.2284
2026-06-30,153005,Groww Gold ETF FOF - REGULAR - IDCW,17.1405
2026-06-30,153006,Groww Gold ETF FOF - REGULAR - GROWTH,17.14
2026-06-30,153007,Mirae Asset Gold ETF Fund of Fund - Direct Plan - Growth,17.683
2026-06-30,153008,Mirae Asset Gold ETF Fund of Fund - Direct Plan - IDCW,17.681
2026-06-30,153009,Mirae Asset Gold ETF Fund of Fund - Regular Plan - Growth,17.531
2026-06-30,153010,Mirae Asset Gold ETF Fund of Fund - Regular Plan - IDCW,17.521
2026-06-30,153011,Zerodha Gold ETF FoF-Direct Plan - Growth Option,18.3124
2026-06-30,153012,SBI Nifty India Consumption Index Fund- Regular Plan- Growth,9.9486
2026-06-30,153013,SBI Nifty India Consumption Index Fund- Regular Plan- IDCW Payout,9.9486
2026-06-30,153014,SBI Nifty India Consumption Index Fund- Direct Plan- IDCW Payout,10.0287
2026-06-30,153015,SBI Nifty India Consumption Index Fund- Direct Plan- Growth,10.0287
2026-06-30,153021,Samco Overnight Fund - Unclaimed Redemption Upto 3 years,1089.4525
2026-06-30,153022,Motilal Oswal Nifty MidSmall Healthcare Index Fund-Regular Plan-Growth,12.0252
2026-06-30,153023,Motilal Oswal Nifty MidSmall Healthcare Index Fund- Direct Plan-Growth,12.1169
2026-06-30,153024,Motilal Oswal Nifty MidSmall India Consumption Index Fund-Regular Plan-Growth,9.4019
2026-06-30,153025,Motilal Oswal Nifty MidSmall India Consumption Index Fund - Direct Plan- Growth,9.4745
2026-06-30,153026,Motilal Oswal Nifty MidSmall Financial Services Index Fund-Regular Plan-Growth,14.3657
2026-06-30,153027,Motilal Oswal Nifty MidSmall Financial Services Index Fund - Direct Plan- Growth,14.4769
2026-06-30,153028,Motilal Oswal Nifty MidSmall IT and Telecom Index Fund-Regular Plan-Growth,8.8059
2026-06-30,153029,Motilal Oswal Nifty MidSmall IT and Telecom Index Fund - Direct Plan- Growth,8.8747
2026-06-30,153030,Aditya Birla Sun Life Crisil-IBX AAA Financial Services Index-Sep 2027 Fund-Direct Growth,11.2799
2026-06-30,153031,Aditya Birla Sun Life Crisil-IBX AAA Financial Services Index-Sep 2027 Fund-Direct IDCW Payout,11.2801
2026-06-30,153032,Aditya Birla Sun Life Crisil-IBX AAA Financial Services Index-Sep 2027 Fund-Regular IDCW Payout,11.2425
2026-06-30,153033,Aditya Birla Sun Life Crisil-IBX AAA Financial Services Index-Sep 2027 Fund-Regular Growth,11.2425
2026-06-30,153034,Groww Multicap Fund - Direct - Growth,11.8494
2026-06-30,153035,Shriram Liquid Fund - Direct Plan Growth Option,1107.7962
2026-06-30,153036,Shriram Liquid Fund - Regular Plan Growth Option,1105.2613
2026-06-30,153037,PGIM India Healthcare Fund - Direct Plan - IDCW Option,11.62
2026-06-30,153038,PGIM India Healthcare Fund - Regular Plan - IDCW Option,11.31
2026-06-30,153039,PGIM India Healthcare Fund - Direct Plan - Growth Option,11.62
2026-06-30,153040,PGIM India Healthcare Fund - Regular Plan - Growth Option,11.31
2026-06-30,153041,Franklin India Arbitrage Fund - Direct - IDCW,11.1583
2026-06-30,153042,Franklin India Arbitrage Fund - Growth,11.0298
2026-06-30,153043,Franklin India Arbitrage Fund - Direct - Growth,11.1583
2026-06-30,153044,Franklin India Arbitrage Fund - IDCW,11.0298
2026-06-30,153045,Mirae Asset Nifty 1D Rate Liquid ETF - Growth,1092.1566
2026-06-30,153046,Invesco India Multi Asset Allocation Fund - Regular Plan - Growth,12.22
2026-06-30,153047,Invesco India Multi Asset Allocation Fund - Direct Plan - Growth,12.47
2026-06-30,153048,Invesco India Multi Asset Allocation Fund - Regular Plan - IDCW,12.22
2026-06-30,153049,Invesco India Multi Asset Allocation Fund - Direct Plan - IDCW,12.45
2026-06-30,153050,Axis CRISIL-IBX AAA Bond Financial Services - Sep 2027 Index Fund - Regular Plan - Growth Option,11.2252
2026-06-30,153051,Axis CRISIL-IBX AAA Bond Financial Services - Sep 2027 Index Fund - Direct Plan - Growth Option,11.2424
2026-06-30,153052,Axis CRISIL-IBX AAA Bond Financial Services - Sep 2027 Index Fund - Direct Plan - IDCW Option,11.2425
2026-06-30,153053,Axis CRISIL-IBX AAA Bond Financial Services - Sep 2027 Index Fund - Regular Plan - IDCW Option,11.2249
2026-06-30,153054,Tata India Innovation Fund- Regular IDCW payout,9.8053
2026-06-30,153055,Tata India Innovation Fund- Direct Growth,10.0430
2026-06-30,153056,Tata India Innovation Fund- Direct IDCW Reinvestment,10.0430
2026-06-30,153057,Tata India Innovation Fund- Direct IDCW payout,10.0430
2026-06-30,153058,Tata India Innovation Fund- Regular IDCW Reinvestment,9.8053
2026-06-30,153059,Tata India Innovation Fund- Regular Growth,9.8053
2026-06-30,153060,Nippon India Nifty Realty Index Fund-Direct Plan- Growth Option,7.6746
2026-06-30,153061,Nippon India Nifty Realty Index Fund-Regular Plan- Growth Option,7.6075
2026-06-30,153062,Nippon India Nifty Realty Index Fund-Regular Plan- IDCW Option,7.6075
2026-06-30,153063,Nippon India Nifty Realty Index Fund-Direct Plan- IDCW Option,7.6746
2026-06-30,153064,Nippon India Nifty Auto Index Fund - Direct Plan- Growth Option,11.3163
2026-06-30,153065,Nippon India Nifty Auto Index Fund - Regular Plan- IDCW Option,11.2215
2026-06-30,153066,Nippon India Nifty Auto Index Fund - Regular Plan- Growth Option,11.2215
2026-06-30,153067,Nippon India Nifty Auto Index Fund - Direct Plan- IDCW Option,11.3163
2026-06-30,153068,ICICI Prudential Equity Minimum Variance Fund - IDCW,10.37
2026-06-30,153069,ICICI Prudential Equity Minimum Variance Fund - Growth,10.37
2026-06-30,153070,ICICI Prudential Equity Minimum Variance Fund - Direct Plan - Growth,10.57
2026-06-30,153071,ICICI Prudential Equity Minimum Variance Fund - Direct Plan - IDCW,10.57
2026-06-30,153072,BAJAJ FINSERV CONSUMPTION FUND - REGULAR - GROWTH,9.044
2026-06-30,153073,BAJAJ FINSERV CONSUMPTION FUND - REGULAR - IDCW,9.044
2026-06-30,153074,BAJAJ FINSERV CONSUMPTION FUND - DIRECT - IDCW,9.282
2026-06-30,153075,BAJAJ FINSERV CONSUMPTION FUND - DIRECT - GROWTH,9.282
2026-06-30,153076,Shriram Multi Sector Rotation Fund - Direct Plan Growth Option,8.1649
2026-06-30,153077,Shriram Multi Sector Rotation Fund - Regular Plan Growth Option,7.9511
2026-06-30,153078,Aditya Birla Sun Life BSE India Infrastructure Index Fund-Direct IDCW Payout,9.6527
2026-06-30,153079,Aditya Birla Sun Life BSE India Infrastructure Index Fund-Regular IDCW Payout,9.5647
2026-06-30,153080,Aditya Birla Sun Life BSE India Infrastructure Index Fund-Regular Growth,9.5644
2026-06-30,153081,Aditya Birla Sun Life BSE India Infrastructure Index Fund-Direct Growth,9.6528
2026-06-30,153082,Axis Momentum Fund - Regular Plan - IDCW Option,8.74
2026-06-30,153083,Axis Momentum Fund - Direct Plan - Growth Option,8.95
2026-06-30,153084,Axis Momentum Fund - Direct Plan - IDCW Option,8.95
2026-06-30,153085,Axis Momentum Fund - Regular Plan - Growth Option,8.74
2026-06-30,153086,UTI Nifty Alpha Low-Volatility 30 Index Fund - Direct Plan - Growth Option,9.5769
2026-06-30,153087,UTI Nifty Alpha Low-Volatility 30 Index Fund - Regular Plan - Growth Option,9.5026
2026-06-30,153088,UTI Nifty Midcap 150 Index Fund - Regular Plan - Growth Option,10.8334
2026-06-30,153089,UTI Nifty Midcap 150 Index Fund - Direct Plan - Growth Option,10.9186
2026-06-30,153090,Samco Arbitrage Fund - Direct Plan - Growth,10.84
2026-06-30,153091,Samco Arbitrage Fund - Regular Plan - Growth,10.65
2026-06-30,153092,Samco Multi Asset Allocation Fund - Direct Plan - Growth,12.51
2026-06-30,153093,Samco Multi Asset Allocation Fund - Regular Plan - Growth,12.20
2026-06-30,153094,Quantum Ethical Fund - Direct Plan Growth Option,9.64
2026-06-30,153095,Quantum Ethical Fund - Regular Plan Growth Option,9.43
2026-06-30,153096,HDFC Nifty India Digital Index Fund - Growth Option - Regular,7.6659
2026-06-30,153097,HDFC Nifty India Digital Index Fund - Growth Option - Direct,7.7238
2026-06-30,153098,Groww Multicap Fund - Direct - IDCW,11.8494
2026-06-30,153099,Groww Multicap Fund - Regular - IDCW,11.5262
2026-06-30,153100,Groww Multicap Fund - Regular - Growth,11.5183
2026-06-30,153101,Franklin India Long Duration Fund - IDCW,10.5207
2026-06-30,153102,Franklin India Long Duration Fund - Direct - Growth,10.9063
2026-06-30,153103,Franklin India Long Duration Fund - Direct - IDCW,10.5393
2026-06-30,153104,Franklin India Long Duration Fund - Growth,10.8240
2026-06-30,153105,Mirae Asset Long Duration Fund - Direct Plan - Growth,10.6634
2026-06-30,153106,Mirae Asset Long Duration Fund - Direct Plan - IDCW,10.6561
2026-06-30,153107,Mirae Asset Long Duration Fund - Regular Plan - Growth,10.5781
2026-06-30,153108,Mirae Asset Long Duration Fund - Regular Plan - IDCW,10.5781
2026-06-30,153109,Union Active Momentum Fund - Direct Plan - Growth Option,9.91
2026-06-30,153110,Union Active Momentum Fund - Direct Plan - IDCW Option,9.91
2026-06-30,153111,Union Active Momentum Fund - Regular Plan - Growth Option,9.70
2026-06-30,153112,Union Active Momentum Fund - Regular Plan - IDCW Option,9.70
2026-06-30,153113,Bandhan Nifty 200 Quality 30 Index Fund - Regular Plan - Growth,9.1812
2026-06-30,153114,Bandhan Nifty 200 Quality 30 Index Fund - Direct Plan - Growth,9.2757
2026-06-30,153115,Edelweiss CRISIL IBX AAA Financial Services - Jan 2028 Index Fund - Direct - Growth,11.256
2026-06-30,153116,Kotak Transportation & Logistics Fund-Regular-Growth,11.146
2026-06-30,153117,Kotak Transportation & Logistics Fund-Direct -IDCW-PAYOUT & REINVESTMENT,11.42
2026-06-30,153118,Kotak Transportation & Logistics Fund-Direct Growth,11.42
2026-06-30,153119,Kotak Transportation & Logistics Fund-Regular-IDCW Payout & Reinvestment,11.146
2026-06-30,153120,DSP Business Cycle Fund - Regular - IDCW,10.332
2026-06-30,153121,DSP Business Cycle Fund - Direct - Growth,10.575
2026-06-30,153122,DSP Business Cycle Fund - Regular - Growth,10.332
2026-06-30,153123,DSP Business Cycle Fund - Direct - IDCW,10.575
2026-06-30,153124,Aditya Birla Sun Life Conglomerate Fund-Direct Growth,11.03
2026-06-30,153125,Aditya Birla Sun Life Conglomerate Fund-Direct IDCW Payout,11.03
2026-06-30,153126,Aditya Birla Sun Life Conglomerate Fund-Regular IDCW Payout,10.79
2026-06-30,153127,Aditya Birla Sun Life Conglomerate Fund-Regular Growth,10.79
2026-06-30,153128,Edelweiss CRISIL IBX AAA Financial Services - Jan 2028 Index Fund - Direct - IDCW - Payout,11.256
2026-06-30,153129,Edelweiss CRISIL IBX AAA Financial Services - Jan 2028 Index Fund - Regular - IDCW - Payout,11.218
2026-06-30,153130,Edelweiss CRISIL IBX AAA Financial Services - Jan 2028 Index Fund - Regular - Growth,11.218
2026-06-30,153131,Tata BSE Select Business Groups Index Fund - Direct IDCW Payout,10.1390
2026-06-30,153132,Tata BSE Select Business Groups Index Fund - Direct Growth,10.1390
2026-06-30,153133,Tata BSE Select Business Groups Index Fund - Regular IDCW Payout,10.0158
2026-06-30,153134,Tata BSE Select Business Groups Index Fund - Regular Growth,10.0158
2026-06-30,153135,Tata BSE Select Business Groups Index Fund - Direct IDCW Reinvestment,10.1390
2026-06-30,153136,Tata BSE Select Business Groups Index Fund - Regular IDCW Reinvestment,10.0158
2026-06-30,153137,Motilal Oswal Nifty Capital Market Index Fund - Regular Plan - Growth,12.8147
2026-06-30,153138,Motilal Oswal Nifty Capital Market Index Fund - Direct Plan - Growth,12.9435
2026-06-30,153139,Bank of India Consumption Fund - Direct - Growth,10.83
2026-06-30,153140,Bank of India Consumption Fund - Regular - Growth,10.64
2026-06-30,153141,Bank of India Consumption Fund - Regular - IDCW,10.64
2026-06-30,153142,Bank of India Consumption Fund - Direct - IDCW,10.83
2026-06-30,153143,Kotak Nifty 100 Equal Weight index Fund - Direct Plan - IDCW Option,10.931
2026-06-30,153144,Kotak Nifty 100 Equal Weight Index Fund - Regular Plan - IDCW Option,10.848
2026-06-30,153145,Kotak Nifty 100 Equal Weight Index Fund - Regular Plan - Growth,10.848
2026-06-30,153146,Kotak Nifty 100 Equal Weight Index Fund - Direct Plan - Growth,10.931
2026-06-30,153147,Kotak Nifty 50 Equal Weight Index Fund - Direct Plan - IDCW Option,11.039
2026-06-30,153148,Kotak Nifty 50 Equal Weight Index Fund - Regular Plan - Growth,10.953
2026-06-30,153149,Kotak Nifty 50 Equal Weight Index Fund - Regular Plan - IDCW Option,10.953
2026-06-30,153150,Kotak Nifty 50 Equal Weight Index Fund - Direct Plan - Growth,11.038
2026-06-30,153151,SBI Quant Fund- Direct Plan- Income Distribution cum Capital Withdrawal Option (IDCW),9.7230
2026-06-30,153152,SBI Quant Fund- Regular Plan- Income Distribution Cum Capital Withdrawal Option (IDCW),9.5566
2026-06-30,153153,SBI Quant Fund- Regular Plan- Growth,9.5566
2026-06-30,153154,SBI Quant Fund- Direct Plan- Growth,9.7232
2026-06-30,153155,BAJAJ FINSERV HEALTHCARE FUND - REGULAR - GROWTH,10.858
2026-06-30,153156,BAJAJ FINSERV HEALTHCARE FUND - DIRECT - IDCW,11.137
2026-06-30,153157,BAJAJ FINSERV HEALTHCARE FUND - DIRECT - GROWTH,11.137
2026-06-30,153158,BAJAJ FINSERV HEALTHCARE FUND - REGULAR - IDCW,10.858
2026-06-30,153159,ICICI Prudential Nifty 500 Index Fund - Direct Plan - IDCW,10.3772
2026-06-30,153160,ICICI Prudential Nifty 500 Index Fund - IDCW,10.2871
2026-06-30,153161,ICICI Prudential Nifty 500 Index Fund - Direct Plan - Growth,10.3775
2026-06-30,153162,ICICI Prudential Nifty 500 Index Fund - Growth,10.2870
2026-06-30,153169,Baroda BNP Paribas Children's Fund - Regular Plan - IDCW Option,10.9680
2026-06-30,153170,Baroda BNP Paribas Children's Fund - Regular Plan - Growth Option,10.9680
2026-06-30,153171,Baroda BNP Paribas Children's Fund - Direct Plan - Growth Option,11.2811
2026-06-30,153172,Axis CRISIL-IBX AAA Bond NBFC-HFC - Jun 2027 Index Fund - Direct Plan - Growth option,11.1910
2026-06-30,153173,Axis CRISIL-IBX AAA Bond NBFC-HFC - Jun 2027 Index Fund - Direct Plan - IDCW option,11.2014
2026-06-30,153174,Axis CRISIL-IBX AAA Bond NBFC-HFC - Jun 2027 Index Fund - Regular Plan - Growth option,11.1686
2026-06-30,153175,Axis CRISIL-IBX AAA Bond NBFC-HFC - Jun 2027 Index Fund - Regular Plan - IDCW option,11.1686
2026-06-30,153176,Aditya Birla Sun Life Crisil-IBX Financial Services 3 to 6 months Debt Index Fund-Direct IDCW Payout,11.1483
2026-06-30,153177,Aditya Birla Sun Life Crisil-IBX Financial Services 3 to 6 Months Debt Index Fund-Regular Growth,11.1112
2026-06-30,153178,Aditya Birla Sun Life Crisil-IBX Financial Services 3 to 6 Months  Debt Index Fund-Regular IDCW Payout,11.1112
2026-06-30,153179,Aditya Birla Sun Life Crisil-IBX financial Services 3 to 6 months Debt Index Fund-Direct Growth,11.1482
2026-06-30,153180,Edelweiss BSE Capital Markets & Insurance  ETF - Growth,24.1834
2026-06-30,153181,ICICI Prudential Rural Opportunities Fund - Growth,10.82
2026-06-30,153182,ICICI Prudential Rural Opportunities Fund - Direct Plan - IDCW,11.01
2026-06-30,153183,ICICI Prudential Rural Opportunities Fund - IDCW,10.82
2026-06-30,153184,ICICI Prudential Rural Opportunities Fund - Direct Plan - Growth,11.01
2026-06-30,153185,Motilal Oswal Arbitrage Fund-Direct Plan-IDCW,10.9520
2026-06-30,153186,Motilal Oswal Arbitrage Fund-Regular Plan-IDCW,10.7975
2026-06-30,153187,Motilal Oswal Arbitrage Fund-Direct Plan-Growth,11.1146
2026-06-30,153188,Motilal Oswal Arbitrage Fund-Regular Plan-Growth,10.9596
2026-06-30,153189,WhiteOak Capital Quality Equity Fund Direct Plan Growth,10.202
2026-06-30,153190,WhiteOak Capital Quality Equity Fund Regular Plan Growth,9.958
2026-06-30,153191,Mirae Asset Nifty India New Age Consumption ETF,11.4203
2026-06-30,153192,Mirae Asset Nifty India New Age Consumption ETF Fund of Fund - Direct Plan - Growth,9.393
2026-06-30,153193,Mirae Asset Nifty India New Age Consumption ETF Fund of Fund - Direct Plan - IDCW,9.392
2026-06-30,153194,Mirae Asset Nifty India New Age Consumption ETF Fund of Fund - Regular Plan - Growth,9.339
2026-06-30,153195,Mirae Asset Nifty India New Age Consumption ETF Fund of Fund - Regular Plan - IDCW,9.339
2026-06-30,153196,Mirae Asset Small Cap Fund - Direct Plan - Growth,12.350
2026-06-30,153197,Mirae Asset Small Cap Fund - Direct Plan - IDCW,12.349
2026-06-30,153198,Mirae Asset Small Cap Fund - Regular Plan - Growth,12.076
2026-06-30,153199,Mirae Asset Small Cap Fund - Regular Plan - IDCW,12.078
2026-06-30,153200,BAJAJ FINSERV ELSS TAX SAVER FUND - REGULAR - IDCW,11.532
2026-06-30,153201,BAJAJ FINSERV ELSS TAX SAVER FUND - DIRECT - GROWTH,11.822
2026-06-30,153202,BAJAJ FINSERV ELSS TAX SAVER FUND - REGULAR - GROWTH,11.532
2026-06-30,153203,BAJAJ FINSERV ELSS TAX SAVER FUND - DIRECT - IDCW,11.822
2026-06-30,153204,UTI Quant Fund - Direct Plan - Growth Option,10.4431
2026-06-30,153205,UTI Quant Fund - Regular Plan - Growth Option,10.1959
2026-06-30,153206,Bajaj Finserv Gilt Fund - Direct - Growth,1080.8417
2026-06-30,153207,Bajaj Finserv Gilt Fund - Direct - IDCW,1080.8417
2026-06-30,153209,Bajaj Finserv Gilt Fund - Regular - IDCW,1068.1318
2026-06-30,153211,Bajaj Finserv Gilt Fund - Regular - Growth,1068.1318
2026-06-30,153212,Bandhan Nifty Alpha Low Volatility 30 Index Fund - Regular Plan - Growth,9.9351
2026-06-30,153213,Bandhan Nifty Alpha Low Volatility 30 Index Fund - Direct Plan - Growth,10.0426
2026-06-30,153214,Edelweiss Consumption Fund - Direct - Growth,11.0603
2026-06-30,153215,Edelweiss Consumption Fund - Regular - IDCW - Payout,10.8112
2026-06-30,153216,DSP BSE SENSEX Next 30 Index Fund - Regular - Growth,11.8676
2026-06-30,153217,DSP BSE SENSEX Next 30 Index Fund - Regular - IDCW,11.8676
2026-06-30,153218,DSP BSE SENSEX Next 30 Index Fund - Direct - IDCW,11.9736
2026-06-30,153219,DSP BSE SENSEX Next 30 Index Fund - Direct - Growth,11.9736
2026-06-30,153220,Kotak Nifty SmallCap 250 Index Fund - Direct - IDCW,11.508
2026-06-30,153221,Kotak Nifty SmallCap 250 Index Fund- Regular - Growth,11.429
2026-06-30,153222,Kotak Nifty SmallCap 250 Index Fund- Regular - IDCW,11.429
2026-06-30,153223,Kotak Nifty SmallCap 250 Index Fund- Direct - Growth,11.508
2026-06-30,153224,Baroda BNP Paribas Energy Opportunities Fund - Regular Plan - ICDW Option,11.9429
2026-06-30,153225,Baroda BNP Paribas Energy Opportunities Fund - Direct Plan - Growth Option,12.1877
2026-06-30,153226,Baroda BNP Paribas Energy Opportunities Fund - Regular Plan - Growth Option,11.9429
2026-06-30,153227,Baroda BNP Paribas Energy Opportunities Fund - Direct Plan - IDCW Option,12.1877
2026-06-30,153228,DSP BSE SENSEX Next 30 ETF,41.7708
2026-06-30,153229,Groww Nifty India Railways PSU ETF,29.0551
2026-06-30,153230,Groww Nifty India Railways PSU Index Fund - Direct Plan - Growth,7.905
2026-06-30,153231,Groww Nifty India Railways PSU Index Fund - Direct Plan - IDCW,7.9047
2026-06-30,153232,Groww Nifty India Railways PSU Index Fund - Regular Plan - Growth,7.8441
2026-06-30,153233,Groww Nifty India Railways PSU Index Fund - Regular Plan - IDCW,7.8415
2026-06-30,153238,Samco Large Cap Fund - Regular Plan - Growth Option,8.96
2026-06-30,153239,Samco Large Cap Fund - Direct Plan - Growth Option,9.15
2026-06-30,153240,Union Short Duration Fund - Regular Plan - Growth Option,10.9596
2026-06-30,153241,Union Short Duration Fund - Regular Plan - IDCW Option,10.9596
2026-06-30,153242,Union Short Duration Fund - Direct Plan - Growth Option,11.0186
2026-06-30,153243,Union Short Duration Fund - Direct Plan - IDCW Option,11.0186
2026-06-30,153244,Axis Nifty500 Momentum 50 Index Fund - Direct Plan - Growth Option,11.1106
2026-06-30,153245,Axis Nifty500 Momentum 50 Index Fund - Regular Plan - Growth Option,10.9760
2026-06-30,153246,LIC MF Multi Asset Allocation Fund-Direct Plan-Growth,12.1732
2026-06-30,153247,LIC MF Multi Asset Allocation Fund-Direct Plan-IDCW,12.1732
2026-06-30,153248,LIC MF Multi Asset Allocation Fund-Regular Plan-Growth,11.9184
2026-06-30,153249,LIC MF Multi Asset Allocation Fund-Regular Plan-IDCW,11.9184
2026-06-30,153250,SBI Nifty Bank Index Fund-Direct Plan- Growth,11.5391
2026-06-30,153251,SBI Nifty Bank Index Fund- Regular Plan- Income Distribution Cum Capital Withdrawal Option,11.4628
2026-06-30,153252,SBI Nifty Bank Index Fund-Direct Plan- Income Distribution Cum Capital Withdrawal Option,11.5390
2026-06-30,153253,SBI Nifty Bank Index Fund-Regular Plan- Growth,11.4627
2026-06-30,153254,Edelweiss Consumption Fund - Direct - IDCW - Payout,11.0603
2026-06-30,153255,Edelweiss Consumption Fund - Regular - Growth,10.8112
2026-06-30,153256,Motilal Oswal Innovation Opportunities Fund- Regular Plan- Growth,14.1498
2026-06-30,153257,Motilal Oswal Innovation Opportunities Fund- Regular Plan- IDCW,14.1499
2026-06-30,153258,Motilal Oswal Innovation Opportunities Fund - Direct Plan- Growth,14.4233
2026-06-30,153259,Motilal Oswal Innovation Opportunities Fund - Direct Plan- IDCW,14.4223
2026-06-30,153260,ITI Bharat Consumption Fund - Direct Plan - Growth,11.4472
2026-06-30,153261,ITI Bharat Consumption Fund - Direct Plan - IDCW Option,10.8393
2026-06-30,153262,ITI Bharat Consumption Fund - Regular Plan - IDCW Option,10.5767
2026-06-30,153263,ITI Bharat Consumption Fund - Regular Plan Plan - Growth,11.1806
2026-06-30,153264,HDFC Nifty100 Quality 30 Index Fund - Direct Plan,10.3895
2026-06-30,153265,HDFC Nifty100 Quality 30 Index Fund - Regular Plan,10.3224
2026-06-30,153266,HSBC Financial Services Fund - Direct Growth,12.8021
2026-06-30,153267,HSBC Financial Services Fund - Regular Growth,12.557
2026-06-30,153268,HSBC Financial Services Fund - Regular IDCW,12.557
2026-06-30,153269,HSBC Financial Services Fund - Direct IDCW,12.8018
2026-06-30,153270,UTI Nifty India Manufacturing Index Fund - Direct Plan - Growth Option,12.334
2026-06-30,153271,UTI Nifty India Manufacturing Index Fund - Regular Plan - Growth Option,12.2558
2026-06-30,153272,UTI Nifty Midsmallcap 400 Momentum Quality 100 Index Fund - Direct Plan - Growth Option,11.5928
2026-06-30,153273,UTI Nifty Midsmallcap 400 Momentum Quality 100 Index Fund - Regular Plan - Growth Option,11.5128
2026-06-30,153274,Nippon India Active Momentum Fund-Direct Plan - Growth Option,12.8254
2026-06-30,153276,Nippon India Active Momentum Fund - Regular Plan- Growth Option,12.6598
2026-06-30,153277,Nippon India Active Momentum Fund- Direct Plan IDCW Option,12.8254
2026-06-30,153278,Nippon India Active Momentum Fund- Regular Plan- IDCW Option,12.6599
2026-06-30,153280,Shriram Unclaimed Redemption Liquid Fund,1092.9485
2026-06-30,153281,Shriram Unclaimed Redemption Stable Scheme Liquid Fund,1000
2026-06-30,153282,Shriram Unclaimed IDCW Liquid Fund,1080.6619
2026-06-30,153283,Shriram Unclaimed IDCW Stable Scheme Liquid Fund,1000
2026-06-30,153284,Kotak BSE Sensex Index Fund - Regular - Growth,10.175
2026-06-30,153285,Kotak BSE Sensex Index Fund - Regular - IDCW,10.176
2026-06-30,153286,Kotak BSE Sensex Index Fund- Direct - Growth,10.199
2026-06-30,153287,Kotak BSE Sensex Index Fund- Direct - IDCW,10.199
2026-06-30,153288,Invesco India Business Cycle Fund - Regular Plan - Growth,14.06
2026-06-30,153289,Invesco India Business Cycle Fund - Regular Plan - IDCW,14.06
2026-06-30,153290,Invesco India Business Cycle Fund - Direct Plan - IDCW,14.38
2026-06-30,153291,Invesco India Business Cycle Fund - Direct Plan - Growth,14.37
2026-06-30,153293,Bank of India Money Market Fund - Regular - Growth,10.9655
2026-06-30,153294,Bank of India Money Market Fund - Direct - Growth,11.0409
2026-06-30,153295,Bank of India Money Market Fund - Direct - Monthly IDCW,10.0561
2026-06-30,153296,Bank of India Money Market Fund - Direct - Daily IDCW,10.0500
2026-06-30,153298,Bank of India Money Market Fund - Regular - Daily IDCW,10.0500
2026-06-30,153299,Bank of India Money Market Fund - Regular - Monthly IDCW,10.0566
2026-06-30,153301,Bank of India Money Market Fund - Regular - Weekly IDCW,10.0558
2026-06-30,153302,Mahindra Manulife Value Fund - Regular Plan - IDCW,12.4513
2026-06-30,153303,Mahindra Manulife Value Fund - Direct Plan - Growth,12.7504
2026-06-30,153304,Mahindra Manulife Value Fund - Regular Plan - Growth,12.4513
2026-06-30,153305,Mahindra Manulife Value Fund - Direct Plan - IDCW,12.7504
2026-06-30,153306,BAJAJ FINSERV MULTI CAP FUND - DIRECT - IDCW,12.200
2026-06-30,153307,BAJAJ FINSERV MULTI CAP FUND - REGULAR - GROWTH,11.952
2026-06-30,153308,BAJAJ FINSERV MULTI CAP FUND - REGULAR - IDCW,11.952
2026-06-30,153309,BAJAJ FINSERV MULTI CAP FUND - DIRECT - GROWTH,12.200
2026-06-30,153310,Kotak CRISIL - IBX AAA Bond Financial Services Index Dec 2026 Fund - Regular - IDCW,11.0158
2026-06-30,153311,Kotak CRISIL - IBX AAA Bond Financial Services Index Dec 2026 Fund - Regular - Growth,11.0158
2026-06-30,153312,Kotak CRISIL - IBX AAA Bond Financial Services Index Dec 2026 Fund - Direct - IDCW,11.0456
2026-06-30,153313,Kotak CRISIL - IBX AAA Bond Financial Services Index Dec 2026 Fund - Direct - Growth,11.0458
2026-06-30,153314,Kotak MSCI India ETF,29.444
2026-06-30,153315,Kotak Nifty 100 Equal Weight ETF,34.401
2026-06-30,153320,SBI Nifty IT Index Fund - Direct Plan - Growth,6.6518
2026-06-30,153321,SBI Nifty IT Index Fund - Direct Plan - Income Distribution Cum Withdrawal Option (IDCW),6.6519
2026-06-30,153322,SBI Nifty IT Index Fund - Regular Plan - Income Distribution Cum Capital Withdrawal Option (IDCW),6.6095
2026-06-30,153323,SBI Nifty IT Index Fund - Regular Plan - Growth,6.6095
2026-06-30,153324,Helios Mid Cap Fund - Direct Plan - IDCW Option,13.78
2026-06-30,153325,Helios Mid Cap Fund - Regular Plan - IDCW Option,13.51
2026-06-30,153326,Helios Mid Cap Fund - Direct Plan - Growth Option,13.78
2026-06-30,153327,Helios Mid Cap Fund - Regular Plan - Growth Plan,13.51
2026-06-30,153328,Groww Nifty 200 ETF FOF - Direct - Growth,11.4414
2026-06-30,153329,Groww Nifty 200 ETF,11.1941
2026-06-30,153330,ANGEL ONE NIFTY TOTAL MARKET INDEX FUND DIRECT PLAN GROWTH OPTION,11.7106
2026-06-30,153331,ANGEL ONE NIFTY TOTAL MARKET INDEX FUND REGULAR PLAN GROWTH OPTION,11.5945
2026-06-30,153332,ANGEL ONE NIFTY TOTAL MARKET ETF,11.7234
2026-06-30,153333,Edelweiss CRISIL IBX AAA Bond NBFC HFC Jun 2027 Index Fund - Direct Plan - IDCW Option,11.082
2026-06-30,153334,Edelweiss CRISIL IBX AAA Bond NBFC HFC Jun 2027 Index Fund - Regular Plan - Growth Option,11.0523
2026-06-30,153335,Edelweiss CRISIL IBX AAA Bond NBFC HFC Jun 2027 Index Fund - Direct Plan - Growth Option,11.082
2026-06-30,153336,Edelweiss CRISIL IBX AAA Bond NBFC HFC Jun 2027 Index Fund - Regular Plan - IDCW Option,11.0523
2026-06-30,153337,Union Gold ETF,137.5785
2026-06-30,153338,Union Gold ETF Fund of Fund - Regular Plan - Growth Option,15.9929
2026-06-30,153339,Union Gold ETF Fund of Fund - Direct Plan - IDCW Option,16.0505
2026-06-30,153340,Union Gold ETF Fund of Fund - Direct Plan - Growth Option,16.0505
2026-06-30,153341,Union Gold ETF Fund of Fund - Regular Plan - IDCW Option,15.9929
2026-06-30,153342,Groww Nifty 200 ETF FOF - Regular - Growth,11.3592
2026-06-30,153343,Groww Nifty 200 ETF FOF - Direct - IDCW,11.4413
2026-06-30,153344,Groww Nifty 200 ETF FOF - Regular - IDCW,11.3592
2026-06-30,153345,DSP Nifty Private Bank Index Fund - Direct - IDCW,10.9008
2026-06-30,153346,DSP Nifty Private Bank Index Fund - Regular - IDCW,10.7940
2026-06-30,153347,DSP Nifty Private Bank Index Fund - Regular - Growth,11.3760
2026-06-30,153348,DSP Nifty Private Bank Index Fund - Direct - Growth,11.4845
2026-06-30,153349,Bandhan Nifty Next 50 Index Fund - Regular Plan - Growth,12.4924
2026-06-30,153350,Bandhan Nifty Next 50 Index Fund - Direct Plan - Growth,12.6234
2026-06-30,153351,KOTAK NIFTY COMMODITIES INDEX FUND-REGULAR GROWTH,12.202
2026-06-30,153352,KOTAK NIFTY COMMODITIES INDEX FUND-REGULAR-IDCW-PAYOUT & REINVESTMENT,12.201
2026-06-30,153353,Kotak Nifty Commodities Index Fund-Direct Growth,12.244
2026-06-30,153354,KOTAK NIFTY COMMODITIES INDEX FUND-DIRECT-IDCW-PAYOUT & REINVESTMENT,12.245
2026-06-30,153355,WhiteOak Capital Equity Savings Fund Direct Plan Growth,11.580
2026-06-30,153356,WhiteOak Capital Equity Savings Fund Regular Plan Growth,11.358
2026-06-30,153357,360 ONE Gold ETF,137.1712
2026-06-30,153362,Navi Nifty Smallcap 250 Momentum quality index fund- Direct Plan,11.657
2026-06-30,153363,Navi Nifty Smallcap 250 Momentum quality index fund- Regular Plan,11.554
2026-06-30,153364,Motilal Oswal Active Momentum Fund- Direct-Growth,13.7699
2026-06-30,153365,Motilal Oswal Active Momentum Fund- Regular- Growth,13.7520
2026-06-30,153366,Motilal Oswal Active Momentum Fund - Regular- IDCW,13.7524
2026-06-30,153367,Motilal Oswal Active Momentum Fund- Direct-IDCW,13.7696
2026-06-30,153368,Franklin India Low Duration Fund-Direct-Growth,11.0217
2026-06-30,153369,Franklin India Low Duration Fund-Direct-IDCW,10.5706
2026-06-30,153370,Franklin India Low Duration Fund-IDCW,10.5141
2026-06-30,153371,Franklin India Low Duration Fund-Growth,10.9444
2026-06-30,153372,Kotak CRISIL-IBX Financial Services 3-6 Months Debt Index Fund-Direct-Growth,10.9493
2026-06-30,153373,Kotak CRISIL-IBX Financial Services 3-6 Months Debt Index Fund-Direct-IDCW,10.9497
2026-06-30,153374,Kotak CRISIL-IBX Financial Services 3-6 Months Debt Index Fund-Regular-IDCW,10.916
2026-06-30,153375,Kotak CRISIL-IBX Financial Services 3-6 Months Debt Index Fund-Regular-Growth,10.9161
2026-06-30,153376,Unifi Dynamic Asset Allocation Fund - Direct Growth,11.087
2026-06-30,153377,Unifi Dynamic Asset Allocation Fund - Regular Growth,11.002
2026-06-30,153378,ICICI Prudential BSE Liquid Rate ETF - Growth,1068.6796
2026-06-30,153379,Mirae Asset BSE 200 Equal Weight ETF,13.5333
2026-06-30,153380,Mirae Asset BSE 200 Equal Weight ETF Fund of Fund - Direct Plan - Growth,11.540
2026-06-30,153381,Mirae Asset BSE 200 Equal Weight ETF Fund of Fund - Direct Plan - IDCW,11.538
2026-06-30,153382,Mirae Asset BSE 200 Equal Weight ETF Fund of Fund - Regular Plan - Growth,11.465
2026-06-30,153383,Mirae Asset BSE 200 Equal Weight ETF Fund of Fund - Regular Plan - IDCW,11.462
2026-06-30,153384,Mirae Asset BSE Select IPO ETF,45.1431
2026-06-30,153385,Mirae Asset BSE Select IPO ETF Fund of Fund - Direct Plan - Growth,11.109
2026-06-30,153386,Mirae Asset BSE Select IPO ETF Fund of Fund - Direct Plan - IDCW,11.107
2026-06-30,153387,Mirae Asset BSE Select IPO ETF Fund of Fund - Regular Plan - Growth,11.051
2026-06-30,153388,Mirae Asset BSE Select IPO ETF Fund of Fund - Regular Plan - IDCW,11.034
2026-06-30,153389,Bandhan CRISIL-IBX 10:90 Gilt Plus SDL Index - Dec 2029 Fund-Direct Plan-Growth,10.9532
2026-06-30,153390,Bandhan CRISIL-IBX 10:90 Gilt Plus SDL Index - Dec 2029 Fund-Direct Plan-IDCW,10.3868
2026-06-30,153391,Bandhan CRISIL-IBX 10:90 Gilt Plus SDL Index - Dec 2029 Fund-Regular Plan-Growth,10.9145
2026-06-30,153392,Bandhan CRISIL-IBX 10:90 Gilt Plus SDL Index - Dec 2029 Fund-Regular Plan-IDCW,10.2572
2026-06-30,153393,ICICI Prudential Nifty EV & New Age Automotive ETF FOF - IDCW,11.7218
2026-06-30,153394,ICICI Prudential Nifty EV & New Age Automotive ETF FOF - Direct Plan - Growth,11.7726
2026-06-30,153395,ICICI Prudential Nifty EV & New Age Automotive ETF FOF - Direct Plan - IDCW,11.7726
2026-06-30,153396,ICICI Prudential Nifty EV & New Age Automotive ETF FOF - Growth,11.7218
2026-06-30,153397,ICICI Prudential Nifty EV & New Age Automotive ETF,31.1545
2026-06-30,153398,Kotak Nifty Midcap 150 ETF,23.117
2026-06-30,153399,KOTAK NIFTY MIDCAP 150 INDEX FUND-REGULAR PLAN-GROWTH,11.624
2026-06-30,153400,KOTAK NIFTY MIDCAP 150 INDEX FUND-REGULAR PLAN-IDCW PAYOUT AND REINVESTMENT,11.624
2026-06-30,153401,KOTAK NIFTY MIDCAP 150 INDEX FUND-DIRECT PLAN-GROWTH,11.697
2026-06-30,153402,KOTAK NIFTY MIDCAP 150 INDEX FUND-DIRECT PLAN-IDCW-PAYOUT AND REINVESTMENT,11.696
2026-06-30,153403,HDFC NIFTY 1D RATE LIQUID ETF GROWTH,1067.17
2026-06-30,153404,HDFC Nifty Top 20 Equal Weight Index Fund - Regular Growth,9.7696
2026-06-30,153405,HDFC Nifty Top 20 Equal Weight Index Fund - Direct,9.8359
2026-06-30,153406,Motilal Oswal Nifty Capital Market ETF,54.6766
2026-06-30,153407,Bandhan CRISIL-IBX Financial Services 3-6 Months Debt Index Fund - Direct Plan - Growth,10.9494
2026-06-30,153408,Bandhan CRISIL-IBX Financial Services 3-6 Months Debt Index Fund - Regular Plan - Growth,10.8568
2026-06-30,153409,ICICI Prudential CRISIL-IBX Financial Services 3-6 Months Debt Index Fund - Growth,10.9181
2026-06-30,153410,ICICI Prudential CRISIL-IBX Financial Services 3-6 Months Debt Index Fund - Direct Plan - Annual IDCW,10.9383
2026-06-30,153411,ICICI Prudential CRISIL-IBX Financial Services 3-6 Months Debt Index Fund - Direct Plan - Growth,10.9383
2026-06-30,153412,ICICI Prudential CRISIL-IBX Financial Services 3-6 Months Debt Index Fund - Annual IDCW,10.9181
2026-06-30,153413,Zerodha Silver ETF,22.6517
2026-06-30,153414,Axis Nifty500 Value 50 ETF,32.9486
2026-06-30,153415,360 ONE Silver ETF,219.7863
2026-06-30,153416,Edelweiss Low Duration Fund - Direct Plan Growth,1092.5523
2026-06-30,153417,Edelweiss Low Duration Fund - Regular Plan IDCW Payout,1081.7814
2026-06-30,153418,Edelweiss Low Duration Fund - Direct Plan IDCW Payout,1092.5209
2026-06-30,153419,Edelweiss Low Duration Fund - Regular Plan Growth,1081.7818
2026-06-30,153420,Tata BSE Quality Index Fund Direct plan Growth Option,11.3733
2026-06-30,153421,Tata BSE Quality Index Fund Direct plan IDCW Payout Option,11.3733
2026-06-30,153422,Tata BSE Quality Index Fund Direct plan IDCW Reinvestment Option,11.3733
2026-06-30,153423,Tata BSE Quality Index Fund Regular plan IDCW Reinvestment Option,11.2664
2026-06-30,153424,Tata BSE Quality Index Fund Regular plan IDCW Payout Option,11.2664
2026-06-30,153425,Tata BSE Quality Index Fund Regular plan Growth Option,11.2664
2026-06-30,153426,quant Arbitrage Fund - Growth Option - Direct Plan,10.9162
2026-06-30,153427,quant Arbitrage Fund - IDCW Option - Direct Plan,10.9064
2026-06-30,153428,quant Arbitrage Fund - Growth Option - Regular Plan,10.8363
2026-06-30,153429,quant Arbitrage Fund - IDCW Option - Regular Plan,10.8366
2026-06-30,153431,SBI BSE PSU BANK INDEX FUND- Regular Plan- Income Distribution Cum Capital Withdrawal Option (IDCW),13.5901
2026-06-30,153432,SBI BSE PSU BANK INDEX FUND- Direct Plan- Growth,13.6709
2026-06-30,153433,SBI BSE PSU BANK INDEX FUND- Direct Plan- Income Distribution Cum Capital Withdrawal Option (IDCW),13.6707
2026-06-30,153434,SBI BSE PSU BANK INDEX FUND- Regular Plan- Growth,13.5883
2026-06-30,153435,SBI BSE PSU BANK ETF,49.3074
2026-06-30,153436,Zerodha Overnight Fund - Direct Plan - Growth Option,10.6733
2026-06-30,153437,Bajaj Finserv Overnight Fund - Direct - Unclaimed less than 3 years IDCW Plan,1063.6207
2026-06-30,153438,Bajaj Finserv Overnight Fund - Direct - Unclaimed less than 3 years Redemption Plan,1069.7397
2026-06-30,153441,UTI Income Plus Arbitrage Active Fund of Fund - Regular Plan - Growth Option,10.76
2026-06-30,153442,UTI Income Plus Arbitrage Active Fund of Fund - Direct Plan - Growth Option,10.8069
2026-06-30,153443,Aditya Birla Sun Life Crisil-IBX Financial Services 9-12 Months Debt Index Fund-Direct Growth,10.9215
2026-06-30,153444,Aditya Birla Sun Life Crisil-IBX Financial Services 9-12 Months Debt Index Fund-Direct IDCW Payout,10.9223
2026-06-30,153445,Aditya Birla Sun Life Crisil-IBX Financial Services 9-12 Months Debt Index Fund-Regular Growth,10.894
2026-06-30,153447,Kotak Energy Opportunities Fund-Direct-Growth,10.92
2026-06-30,153448,Kotak Energy Opportunities Fund-Direct-IDCW-Payout & Reinvestment,10.919
2026-06-30,153449,Kotak Energy Opportunities Fund-Regular-Growth,10.725
2026-06-30,153450,Kotak Energy Opportunities Fund-Regular-IDCW-Payout & Reinvestment,10.725
2026-06-30,153451,ANGEL ONE NIFTY 1D RATE LIQUID ETF - GROWTH,1066.0354
2026-06-30,153452,Groww Nifty 500 Momentum 50 ETF,10.7747
2026-06-30,153453,Groww Nifty 500 Momentum 50 ETF FOF - Direct Plan - Growth,10.6554
2026-06-30,153454,Groww Nifty 500 Momentum 50 ETF FOF - Direct Plan - IDCW,10.6671
2026-06-30,153455,Groww Nifty 500 Momentum 50 ETF FOF - Regular Plan - IDCW,10.5991
2026-06-30,153456,Groww Nifty 500 Momentum 50 ETF FOF - Regular Plan- Growth,10.5992
2026-06-30,153457,ICICI Prudential Quality Fund - IDCW,10.27
2026-06-30,153458,ICICI Prudential Quality Fund - Direct Plan - Growth,10.41
2026-06-30,153459,ICICI Prudential Quality Fund - Growth,10.27
2026-06-30,153460,ICICI Prudential Quality Fund - Direct Plan - IDCW,10.41
2026-06-30,153461,Kotak Nifty Top 10 Equal Weight Index Fund-Direct Plan-Growth,9.008
2026-06-30,153462,Kotak Nifty Top 10 Equal Weight Index Fund-Direct Plan-IDCW-Payout and Reinvestment,9.008
2026-06-30,153463,Kotak Nifty Top 10 Equal Weight Index Fund-Regular Plan-Growth,8.934
2026-06-30,153464,Kotak Nifty Top 10 Equal Weight Index Fund-Regular Plan-IDCW Payout and Reinvestment,8.934
2026-06-30,153465,Canara Robeco Multi Asset Allocation Fund - Direct Plan - Growth,11.0600
2026-06-30,153466,Canara Robeco Multi Asset Allocation Fund - Regular Plan - Growth,10.8800
2026-06-30,153467,Canara Robeco Multi Asset Allocation Fund - Regular Plan - IDCW,10.8800
2026-06-30,153468,Canara Robeco Multi Asset Allocation Fund - Direct Plan - IDCW,11.0700
2026-06-30,153469,Nippon India Nifty 500 Quality 50 Index Fund - Regular Plan - IDCW Option,10.7809
2026-06-30,153470,Nippon India Nifty 500 Quality 50 Index Fund - Direct Plan - Growth Option,10.8504
2026-06-30,153471,Nippon India Nifty 500 Quality 50 Index Fund - Direct Plan - IDCW Option,10.8504
2026-06-30,153472,Nippon India Nifty 500 Quality 50 Index Fund - Regular Plan - Growth Option,10.7809
2026-06-30,153473,Nippon India Nifty 500 Low Volatility 50 Index Fund - Direct Plan - IDCW Plan,10.4992
2026-06-30,153474,Nippon India Nifty 500 Low Volatility 50 Index Fund - Direct Plan - Growth Option,10.4992
2026-06-30,153475,Nippon India Nifty 500 Low Volatility 50 Index Fund - Regular Plan - Growth Option,10.4301
2026-06-30,153476,Nippon India Nifty 500 Low Volatility 50 Index Fund - Regular Pan - IDCW Option,10.4301
2026-06-30,153477,Groww Gilt Fund - Direct - Growth,10.0444
2026-06-30,153478,Bajaj Finserv Nifty Next 50 Index Fund - Direct - IDCW,11.3901
2026-06-30,153479,Bajaj Finserv Nifty Next 50 Index Fund - Direct - Growth,11.3901
2026-06-30,153480,Bajaj Finserv Nifty Next 50 Index Fund - Regular - Growth,11.3046
2026-06-30,153481,Bajaj Finserv Nifty Next 50 Index Fund - Regular - IDCW,11.3046
2026-06-30,153482,Motilal Oswal Infrastructure Fund-Regular-Growth,12.9654
2026-06-30,153483,Motilal Oswal Infrastructure Fund-Direct-IDCW,12.6216
2026-06-30,153484,Motilal Oswal Infrastructure Fund-Direct-Growth,13.0751
2026-06-30,153485,Motilal Oswal Infrastructure Fund-Regular-IDCW,12.5136
2026-06-30,153486,DSP Silver ETF Fund of Fund - Regular - Growth,23.0322
2026-06-30,153487,DSP Silver ETF Fund of Fund - Direct - Growth,23.1463
2026-06-30,153488,DSP Silver ETF Fund of Fund - Regular - IDCW,23.0322
2026-06-30,153489,DSP Silver ETF Fund of Fund - Direct - IDCW,23.1463
2026-06-30,153494,Edelweiss BSE Internet Economy Index Fund - Direct Plan - IDCW,10.5489
2026-06-30,153495,Edelweiss BSE Internet Economy Index Fund - Regular Plan - Growth,10.4695
2026-06-30,153496,Edelweiss BSE Internet Economy Index Fund - Regular Plan - IDCW,10.4695
2026-06-30,153497,Edelweiss BSE Internet Economy Index Fund - Direct Plan - Growth,10.5489
2026-06-30,153498,SBI Income Plus Arbitrage Active FOF- Direct Plan- Growth,10.6695
2026-06-30,153499,SBI Income Plus Arbitrage Active FOF- Regular Plan- Income Distribution Cum Capital Withdrawal Option,10.6496
2026-06-30,153500,SBI Income Plus Arbitrage Active FOF- Regular Plan- Growth,10.6496
2026-06-30,153501,SBI Income Plus Arbitrage Active FOF- Direct Plan- Income Distribution Cum Capital Withdrawal Option,10.6694
2026-06-30,153502,Groww Gilt Fund - Direct - IDCW,10.0423
2026-06-30,153503,Groww Gilt Fund - Regular - Growth,9.9267
2026-06-30,153504,Groww Gilt Fund - Regular - IDCW,9.9269
2026-06-30,153505,Bajaj Finserv Nifty 50 Index Fund - Direct - IDCW,9.7309
2026-06-30,153506,Bajaj Finserv Nifty 50 Index Fund - Direct - Growth,9.7309
2026-06-30,153507,Bajaj Finserv Nifty 50 Index Fund - Regular - IDCW,9.6570
2026-06-30,153508,Bajaj Finserv Nifty 50 Index Fund - Regular - Growth,9.6570
2026-06-30,153509,Tata Income Plus Arbitrage Active FOF - Direct Plan IDCW Reinvestment Option,10.6306
2026-06-30,153510,Tata Income Plus Arbitrage Active FOF - Regular Plan IDCW Payout Option,10.5686
2026-06-30,153511,Tata Income Plus Arbitrage Active FOF - Regular Plan Growth Option,10.5686
2026-06-30,153512,Tata Income Plus Arbitrage Active FOF - Direct Plan IDCW Payout Option,10.6306
2026-06-30,153513,Tata Income Plus Arbitrage Active FOF - Direct Plan Growth Option,10.6306
2026-06-30,153514,Tata Income Plus Arbitrage Active FOF - Regular Plan IDCW Reinvestment Option,10.5686
2026-06-30,153515,UTI Multi Cap Fund - Direct Plan - Growth Option,10.5019
2026-06-30,153516,UTI Multi Cap Fund - Regular Plan - Growth Option,10.3239
2026-06-30,153517,HDFC CRISIL-IBX Financial Services 3-6 Months Debt Index Fund - Direct Growth Plan,10.8309
2026-06-30,153518,HDFC CRISIL-IBX Financial Services 3-6 Months Debt Index Fund - Regular Growth Plan,10.8085
2026-06-30,153519,Mirae Asset Nifty 50 Equal Weight ETF,326.1433
2026-06-30,153524,Groww Silver ETF,21.9047
2026-06-30,153525,Groww Silver ETF FOF - Direct - Growth,21.676
2026-06-30,153526,Groww Silver ETF FOF - Direct - IDCW,21.6805
2026-06-30,153527,Groww Silver ETF FOF - Regular - Growth,21.5777
2026-06-30,153528,Groww Silver ETF FOF - Regular - IDCW,21.5776
2026-06-30,153529,ANGEL ONE NIFTY 50 INDEX FUND-DIRECT-GROWTH,9.8111
2026-06-30,153530,ANGEL ONE NIFTY 50 INDEX FUND-REGULAR-GROWTH,9.7573
2026-06-30,153531,ANGEL ONE NIFTY 50 ETF,9.837
2026-06-30,153532,MOTILAL OSWAL NIFTY 50 EQUAL WEIGHT ETF,32.7209
2026-06-30,153533,Samco Large & Mid Cap Fund - Regular Plan - Growth Option,9.01
2026-06-30,153534,Samco Large & Mid Cap Fund - Direct Plan - Growth Option,9.16
2026-06-30,153535,MOTILAL OSWAL NIFTY NEXT 50 ETF,71.4097
2026-06-30,153536,Baroda BNP Paribas Income Plus Arbitrage Active FOF Direct Growth,10.6648
2026-06-30,153538,Baroda BNP Paribas Income Plus Arbitrage Active FOF Regular IDCW Payout,10.6420
2026-06-30,153540,Baroda BNP Paribas Income Plus Arbitrage Active FOF Direct IDCW Payout,10.6648
2026-06-30,153541,Baroda BNP Paribas Income Plus Arbitrage Active FOF Regular Growth,10.6420
2026-06-30,153542,Unifi Flexi Cap Fund - Regular Growth,10.3323
2026-06-30,153543,Unifi Flexi Cap Fund - Direct Growth,10.4766
2026-06-30,153544,ICICI Prudential Nifty200 Quality 30 Index Fund - Growth,9.4462
2026-06-30,153545,ICICI Prudential Nifty200 Quality 30 Index Fund - IDCW,9.4459
2026-06-30,153546,ICICI Prudential Nifty200 Quality 30 Index Fund - Direct Plan - Growth,9.4937
2026-06-30,153547,ICICI Prudential Nifty200 Quality 30 Index Fund - Direct Plan - IDCW,9.4934
2026-06-30,153548,Baroda BNP Paribas Multi Asset Active FOF Regular Growth,11.1236
2026-06-30,153549,Baroda BNP Paribas Multi Asset Active FOF Regular ICDW Payout,11.1236
2026-06-30,153550,Baroda BNP Paribas Multi Asset Active FOF Direct IDCW Payout,11.2301
2026-06-30,153552,Baroda BNP Paribas Multi Asset Active FOF Direct Growth,11.2301
2026-06-30,153554,SBI Nifty200 Quality 30 Index Fund-Regular Plan- Growth,9.6024
2026-06-30,153555,SBI Nifty200 Quality 30 Index Fund-Direct Plan- Growth,9.6421
2026-06-30,153556,SBI Nifty200 Quality 30 Index Fund- Regular Plan- Income Cum Distribution Withdrawal Option,9.6024
2026-06-30,153557,SBI Nifty200 Quality 30 Index Fund- Direct Plan- Income Distribution Cum Capital Withdrawal Option,9.6422
2026-06-30,153558,Motilal Oswal Services Fund - Direct Plan - Growth,11.1915
2026-06-30,153561,Motilal Oswal Services Fund - Regular Plan - Growth,11.0990
2026-06-30,153562,Motilal Oswal Services Fund - Regular Plan - IDCW,11.0990
2026-06-30,153563,Motilal Oswal Services Fund - Direct Plan - IDCW,11.1915
2026-06-30,153564,Motilal Oswal BSE India Infrastructure ETF,62.6567
2026-06-30,153565,Nippon India BSE Sensex Next 30 Index -Direct Plan - IDCW Payout,10.7695
2026-06-30,153566,Nippon India BSE Sensex Next 30 Index Fund - Regular Plan-Growth Option,10.7330
2026-06-30,153567,Nippon India BSE Sensex Next 30 Index Fund- Direct Plan- Growth Option,10.7695
2026-06-30,153568,Nippon India BSE Sensex Next 30 Index Fund -Regular Plan- IDCW Payout,10.7330
2026-06-30,153569,Nippon India BSE Sensex Next 30 ETF,41.6722
2026-06-30,153570,Unifi Liquid Fund- Direct Growth,1063.8947
2026-06-30,153571,Unifi Liquid Fund- Regular Growth,1063.2209
2026-06-30,153572,Motilal Oswal Nifty India Manufacturing ETF,158.1500
2026-06-30,153573,Union Income Plus Arbitrage Active FOF - Regular Plan - Growth Option,10.4180
2026-06-30,153574,Union Income Plus Arbitrage Active FOF - Regular Plan - IDCW Option,10.4180
2026-06-30,153575,Union Income Plus Arbitrage Active FOF - Direct Plan - Growth Option,10.4683
2026-06-30,153576,Union Income Plus Arbitrage Active FOF - Direct Plan - IDCW Option,10.4683
2026-06-30,153577,Tata Nifty Midcap 150 Index Fund - Direct Plan - IDCW Reinvestment Option,10.8292
2026-06-30,153578,Tata Nifty Midcap 150 Index Fund - Regular Plan - IDCW Reinvestment Option,10.7225
2026-06-30,153579,Tata Nifty Midcap 150 Index Fund - Direct Plan - IDCW Payout Option,10.8292
2026-06-30,153580,Tata Nifty Midcap 150 Index Fund - Regular Plan - Growth Option,10.7225
2026-06-30,153581,Tata Nifty Midcap 150 Index Fund - Direct Plan - Growth Option,10.8292
2026-06-30,153582,Tata Nifty Midcap 150 Index Fund - Regular Plan - IDCW Payout Option,10.7225
2026-06-30,153583,Groww Nifty 500 Low Volatility 50 ETF,10.1416
2026-06-30,153585,Kotak Liquid Fund - Direct Plan - Weekly - Reinvestment & Payout of Income Distribution cum capital withdrawal option,1005.2737
2026-06-30,153586,Kotak Liquid Fund - Regular Plan - Weekly - Reinvestment & Payout of Income Distribution cum capital withdrawal option,1041.7652
2026-06-30,153588,DSP Nifty IT Index Fund - Regular - Growth,6.8361
2026-06-30,153589,DSP Nifty IT Index Fund - Regular - IDCW,6.8361
2026-06-30,153590,DSP Nifty IT Index Fund - Direct - Growth,6.8868
2026-06-30,153591,DSP Nifty IT Index Fund - Direct - IDCW,6.8868
2026-06-30,153592,DSP Nifty Healthcare Index Fund - Regular - Growth,11.3836
2026-06-30,153593,DSP Nifty Healthcare Index Fund - Direct - IDCW,11.4630
2026-06-30,153594,DSP Nifty Healthcare Index Fund - Direct- Growth,11.4630
2026-06-30,153595,DSP Nifty Healthcare Index Fund - Regular - IDCW,11.3836
2026-06-30,153596,Motilal Oswal BSE 1000 Index Fund - Direct Plan - Growth,9.9472
2026-06-30,153597,Motilal Oswal BSE 1000 Index Fund - Regular Plan - Growth,9.8747
2026-06-30,153598,Nippon India Income Plus Arbitrage Active Fund of Fund - Direct Plan-IDCW Payout,10.6235
2026-06-30,153599,Nippon India Income Plus Arbitrage Active Fund of Fund - Regular Plan- IDCW Payout,10.5978
2026-06-30,153600,Nippon India Income Plus Arbitrage Active Fund of Fund- Direct Plan- Growth Option,10.6235
2026-06-30,153601,Nippon India Income Plus Arbitrage Active Fund of Fund -Regular Plan- Growth Option,10.5978
2026-06-30,153602,Baroda BNP Paribas Health and Wellness Fund Regular Growth,10.2603
2026-06-30,153604,Baroda BNP Paribas Health and Wellness Fund Direct Growth,10.4472
2026-06-30,153605,Baroda BNP Paribas Health and Wellness Fund Direct IDCWPayout,10.4472
2026-06-30,153607,Baroda BNP Paribas Health and Wellness Fund Regular IDCWPayout,10.2603
2026-06-30,153608,Motilal Oswal Nifty PSE ETF,101.2521
2026-06-30,153609,BAJAJ FINSERV SMALL CAP FUND - REGULAR - GROWTH,10.692
2026-06-30,153610,BAJAJ FINSERV SMALL CAP FUND - REGULAR - IDCW,10.692
2026-06-30,153611,BAJAJ FINSERV SMALL CAP FUND - DIRECT - IDCW,10.850
2026-06-30,153612,BAJAJ FINSERV SMALL CAP FUND - DIRECT - GROWTH,10.850
2026-06-30,153613,ICICI Prudential Nifty Top 15 Equal Weight Index Fund - Growth,9.2609
2026-06-30,153614,ICICI Prudential Nifty Top 15 Equal Weight Index Fund - Direct Plan - Growth,9.3137
2026-06-30,153615,ICICI Prudential Nifty Top 15 Equal Weight Index Fund - IDCW,9.2610
2026-06-30,153616,ICICI Prudential Nifty Top 15 Equal Weight Index Fund - Direct Plan - IDCW,9.3142
2026-06-30,153617,ICICI Prudential Nifty Top 15 Equal Weight ETF,9.7517
2026-06-30,153618,Motilal Oswal Nifty India Tourism ETF,79.6727
2026-06-30,153619,HDFC INNOVATION FUND - REGULAR PLAN - GROWTH OPTION,10.785
2026-06-30,153620,HDFC INNOVATION FUND - DIRECT PLAN - GROWTH OPTION,10.912
2026-06-30,153621,Axis Services Opportunities Fund - Regular Plan - Growth Option,9.73
2026-06-30,153622,Axis Services Opportunities Fund - Direct Plan - IDCW Option,9.85
2026-06-30,153623,Axis Services Opportunities Fund - Regular Plan - IDCW Option,9.73
2026-06-30,153624,Axis Services Opportunities Fund - Direct Plan - Growth Option,9.86
2026-06-30,153625,Groww Nifty India Internet ETF,9.3163
2026-06-30,153626,Groww Nifty India Internet ETF FOF - Direct - Growth,9.2333
2026-06-30,153627,JM Large & Mid Cap Fund (Regular) - Growth Option,10.3254
2026-06-30,153628,JM Large & Mid Cap Fund (Regular) - IDCW,10.3254
2026-06-30,153629,JM Large & Mid Cap Fund (Direct) - Growth Option,10.4923
2026-06-30,153630,JM Large & Mid Cap Fund (Direct) - IDCW,10.4923
2026-06-30,153631,Groww Nifty India Internet ETF FOF - Regular - IDCW,9.1916
2026-06-30,153632,Groww Nifty India Internet ETF FOF - Direct - IDCW,9.2333
2026-06-30,153633,Groww Nifty India Internet ETF FOF - Regular - Growth,9.1916
2026-06-30,153634,Mirae Asset CRISIL-IBX Financial Services 9-12 Months Debt Index Fund - Direct Plan - Growth,10.6394
2026-06-30,153635,Mirae Asset CRISIL-IBX Financial Services 9-12 Months Debt Index Fund - Direct Plan - IDCW,10.6383
2026-06-30,153636,Mirae Asset CRISIL-IBX Financial Services 9-12 Months Debt Index Fund - Regular Plan - Growth,10.6187
2026-06-30,153637,Mirae Asset CRISIL-IBX Financial Services 9-12 Months Debt Index Fund - Regular Plan - IDCW,10.6189
2026-06-30,153638,Mirae Asset Income plus Arbitrage Active FOF - Direct Plan - Growth,10.608
2026-06-30,153639,Mirae Asset Income plus Arbitrage Active FOF - Direct Plan - IDCW,10.608
2026-06-30,153640,Mirae Asset Income plus Arbitrage Active FOF - Regular Plan - Growth,10.582
2026-06-30,153641,Mirae Asset Income plus Arbitrage Active FOF - Regular Plan - IDCW,10.582
2026-06-30,153642,Mirae Asset Nifty India Internet ETF,12.5805
2026-06-30,153643,HDFC INNOVATION FUND - IDCW - DIRECT PLAN,10.912
2026-06-30,153644,TRUSTMF MULTI CAP FUND -DIRECT PLAN-GROWTH,11.48
2026-06-30,153645,TRUSTMF MULTI CAP FUND -REGULAR PLAN-GROWTH,11.29
2026-06-30,153647,HDFC INNOVATION FUND - IDCW - REGULAR PLAN,10.785
2026-06-30,153649,JioBlackRock Money Market Fund - Direct Plan - Growth Option,1062.3271
2026-06-30,153650,JioBlackRock Overnight Fund - Direct Plan - Growth Option,1053.3472
2026-06-30,153651,JioBlackRock Liquid Fund - Direct Plan - Growth Option,1063.7121
2026-06-30,153652,Union Low Duration Fund - Regular Plan - Growth Option,10.5004
2026-06-30,153653,Union Low Duration Fund - Regular Plan - IDCW Option,10.5004
2026-06-30,153654,Union Low Duration Fund - Direct Plan - Growth Option,10.5753
2026-06-30,153655,Union Low Duration Fund - Direct Plan - IDCW Option,10.5753
2026-06-30,153656,Zerodha Silver ETF FoF - Direct Growth,20.2792
2026-06-30,153657,Kotak Nifty200 Quality 30 ETF,19.843
2026-06-30,153658,KOTAK NIFTY 200 QUALITY 30 INDEX FUND - DIRECT PLAN - IDCW - PAYOUT AND REINVESTMENT,9.516
2026-06-30,153659,KOTAK NIFTY 200 QUALITY 30 INDEX FUND - REGULAR PLAN - GROWTH,9.48
2026-06-30,153660,KOTAK NIFTY 200 QUALITY 30 INDEX FUND - DIRECT PLAN - GROWTH,9.516
2026-06-30,153661,KOTAK NIFTY 200 QUALITY 30 INDEX FUND - REGULAR PLAN - IDCW - PAYOUT AND REINVESTMENT,9.48
2026-06-30,153662,SBI Nifty200 Momentum 30 Index Fund- Direct Plan- Growth,9.7974
2026-06-30,153663,SBI Nifty200 Momentum 30 Index Fund- Regular Plan- Growth,9.7611
2026-06-30,153664,SBI Nifty200 Momentum 30 Index Fund- Regular Plan- Income Distribution Cum Capital Withdrawal Option (IDCW),9.7611
2026-06-30,153665,SBI Nifty200 Momentum 30 Index Fund- Direct Plan- Income Cum Distribution Capital Withdrawal Option (IDCW),9.7974
2026-06-30,153666,Sundaram Multi-Factor Fund - Direct - IDCW Reinvestment,9.8547
2026-06-30,153667,Sundaram Multi-Factor Fund - Regular - Growth,9.7061
2026-06-30,153668,Sundaram Multi-Factor Fund - Regular - IDCW Reinvestment,9.7061
2026-06-30,153669,Sundaram Multi-Factor Fund - Direct - Growth,9.8547
2026-06-30,153670,Sundaram Multi-Factor Fund - Direct - IDCW Payout,9.8547
2026-06-30,153671,Sundaram Multi-Factor Fund - Regular - IDCW Payout,9.7061
2026-06-30,153672,Mahindra Manulife Banking & Financial Services Fund - Direct - IDCW,10.8778
2026-06-30,153673,Mahindra Manulife Banking & Financial Services Fund - Regular - IDCW,10.6935
2026-06-30,153674,Mahindra Manulife Banking & Financial Services Fund - Direct - Growth,10.8778
2026-06-30,153675,Mahindra Manulife Banking & Financial Services Fund - Regular - Growth,10.6935
2026-06-30,153676,ICICI Prudential Nifty Private Bank Index Fund - Growth,9.9682
2026-06-30,153679,ICICI Prudential Nifty Private Bank Index Fund - Direct Plan - Growth,10.0211
2026-06-30,153680,Kotak Nifty AAA Bond Financial Services Mar 2028 Index Fund - Direct Plan - Growth,10.5684
2026-06-30,153681,Kotak Nifty AAA Bond Financial Services Mar 2028 Index Fund - Direct Plan - IDCW - Payout & Reinvestment,10.5682
2026-06-30,153682,Kotak Nifty AAA Bond Financial Services Mar 2028 Index Fund - Regular Plan - IDCW - Payout & Reinvestment,10.5469
2026-06-30,153683,Kotak Nifty AAA Bond Financial Services Mar 2028 Index Fund - Regular Plan - Growth,10.5468
2026-06-30,153684,ICICI Prudential Active Momentum Fund - Direct Plan - Growth,10.95
2026-06-30,153685,ICICI Prudential Active Momentum Fund - Growth,10.83
2026-06-30,153688,Tata Liquid Fund - Regular Plan - Weekly IDCW Reinvestment,1059.6741
2026-06-30,153689,Tata Liquid Fund - Direct Plan - Weekly IDCW Reinvestment,1064.6355
2026-06-30,153690,Nippon India MNC Fund- Direct Plan-IDCW Payout,10.6957
2026-06-30,153691,Nippon India MNC Fund- Regular Plan-Growth Option,10.5679
2026-06-30,153692,Nippon India MNC Fund- Regular Plan- IDCW Payout,10.5679
2026-06-30,153693,Nippon India MNC Fund- Direct Plan- Growth Option,10.6957
2026-06-30,153694,Motilal Oswal Nifty Midcap150 Momentum 50 ETF,63.9943
2026-06-30,153695,Invesco India Income Plus Arbitrage Active Fund of Fund - Regular Plan - Growth Plan,1052.0605
2026-06-30,153696,Invesco India Income Plus Arbitrage Active Fund of Fund - Regular Plan - IDCW (Payout / Reinvestment),1052.06
2026-06-30,153697,Invesco India Income Plus Arbitrage Active Fund of Fund - Direct Plan - Growth,1055.8307
2026-06-30,153698,Invesco India Income Plus Arbitrage Active Fund of Fund - Direct Plan - IDCW (Payout / Reinvestment),1055.8301
2026-06-30,153699,Groww Nifty 50 ETF,9.627
2026-06-30,153700,360 ONE Overnight Fund - Regular Plan - Growth,1051.8954
2026-06-30,153701,360 ONE Overnight Fund- Direct Plan - IDCW,1052.7151
2026-06-30,153702,360 ONE Overnight Fund - Regular Plan - IDCW,1051.8954
2026-06-30,153703,360 ONE Overnight Fund - Direct Plan - Growth,1052.7151
2026-06-30,153704,Groww Nifty 50 Index Fund Direct Growth,9.5573
2026-06-30,153705,quant Equity Savings Fund - Growth Option - Direct Plan,10.6997
2026-06-30,153706,quant Equity Savings Fund - IDCW Option - Direct Plan,10.6748
2026-06-30,153707,quant Equity Savings Fund - Growth Option - Regular Plan,10.529
2026-06-30,153708,quant Equity Savings Fund - IDCW Option - Regular Plan,10.5286
2026-06-30,153709,Groww Nifty 50 Index Fund Direct IDCW,9.5573
2026-06-30,153710,Groww Nifty 50 Index Fund Regular Growth,9.4947
2026-06-30,153711,Groww Nifty 50 Index Fund Regular IDCW,9.4947
2026-06-30,153712,Edelweiss Income Plus Arbitrage Active Fund of Funds - Direct Plan Growth,10.5278
2026-06-30,153713,Edelweiss Income Plus Arbitrage Active Fund of Funds - Regular-Growth,10.5027
2026-06-30,153714,Edelweiss Income Plus Arbitrage Active Fund of Fund - Regular - Dividend- Payout,10.5027
2026-06-30,153715,Edelweiss Income Plus Arbitrage Active Fund of Funds - Direct-Dividend-Payout,10.5278
2026-06-30,153716,SBI Nifty100 Low Volatility 30 Index Fund- Regular Plan- Growth,9.9322
2026-06-30,153717,SBI Nifty100 Low Volatility 30 Index Fund- Regular Plan- Income Cum Distribution Capital Withdrawal Option (IDCW),9.9322
2026-06-30,153718,SBI Nifty100 Low Volatility 30 Index Fund- Direct Plan- Growth,9.9680
2026-06-30,153719,SBI Nifty100 Low Volatility 30 Index Fund-Direct  Plan- Income Cum Distribution Capital Withdrawal Option (IDCW),9.9680
2026-06-30,153720,Bandhan Multi-Factor Fund - Direct Plan - IDCW,9.960
2026-06-30,153721,Bandhan Multi-Factor Fund - Regular Plan - Growth,9.817
2026-06-30,153722,Bandhan Multi-Factor Fund - Direct Plan - Growth,9.960
2026-06-30,153723,Bandhan Multi-Factor Fund - Regular Plan - IDCW,9.817
2026-06-30,153724,Motilal Oswal Nifty Alpha 50 ETF,53.3645
2026-06-30,153725,Nippon India Nifty 1D Rate Liquid ETF-Growth,1045.5687
2026-06-30,153726,Bank of India Mid Cap Fund - Regular Plan Growth,10.25
2026-06-30,153727,Bank of India Mid Cap Fund - Regular Plan IDCW,10.25
2026-06-30,153728,Bank of India Mid Cap Fund - Direct Plan Growth,10.35
2026-06-30,153729,Bank of India Mid Cap Fund - Direct Plan IDCW,10.35
2026-06-30,153730,Franklin India Multi Asset Allocation Fund- IDCW,10.8163
2026-06-30,153731,Franklin India Multi Asset Allocation Fund- Direct-Growth,10.9804
2026-06-30,153732,Franklin India Multi Asset Allocation Fund- Direct- IDCW,10.9804
2026-06-30,153733,Franklin India Multi Asset Allocation Fund- Growth,10.8163
2026-06-30,153734,Aditya Birla Sun Life BSE 500 Momentum 50 Index Fund-Regular IDCW Payout,10.6214
2026-06-30,153735,Aditya Birla Sun Life BSE 500 Momentum 50 Index Fund- Regular Growth,10.6214
2026-06-30,153736,Aditya Birla Sun Life BSE 500 Momentum 50 Index Fund-Direct Growth,10.6921
2026-06-30,153737,Aditya Birla Sun Life BSE 500 Momentum 50 Index Fund-Direct IDCW Payout,10.6932
2026-06-30,153738,CAPITALMIND FLEXI CAP FUND DIRECT GROWTH,10.0371
2026-06-30,153739,CAPITALMIND FLEXI CAP FUND REGULAR GROWTH,9.9102
2026-06-30,153740,Aditya Birla Sun Life BSE 500 Quality 50 Index Fund - Direct Growth,10.6894
2026-06-30,153741,Aditya Birla Sun Life BSE 500 Quality 50 Index Fund - Direct IDCW Payout,10.6893
2026-06-30,153742,Aditya Birla Sun Life BSE 500 Quality 50 Index Fund - Regular Growth,10.6173
2026-06-30,153743,Aditya Birla Sun Life BSE 500 Quality 50 Index Fund - Regular IDCW Payout,10.6173
2026-06-30,153744,Groww BSE Power ETF,12.1876
2026-06-30,153745,Groww BSE Power ETF FOF Direct Growth,12.4014
2026-06-30,153746,Groww BSE Power ETF FOF Direct IDCW,12.4015
2026-06-30,153747,Groww BSE Power ETF FOF Regular IDCW,12.3519
2026-06-30,153748,Groww BSE Power ETF FOF Regular Growth,12.3518
2026-06-30,153749,Motilal Oswal Special Opportunities Fund - Direct - Growth,11.6338
2026-06-30,153750,Motilal Oswal Special Opportunities Fund - Direct- IDCW,11.6338
2026-06-30,153751,Motilal Oswal Special Opportunities Fund-Regular Plan-Growth,11.6230
2026-06-30,153752,Motilal Oswal Special Opportunities Fund-Regular Plan- IDCW,11.6230
2026-06-30,153753,Kotak Active Momentum Fund - Direct Plan - Growth option,10.622
2026-06-30,153754,Kotak Active Momentum Fund - Direct Plan - IDCW - Payout and Reinvestment,10.622
2026-06-30,153755,Kotak Active Momentum Fund - Regular Plan - Growth,10.498
2026-06-30,153756,Kotak Active Momentum Fund - Regular Plan - IDCW - Payout & Reinvestment,10.498
2026-06-30,153757,Zerodha Multi Asset Passive FoF - Direct - Growth,11.2581
2026-06-30,153758,BAJAJ FINSERV EQUITY SAVINGS FUND - DIRECT - GROWTH,10.460
2026-06-30,153769,BAJAJ FINSERV EQUITY SAVINGS FUND - REGULAR - GROWTH,10.366
2026-06-30,153770,BAJAJ FINSERV EQUITY SAVINGS FUND -  DIRECT - IDCW,10.460
2026-06-30,153771,BAJAJ FINSERV EQUITY SAVINGS FUND - REGULAR - IDCW,10.366
2026-06-30,153772,360 ONE Multi Asset Allocation Fund - Regular Plan - Growth,11.9724
2026-06-30,153773,360 ONE Multi Asset Allocation Fund - Direct Plan - IDCW,12.1386
2026-06-30,153774,360 ONE Multi Asset Allocation Fund - Direct Plan - Growth,12.1386
2026-06-30,153775,360 ONE Multi Asset Allocation Fund - Regular Plan - IDCW,11.9724
2026-06-30,153776,Edelweiss Multi Asset Omni Fund of Fund- Direct Plan - Growth,11.36
2026-06-30,153777,Edelweiss Multi Asset Omni Fund of Fund- Direct Plan - IDCW,11.36
2026-06-30,153778,Edelweiss Multi Asset Omni Fund of Fund- Regular Plan - IDCW,11.2372
2026-06-30,153779,Edelweiss Multi Asset Omni Fund of Fund- Regular Plan - Growth,11.2372
2026-06-30,153780,Motilal Oswal Gold ETF,139.0088
2026-06-30,153781,Kotak Nifty Alpha 50 Index Fund - Direct Plan - Growth,10.416
2026-06-30,153782,Kotak Nifty Alpha 50 Index Fund - Direct Plan - IDCW - Payout & Reinvestment,10.416
2026-06-30,153783,Kotak Nifty Alpha 50 Index Fund - Regular Plan - IDCW - Payout & Reinvestment,10.363
2026-06-30,153784,Kotak Nifty Alpha 50 Index Fund - Regular Plan - Growth,10.363
2026-06-30,153785,Groww Nifty Next 50 ETF,71.8129
2026-06-30,153786,Groww Nifty Next 50 Index Fund Direct Growth,10.5927
2026-06-30,153787,JioBlackRock Nifty 50 Index Fund - Direct Plan - Growth Option,9.6549
2026-06-30,153788,JioBlackRock Nifty Midcap 150 Index Fund - Direct Plan - Growth Option,10.7236
2026-06-30,153789,JioBlackRock Nifty Next 50 Index Fund - Direct Plan - Growth Option,10.6701
2026-06-30,153790,JioBlackRock Nifty Smallcap 250 Index Fund - Direct Plan - Growth Option,10.4962
2026-06-30,153791,JioBlackRock Nifty 8-13 yr G-Sec Index Fund - Direct Plan - Growth Option,10.4130
2026-06-30,153794,Baroda BNP Paribas Gold ETF Fund of Funds Regular Growth,13.9271
2026-06-30,153795,Baroda BNP Paribas Gold ETF Fund of Funds Direct Growth,13.9605
2026-06-30,153796,SBI Nifty 1D Rate Liquid ETF - Growth,1045.2776
2026-06-30,153797,Groww Nifty Next 50 Index Fund Direct IDCW,10.5927
2026-06-30,153798,Groww Nifty Next 50 Index Fund Regular Growth,10.5305
2026-06-30,153799,Groww Nifty Next 50 Index Fund Regular IDCW,10.5304
2026-06-30,153800,DSP Nifty500 Flexicap Quality 30 Index Fund - Direct - IDCW,9.2459
2026-06-30,153801,DSP Nifty500 Flexicap Quality 30 Index Fund - Direct - Growth,9.2459
2026-06-30,153802,DSP Nifty500 Flexicap Quality 30 Index Fund - Regular - Growth,9.1932
2026-06-30,153803,DSP Nifty500 Flexicap Quality 30 Index Fund - Regular - IDCW,9.1932
2026-06-30,153804,TRUSTMF ARBITRAGE FUND -DIRECT PLAN-GROWTH,10.5242
2026-06-30,153805,TRUSTMF ARBITRAGE FUND -REGULAR PLAN-GROWTH,10.4542
2026-06-30,153806,Nippon India Nifty India Manufacturing Index Fund- Direct Plan- Growth Option,11.0652
2026-06-30,153807,Nippon India Nifty India Manufacturing Index - Direct Plan- IDCW Option,11.0652
2026-06-30,153808,Nippon India Nifty India Manufacturing Index- Regular Plan-IDCW Option,11.0132
2026-06-30,153809,Nippon India Nifty India Manufacturing Index-Regular Plan-Growth Option,11.0132
2026-06-30,153810,Nippon India Nifty India Manufacturing ETF,159.1158
2026-06-30,153811,Zerodha Nifty 8-13 Yr G-Sec ETF,30.4387
2026-06-30,153812,Mirae Asset Gold Silver Passive FoF - Direct Plan - Growth,15.953
2026-06-30,153813,Mirae Asset Gold Silver Passive FoF - Direct Plan - IDCW,15.951
2026-06-30,153814,Mirae Asset Gold Silver Passive FoF - Regular Plan - Growth,15.873
2026-06-30,153815,Mirae Asset Gold Silver Passive FoF - Regular Plan - IDCW,15.869
2026-06-30,153816,Mirae Asset Multi Factor Passive FOF - Direct Plan - Growth,10.676
2026-06-30,153817,Mirae Asset Multi Factor Passive FOF - Direct Plan - IDCW,10.673
2026-06-30,153818,Mirae Asset Multi Factor Passive FOF - Regular Plan - Growth,10.629
2026-06-30,153819,Mirae Asset Multi Factor Passive FOF - Regular Plan - IDCW,10.612
2026-06-30,153820,Motilal Oswal Silver ETF,220.9238
2026-06-30,153821,Groww Multi Asset Allocation Fund Direct Growth,10.1613
2026-06-30,153822,Union Diversified Equity All Cap Active FOF - Regular Plan - Growth Option,10.4723
2026-06-30,153823,Union Diversified Equity All Cap Active FOF - Regular Plan - IDCW Option,10.4723
2026-06-30,153824,Union Diversified Equity All Cap Active FOF - Direct Plan - Growth Option,10.5527
2026-06-30,153825,Union Diversified Equity All Cap Active FOF - Direct Plan - IDCW Option,10.5527
2026-06-30,153826,ANGEL ONE GOLD ETF,13.1262
2026-06-30,153827,ANGEL ONE GOLD ETF FOF- DIRECT GROWTH,12.7542
2026-06-30,153828,ANGEL ONE GOLD ETF FOF - REGULAR GROWTH,12.7031
2026-06-30,153829,Axis Nifty500 Quality 50 Index Fund - Direct Plan - Growth Option,10.0430
2026-06-30,153830,Axis Nifty500 Quality 50 Index Fund - Regular Plan - Growth Option,9.9758
2026-06-30,153831,SBI Dynamic Asset Allocation Active FoF - Regular Plan - Growth,10.1068
2026-06-30,153832,SBI Dynamic Asset Allocation Active FoF - Direct Plan - Growth,10.1894
2026-06-30,153833,SBI Dynamic Asset Allocation Active FoF- Direct Plan- Income Cum Distribution Capital Withdrawal Option,10.1888
2026-06-30,153834,SBI Dynamic Asset Allocation Active FoF - Regular Plan - Income Distribution Cum Capital Withdrawal Option,10.1068
2026-06-30,153837,Zerodha Nifty Smallcap 100 ETF,10.6974
2026-06-30,153838,Bandhan BSE India Sector Leaders Index Fund - Direct Plan - Growth,9.5375
2026-06-30,153839,Bandhan BSE India Sector Leaders Index Fund - Regular Plan - Growth,9.4831
2026-06-30,153841,Edelweiss Nifty LargeMidcap 250 ETF - Growth,16.4049
2026-06-30,153844,Baroda BNP Paribas Business Conglomerates Fund Regular Growth Option,9.7669
2026-06-30,153845,Baroda BNP Paribas Business Conglomerates Fund Direct IDCW Payout Option,9.8939
2026-06-30,153846,Baroda BNP Paribas Business Conglomerates Fund Regular IDCW Payout Option,9.7669
2026-06-30,153847,Baroda BNP Paribas Business Conglomerates Fund Direct Growth Option,9.8939
2026-06-30,153850,Groww Multi Asset Allocation Fund Regular IDCW,10.0237
2026-06-30,153851,Groww Multi Asset Allocation Fund Regular Growth,10.0234
2026-06-30,153852,Groww Multi Asset Allocation Fund Direct IDCW,10.1582
2026-06-30,153853,Tata Nifty Next 50 Index Fund - Direct Plan IDCW Reinvestment Option,10.5436
2026-06-30,153854,Tata Nifty Next 50 Index Fund - Direct Plan IDCW Payout Option,10.5436
2026-06-30,153855,Tata Nifty Next 50 Index Fund - Regular Plan Growth Option,10.4756
2026-06-30,153856,Tata Nifty Next 50 Index Fund - Regular Plan IDCW Reinvestment Option,10.4756
2026-06-30,153857,Tata Nifty Next 50 Index Fund - Regular Plan IDCW Payout Option,10.4756
2026-06-30,153858,Tata Nifty Next 50 Index Fund - Direct Plan Growth Option,10.5436
2026-06-30,153859,JioBlackRock Flexi Cap Fund - Direct Plan - Growth Option,9.8553
2026-06-30,153860,HDFC Diversified Equity All Cap Active FOF - Direct Plan - Growth Plan,10.0107
2026-06-30,153861,HDFC Diversified Equity All Cap Active FOF - Regular Plan - Growth Plan,9.9338
2026-06-30,153862,HDFC Diversified Equity All Cap Active FOF - IDCW - Direct Plan,10.0107
2026-06-30,153863,HDFC Diversified Equity All Cap Active FOF - IDCW - Regular Plan,9.9338
2026-06-30,153864,ICICI Prudential Conglomerate Fund - IDCW,10.03
2026-06-30,153865,ICICI Prudential Conglomerate Fund - Growth,10.03
2026-06-30,153866,ICICI Prudential Conglomerate Fund - Direct Plan - IDCW,10.11
2026-06-30,153867,ICICI Prudential Conglomerate Fund - Direct Plan - Growth,10.11
2026-06-30,153868,Samco Small Cap Fund - Direct Plan,10.72
2026-06-30,153869,Samco Small Cap Fund - Regular Plan,10.62
2026-06-30,153870,THE WEALTH COMPANY FLEXI CAP FUND - REGULAR GROWTH,9.9369
2026-06-30,153871,THE WEALTH COMPANY FLEXI CAP FUND - REGULAR IDCW,9.9368
2026-06-30,153872,THE WEALTH COMPANY FLEXI CAP FUND - DIRECT GROWTH,10.0793
2026-06-30,153873,THE WEALTH COMPANY FLEXI CAP FUND - DIRECT IDCW,10.0788
2026-06-30,153874,DSP Nifty500 Flexicap Quality 30 ETF,9.5728
2026-06-30,153875,Kotak CRISIL-IBX Financial Services 9 to 12 Months Debt Index Fund - Direct - Growth,10.4807
2026-06-30,153876,Kotak CRISIL-IBX Financial Services 9 to 12 Months Debt Index Fund - Direct - IDCW,10.4808
2026-06-30,153877,Kotak CRISIL-IBX Financial Services 9 to 12 Months Debt Index Fund - Regular - Growth,10.4645
2026-06-30,153878,Kotak CRISIL-IBX Financial Services 9 to 12 Months Debt Index Fund - Regular - IDCW,10.4624
2026-06-30,153879,Axis CRISIL-IBX Financial Services 3-6 Months Debt Index Fund - Direct Plan - Growth option,10.5217
2026-06-30,153880,Axis CRISIL-IBX Financial Services 3-6 Months Debt Index Fund - Regular Plan - Growth option,10.5137
2026-06-30,153881,Axis CRISIL-IBX Financial Services 3-6 Months Debt Index Fund - Regular Plan - IDCW option,10.5128
2026-06-30,153882,Axis CRISIL-IBX Financial Services 3-6 Months Debt Index Fund - Direct Plan - IDCW option,10.5217
2026-06-30,153883,THE WEALTH COMPANY LIQUID FUND DIRECT GROWTH,1047.5169
2026-06-30,153884,THE WEALTH COMPANY LIQUID FUND DIRECT MONTHLY IDCW,1003.2007
2026-06-30,153885,THE WEALTH COMPANY LIQUID FUND REGULAR WEEKLY IDCW,1002.5942
2026-06-30,153886,THE WEALTH COMPANY LIQUID FUND REGULAR DAILY IDCW,1002
2026-06-30,153887,THE WEALTH COMPANY LIQUID FUND DIRECT DAILY ICDW,1002
2026-06-30,153888,THE WEALTH COMPANY LIQUID FUND REGULAR GROWTH,1046.3281
2026-06-30,153889,THE WEALTH COMPANY LIQUID FUND DIRECT WEEKLY,1002.6029
2026-06-30,153890,THE WEALTH COMPANY LIQUID FUND REGULAR MONTHLY IDCW,1003.1822
2026-06-30,153891,THE WEALTH COMPANY ARBITRAGE FUND DIRECT GROWTH,10.4482
2026-06-30,153892,THE WEALTH COMPANY ARBITRAGE FUND REGULAR GROWTH,10.3994
2026-06-30,153893,THE WEALTH COMPANY ARBITRAGE FUND DIRECT IDCW,10.4472
2026-06-30,153894,THE WEALTH COMPANY ARITRAGE FUND REGULAR IDCW,10.3992
2026-06-30,153895,THE WEALTH COMPANY ETHICAL FUND DIRECT GROWTH,9.7237
2026-06-30,153896,THE WEALTH COMPANY ETHICAL FUND REGULAR IDCW,9.6198
2026-06-30,153897,THE WEALTH COMPANY ETHICAL FUND REGULAR GROWTH,9.6203
2026-06-30,153898,THE WEALTH COMPANY ETHICAL FUND DIRECT IDCW,9.7243
2026-06-30,153899,Groww Nifty Realty ETF,9.2737
2026-06-30,153900,Invesco India Consumption Fund - Direct Plan - Growth,10.44
2026-06-30,153901,Invesco India Consumption Fund - Direct Plan - IDCW,10.44
2026-06-30,153902,Invesco India Consumption Fund - Regular Plan - Growth Plan,10.33
2026-06-30,153903,Invesco India Consumption Fund - Regular Plan - IDCW Plan,10.33
2026-06-30,153904,Kotak Nifty 200 Momentum 30 ETF,30.855
2026-06-30,153905,Zerodha Nifty 50 ETF,9.5587
2026-06-30,153906,Zerodha Nifty 50 Index Fund - Direct Plan - Growth,9.5264
2026-06-30,153907,Groww Nifty Capital Markets ETF,11.4751
2026-06-30,153908,Groww Nifty Capital Markets ETF FOF Direct Growth,11.6763
2026-06-30,153909,Helios Small Cap Fund - Regular Plan - Growth Option,10.99
2026-06-30,153910,Helios Small Cap Fund - Direct Plan - IDCW Option,11.09
2026-06-30,153911,Helios Small Cap Fund - Regular Plan - IDCW Option,10.99
2026-06-30,153912,Helios Small Cap Fund - Direct Plan - Growth Option,11.09
2026-06-30,153913,Motilal Oswal Consumption Fund-Direct-Growth,9.9566
2026-06-30,153914,Motilal Oswal Consumption Fund-Direct-IDCW,9.9566
2026-06-30,153915,Motilal Oswal Consumption Fund-Regular-IDCW,9.8461
2026-06-30,153916,Motilal Oswal Consumption Fund-Regular-Growth,9.8461
2026-06-30,153917,Groww Nifty Capital Markets ETF FOF Direct IDCW,11.6763
2026-06-30,153918,Groww Nifty Capital Markets ETF FOF Regular Growth,11.6436
2026-06-30,153919,Groww Nifty Capital Markets ETF FOF Regular IDCW,11.6437
2026-06-30,153920,Edelweiss Nifty 1D Rate Liquid ETF - Growth,1037.2185
2026-06-30,153921,Kotak Gold Silver Passive FOF - Direct Plan - Growth,14.439
2026-06-30,153922,Kotak Gold Silver Passive FOF - Regular Plan - Growth,14.411
2026-06-30,153923,Groww Nifty Smallcap250 ETF,10.2156
2026-06-30,153924,Axis Income Plus Arbitrage Passive FOF - Direct Plan - Growth Option,10.3921
2026-06-30,153925,Axis Income Plus Arbitrage Passive FOF - Direct Plan - IDCW Option,10.3921
2026-06-30,153926,Axis Income Plus Arbitrage Passive FOF - Regular Plan - IDCW Option,10.3699
2026-06-30,153927,Axis Income Plus Arbitrage Passive FOF - Regular Plan - Growth Option,10.3737
2026-06-30,153928,Motilal Oswal Nifty 100 ETF,25.0382
2026-06-30,153929,Bandhan Silver ETF,224.0686
2026-06-30,153930,Bandhan Gold ETF,140.4053
2026-06-30,153931,Motilal Oswal Nifty Energy ETF,39.8333
2026-06-30,153932,Zerodha BSE SENSEX Index Fund,9.2117
2026-06-30,153933,Choice Gold ETF,139.4812
2026-06-30,153934,Kotak Nifty Chemicals ETF,29.631
2026-06-30,153935,Bajaj Finserv Banking and Financial Services Fund - Regular - Growth,9.969
2026-06-30,153936,Bajaj Finserv Banking and Financial Services Fund - Regular - IDCW,9.969
2026-06-30,153937,Bajaj Finserv Banking and Financial Services Fund - Direct - Growth,10.064
2026-06-30,153938,Bajaj Finserv Banking and Financial Services Fund - Direct - IDCW,10.064
2026-06-30,153939,Groww Nifty Midcap 150 Index Fund Direct Growth,10.1963
2026-06-30,153940,Groww Nifty Midcap 150 ETF,228.1024
2026-06-30,153941,Franklin India Multi-Factor Fund- IDCW,9.4668
2026-06-30,153942,Franklin India Multi-Factor Fund- Direct- Growth,9.5574
2026-06-30,153943,Franklin India Multi-Factor Fund- Growth,9.4668
2026-06-30,153944,Franklin India Multi-Factor Fund- Direct- IDCW,9.5574
2026-06-30,153945,Mirae Asset Nifty Energy ETF,39.8964
2026-06-30,153946,Mirae Asset Nifty Smallcap 250 ETF,17.7445
2026-06-30,153947,Edelweiss BSE Sensex ETF - Growth,76.8686
2026-06-30,153948,LIC MF Consumption Fund-Direct Plan-Growth,9.679
2026-06-30,153949,LIC MF Consumption Fund-Direct Plan-IDCW,9.679
2026-06-30,153950,LIC MF Consumption Fund-Regular Plan-Growth,9.5878
2026-06-30,153951,LIC MF Consumption Fund-Regular Plan-IDCW,9.5878
2026-06-30,153952,Groww Nifty Midcap 150 Index fund Direct IDCW,10.1963
2026-06-30,153953,Groww Nifty Midcap 150 Index Fund Regular Growth,10.1546
2026-06-30,153954,Groww Nifty Midcap 150 Index Fund Regular IDCW,10.1546
2026-06-30,153955,ANGEL ONE NIFTY TOTAL MARKET MOMENTUM QUALITY 50 INDEX FUND - REGULAR GROWTH,10.0987
2026-06-30,153956,ANGEL ONE NIFTY TOTAL MARKET MOMENTUM QUALITY 50 INDEX FUND - DIRECT GROWTH,10.1413
2026-06-30,153957,ANGEL ONE NIFTY TOTAL MARKET MOMENTUM QUALITY 50 ETF,10.1472
2026-06-30,153958,HDFC BSE India Sector Leaders Index Fund - Regular Plan - Growth Option,9.3239
2026-06-30,153959,HDFC BSE India Sector Leaders India Fund - Direct Plan - Growth Option,9.3524
2026-06-30,153960,Axis Multi-Asset Active FoF - Direct Plan - Growth,10.5360
2026-06-30,153961,Axis Multi-Asset Active FoF - Direct Plan - IDCW,10.5360
2026-06-30,153962,Axis Multi-Asset Active FoF - Regular Plan - IDCW,10.4707
2026-06-30,153963,Axis Multi-Asset Active FoF - Regular Plan - Growth,10.4707
2026-06-30,153964,Parag Parikh Flexi Cap Fund - Direct Plan - IDCW,89.8390
2026-06-30,153965,Parag Parikh Flexi Cap Fund - Regular Plan - IDCW,81.9450
2026-06-30,153966,Edelweiss Nifty 50 ETF - Growth,23.9942
2026-06-30,153967,Kotak Rural Opportunities Fund - Direct Plan - IDCW Divdend - Payouout & Reinvestment,9.557
2026-06-30,153968,Kotak Rural Opportunities Fund - Regular Plan - IDCW Dividend - Payout & Reinvestment,9.469
2026-06-30,153969,Kotak Rural Opportunities Fund - Regular Plan - Growth,9.469
2026-06-30,153970,Kotak Rural Opportunities Fund - Direct Plan - Growth,9.557
2026-06-30,153971,Bandhan Healthcare Fund - Direct Plan - IDCW,10.812
2026-06-30,153972,Bandhan Healthcare Fund - Direct Plan - Growth,10.812
2026-06-30,153973,Bandhan Healthcare Fund - Regular Plan - IDCW,10.708
2026-06-30,153974,Bandhan Healthcare Fund - Regular Plan - Growth,10.708
2026-06-30,153975,DSP MSCI INDIA ETF,29.1586
2026-06-30,153977,Old Bridge Arbitrage Fund Regular Growth,10.3283
2026-06-30,153979,Old Bridge Arbitrage Fund Direct Growth,10.3840
2026-06-30,153980,Old Bridge Arbitrage Fund Regular IDCW,10.3283
2026-06-30,153981,Old Bridge Arbitrage Fund - Direct - IDCW,10.3840
2026-06-30,153982,Groww Money Market Fund Direct Growth,10.3543
2026-06-30,153983,Mirae Asset Infrastructure Fund - Direct Plan - Growth,11.130
2026-06-30,153984,Mirae Asset Infrastructure Fund - Direct Plan - IDCW,11.129
2026-06-30,153985,Mirae Asset Infrastructure Fund - Regular Plan - Growth,11.030
2026-06-30,153986,Mirae Asset Infrastructure Fund - Regular Plan - IDCW,11.032
2026-06-30,153987,PGIM India Multi Asset Allocation Fund - Direct Plan - Growth Option,10.37
2026-06-30,153988,PGIM India Multi Asset Allocation Fund - Regular Plan - Growth Option,10.27
2026-06-30,153989,PGIM India Multi Asset Allocation Fund - Regular Plan - IDCW Option,10.27
2026-06-30,153990,PGIM India Multi Asset Allocation Fund - Direct Plan - IDCW Option,10.37
2026-06-30,153991,Groww Money Market Fund Direct IDCW,10.3541
2026-06-30,153992,Groww Money Market Fund Regular Growth,10.3178
2026-06-30,153993,Groww Money Market Fund Regular IDCW,10.318
2026-06-30,153999,The Wealth Company Multi Asset Allocation Fund - Direct Growth,10.768
2026-06-30,154000,The Wealth Company Multi Asset Allocation Fund - Direct IDCW,10.7666
2026-06-30,154001,The Wealth Company Multi Asset Allocation Fund - Regular IDCW,10.662
2026-06-30,154002,The Wealth Company Multi Asset Allocation Fund - Regular Growth,10.6708
2026-06-30,154003,Motilal Oswal BSE Select IPO ETF,45.1750
2026-06-30,154005,Mahindra Manulife Income Plus Arbitrage Active FOF - Regular - IDCW,10.3529
2026-06-30,154006,Mahindra Manulife Income Plus Arbitrage Active FOF - Regular - Growth,10.3529
2026-06-30,154007,Mahindra Manulife Income Plus Arbitrage Active FOF  - Direct - Growth,10.3839
2026-06-30,154008,Mahindra Manulife Income Plus Arbitrage Active FOF - Direct - IDCW,10.3839
2026-06-30,154010,Capitalmind Liquid Fund - Regular-Growth,1038.7310
2026-06-30,154011,Capitalmind Liquid Fund - Direct-Growth,1039.9542
2026-06-30,154012,DSP Nifty Midcap 150 Index Fund - Regular - Growth,10.3522
2026-06-30,154013,DSP Nifty Midcap 150 Index Fund - Regular - IDCW,10.3522
2026-06-30,154014,DSP Nifty Midcap 150 Index Fund - Direct - Growth,10.3936
2026-06-30,154015,DSP Nifty Midcap 150 Index Fund - Direct - IDCW,10.3936
2026-06-30,154016,DSP Nifty Smallcap 250 Index Fund - Regular - Growth,10.8341
2026-06-30,154017,DSP Nifty Smallcap 250 Index Fund - Regular - IDCW,10.8341
2026-06-30,154018,DSP Nifty Smallcap 250 Index Fund - Direct - Growth,10.8761
2026-06-30,154019,DSP Nifty Smallcap 250 Index Fund - Direct - IDCW,10.8761
2026-06-30,154020,Union Consumption Fund - Direct Plan - Growth Option,9.59
2026-06-30,154021,Union Consumption Fund - Direct Plan - IDCW Option,9.59
2026-06-30,154022,Union Consumption Fund - Regular Plan - Growth Option,9.53
2026-06-30,154023,Union Consumption Fund - Regular Plan - IDCW Option,9.53
2026-06-30,154024,DSP Nifty Smallcap 250 ETF,17.7886
2026-06-30,154025,DSP Nifty Midcap 150 ETF,22.7991
2026-06-30,154026,Navi Nifty Midsmall 400 Index Fund - Regular - Growth,10.5518
2026-06-30,154027,Navi Nifty midsmallcap 400 Index Fund- Direct - Growth,10.6014
2026-06-30,154028,Groww Multi Asset Omni FOF Direct Growth,10.2657
2026-06-30,154029,Kotak Nifty500 Momentum 50 Index Fund - Direct Plan - IDCW - Payout & Investment,10.16
2026-06-30,154030,Kotak Nifty500 Momentum 50 Index Fund - Regular Plan - Growth,10.141
2026-06-30,154031,Kotak Nifty500 Momentum 50 Index Fund - Regular Plan - IDCW - Payout & Reinvestment,10.142
2026-06-30,154032,Kotak Nifty500 Momentum 50 Index Fund - Direct Plan - Growth,10.16
2026-06-30,154033,Motilal Oswal Nifty Services Sector ETF,30.6184
2026-06-30,154034,Groww Nifty Metal ETF,11.92
2026-06-30,154041,Abakkus Flexi Cap Fund - Regular - Growth,10.8230
2026-06-30,154042,Abakkus Flexi Cap Fund - Regular - IDCW,10.8230
2026-06-30,154043,Abakkus Flexi Cap Fund - Direct - Growth,10.9010
2026-06-30,154045,Abakkus Flexi Cap Fund - Direct - IDCW,10.9060
2026-06-30,154047,Abakkus Liquid Fund - Regular Plan - Growth,103.1765
2026-06-30,154048,Abakkus Liquid Fund - Regular Plan - Monthly IDCW Reinvestment,100.3404
2026-06-30,154049,Abakkus Liquid Fund - Direct Plan - Daily IDCW Reinvestment,100.0665
2026-06-30,154050,Abakkus Liquid Fund - Direct Plan - Weekly IDCW Reinvestment,100.1002
2026-06-30,154051,Abakkus Liquid Fund - Direct Plan - Growth,103.2225
2026-06-30,154052,Abakkus Liquid Fund - Direct Plan - Quarterly IDCW Reinvestment,101.5196
2026-06-30,154053,Abakkus Liquid Fund - Regular Plan - Daily IDCW Reinvestment,100.0665
2026-06-30,154054,Abakkus Liquid Fund - Regular Plan - Quarterly IDCW Reinvestment,101.4756
2026-06-30,154055,Abakkus Liquid Fund - Direct Plan - Monthly IDCW Reinvestment,100.3433
2026-06-30,154056,Abakkus Liquid Fund - Regular Plan - Weekly IDCW Reinvestment,100.0963
2026-06-30,154057,Groww Multi Asset Omni FOF Regular Growth,10.2058
2026-06-30,154058,Groww Multi Asset Omni FOF Direct IDCW,10.2657
2026-06-30,154059,Groww Multi Asset Omni FOF Regular IDCW,10.2058
2026-06-30,154060,Mirae Asset Nifty Top 20 Equal Weight ETF,8.6043
2026-06-30,154061,Mirae Asset BSE 500 Dividend Leaders 50 ETF,34.5391
2026-06-30,154062,Motilal Oswal Nifty MNC ETF,32.3557
2026-06-30,154063,Groww Small Cap Fund-Direct-Growth,11.7546
2026-06-30,154064,Tata BSE Multicap Consumption 50:30:20 Index Fund - Regular Plan Growth Option,9.4360
2026-06-30,154065,Tata BSE Multicap Consumption 50:30:20 Index Fund - Regular Plan IDCW Payout Option,9.4360
2026-06-30,154066,Tata BSE Multicap Consumption 50:30:20 Index Fund - Direct Plan Growth Option,9.4742
2026-06-30,154067,Tata BSE Multicap Consumption 50:30:20 Index Fund - Regular Plan IDCW Reinvestment Option,9.4360
2026-06-30,154068,Tata BSE Multicap Consumption 50:30:20 Index Fund - Direct Plan IDCW Reinvestment Option,9.4742
2026-06-30,154069,Tata BSE Multicap Consumption 50:30:20 Index Fund - Direct Plan IDCW Payout Option,9.4742
2026-06-30,154070,JioBlackRock Overnight Fund - Unclaimed Redemption - Upto 3 years - Growth Option,1030.0275
2026-06-30,154072,Edelweiss Silver ETF Fund of Fund - Direct Plan Growth Option,9.7355
2026-06-30,154075,Edelweiss Silver ETF Fund of Fund - Regular Plan Growth Option,9.713
2026-06-30,154076,JioBlackRock Arbitrage Fund - Direct Plan - Growth Option,10.3686
2026-06-30,154077,Axis Gold and Silver Passive FOF - Regular Plan - Growth,10.3306
2026-06-30,154078,Axis Gold and Silver Passive FOF - Direct Plan - Growth,10.3520
2026-06-30,154079,JioBlackRock Short Duration Fund - Direct Plan - Growth Option,1031.6384
2026-06-30,154081,JioBlackRock Low Duration Fund - Direct Plan - Growth Option,1030.3617
2026-06-30,154082,JioBlackRock Sector Rotation Fund - Direct Plan - Growth Option,9.9045
2026-06-30,154083,quant Overnight Fund - Unclaimed IDCW Greater than 3 years,10
2026-06-30,154084,quant Overnight Fund - Unclaimed Redemption Less than 3 years,10.2653
2026-06-30,154085,quant Overnight Fund - Unclaimed Redemption Greater than 3 years,10
2026-06-30,154086,quant Overnight Fund - Unclaimed IDCW Less than 3 years,10.2696
2026-06-30,154087,DSP Nifty Next 50 ETF,71.8444
2026-06-30,154088,DSP Nifty 500 Index Fund - Direct - Growth,9.5809
2026-06-30,154089,DSP Nifty 500 Index Fund - Direct - IDCW,9.5809
2026-06-30,154090,DSP Nifty 500 Index Fund - Regular - Growth,9.5465
2026-06-30,154091,DSP Nifty 500 Index Fund - Regular - IDCW,9.5465
2026-06-30,154092,The Wealth Company Gold ETF,139.9941
2026-06-30,154093,Bank of India Banking & Financial Services Fund - Direct Plan - Growth,9.95
2026-06-30,154094,Bank of India Banking & Financial Services Fund - Direct Plan - IDCW,9.95
2026-06-30,154095,Bank of India Banking & Financial Services Fund - Regular Plan - Growth,9.90
2026-06-30,154096,Bank of India Banking & Financial Services Fund - Regular Plan - IDCW,9.90
2026-06-30,154097,Kotak Dividend Yield Fund - Direct - Growth,9.683
2026-06-30,154098,Kotak Dividend Yield Fund - Regular IDCW,9.621
2026-06-30,154099,Kotak Dividend Yield Fund - Regular -Growth,9.621
2026-06-30,154100,Kotak Dividend Yield Fund - Direct - IDCW,9.683
2026-06-30,154101,Kotak Nifty Next 50 ETF,71.995
2026-06-30,154102,Groww Small Cap Fund-Regular-Growth,11.6667
2026-06-30,154103,Groww Small Cap Fund-Regular-IDCW,11.6667
2026-06-30,154104,Groww Small Cap Fund - Direct-IDCW,11.7545
2026-06-30,154105,Edelweiss Financial Services Fund - Direct Plan - IDCW Option,9.6384
2026-06-30,154106,Edelweiss Financial Services Fund - Regular Plan - IDCW Option,9.5828
2026-06-30,154107,Edelweiss Financial Services Fund - Regular Plan - Growth Option,9.5828
2026-06-30,154108,Edelweiss Financial Services Fund - Direct Plan - Growth Option,9.6384
2026-06-30,154109,Zerodha Nifty Short Duration G-Sec Index Fund - Direct Plan - Growth Option,1021.9510
2026-06-30,154111,Groww Nifty Chemicals ETF,29.585
2026-06-30,154112,Motilal Oswal Diversified Equity Flexicap Passive Fund of Funds- Direct - Growth,10.5470
2026-06-30,154113,Motilal Oswal Diversified Equity Flexicap Passive Fund of funds- Regular Growth,10.5205
2026-06-30,154114,Samco Mid Cap Fund - Direct Plan,10.10
2026-06-30,154115,Samco Mid Cap Fund - Regular Plan,10.04
2026-06-30,154119,Mahindra Manulife Innovation Opportunities Fund - Regular - IDCW,10.8348
2026-06-30,154120,Mahindra Manulife Innovation Opportunities Fund - Regular - Growth,10.8348
2026-06-30,154121,Mahindra Manulife Innovation Opportunities Fund - Direct - Growth,10.9177
2026-06-30,154122,Mahindra Manulife Innovation Opportunities Fund - Direct - IDCW,10.9177
2026-06-30,154123,Sundaram Income Plus Arbitrage Active FoF Fund-Direct-Growth,10.3030
2026-06-30,154124,Sundaram Income Plus Arbitrage Active FoF Fund-Direct-IDCW Payout,10.3030
2026-06-30,154125,Sundaram Income Plus Arbitrage Active FoF Fund-Regular-IDCW Payout,10.2902
2026-06-30,154127,Sundaram Income Plus Arbitrage Active FoF Fund-Regular-Growth,10.2902
2026-06-30,154129,Bandhan Gold ETF FOF-Direct-Growth,9.1865
2026-06-30,154130,Bandhan Gold ETF FOF-Regular-Growth,9.1673
2026-06-30,154131,THE WEALTH COMPANY GOLD ETF FOF DIRECT GROWTH,8.932
2026-06-30,154132,THE WEALTH COMPANY GOLD ETF FOF DIRECT IDCW,8.9318
2026-06-30,154133,THE WEALTH COMPANY GOLD ETF FOF REGULAR GROWTH,8.9159
2026-06-30,154134,THE WEALTH COMPANY GOLD ETF FOF REGULAR IDCW,8.9156
2026-06-30,154135,Bandhan Silver ETF FOF-Regular-Growth,7.2703
2026-06-30,154136,Bandhan Silver ETF FOF-Direct-Growth,7.2855
2026-06-30,154137,Motilal Oswal Financial Services Fund- Regular-Growth,10.3722
2026-06-30,154139,Motilal Oswal Financial Services Fund- Regular-IDCW-,10.3722
2026-06-30,154140,Motilal Oswal Financial Services Fund- Direct- IDCW,10.4299
2026-06-30,154142,Motilal Oswal Financial Services Fund- Direct Growth,10.4299
2026-06-30,154143,Shriram Money Market Fund - Regular Plan Growth Option,1027.8503
2026-06-30,154144,Shriram Money Market Fund - Direct Plan Growth Option,1028.8868
2026-06-30,154145,Kotak Nifty200 Value 30 Index Fund - Direct - Growth,9.76
2026-06-30,154146,Kotak Nifty200 Value 30 Index Fund - Direct - IDCW,9.76
2026-06-30,154147,Kotak Nifty200 Value 30 Index Fund - Regular - IDCW,9.748
2026-06-30,154148,Kotak Nifty200 Value 30 Index Fund - Regular - Growth,9.748
2026-06-30,154149,Kotak Services Fund - Direct - Growth,10.325
2026-06-30,154150,Kotak Services Fund - Direct - IDCW,10.325
2026-06-30,154151,Kotak Services Fund - Regular - Growth,10.274
2026-06-30,154152,Kotak Services Fund - Regular - IDCW,10.274
2026-06-30,154153,Parag Parikh Large Cap Fund - Regular Plan - IDCW,9.5042
2026-06-30,154154,Parag Parikh Large Cap Fund - Regular Plan - Growth,9.5043
2026-06-30,154155,Parag Parikh Large Cap Fund - Direct Plan - Growth,9.5190
2026-06-30,154156,Parag Parikh Large Cap Fund - Direct Plan - IDCW,9.5264
2026-06-30,154157,ITI Business Cycle Fund- Direct Plan- Growth,10.4764
2026-06-30,154158,ITI Business Cycle Fund- Direct Plan-IDCW,10.4764
2026-06-30,154159,ITI Business Cycle Fund- Regular Plan- Growth,10.4175
2026-06-30,154160,ITI Business Cycle Fund- Regular Plan- IDCW,10.4175
2026-06-30,154161,WhiteOak Capital Consumption Opportunities Fund Direct Plan Growth,10.032
2026-06-30,154162,WhiteOak Capital Consumption Opportunities Fund Regular Plan Growth,9.969
2026-06-30,154163,Groww Nifty PSE ETF,100.0359
2026-06-30,154164,Groww Nifty PSE ETF FOF Direct Growth,9.5879
2026-06-30,154165,DSP Multi Asset Omni Fund of Funds - Regular - Growth,9.8176
2026-06-30,154166,DSP Multi Asset Omni Fund of Funds - Direct - IDCW,9.8443
2026-06-30,154167,DSP Multi Asset Omni Fund of Funds - Direct - Growth,9.8443
2026-06-30,154168,DSP Multi Asset Omni Fund of Funds - Regular - IDCW,9.8176
2026-06-30,154169,Mirae Asset Nifty 500 Healthcare ETF,20.9309
2026-06-30,154170,Axis BSE India Sectors Leaders Index Fund- Regular Plan- Growth Option,9.4252
2026-06-30,154171,Axis BSE India Sectors Leaders Index Fund- Direct Plan- Growth Option,9.4540
2026-06-30,154172,Groww Nifty PSE ETF FOF Direct IDCW,9.5879
2026-06-30,154173,Groww Nifty PSE ETF FOF Regular Growth,9.5773
2026-06-30,154174,Groww Nifty PSE ETF FOF Regular IDCW,9.5773
2026-06-30,154175,SBI Quality Fund - Regular Plan - Growth,10.2466
2026-06-30,154176,SBI Quality Fund - Regular Plan - Income Distribution Cum Capital Withdrawal,10.2466
2026-06-30,154177,SBI Quality Fund - Direct Plan - Growth,10.2911
2026-06-30,154178,SBI Quality Fund - Direct Plan - Income Distribution Cum Capital Withdrawal,10.2911
2026-06-30,154179,HDFC Nifty India Consumption Index Fund - Direct Growth Plan,9.6633
2026-06-30,154180,HDFC Nifty India Consumption Index  Fund - Regular Growth Plan,9.6471
2026-06-30,154181,Mirae Asset Nifty India Infrastructure & Logistics ETF,12.3215
2026-06-30,154182,Mirae Asset BSE India Defence ETF,79.0871
2026-06-30,154183,The Wealth Company Balanced Advantage Fund - Regular Growth,9.9764
2026-06-30,154184,The Wealth Company Balanced Advantage Fund - Regular IDCW,9.9752
2026-06-30,154185,The Wealth Company Balanced Advantage Fund - Direct Growth,10.0507
2026-06-30,154186,The Wealth Company Balanced Advantage Fund - Direct IDCW,10.0502
2026-06-30,154187,Mirae Asset BSE India Defence ETF FOF - Direct Plan - Growth,11.705
2026-06-30,154188,Mirae Asset BSE India Defence ETF FOF - Direct Plan - IDCW,11.703
2026-06-30,154189,Mirae Asset BSE India Defence ETF FOF - Regular Plan - Growth,11.680
2026-06-30,154190,Mirae Asset BSE India Defence ETF FOF - Regular Plan - IDCW,11.680
2026-06-30,154191,Baroda BNP Paribas Best-in-Class Strategy Fund - Regular - IDCW Payout Option,10.1950
2026-06-30,154193,Baroda BNP Paribas Best-in-Class Strategy Fund - Direct - IDCW Payout Option,10.2515
2026-06-30,154194,Baroda BNP Paribas Best-in-Class Strategy Fund - Regular - Growth Option,10.1950
2026-06-30,154195,Baroda BNP Paribas Best-in-Class Strategy Fund - Direct - Growth Option,10.2515
2026-06-30,154197,UTI Nifty500 Shariah Index Fund - Direct Plan Growth Option,9.8973
2026-06-30,154198,UTI Nifty500 Shariah Index Fund - Regular Plan Growth Option,9.8818
2026-06-30,154199,Groww BSE Hospitals ETF,53.5549
2026-06-30,154200,Groww BSE Hospitals ETF FOF Direct Growth,11.1939
2026-06-30,154201,Bajaj Finserv Low Duration Fund - Regular - IDCW,1021.8040
2026-06-30,154202,Bajaj Finserv Low Duration Fund - Direct - IDCW,1024.6656
2026-06-30,154203,Bajaj Finserv Low Duration Fund - Regular - Growth,1021.8040
2026-06-30,154204,Bajaj Finserv Low Duration Fund - Direct - Growth,1024.6656
2026-06-30,154205,ANGEL ONE SILVER ETF,8.5422
2026-06-30,154206,ANGEL ONE SILVER ETF FOF -DIRECT GROWTH,7.7088
2026-06-30,154207,ANGEL ONE SILVER ETF FOF -REGULAR GROWTH,7.6959
2026-06-30,154208,Edelweiss Gold ETF Fund of Fund Direct Plan Growth Option,8.699
2026-06-30,154209,Edelweiss Gold ETF Fund of Fund Regular Plan Growth Option,8.6851
2026-06-30,154210,TRUSTMF MID CAP FUND -DIRECT -GROWTH,11.69
2026-06-30,154211,TRUSTMF MID CAP FUND -REGULAR-GROWTH,11.63
2026-06-30,154212,Capitalmind Multi Asset Allocation Fund-Direct-IDCW,9.7994
2026-06-30,154213,Capitalmind Multi Asset Allocation Fund-Regular-IDCW,9.7571
2026-06-30,154214,Abakkus Small Cap Fund - Regular  Plan - Growth,12.0360
2026-06-30,154215,Abakkus Small Cap Fund - Direct Plan - Growth,12.0830
2026-06-30,154216,Mirae Asset Nifty Metal ETF FOF - Direct Plan - Growth,10.092
2026-06-30,154217,Mirae Asset Nifty Metal ETF FOF - Direct Plan - IDCW,10.150
2026-06-30,154218,Mirae Asset Nifty Metal ETF FOF - Regular Plan - Growth,10.071
2026-06-30,154219,Mirae Asset Nifty Metal ETF FOF - Regular Plan - IDCW,10.071
2026-06-30,154220,Aditya Birla Sun Life MSCI India ETF,29.1284
2026-06-30,154221,Groww BSE Hospitals ETF FOF Direct IDCW,11.1941
2026-06-30,154222,Groww BSE Hospitals ETF FOF Regular IDCW,11.1798
2026-06-30,154223,Groww BSE Hospitals ETF FOF Regular Growth,11.1798
2026-06-30,154224,Aditya Birla Sun Life BSE Top 10 Banks ETF,172.114
2026-06-30,154225,Old Bridge Flexi Cap Fund Direct Growth,11.11
2026-06-30,154226,Old Bridge Flexi Cap Fund Regular Growth,11.05
2026-06-30,154227,Old Bridge Flexi Cap Fund Regular IDCW,11.05
2026-06-30,154228,Old Bridge Flexi Cap Fund Direct IDCW,11.11
2026-06-30,154231,Capitalmind Multi Asset Allocation Fund-Regular-Growth,9.7571
2026-06-30,154232,Capitalmind Multi Asset Allocation Fund-Direct-Growth,9.7994
2026-06-30,154233,Capitalmind Arbitrage Fund-regular-Growth,10.1534
2026-06-30,154234,Capitalmind Arbitrage Fund-Direct-IDCW,10.1765
2026-06-30,154235,Capitalmind Arbitrage Fund-Regular-IDCW,10.1534
2026-06-30,154236,Capitalmind Arbitrage Fund-Direct-Growth,10.1766
2026-06-30,154237,SBI Nifty Midcap 150 Momentum 50 ETF,63.1451
2026-06-30,154238,Motilal Oswal Multi Factor Passive Fund of Funds - Regular,10.3339
2026-06-30,154239,Motilal Oswal Multi Factor Passive Fund of Funds - Direct,10.3530
2026-06-30,154244,LIC MF Technology Fund-Direct Plan-Growth,10.4898
2026-06-30,154245,LIC MF Technology Fund-Direct Plan-IDCW,10.4895
2026-06-30,154246,LIC MF Technology Fund-Regular Plan-IDCW,10.4404
2026-06-30,154247,LIC MF Technology Fund-Regular Plan-Growth,10.4404
2026-06-30,154248,Canara Robeco Banking and Financials Services Fund - Regular Plan - Growth,10.8400
2026-06-30,154249,Canara Robeco Banking and Financials Services Fund - Regular Plan - IDCW,10.8400
2026-06-30,154250,Canara Robeco Banking and Financials Services Fund - Direct Plan - Growth,10.8900
2026-06-30,154251,Canara Robeco Banking and Financials Services Fund - Direct Plan - IDCW,10.8900
2026-06-30,154252,Nippon India CRISIL-IBX Financial Services 9-12 Months Debt Index Fund -Direct Plan - Growth Option,10.2323
2026-06-30,154253,Nippon India CRISIL-IBX Financial Services 9-12 Months Debt Index Fund -Direct Plan-IDCW Option,10.2323
2026-06-30,154254,Nippon India CRISIL-IBX Financial Services 9-12 Months Debt Index Fund -Regular Plan - IDCW Option,10.2256
2026-06-30,154255,Nippon India CRISIL-IBX Financial Services 9-12 Months Debt Index Fund -Regular Plan - Growth Option,10.2256
2026-06-30,154256,DSP BSE Top 10 Banks ETF,17.2190
2026-06-30,154257,Helios Arbitrage Fund - Direct Growth,10.16
2026-06-30,154258,Helios Arbitrage Fund - Regular Growth,10.14
2026-06-30,154259,Helios Arbitrage Fund - Direct IDCW,10.16
2026-06-30,154260,Helios Arbitrage Fund - Regular IDCW,10.14
2026-06-30,154261,HDFC INCOME PLUS ARBITRAGE OMNI FOF - GROWTH OPTION -REGULAR PLAN,10.2477
2026-06-30,154262,HDFC INCOME PLUS ARBITRAGE OMNI FOF - GROWTH OPTION - DIRECT PLAN,10.2601
2026-06-30,154263,HDFC INCOME PLUS ARBITRAGE OMNI FOF - IDCW OPTION - DIRECT PLAN,10.2601
2026-06-30,154264,HDFC INCOME PLUS ARBITRAGE OMNI FOF - IDCW OPTION - REGULAR PLAN,10.2477
2026-06-30,154265,ICICI Prudential Diversified Equity All Cap Active FOF - Growth,10.6531
2026-06-30,154266,ICICI Prudential Diversified Equity All Cap Active FOF - Direct Plan - Growth,10.6830
2026-06-30,154267,The Wealth Company Small Cap Fund- Regular-IDCW,11.2824
2026-06-30,154268,The Wealth Company Small Cap Fund- Regular-Growth,11.2831
2026-06-30,154269,The Wealth Company Small Cap Fund- Direct-Growth,11.3409
2026-06-30,154270,The Wealth Company Small Cap Fund- Direct-IDCW,11.3405
2026-06-30,154271,Nippon India CRISIL-IBX Financial Services 3-6 Months Debt Index Fund- Direct Plan- Growth Option,10.2490
2026-06-30,154272,Nippon India CRISIL-IBX Financial Services 3-6 Months Debt Index Fund- Direct Plan-IDCW Option,10.2490
2026-06-30,154273,Nippon India CRISIL-IBX Financial Services 3-6 Months Debt Index Fund- Regular Plan- IDCW Option,10.2431
2026-06-30,154274,Nippon India CRISIL-IBX Financial Services 3-6 Months Debt Index Fund- Regular Plan- Growth Option,10.2431
2026-06-30,154275,Kotak Multi Factor Passive FOF - Direct- Growth,10.902
2026-06-30,154276,Kotak Multi Factor Passive FOF - Regular- Growth,10.894
2026-06-30,154277,Groww Nifty PSU Bank ETF,85.252
2026-06-30,154278,Groww Nifty PSU Bank Index Fund Direct Growth,10.2015
2026-06-30,154279,Mirae Asset Silver ETF FOF - Direct Plan - Growth,9.917
2026-06-30,154280,Mirae Asset Silver ETF FOF - Direct Plan - IDCW,9.917
2026-06-30,154281,Mirae Asset Silver ETF FOF - Regular Plan - Growth,9.901
2026-06-30,154282,Mirae Asset Silver ETF FOF - Regular Plan - IDCW,9.901
2026-06-30,154283,Groww Nifty PSU Bank Index Fund Direct IDCW,10.2002
2026-06-30,154284,Groww Nifty PSU Bank Index Fund Regular Growth,10.1862
2026-06-30,154285,Groww Nifty PSU Bank Index Fund Regular IDCW,10.1862
2026-06-30,154286,Kotak Quality Overseas Equity Omni FOF - Regular Plan - Growth,10.896
2026-06-30,154287,Kotak Quality Overseas Equity Omni FOF - Direct Plan - Growth-,10.915
2026-06-30,154288,Kotak Quality Overseas Equity Omni FOF - Direct Plan - IDCW,10.915
2026-06-30,154289,Kotak Quality Overseas Equity Omni FOF - Regular Plan - IDCW,10.896
2026-06-30,154294,HSBC Gold ETF,122.3222
2026-06-30,154295,HSBC Gold ETF Fund of fund - Direct Growth,9.6244
2026-06-30,154296,HSBC Gold ETF Fund of fund - Regular IDCW,9.6147
2026-06-30,154297,HSBC Gold ETF Fund of fund - Direct IDCW,9.6244
2026-06-30,154298,HSBC Gold ETF Fund of fund - Regular Growth,9.6147
2026-06-30,154299,Mirae Asset Nifty 500 Value 50 ETF,16.1839
2026-06-30,154301,Choice Nifty 50 Index Fund - Direct Plan Growth,10.3142
2026-06-30,154302,Choice Nifty 50 Index Fund - Regular Plan Growth,10.3071
2026-06-30,154303,Choice Nifty Next 50 Index Fund - Regular Plan Growth,11.1026
2026-06-30,154304,Choice Nifty Next 50 Index Fund - Direct Plan Growth,11.1129
2026-06-30,154305,SBI Nifty Midcap 150 ETF,22.7987
2026-06-30,154306,Zerodha Nifty MidSmallcap400 50:50 Index Fund - Direct Plan - Growth Option,11.1283
2026-06-30,154307,JioBlackRock Large Cap Fund - Direct Plan - Growth Option,9.8419
2026-06-30,154308,HDFC CRISIL-IBX Financial Services 9-12 Months Debt Index Fund - Direct Growth Plan,10.2258
2026-06-30,154309,HDFC CRISIL-IBX Financial Services 9-12 Months Debt Index Fund - Regular Growth Plan,10.2198
2026-06-30,154310,Edelweiss Nifty LargeMidcap 250 Plus 8-13 yr G-Sec 70-30 Index Fund Direct Plan Growth,10.7445
2026-06-30,154311,Edelweiss Nifty LargeMidcap250 Plus 8-13 yr G-Sec 70-30 Index Fund Direct Plan Monthly IDCW,10.7445
2026-06-30,154312,Edelweiss Nifty LargeMidcap 250 Plus 8-13 yr G-Sec 70-30 Index Fund Regular Plan Growth,10.7277
2026-06-30,154313,Edelweiss Nifty LargeMidcap250 Plus 8-13 yr G-Sec 70-30 Index Fund Regular Plan Monthly IDCW,10.7277
2026-06-30,154314,Edelweiss Nifty LargeMidcap250 Plus 8-13 yr G-Sec 70-30 Index Fund - Direct Plan - Quarterly IDCW,10.7446
2026-06-30,154315,Edelweiss Nifty LargeMidcap250 Plus 8-13 yr G-Sec 70-30 Index Fund - Regular Plan - Quarterly IDCW,10.7277
2026-06-30,154316,Kotak Multi Asset Active FOF - Direct - Growth,10.063
2026-06-30,154317,Kotak Multi Asset Active FOF - Direct - IDCW,10.063
2026-06-30,154318,Kotak Multi Asset Active FOF - Regular- IDCW,10.05
2026-06-30,154319,Kotak Multi Asset Active FOF - Regular - Growth,10.05
2026-06-30,154320,Groww Arbitrage Fund Direct Growth,10.0972
2026-06-30,154321,Zerodha Nifty LargeMidcap250 Plus 8-13 Yr G-Sec 70:30 Index Fund - Direct Plan - Growth Option,10.1408
2026-06-30,154322,Motilal Oswal BSE Top 10 Banks ETF,17.2233
2026-06-30,154323,Groww Arbitrage Fund Direct IDCW,10.0972
2026-06-30,154324,Groww Arbitrage Fund Regular IDCW,10.0843
2026-06-30,154325,Groww Arbitrage Fund Regular Growth,10.0843
2026-06-30,154326,Axis Nifty India Defence Index Fund - Direct Plan - Growth,10.5479
2026-06-30,154327,Axis Nifty India Defence Index Fund - Regular Plan - Growth,10.5333
2026-06-30,154328,SBI CRISIL - IBX Financial Services 9-12 Months Debt Index Fund - Regular Plan - Growth,10.1253
2026-06-30,154329,SBI CRISIL - IBX Financial Services 3-6 Months Debt Index Fund - Regular Plan - Growth,10.1323
2026-06-30,154330,SBI CRISIL - IBX Financial Services 3-6 Months Debt Index Fund - Regular Plan - IDCW,10.1324
2026-06-30,154331,SBI CRISIL - IBX Financial Services 3-6 Months Debt Index Fund - Direct Plan - Growth,10.1344
2026-06-30,154332,SBI CRISIL - IBX Financial Services 3-6 Months Debt Index Fund - Direct Plan - IDCW,10.1344
2026-06-30,154333,SBI CRISIL - IBX Financial Services 9-12 Months Debt Index Fund - Regular Plan - IDCW,10.1253
2026-06-30,154334,SBI CRISIL - IBX Financial Services 9-12 Months Debt Index Fund - Direct Plan - Growth,10.1293
2026-06-30,154335,SBI CRISIL - IBX Financial Services 9-12 Months Debt Index Fund - Direct Plan - IDCW,10.1293
2026-06-30,154336,Motilal Oswal Contra Fund – Direct – IDCW,10.3178
2026-06-30,154337,Motilal Oswal Contra Fund - Direct – Growth,10.3178
2026-06-30,154338,Motilal Oswal Contra Fund - Regular – Growth,10.3039
2026-06-30,154339,Motilal Oswal Contra Fund - Regular - IDCW,10.3039
2026-06-30,154340,Invesco India BSE Sensex Index Fund - Direct Plan - Growth,10.0242
2026-06-30,154342,Invesco India BSE Sensex Index Fund - Regular Plan - Growth,10.0175
2026-06-30,154343,Invesco India Nifty Bank Index Fund - Direct Plan - Growth,10.62
2026-06-30,154344,Invesco India Nifty Bank Index Fund - Regular Plan - Growth,10.6114
2026-06-30,154345,Groww Nifty Private Bank ETF,27.9954
2026-06-30,154346,Groww Nifty Private Bank Index Fund Direct Growth,10.3916
2026-06-30,154347,Edelweiss Nifty Next 50 ETF,71.1854
2026-06-30,154348,Axis Nifty Capital Markets Index Fund- Direct Plan,9.7218
2026-06-30,154349,Axis Nifty Capital Markets Index Fund- Regular Plan,9.7129
2026-06-30,154350,Groww Nifty Private Bank Index Fund Regular Growth,10.3845
2026-06-30,154351,Groww Nifty Private Bank Index Fund Regular IDCW,10.3845
2026-06-30,154352,Groww Nifty Private Bank Index Fund Direct IDCW,10.3916
2026-06-30,154353,SBI Nifty Smallcap 250 ETF,17.7095
2026-06-30,154354,SBI Nifty200 Value 30 ETF,14.9484
2026-06-30,154357,DSP Nifty FMCG ETF,48.8897
2026-06-30,154358,Kotak Low Duration Fund - Direct Plan - Weekly - Reinvestment & Payout of Income Distribution cum Capital Withdrawal Option,1008.5854
2026-06-30,154359,Kotak Low Duration Fund - Regular Plan - Monthly - Reinvestment & Payout of Income Distribution cum Capital Withdrawal Option,1004.0929
2026-06-30,154361,Kotak Low Duration Fund - Direct Plan - Monthly - Reinvestment & Payout of Income Distribution cum Capital Withdrawal Option,1011.4636
2026-06-30,154362,SBI Nifty G-sec Jul 2031 Index Fund - REGULAR - GROWTH,10.2267
2026-06-30,154363,SBI CRISIL-IBX 10:90 Gilt + SDL Index - Dec 2029 Index Fund - Regular - Growth,10.2150
2026-06-30,154366,360 ONE MSCI India ETF,9.9693
2026-06-30,154367,SBI CRISIL-IBX 10:90 GLIT + SDL INDEX DEC 2029 INDEX FUND - REGULAR - IDCW,10.2151
2026-06-30,154369,SBI CRISIL-IBX 10:90 GLIT + SDL INDEX DEC 2029 INDEX FUND - DIRECT IDCW,10.2171
2026-06-30,154370,SBI CRISIL-IBX 10:90 GILT + SDL INDEX DEC 2029 INDEX FUND - DIRECT - GROWTH,10.2171
2026-06-30,154372,SBI NIFTY G-SEC JUL 2031 INDEX FUND - DIRECT - GROWTH,10.2287
2026-06-30,154373,SBI NIFTY G-SEC JUL 2031 INDEX FUND - REGULAR - IDCW,10.2267
2026-06-30,154375,SBI NIFTY G-SEC JUL 2031 INDEX FUND - DIRECT - IDCW,10.2287
2026-06-30,154379,The Wealth Company Large & Mid Cap Fund Regular IDCW,10.1183
2026-06-30,154380,The Wealth Company Large & Mid Cap Fund Direct IDCW,10.1298
2026-06-30,154381,The Wealth Company Large & Mid Cap Fund Direct Growth,10.13
2026-06-30,154382,The Wealth Company Large & Mid Cap Fund Regular Growth,10.1183
2026-06-30,154383,Groww Nifty Smallcap 250 Momentum Quality 100 Index Fund Direct Growth,10.0923
2026-06-30,154384,Groww Nifty Smallcap 250 Momentum Quality 100 ETF,46.3671
2026-06-30,154385,Groww Nifty Smallcap 250 Momentum Quality 100 Index Fund Direct IDCW,10.0923
2026-06-30,154386,Groww Nifty Smallcap 250 Momentum Quality 100 Index Fund Regular IDCW,10.0901
2026-06-30,154387,Groww Nifty Smallcap 250 Momentum Quality 100 Index Fund Regular Growth,10.0901
2026-06-30,154388,Kotak Nifty Alpha Low Volatility 30 Index Fund - Direct- Growth,10.009
2026-06-30,154389,Kotak Nifty Alpha Low Volatility 30 Index Fund - Regular - Growth,10.007
2026-06-30,154390,Kotak Nifty Alpha Low Volatility 30 Index Fund - Regular - IDCW,10.007
2026-06-30,154391,Kotak Nifty Alpha Low Volatility 30 Index Fund - Direct- IDCW,10.009
2026-06-30,154394,Shriram Overnight Fund- Direct Growth,1259.8054
2026-06-30,154395,Shriram Overnight Fund- Direct Daily IDCW,1000.0266
2026-06-30,154396,Shriram Overnight Fund- Direct Monthly IDCW,1002.234
2026-06-30,154398,Shriram Overnight Fund- Regular Daily IDCW,1000.0101
2026-06-30,154399,Shriram Overnight Fund- Regular Growth,1255.8349
2026-06-30,154402,Shriram Overnight Fund- Regular Monthly IDCW,1002.2526
2026-06-30,154404,ICICI Prudential Nifty Smallcap 250 ETF,17.7198
2026-06-30,154426,DSP Savings Fund - Direct Plan - IDCW Weekly,10.0243
