date,scheme_code,scheme_name,nav
2023-09-22,100033,Aditya Birla Sun Life Large & Mid Cap Fund - Regular Growth,692.4
2023-09-22,100034,Aditya Birla Sun Life Large & Mid Cap Fund -Regular - IDCW,115.25
2023-09-22,100037,Aditya Birla Sun Life Income Fund - Regular - Quarterly IDCW,13.0776
2023-09-22,100038,Aditya Birla Sun Life Income Fund - Growth - Regular Plan,109.6525
2023-09-22,100041,Aditya Birla Sun Life Liquid Fund -Institutional - IDCW,108.023
2023-09-22,100042,Aditya Birla Sun Life Liquid Fund-Retail (Growth),603.0343
2023-09-22,100043,Aditya Birla Sun Life Liquid Fund-Institutional (Growth),618.838
2023-09-22,100044,Aditya Birla Sun Life Liquid Fund -Retail - IDCW,163.694
2023-09-22,100046,Aditya Birla Sun Life Liquid Fund -Daily IDCW,100.195
2023-09-22,100047,Aditya Birla Sun Life Liquid Fund - Growth,371.6036
2023-09-22,100048,Aditya Birla Sun Life Liquid Fund -Institutional - weekly  IDCW,108.068
2023-09-22,100051,Aditya Birla Sun Life Liquid Fund -weekly IDCW,100.225
2023-09-22,100057,Aditya Birla Sun Life Govenment Securities Fund -Regular - Quarterly IDCW,11.0327
2023-09-22,100058,Aditya Birla Sun Life Government Securities Fund  - Growth - Regular Plan,70.5619
2023-09-22,100063,Aditya Birla Sun Life MNC Fund - Regular - IDCW,185.27
2023-09-22,100064,Aditya Birla Sun Life MNC Fund - Growth - Regular Plan,1072.74
2023-09-22,100077,DSP Bond Fund - IDCW,11.6502
2023-09-22,100078,DSP Bond Fund - Growth,70.9918
2023-09-22,100079,DSP Bond Fund - IDCW - Monthly,11.0606
2023-09-22,100080,DSP Flexi Cap Fund - Regular Plan - IDCW,55.437
2023-09-22,100081,DSP Aggressive Hybrid Fund- Regular Plan - Growth,265.507
2023-09-22,100082,DSP Aggressive Hybrid Fund- Regular Plan - IDCW,25.971
2023-09-22,100084,DSP Gilt Fund - Regular Plan - Growth,82.7011
2023-09-22,100085,DSP Gilt Fund - Regular Plan - IDCW,12.7342
2023-09-22,100086,DSP Gilt Fund - Regular Plan - IDCW - Monthly,10.7454
2023-09-22,100087,DSP Savings Fund - Regular Plan - Growth,46.3951
2023-09-22,100088,DSP Savings Fund - Regular Plan - IDCW,12.4995
2023-09-22,100089,DSP Savings Fund - Regular Plan - IDCW - Monthly,10.8829
2023-09-22,100119,HDFC Balanced Advantage Fund - Growth Plan,381.106
2023-09-22,100120,HDFC Balanced Advantage Fund - IDCW Plan,33.24
2023-09-22,100123,HDFC Income Fund - Quarterly IDCW Option,10.9817
2023-09-22,100124,HDFC Income Fund - Growth Option,50.4522
2023-09-22,100174,quant ELSS Tax Saver Fund - IDCW Option - Regular Plan,38.0847
2023-09-22,100175,quant ELSS Tax Saver Fund - Growth Option - Regular Plan,274.2265
2023-09-22,100176,quant Small Cap Fund - IDCW Option - Regular Plan,143.4903
2023-09-22,100177,quant Small Cap Fund - Growth - Regular Plan,180.4572
2023-09-22,100218,JM Large Cap Fund (Regular) - IDCW,22.5459
2023-09-22,100219,JM Large Cap Fund (Regular) - Growth Option,116.139
2023-09-22,100220,JM Aggressive Hybrid Fund (Regular) - IDCW,24.2093
2023-09-22,100221,JM Aggressive Hybrid Fund (Regular) -Growth Option,86.5551
2023-09-22,100222,JM Medium to Long Duration Fund (Regular) - Quarterly IDCW,18.349
2023-09-22,100223,JM Medium to Long Duration Fund (Regular) - Growth Option,53.967
2023-09-22,100233,JM Liquid Fund (Regular) - Weekly IDCW,11.0097
2023-09-22,100234,JM Liquid Fund - Growth Option,63.0214
2023-09-22,100244,JM Liquid Fund (Regular) - Quarterly IDCW,35.6706
2023-09-22,100247,JM Liquid Fund (Regular) - Super Institutional Plan - Growth Option,36.2273
2023-09-22,100254,JM Value Fund (Regular) - Growth Option,69.6441
2023-09-22,100264,Kotak Gilt-Investment Regular-Payout of Income Distribution cum capital withdrawal option,16.5305
2023-09-22,100265,Kotak Gilt-Investment Regular-Growth,84.5975
2023-09-22,100280,Kotak Gilt-Investment  Provident Fund and Trust-Payout of Income Distribution cum capital withdrawal option,11.7263
2023-09-22,100281,Kotak Gilt-Investment  Provident Fund and Trust-Growth,86.5485
2023-09-22,100286,Kotak Aggressive Hybrid Fund - Regular Plan - IDCW - Payout & Reinvestment of Income Distribution cum capital withdrawal option,27.375
2023-09-22,100299,Kotak Bond Fund - Regular Plan Growth,67.0353
2023-09-22,100300,Kotak Bond Fund - Regular Plan - Standard IDCW Option,41.0703
2023-09-22,100312,LIC MF Flexi Cap Fund-Regular Plan-IDCW,24.3325
2023-09-22,100313,LIC MF Flexi Cap Fund-Regular Plan-Growth,77.1085
2023-09-22,100314,LIC MF Medium to Long Duration Fund-Regular Plan-IDCW,13.7956
2023-09-22,100315,LIC MF Medium to Long Duration Fund-Regular Plan-Growth,62.9375
2023-09-22,100316,LIC MF Gilt Fund-Regular Plan-IDCW,15.1147
2023-09-22,100317,LIC MF Gilt Fund-Regular Plan-Growth,52.4362
2023-09-22,100318,LIC MF Gilt Fund-PF Plan-IDCW,19.5976
2023-09-22,100319,LIC MF Gilt Fund-PF Plan-Growth,30.2852
2023-09-22,100321,LIC MF Aggressive Hybrid Fund-Regular Plan-IDCW,14.1109
2023-09-22,100323,LIC MF Aggressive Hybrid Fund-Regular Plan-Growth,149.6541
2023-09-22,100325,LIC MF ULIS (5 Yrs. Single Premium)-Regular Plan-IDCW Reinvestment,29.821
2023-09-22,100332,LIC MF Large Cap Fund-Regular Plan-IDCW,26.0189
2023-09-22,100348,ICICI Prudential Large & Mid Cap Fund - IDCW,26.0
2023-09-22,100349,ICICI Prudential Large & Mid Cap Fund - Growth,680.33
2023-09-22,100351,ICICI Prudential FMCG Fund - IDCW,89.11
2023-09-22,100352,ICICI Prudential FMCG Fund - Growth,443.64
2023-09-22,100353,ICICI Prudential ELSS Tax Saver Fund - IDCW,21.55
2023-09-22,100354,ICICI Prudential ELSS Tax Saver Fund - Growth,681.66
2023-09-22,100355,ICICI Prudential Equity & Debt Fund - Monthly IDCW,34.12
2023-09-22,100356,ICICI Prudential Equity & Debt Fund - Growth,280.51
2023-09-22,100363,ICICI Prudential Technology Fund - Growth,155.32
2023-09-22,100365,ICICI Prudential Long Term Bond Fund - Growth,77.0641
2023-09-22,100367,ICICI Prudential Long Term Bond Fund - Quarterly IDCW,12.1702
2023-09-22,100368,ICICI Prudential Gilt Fund - IDCW,17.099
2023-09-22,100369,ICICI Prudential Gilt Fund - Growth,89.2078
2023-09-22,100375,NIPPON INDIA GROWTH MID CAP FUND - IDCW Option,94.9137
2023-09-22,100376,Nippon India Growth Mid Cap Fund-Growth Plan-Bonus Option,457.1184
2023-09-22,100377,Nippon India Growth Mid Cap Fund-Growth Plan-Growth Option,2745.9599
2023-09-22,100378,Nippon India Vision Large & Midcap Fund - IDCW Option,53.1467
2023-09-22,100379,Nippon India Vision Large & Midcap Fund-GROWTH PLAN-Bonus Option,166.4436
2023-09-22,100380,Nippon India Vision Large & Midcap Fund-GROWTH PLAN-Growth Option,988.2321
2023-09-22,100383,NIPPON INDIA MEDIUM TO LONG DURATION FUND - MONTHLY IDCW Option,10.6956
2023-09-22,100384,NIPPON INDIA MEDIUM TO LONG DURATION  FUND - QUARTERLY IDCW Option,12.8908
2023-09-22,100385,NIPPON INDIA MEDIUM TO LONG DURATION  FUND - HALF YEARLY IDCW Option,12.326
2023-09-22,100386,NIPPON INDIA MEDIUM TO LONG DURATION  FUND - ANNUAL IDCW Option,13.2443
2023-09-22,100387,Nippon India Medium to Long Duration  Fund - Growth Plan Growth Option,78.5205
2023-09-22,100388,Nippon India Medium to Long Duration  Fund - Growth Plan Bonus Option,22.574
2023-09-22,100414,Tata Aggressive Hybrid Fund- Regular Plan - Growth Option,349.5094
2023-09-22,100415,Tata Ethical Fund-Regular Plan - Growth Option,319.5559
2023-09-22,100470,Franklin India Large Cap Fund - IDCW,42.5468
2023-09-22,100471,Franklin India Large Cap Fund-Growth,767.78
2023-09-22,100472,Franklin India Mid Cap Fund - IDCW,72.9777
2023-09-22,100473,Franklin India Mid Cap Fund-Growth,1822.9344
2023-09-22,100474,Tata ELSS Fund- Regular Plan - Payout of IDCW Option,80.5773
2023-09-22,100475,Tata Large Cap Fund -Regular Plan - Growth Option,379.2831
2023-09-22,100476,Taurus Flexi Cap Fund - Regular Plan - Growth,175.31
2023-09-22,100477,Taurus Mid Cap Fund - Regular Plan - Growth,96.67
2023-09-22,100480,Taurus ELSS Tax Saver Fund - Regular Plan - Growth,138.17
2023-09-22,100484,Franklin India Index Fund- NSE Nifty 50 Index Fund - Growth,156.9519
2023-09-22,100493,Franklin India Government Securities Fund - Growth,51.7256
2023-09-22,100494,Franklin India Government Securities Fund - IDCW,10.2784
2023-09-22,100496,Templeton India Value Fund - Growth Plan,532.2814
2023-09-22,100497,Templeton India Value Fund - IDCW,90.0867
2023-09-22,100519,Franklin India Flexi Cap Fund - IDCW,53.9255
2023-09-22,100520,Franklin India Flexi Cap Fund - Growth,1169.1039
2023-09-22,100521,Franklin India Technology Fund - IDCW,40.9061
2023-09-22,100522,Franklin India Technology Fund-Growth,365.6626
2023-09-22,100524,Franklin INDIA OPPORTUNITIES FUND - IDCW,28.156
2023-09-22,100525,Franklin India ELSS Tax Saver Fund - IDCW,54.5059
2023-09-22,100526,Franklin India ELSS Tax Saver Fund-Growth,1053.6222
2023-09-22,100527,Franklin India Corporate Debt Fund - Plan A - Annual - IDCW,16.6669
2023-09-22,100528,Franklin India Corporate Debt Fund - Growth,86.1506
2023-09-22,100529,Franklin India Corporate Debt Fund - Plan B - Monthly - IDCW,14.8786
2023-09-22,100530,Franklin India Corporate Debt Fund - Plan B - Quarterly - IDCW,12.1753
2023-09-22,100531,Franklin India Corporate Debt Fund - Plan B - Half yearly - IDCW,13.0456
2023-09-22,100535,Franklin India Retirement Fund - IDCW,17.1354
2023-09-22,100536,Franklin India Retirement Fund - Growth,178.0771
2023-09-22,100537,Franklin India Liquid Fund - Regular Plan - Weekly - IDCW,1245.3243
2023-09-22,100538,Franklin India Liquid Fund - Regular Plan - Growth,5279.6334
2023-09-22,100541,Franklin India Liquid Fund - Regular Plan - Daily - IDCW,1509.3204
2023-09-22,100546,Franklin India Liquid Fund - Super Institutional Plan - Growth,3468.9771
2023-09-22,100547,Franklin India Liquid Fund - Super Institutional Plan - Daily - IDCW,1000.0
2023-09-22,100548,Franklin India Liquid Fund - Super Institutional Plan - Weekly - IDCW,1023.2072
2023-09-22,100549,Franklin India Aggressive Hybrid Fund - IDCW,25.8249
2023-09-22,100550,Franklin India Aggressive Hybrid Fund - Growth Plan,205.3302
2023-09-22,100593,CANARA ROBECO ELSS TAX SAVER - REGULAR PLAN -IDCW (Payout),40.43
2023-09-22,100596,CANARA ROBECO GILT FUND - REGULAR PLAN - IDCW (Payout/Reinvestment),14.7462
2023-09-22,100597,CANARA ROBECO GILT FUND - REGULAR PLAN - GROWTH OPTION,65.9615
2023-09-22,100600,CANARA ROBECO CONSERVATIVE HYBRID FUND - REGULAR PLAN - MONTHLY IDCW (Payout/Reinvestment),13.2521
2023-09-22,100601,CANARA ROBECO CONSERVATIVE HYBRID FUND - REGULAR PLAN - GROWTH OPTION,82.0063
2023-09-22,100602,Sundaram Medium Duration Fund (Formerly Known as Sundaram Medium Term Bond Fund) Regular Plan-Income Distribution cum Capital Withdrawal(IDCW),12.5154
2023-09-22,100603,Sundaram Medium Duration Fund (Formerly Known as Sundaram Medium Term Bond Fund) Regular Plan - Growth,61.6869
2023-09-22,100604,Sundaram Medium Duration Fund (Formerly Known as Sundaram Medium Term Bond Fund) Regular Plan -Growth,21.0687
2023-09-22,100608,Sundaram Medium Duration Fund (Formerly Known as Sundaram Medium Term Bond Fund) Institutional Plan - Growth,69.7089
2023-09-22,100609,Sundaram Medium Duration Fund (Formerly Known as Sundaram Medium Term Bond Fund) Regular Plan- Income Distribution cum Capital Withdrawal(IDCW),12.7817
2023-09-22,100610,Sundaram Medium Duration Fund (Formerly Known as Sundaram Medium Term Bond Fund) Regular Plan -Income Distribution cum Capital Withdrawal (IDCW),12.537
2023-09-22,100614,Sundaram Value Fund Regular Plan - Income Distribution cum Capital Withdrawal (IDCW),14.0303
2023-09-22,100630,quant Multi Cap Fund-IDCW Option - Regular Plan,57.7432
2023-09-22,100631,quant Multi Cap Fund-GROWTH OPTION - Regular Plan,504.9178
2023-09-22,100638,SBI Medium to Long Duration Fund - Regular Plan - Half Yearly - Income Distribution cum Capital Withdrawal Option (IDCW),16.14
2023-09-22,100639,SBI Medium to Long Duration Fund-REGULAR PLAN-Growth,61.7089
2023-09-22,100640,SBI Medium to Long Duration Fund-REGULAR PLAN-Bonus,37.3901
2023-09-22,100641,SBI ULTRA SHORT DURATION FUND - REGULAR PLAN - GROWTH,5264.7252
2023-09-22,100643,SBI Technology Opportunities Fund - Regular Plan - Income Distribution cum Capital Withdrawal Option (IDCW),97.0483
2023-09-22,100644,SBI Healthcare Opportunities Fund - Regular Plan - Income Distribution cum Capital Withdrawal Option (IDCW),173.7667
2023-09-22,100645,SBI Consumption Opportunities Fund - Regular Plan - Income Distribution cum Capital Withdrawal Option (IDCW),145.4609
2023-09-22,100646,UTI - Unit Linked Insurance Plan,34.75
2023-09-22,100650,UTI Large Cap Fund - Regular Plan - IDCW,45.7781
2023-09-22,100651,UTI Large Cap Fund - Regular Plan - Growth Option,214.7176
2023-09-22,100663,UTI Large & Mid Cap Fund - Regular Plan - IDCW,59.7609
2023-09-22,100664,UTI Large & Mid Cap Fund - Regular Plan - Growth Option,122.6733
2023-09-22,100668,UTI Flexi Cap Fund - Regular Plan - IDCW,169.8984
2023-09-22,100669,UTI - Flexi Cap Fund-Growth Option,256.9794
2023-09-22,100678,UTI Children's Hybrid Fund - Regular Plan,33.4086
2023-09-22,100682,UTI Retirement Fund - Regular Plan,39.6686
2023-09-22,100684,UTI Aggressive Hybrid Fund - Regular Plan - Growth,301.0164
2023-09-22,100685,UTI Aggressive Hybrid Fund - Regular Plan - IDCW,37.0254
2023-09-22,100723,UTI MMF-Discontinued - Regular Plan -Growth,6274.2643
2023-09-22,100724,UTI MMF- Discontinued - Regular Plan - Flexi Dividend Option,3385.5615
2023-09-22,100725,UTI MMF- Discontinued - Regular Plan - Periodic Dividend Option,2269.0565
2023-09-22,100739,UTI MNC Fund - Regular Plan - IDCW,160.7474
2023-09-22,100740,UTI - MNC Fund - Regular Plan - Growth Option,311.777
2023-09-22,100741,UTI Medium to Long Duration Fund- Regular Plan - Growth,64.0865
2023-09-22,100742,UTI Medium to Long Duration Fund - Regular Plan - Quarterly IDCW,16.4597
2023-09-22,100780,Sundaram Banking & PSU Fund (Formerly Known as Sundaram Banking and PSU Debt Fund) Retail Plan - Monthly Income Distribution cum Capital Withdrawal (IDCW),11.4768
2023-09-22,100781,Sundaram Banking & PSU Fund (Formerly Known as Sundaram Banking and PSU Debt Fund) Retail Plan - Growth,33.7651
2023-09-22,100782,Sundaram Banking & PSU Fund (Formerly Known as Sundaram Banking and PSU Debt Fund) Regular Plan - Daily Reinvestment of Income Distribution cum Capital Withdrawal (IDCW),10.3546
2023-09-22,100783,Sundaram Banking & PSU Fund (Formerly Known as Sundaram Banking and PSU Debt Fund) Regular Plan - Weekly Reinvestment of Income Distribution cum Capital Withdrawal (IDCW),12.108
2023-09-22,100784,Sundaram Banking & PSU Fund (Formerly Known as Sundaram Banking and PSU Debt Fund) Regular Plan - Growth,37.4663
2023-09-22,100785,Sundaram Corporate Bond Fund Regular Plan -Income Distribution cum Capital Withdrawal(IDCW),15.3806
2023-09-22,100786,Sundaram Corporate Bond Fund Regular Plan - Income Distribution cum Capital Withdrawal (IDCW ),17.4819
2023-09-22,100787,Sundaram Corporate Bond Fund Regular Plan-Income Distribution cum Capital Withdrawal (IDCW),16.1365
2023-09-22,100788,Sundaram Corporate Bond Fund Regular Plan- Income Distribution cum Capital Withdrawal (IDCW),15.8622
2023-09-22,100789,Sundaram Corporate Bond Fund Regular Plan- Growth,34.9572
2023-09-22,100793,Sundaram Banking & PSU Fund (Formerly Known as Sundaram Banking and PSU Debt Fund) Regular Plan - Income Distribution cum Capital Withdrawal (IDCW),11.5719
2023-09-22,100794,Sundaram Small Cap Fund Regular Plan - Income Distribution cum Capital Withdrawal (IDCW),30.0018
2023-09-22,100795,Sundaram Small Cap Fund Regular Plan - Growth,188.9908
2023-09-22,100806,UTI Healthcare Fund - Regular Plan - IDCW,139.9138
2023-09-22,100807,UTI Healthcare Fund - Regular Plan - Growth Option,181.0339
2023-09-22,100813,UTI Overnight Fund - Regular Plan - Periodic IDCW,1614.4739
2023-09-22,100814,UTI - Overnight  Fund - Regular Plan - Growth Option,3133.897
2023-09-22,100820,UTI ELSS Tax Saver Fund - Regular Plan - IDCW,30.4035
2023-09-22,100821,UTI ELSS Tax Saver Fund - Regular Plan - Growth Option,159.1466
2023-09-22,100822,UTI Nifty 50 Index Fund - Regular Plan - Growth Option,133.0906
2023-09-22,100823,UTI Nifty 50 Index Fund - Regular Plan - IDCW,67.0508
2023-09-22,100833,Kotak Liquid Fund - Regular  - Daily Reinvestment of Income Distribution cum capital withdrawal option,1222.81
2023-09-22,100835,Kotak Liquid Fund - Regular Plan - Growth,4664.4106
2023-09-22,100837,Nippon India Liquid Fund - Retail Option - Growth Plan,5037.2568
2023-09-22,100838,NIPPON INDIA LIQUID FUND - RETAIL Plan - WEEKLY IDCW OPTION,1034.17
2023-09-22,100842,NIPPON INDIA LIQUID FUND - RETAIL Plan - DAILY IDCW OPTION,1524.28
2023-09-22,100843,NIPPON INDIA LIQUID FUND - RETAIL plan - MONTHLY IDCW OPTION,1332.6585
2023-09-22,100844,NIPPON INDIA LIQUID FUND - RETAIL Plan - QUARTERLY IDCW OPTION,1214.199
2023-09-22,100851,Nippon India Liquid Fund -Growth Plan,5630.8329
2023-09-22,100852,NIPPON INDIA LIQUID FUND - DAILY IDCW OPTION,1528.74
2023-09-22,100853,NIPPON INDIA LIQUID FUND - WEEKLY IDCW OPTION,1530.3
2023-09-22,100855,NIPPON INDIA LIQUID FUND - MONTHLY IDCW OPTION,1591.96
2023-09-22,100856,Nippon India Corporate Bond Fund - Growth Plan - Growth Option,51.9121
2023-09-22,100857,NIPPON INDIA CORPORATE BOND FUND - MONTHLY IDCW Option,11.5252
2023-09-22,100858,NIPPON INDIA CORPORATE BOND FUND - QUARTERLY IDCW Option,11.7442
2023-09-22,100859,Nippon India Corporate Bond Fund - Growth Plan - Bonus Option,37.0751
2023-09-22,100864,LIC MF ELSS Tax Saver-Regular Plan-IDCW,24.2685
2023-09-22,100865,LIC MF ELSS Tax Saver-Regular Plan-Growth,113.7001
2023-09-22,100868,HDFC Liquid Fund - Growth Plan,4526.708
2023-09-22,100874,HDFC Liquid Fund - IDCW Plan Weekly,1031.7689
2023-09-22,100875,HDFC Liquid Fund - IDCW Daily,1019.82
2023-09-22,100876,HDFC Liquid Fund - IDCW Monthly,1031.0015
2023-09-22,100900,HDFC Childrens Fund - Growth Plan,228.908
2023-09-22,100915,SBI Contra Fund - Regular Plan - Income Distribution cum Capital Withdrawal Option (IDCW),48.1267
2023-09-22,100927,SBI Conservative Hybrid Fund - Regular Plan - Monthly Income Distribution cum Capital Withdrawal Option (IDCW),18.7262
2023-09-22,100928,SBI Conservative Hybrid Fund - Regular Plan - Quarterly Income Distribution cum Capital Withdrawal Option (IDCW),17.5824
2023-09-22,100929,SBI Conservative Hybrid Fund - Regular Plan - Annual Income Distribution cum Capital Withdrawal Option (IDCW),21.5038
2023-09-22,100948,Franklin India Conservative Hybrid Fund - Growth,75.416
2023-09-22,100949,Franklin India Conservative Hybrid Fund - Plan A - Monthly - IDCW,12.7738
2023-09-22,100950,Franklin India Conservative Hybrid Fund - Plan A - Quarterly - IDCW,12.0686
2023-09-22,100968,SBI Conservative Hybrid Fund - Regular Plan - Growth,60.9629
2023-09-22,100999,SBI Gilt Fund - Regular Plan - Income Distribution cum Capital Withdrawal Option (IDCW),17.6081
2023-09-22,101001,SBI GILT FUND - REGULAR PLAN - GROWTH,57.2626
2023-09-22,101002,SBI CONSTANT MATURITY 10 Year GILT FUND - REGULAR PLAN - GROWTH,54.7454
2023-09-22,101003,SBI Constant Maturity 10 Year Gilt Fund - Regular Plan - Income Distribution cum Capital Withdrawal Option (IDCW),17.805
2023-09-22,101042,Tata Gilt Securities Fund -Regular Plan- Growth Option,68.3654
2023-09-22,101044,Franklin India Floating Rate Fund - IDCW,10.2055
2023-09-22,101048,Franklin India Floating Rate Fund - Growth Plan,35.4754
2023-09-22,101049,Tata Gilt Securities Fund - Regular Plan - Payout of IDCW Option,18.9497
2023-09-22,101065,quant Mid Cap Fund - Growth Option - Regular Plan,162.3146
2023-09-22,101066,quant Mid Cap Fund - IDCW Option - Regular Plan,57.6945
2023-09-22,101069,quant Aggressive Hybrid Fund-IDCW Option - Regular Plan,44.7315
2023-09-22,101070,quant Aggressive Hybrid Fund - Growth Option - Regular Plan,324.29
2023-09-22,101071,quant Multi Asset Allocation Fund - IDCW Option - Regular Plan,85.7926
2023-09-22,101072,quant Multi Asset Allocation Fund-GROWTH OPTION - Regular Plan,93.5093
2023-09-22,101078,JM Liquid Fund (Regular) - Daily IDCW,10.4302
2023-09-22,101083,HDFC Gilt Fund - Growth Plan,48.0425
2023-09-22,101084,HDFC Gilt Fund - IDCW Plan,11.7766
2023-09-22,101127,ICICI Prudential Children's Fund - Regular Plan,229.57
2023-09-22,101143,ICICI Prudential Multi-Asset Fund - IDCW,27.6542
2023-09-22,101144,ICICI Prudential Multi-Asset Fund - Growth,548.0796
2023-09-22,101161,Nippon India Multi Cap Fund-Growth Plan-Growth Option,208.6954
2023-09-22,101162,Nippon India Multi Cap Fund-Growth Plan-Bonus Option,208.6954
2023-09-22,101163,NIPPON INDIA MULTI CAP FUND - IDCW Option,52.427
2023-09-22,101165,ICICI Prudential Short Term Fund - Monthly IDCW,12.1143
2023-09-22,101169,SBI Children's Fund - Savings Plan - REGULAR PLAN - GROWTH,87.3061
2023-09-22,101181,JM Medium to Long Duration Fund (Regular) - Bonus Option- Principal Units,22.0794
2023-09-22,101184,LIC MF Liquid Fund-Regular Plan-Daily IDCW,1000.1751
2023-09-22,101185,LIC MF Liquid Fund-Regular Plan-Growth,4170.2964
2023-09-22,101187,Baroda BNP Paribas GILT FUND - Regular Plan - Growth Option,36.7113
2023-09-22,101188,Baroda BNP Paribas GILT FUND - Regular Plan - IDCW Option,23.4223
2023-09-22,101198,LIC MF BSE Sensex Index Fund-Regular Plan-IDCW,42.262
2023-09-22,101199,LIC MF BSE Sensex Index Fund-Regular Plan-Growth,123.3003
2023-09-22,101200,LIC MF Nifty 50 Index Fund-Regular Plan-IDCW,40.0157
2023-09-22,101201,LIC MF Nifty 50 Index Fund-Regular Plan-Growth,108.4738
2023-09-22,101206,SBI OVERNIGHT FUND - REGULAR PLAN - GROWTH,3719.8083
2023-09-22,101209,Taurus Large Cap Fund - Regular Plan - Growth,116.86
2023-09-22,101222,Tata Aggressive Hybrid Fund- Regular Plan - Periodic Payout of IDCW Option,83.0997
2023-09-22,101228,ICICI Prudential Multicap Fund - Growth,556.23
2023-09-22,101232,Franklin India Short-Term Income Plan-Growth,5149.4099
2023-09-22,101236,Franklin India Short Term Income Plan -  Retail Plan - Monthly - IDCW,1436.9029
2023-09-22,101238,Franklin India Short Term Income Plan -  Retail Plan - Quarterly - IDCW,1494.8231
2023-09-22,101242,Franklin India Short Term Income Plan -  Retail Plan - Weekly - IDCW,1301.4839
2023-09-22,101244,Franklin India Short-Term Income Plan-Institutional Plan - Growth,4256.4773
2023-09-22,101262,Nippon India Power & Infra Fund-Growth Plan -Growth Option,228.9738
2023-09-22,101263,Nippon India Power & Infra Fund-Growth Plan-Bonus Option,228.9738
2023-09-22,101264,NIPPON INDIA POWER & INFRA FUND - IDCW Option,51.3401
2023-09-22,101271,LIC MF Children's Fund-Regular Plan-Growth,26.612
2023-09-22,101281,HDFC BSE Sensex Index Fund - Growth Plan,602.1859
2023-09-22,101295,SBI ESG Exclusionary Strategy Fund - Regular Plan - Income Distribution cum Capital Withdrawal Option (IDCW),57.7856
2023-09-22,101303,DSP Short Term Fund - Regular Plan - Regular Plan - IDCW - Weekly,10.1893
2023-09-22,101304,DSP Short Term Fund - Regular Plan - Growth,40.8067
2023-09-22,101305,DSP Short Term Fund - Regular Plan - IDCW,12.3361
2023-09-22,101306,DSP Short Term Fund - IDCW - Monthly,11.495
2023-09-22,101313,Aditya Birla Sun Life Nifty 50 Index Fund -REGULAR - IDCW,20.0858
2023-09-22,101314,Aditya Birla Sun Life Nifty 50 Index Fund - Growth - Regular Plan,196.5511
2023-09-22,101316,Aditya Birla Sun Life Savings Fund-Retail Growth,464.7822
2023-09-22,101317,Aditya Birla Sun Life Savings Fund - Growth - Regular Plan,480.3046
2023-09-22,101349,ICICI Prudential Nifty 50 Index Fund - Cumulative Option,195.0473
2023-09-22,101351,ICICI Prudential All Seasons Bond Fund - Weekly IDCW,10.8781
2023-09-22,101356,Franklin India Money Market Fund Retail Option - Quarterly - IDCW,10.7157
2023-09-22,101357,Franklin India Money Market Fund - Growth Option,43.9725
2023-09-22,101373,Kotak Bond Short Term Plan-(Growth),45.636
2023-09-22,101407,Baroda BNP Paribas LIQUID FUND-Defunct Plan- IDCW Option,3224.6513
2023-09-22,101408,Baroda BNP Paribas LIQUID FUND- Defunct Plan -Growth Option,3908.1425
2023-09-22,101491,Tata Childrens Fund -Regular Plan-Growth Option,48.6636
2023-09-22,101525,HDFC Nifty 50 Index Fund - Growth Plan,183.8472
2023-09-22,101530,SBI Large & Midcap Fund - Regular Plan - Income Distribution cum Capital Withdrawal Option (IDCW),204.6488
2023-09-22,101538,Sundaram Mid Cap Fund Regular Plan - Income Distribution cum Capital Withdrawal (IDCW),52.3646
2023-09-22,101539,Sundaram Mid Cap Fund Regular Plan - Growth,909.7757
2023-09-22,101547,Tata Short Term Bond Fund- Regular Plan - Monthly Payout of IDCW Option,19.0036
2023-09-22,101548,Tata Short Term Bond Fund -Regular Plan- Growth Option,42.0848
2023-09-22,101549,JM Liquid Fund (Regular) - Bonus Option - Principal Units,20.1796
2023-09-22,101551,SBI Equity Hybrid Fund - Regular Plan - Income Distribution cum Capital Withdrawal Option (IDCW),47.6907
2023-09-22,101585,HDFC Equity Savings Fund - GROWTH PLAN,54.594
2023-09-22,101586,HDFC Equity Savings Fund - IDCW PLAN,12.256
2023-09-22,101587,CANARA ROBECO INCOME FUND - REGULAR PLAN - QUARTERLY IDCW (Payout/Reinvestment),14.6921
2023-09-22,101588,CANARA ROBECO INCOME FUND - REGULAR PLAN - GROWTH OPTION,49.0724
2023-09-22,101591,Aditya Birla Sun Life Midcap Fund -REGULAR - IDCW,44.94
2023-09-22,101592,Aditya Birla Sun Life MIDCAP Fund-Growth,563.59
2023-09-22,101593,HSBC Large Cap Fund - Regular IDCW,41.8462
2023-09-22,101594,HSBC Large Cap Fund - Regular Growth,359.909
2023-09-22,101609,TATA Equity Savings Fund- Regular Plan -Monthly Payout of IDCW option,15.5553
2023-09-22,101617,ICICI Prudential Savings Fund - Weekly IDCW,105.5064
2023-09-22,101618,ICICI Prudential Savings Fund - Daily IDCW,105.7358
2023-09-22,101619,ICICI Prudential Savings Fund - Growth,475.5964
2023-09-22,101635,DSP Large Cap Fund - Regular Plan - Growth,335.538
2023-09-22,101636,DSP Large Cap Fund - Regular Plan - IDCW,22.123
2023-09-22,101656,Franklin India Dynamic Asset Allocation Active Fund of Funds-Growth,131.8188
2023-09-22,101657,Franklin India Dynamic Asset Allocation Active Fund of funds - IDCW,39.9999
2023-09-22,101659,Tata Nifty 50 Index Fund -Regular Plan,121.0491
2023-09-22,101665,Nippon India Short Duration  Fund-Growth Plan,45.8903
2023-09-22,101667,NIPPON INDIA SHORT DURATION FUND - MONTHLY IDCW Option,11.4765
2023-09-22,101669,NIPPON INDIA SHORT DURATION FUND - QUARTERLY IDCW OPTION,14.625
2023-09-22,101672,Tata Value Fund - Regular Plan -Growth Option,247.3274
2023-09-22,101685,HSBC Medium to Long Duration Fund - Regular Growth,37.0666
2023-09-22,101686,HSBC Medium to Long Duration Fund - Regular Quarterly IDCW,10.6968
2023-09-22,101705,ICICI Prudential BSE Sensex ETF,734.4979
2023-09-22,101706,ICICI Prudential Multicap Fund - IDCW,28.93
2023-09-22,101714,Tata Liquid Fund- Regular Plan - Daily Reinvestment of IDCW Option,1001.5157
2023-09-22,101737,Aditya Birla Sun Life Dividend Yield Fund -REGULAR - IDCW,21.81
2023-09-22,101738,Aditya Birla Sun Life Dividend Yield Fund - Growth - Regular Plan,324.56
2023-09-22,101746,Tata S&P BSE Sensex Index Fund -Regular Plan,164.0507
2023-09-22,101758,ICICI Prudential Short Term Fund - Growth Option,52.436
2023-09-22,101762,HDFC Flexi Cap Fund - Growth Plan,1334.844
2023-09-22,101763,HDFC Flexi Cap Fund - IDCW Plan,64.152
2023-09-22,101764,HDFC Value Fund - Growth Plan,511.557
2023-09-22,101765,HDFC Value Fund - IDCW Plan,28.256
2023-09-22,101766,Tata Infrastructure Fund-Regular Plan- Growth Option,126.5629
2023-09-22,101802,ICICI Prudential Floating Interest Fund - Growth,371.9167
2023-09-22,101804,ICICI Prudential Floating Interest Fund - Daily IDCW,101.4664
2023-09-22,101805,JM Dynamic Bond Fund (Regular) - IDCW,36.189
2023-09-22,101806,JM Dynamic Bond Fund (Regular) - Growth Option,36.0759
2023-09-22,101816,Aditya Birla Sun Life Regular Savings Fund - REGULAR - MONTHLY IDCW,15.6906
2023-09-22,101818,Aditya Birla Sun Life Regular Savings Fund - Growth / Payment - Regular Plan,55.9785
2023-09-22,101823,Tata Large & Mid Cap Fund Regular Plan - Payout of IDCW Option,65.7341
2023-09-22,101824,Tata Large & Mid Cap Fund- Regular Plan - Growth Option,407.8001
2023-09-22,101829,LIC MF Low Duration Fund-Regular Plan-Monthly IDCW,12.066
2023-09-22,101830,LIC MF Low Duration Fund-Regular Plan-Growth,34.9922
2023-09-22,101833,Tata Ethical Fund- Regular Plan - Payout of IDCW Option,130.2411
2023-09-22,101834,UTI - Master Equity Plan Unit Scheme,178.8594
2023-09-22,101837,DSP Credit Risk Fund - Regular Plan -Growth,35.5368
2023-09-22,101838,DSP Credit Risk Fund - Regular Plan - IDCW - Weekly,10.2553
2023-09-22,101839,DSP Credit Risk Fund - Regular Plan - IDCW,11.9286
2023-09-22,101840,DSP Credit Risk Fund - Regular Plan - IDCW - Daily,10.2505
2023-09-22,101843,Aditya Birla Sun Life Short Term Fund - REGULAR - IDCW,17.2388
2023-09-22,101844,Aditya Birla Sun Life Short Term Fund - Growth - Regular Plan,41.4721
2023-09-22,101847,Tata Money Market Fund-Regular Plan - Growth Option,4136.1778
2023-09-22,101852,TATA Infrastructure Fund Regular Plan - Payout of IDCW Option,59.9907
2023-09-22,101853,Sundaram Value Fund Regular Plan - Growth,173.1154
2023-09-22,101862,Nippon India Banking & Financial Services Fund-Growth Plan-Growth Option,463.4256
2023-09-22,101863,Nippon India Banking & Financial Services Fund-Growth Plan-Bonus Option,463.4256
2023-09-22,101864,Nippon India Banking & Financial Services Fund - IDCW Option,62.6273
2023-09-22,101866,LIC MF Conservative Hybrid Fund-Regular Plan-Monthly IDCW,12.0012
2023-09-22,101867,LIC MF Conservative Hybrid Fund-Regular Plan-Quarterly IDCW,12.5484
2023-09-22,101868,LIC MF Conservative Hybrid Fund-Regular Plan-Yearly IDCW,12.0644
2023-09-22,101869,LIC MF Conservative Hybrid Fund-Regular Plan-Growth,71.4375
2023-09-22,101872,HDFC Dynamic Debt Fund - Growth Option,78.2143
2023-09-22,101873,HDFC Dynamic Debt Fund - Quarterly IDCW Option,12.1218
2023-09-22,101874,HDFC Dynamic Debt Fund - Half Yearly IDCW Option,11.6595
2023-09-22,101875,HDFC Dynamic Debt Fund - Yearly IDCW Option,13.3485
2023-09-22,101892,Kotak Money market Fund - (Monthly Payout of Income Distribution cum capital withdrawal option),1052.3946
2023-09-22,101893,Kotak Money Market Fund - (Growth),3935.8343
2023-09-22,101906,Tata Equity Savings Fund -Regular Plan-Growth Option,45.3108
2023-09-22,101922,CANARA ROBECO FLEXICAP FUND - REGULAR PLAN - GROWTH OPTION,249.11
2023-09-22,101923,CANARA ROBECO FLEXICAP FUND - REGULAR PLAN - IDCW (Payout/Reinvestment),50.8
2023-09-22,101932,SBI GILT FUND -  GROWTH - PF (Regular) Option,36.7613
2023-09-22,101934,SBI GILT FUND -  GROWTH - PF (Fixed Period - 3 Yrs) Option,34.347
2023-09-22,101935,SBI Gilt Fund - Income Distribution cum Capital Withdrawal Option (IDCW) - PF (Regular),18.501
2023-09-22,101945,Tata Gilt Retirement Plan- 28/2/25 Growth Option,31.1803
2023-09-22,101950,SBI Gilt Fund - Income Distribution cum Capital Withdrawal Option (IDCW) - PF (Fixed Period - 1 Yr),17.6918
2023-09-22,101951,SBI Gilt Fund - Income Distribution cum Capital Withdrawal Option (IDCW) - PF (Fixed Period - 2 Yrs),17.9028
2023-09-22,101952,SBI Gilt Fund - Income Distribution cum Capital Withdrawal Option (IDCW) - PF (Fixed Period - 3 Yrs),17.3582
2023-09-22,101970,Aditya Birla Sun Life Money Manager Fund - RETAIL - WEEKLY IDCW,103.8781
2023-09-22,101971,Aditya Birla Sun Life Money Manager Fund - Retail Growth,399.424
2023-09-22,101972,Aditya Birla Sun Life Money Manager Fund - Retail - Daily IDCW,100.015
2023-09-22,101973,Aditya Birla Sun Life Money Manager Fund - Daily IDCW,100.02
2023-09-22,101974,Aditya Birla Sun Life Money Manager Fund - WEEKLY IDCW,100.2026
2023-09-22,101976,Aditya Birla Sun Life Money Manager Fund - Growth,324.0716
2023-09-22,101979,HDFC ELSS Tax saver - Growth Plan,951.841
2023-09-22,101980,HDFC ELSS Tax saver - IDCW Plan,61.88
2023-09-22,101986,Tata Money Market Fund- Regular Plan - Daily Reinvestment of IDCW Option,1114.52
2023-09-22,101989,HDFC Medium Term Debt Fund - Growth Option,49.0908
2023-09-22,101990,HDFC Medium Term Debt Fund - Fornightly IDCW Option,10.1269
2023-09-22,101993,HDFC Money Market Fund - Growth Option,5012.4235
2023-09-22,101994,HDFC Money Market Fund - Daily IDCW Option,1063.64
2023-09-22,101995,HDFC Money Market Fund - Weekly IDCW Option,1063.73
2023-09-22,101996,HDFC Overnight Fund - Growth Option,3404.0791
2023-09-22,101997,HDFC Overnight Fund - IDCW Option (Daily),1042.66
2023-09-22,102000,HDFC Large Cap Fund - Growth Option - Regular Plan,865.421
2023-09-22,102001,HDFC Large Cap Fund - IDCW Option - Regular Plan,53.038
2023-09-22,102007,UTI-  Liquid Cash Plan- Discontinued -Regular Plan Periodic Dividend Option,1135.661
2023-09-22,102008,UTI-  Liquid Cash Plan- Discontinued - Regular Plan - Monthly Dividend Option,1075.0479
2023-09-22,102009,UTI-  Liquid Cash Plan- Discontinued - Regular Plan -Growth,3452.6839
2023-09-22,102010,UTI Liquid Fund - Regular Plan - Daily IDCW (Reinvestment),1071.6549
2023-09-22,102011,UTI Liquid Fund - Regular Plan - Monthly IDCW,1050.1325
2023-09-22,102012,UTI-  Liquid Cash Plan - Regular Plan - Growth Option,3783.7118
2023-09-22,102013,UTI Liquid Fund - Regular Plan - Weekly IDCW,1053.1597
2023-09-22,102020,Baroda BNP Paribas MULTI CAP FUND - Regular Plan - Growth Option,197.7549
2023-09-22,102021,Baroda BNP Paribas MULTI CAP FUND - Regular Plan - IDCW Option,44.6785
2023-09-22,102036,Tata Large Cap Fund- Regular Plan - Payout of IDCW Option,82.6416
2023-09-22,102046,Tata Gilt Retirement Plan (28/2/25) - Payout of IDCW Option,31.1295
2023-09-22,102053,SBI MEDIUM DURATION FUND - REGULAR PLAN - GROWTH,44.5773
2023-09-22,102054,SBI Medium Duration Fund - Regular Plan - Income Distribution cum Capital Withdrawal Option (IDCW),17.2794
2023-09-22,102118,Tata Equity Savings Fund- Regular Plan - Periodic Payout of IDCW Option,21.7058
2023-09-22,102133,ICICI Prudential Multi Sector Passive FOF - Growth,118.9092
2023-09-22,102134,ICICI Prudential Multi Sector Passive FOF - IDCW,99.6023
2023-09-22,102135,ICICI Prudential Aggressive Hybrid Active FOF - Growth,157.575
2023-09-22,102136,ICICI Prudential Aggressive Hybrid Active FOF - IDCW,131.5953
2023-09-22,102137,ICICI Prudential Dynamic Asset Allocation Active FOF - Growth,93.4827
2023-09-22,102138,ICICI Prudential Dynamic Asset Allocation Active FOF - IDCW,77.9357
2023-09-22,102139,ICICI Prudential Income Plus Arbitrage Omni FOF - Growth,52.1314
2023-09-22,102140,ICICI Prudential Income plus Arbitrage Omni FOF - IDCW,43.6519
2023-09-22,102141,ICICI Prudential Diversified Debt Strategy Active FOF - Growth,39.0244
2023-09-22,102142,Sundaram Consumption Fund(Formerly Known as Sundaram Rural and Consumption Fund Regular Plan - Growth),73.2633
2023-09-22,102143,ICICI Prudential Diversified Debt Strategy Active FOF - IDCW,35.6952
2023-09-22,102147,HDFC Hybrid Debt Fund - Growth Plan,68.4866
2023-09-22,102148,HDFC Hybrid Debt Fund - IDCW Monthly,13.7861
2023-09-22,102149,HDFC Hybrid Debt Fund - IDCW Quarterly,14.7837
2023-09-22,102172,Nippon India Conservative Hybrid  Fund-Growth Plan,49.5429
2023-09-22,102173,NIPPON INDIA CONSERVATIVE HYBRID  FUND - MONTHLY IDCW Option,10.6714
2023-09-22,102174,NIPPON INDIA CONSERVATIVE HYBRID  FUND - QUARTERLY IDCW Option,11.9063
2023-09-22,102205,SBI Dynamic Bond Fund - REGULAR PLAN - Growth,31.087
2023-09-22,102206,SBI Dynamic Bond Fund - Regular Plan - Income Distribution cum Capital Withdrawal Option (IDCW),16.2975
2023-09-22,102251,HSBC Flexi Cap Fund - Regular IDCW,37.4755
2023-09-22,102252,HSBC Flexi Cap Fund - Regular Growth,152.5389
2023-09-22,102260,HSBC Conservative Hybrid Fund - Regular Monthly IDCW,12.528
2023-09-22,102261,HSBC Conservative Hybrid Fund - Regular Quarterly IDCW,16.6335
2023-09-22,102262,HSBC Conservative Hybrid Fund - Regular Growth,49.919
2023-09-22,102266,UTI Children's Equity Fund - Regular Plan - IDCW,65.7503
2023-09-22,102267,UTI Children's Equity Fund - Regular Plan - Growth Option,65.7463
2023-09-22,102272,SBI NIFTY INDEX FUND - REGULAR PLAN - GROWTH,171.6355
2023-09-22,102273,SBI Nifty Index Fund - Regular Plan - Income Distribution cum Capital Withdrawal Option (IDCW),88.0594
2023-09-22,102326,Tata Mid Cap Fund-Regular Plan - IDCW Option,84.7884
2023-09-22,102328,Tata Mid Cap Fund Regular Plan- Growth Option,307.19
2023-09-22,102330,ICICI Prudential Regular Savings Fund - Plan - Growth,62.4607
2023-09-22,102331,ICICI Prudential Regular Savings Fund - Plan - Monthly IDCW,13.858
2023-09-22,102393,UTI Mid Cap Fund - Regular Plan - IDCW,106.9045
2023-09-22,102394,UTI Mid Cap Fund-Growth Option,225.9138
2023-09-22,102395,UTI Infrastructure Fund-Growth Option,99.4083
2023-09-22,102396,UTI Infrastructure Fund - Regular Plan - IDCW,51.9551
2023-09-22,102397,UTI Transportation and Logistics Fund - Regular Plan - IDCW,84.3055
2023-09-22,102398,UTI-Transportation and Logistics  Fund-Growth Option,182.832
2023-09-22,102401,UTI Banking and Financial Services Fund - Regular Plan - Growth Option,137.9647
2023-09-22,102402,UTI Banking and Financial Services Fund - Regular Plan - IDCW,53.6951
2023-09-22,102414,SBI CONTRA FUND - REGULAR PLAN -GROWTH,277.5393
2023-09-22,102428,Tata Value Fund Regular Plan - Payout of IDCW-Option B(10%),91.5757
2023-09-22,102431,Nippon India Pharma Fund-Growth Plan-Growth Option,343.4067
2023-09-22,102432,Nippon India Pharma Fund-Growth Plan-Bonus Option,343.4067
2023-09-22,102433,NIPPON INDIA PHARMA FUND - IDCW Option,95.3582
2023-09-22,102434,DSP India T.I.G.E.R. Fund - Regular Plan - Growth,208.863
2023-09-22,102435,DSP India T.I.G.E.R. Fund - Regular Plan - IDCW,23.238
2023-09-22,102442,Franklin India Liquid Fund - Institutional Plan - Weekly - IDCW,1055.6316
2023-09-22,102443,Franklin India Liquid Fund - Institutional Plan - Daily - IDCW,1000.0
2023-09-22,102448,DSP Regular Savings Fund- Regular Plan - Growth,48.1988
2023-09-22,102450,DSP Regular Savings Fund - Regular Plan - IDCW - Monthly,10.9435
2023-09-22,102451,DSP Regular Savings Fund - Regular Plan - IDCW - Quarterly,11.3614
2023-09-22,102452,HDFC Low Duration  Fund - Growth,50.8816
2023-09-22,102453,HDFC Low Duration  Fund - Weekly IDCW,10.0659
2023-09-22,102503,SBI  SAVINGS FUND - REGULAR PLAN - GROWTH,36.5737
2023-09-22,102504,SBI Savings Fund - Regular Plan - Income Distribution cum Capital Withdrawal Option (IDCW),14.421
2023-09-22,102505,SBI CREDIT RISK FUND - REGULAR PLAN - GROWTH,39.7186
2023-09-22,102506,SBI Credit Risk Fund - Regular Plan - Income Distribution cum Capital Withdrawal Option (IDCW),17.9561
2023-09-22,102509,UTI Gilt Fund - Regular Plan - IDCW,33.9188
2023-09-22,102510,UTI - GILT FUND - Regular Plan - Growth Option,54.6814
2023-09-22,102511,UTI - GILT FUND -Discontinued PF Plan -Dividend Option,22.378
2023-09-22,102512,UTI - GILT FUND - Discontinued PF Plan - Growth Option,40.6575
2023-09-22,102514,UTI - GILT FUND - Discontinued PF Plan Prescribed Date Auto Redemption Option,40.6801
2023-09-22,102528,ICICI Prudential MidCap Fund - Growth,191.99
2023-09-22,102529,ICICI Prudential MidCap Fund - IDCW,32.22
2023-09-22,102531,UTI Ultra Short Duration Fund - Regular Plan - Weekly IDCW (Reinvestment),1201.1056
2023-09-22,102532,UTI Ultra Short Duration Fund - Regular Plan - Growth Option,3750.1416
2023-09-22,102533,UTI Conservative Hybrd Fund - Regular Plan - Monthly Payment Option,57.2997
2023-09-22,102534,UTI Conservative Hybrid Fund - Regular Plan - Flexi IDCW,39.723
2023-09-22,102535,UTI Conservative Hybrid Fund - Regular Plan - Growth Option,57.2703
2023-09-22,102536,UTI Conservative Hybrid Fund - Regular Plan - Monthly IDCW,16.0745
2023-09-22,102538,UTI Low Duration Fund - Discontinued - Annaul Dividend Option,2969.144
2023-09-22,102539,UTI Low Duration Fund - Discontinued Bonus Option,3683.474
2023-09-22,102540,UTI Low Duration Fund - Discontinued Growth Option,5525.841
2023-09-22,102541,UTI Low Duration Fund - Discontinued - Quarterly Dividend Option,1953.8662
2023-09-22,102544,UTI Low Duration Fund - Regular Plan - Growth Option,3109.0269
2023-09-22,102545,UTI Low Duration Fund - Regular Plan - Bonus Option,2598.4893
2023-09-22,102573,Kotak Multi Asset Omni FOF - Payout of Income Distribution cum capital withdrawal option,167.215
2023-09-22,102574,Kotak Multi Asset Omni FOF - Growth- Regular,171.784
2023-09-22,102591,Kotak Savings Fund -Growth,37.9096
2023-09-22,102592,Kotak Savings Fund -Monthly Payout of Income Distribution cum capital withdrawal option,10.7319
2023-09-22,102594,ICICI Prudential Value Fund (erstwhile Value Discovery Fund) - Growth,327.01
2023-09-22,102595,ICICI Prudential Value Fund (erstwhile Value Discovery Fund) - IDCW,33.98
2023-09-22,102672,Tata Liquid Fund -Regular Plan - Growth Option,3632.9622
2023-09-22,102673,Nippon India Floater Fund - Growth Plan-Growth Option,39.2892
2023-09-22,102675,NIPPON INDIA FLOATER FUND - MONTHLY IDCW Option,11.0356
2023-09-22,102676,NIPPON INDIA FLOATER FUND - DAILY IDCW REINVESTMENT Option,10.2618
2023-09-22,102677,NIPPON INDIA FLOATER FUND - WEEKLY IDCW Option,10.2679
2023-09-22,102741,ICICI Prudential Medium Term Bond Fund - Growth,38.8879
2023-09-22,102751,Nippon India Consumption Fund-Growth Plan-Growth Option,148.1751
2023-09-22,102752,Nippon India Consumption Fund-Growth Plan-Bonus Option,148.1751
2023-09-22,102753,NIPPON INDIA CONSUMPTION FUND - IDCW Option,33.963
2023-09-22,102756,SBI FOCUSED FUND - REGULAR PLAN -GROWTH,262.0816
2023-09-22,102760,HDFC Focused Fund - GROWTH PLAN,153.973
2023-09-22,102761,HDFC Focused Fund - IDCW PLAN,20.675
2023-09-22,102765,SBI Focused Fund - Regular Plan - Income Distribution cum Capital Withdrawal Option (IDCW),47.9367
2023-09-22,102766,Aditya Birla Sun Life Dynamic Bond Fund -Regular - Quarterly IDCW,10.6092
2023-09-22,102767,Aditya Birla Sun Life Dynamic Bond Fund - Growth - Regular Plan,40.0373
2023-09-22,102823,SBI HEALTHCARE OPPORTUNITIES FUND - REGULAR PLAN -GROWTH,275.8451
2023-09-22,102846,Nippon India Balanced Advantage Fund-Growth Plan-Growth Option,138.6298
2023-09-22,102847,Nippon India Balanced Advantage Fund-Growth Plan-Bonus Option,138.6298
2023-09-22,102848,NIPPON INDIA BALANCED ADVANTAGE FUND - IDCW Option,29.6442
2023-09-22,102849,Nippon India Dynamic Bond Fund-Growth Plan-Growth Option,32.2489
2023-09-22,102851,NIPPON INDIA DYNAMIC BOND FUND - IDCW Option,21.6913
2023-09-22,102860,SBI Savings Fund - Regular Plan Weekly Income Distribution cum Capital Withdrawal Option (IDCW),13.6097
2023-09-22,102874,Kotak-Small Cap Fund - Payout of Income Distribution cum capital withdrawal option,86.005
2023-09-22,102875,Kotak-Small Cap Fund - Growth,197.137
2023-09-22,102883,Franklin India Large & Mid Cap Fund - Growth Plan,137.7556
2023-09-22,102884,Franklin India Large & Mid Cap Fund - IDCW,18.6416
2023-09-22,102885,SBI EQUITY HYBRID FUND - REGULAR PLAN -Growth,225.0577
2023-09-22,102913,CANARA ROBECO SAVINGS FUND - REGULAR PLAN - GROWTH OPTION,37.1156
2023-09-22,102914,CANARA ROBECO SAVINGS FUND - REGULAR PLAN - IDCW (Payout/Reinvestment),33.2467
2023-09-22,102915,CANARA ROBECO SAVINGS FUND - REGULAR PLAN - WEEKLY IDCW (Payout/Reinvestment),10.2628
2023-09-22,102920,CANARA ROBECO LARGE AND MID CAP FUND - REGULAR PLAN - GROWTH OPTION,181.3
2023-09-22,102921,CANARA ROBECO LARGE AND MID CAP FUND - REGULAR PLAN - IDCW (Payout/Reinvestment),68.47
2023-09-22,102941,SBI MIDCAP FUND - REGULAR PLAN - GROWTH,178.7942
2023-09-22,102942,SBI Midcap Fund - Regular Plan - Income Distribution cum Capital Withdrawal Option (IDCW),73.0565
2023-09-22,102947,HDFC Hybrid Equity Fund - IDCW Plan,15.215
2023-09-22,102948,HDFC Hybrid Equity Fund - Growth Plan,94.961
2023-09-22,103024,SBI LARGE & MIDCAP FUND- REGULAR PLAN -Growth,452.9854
2023-09-22,103025,UTI Dividend Yield Fund - Regular Plan - IDCW,24.9575
2023-09-22,103026,UTI-Dividend Yield Fund.-Growth,123.209
2023-09-22,103034,SBI MNC FUND - REGULAR PLAN -GROWTH,333.0417
2023-09-22,103039,Kotak Contra Fund - Regular Plan - IDCW - Payout & Re-investment of Income Distribution cum capital withdrawal option,35.234
2023-09-22,103040,Kotak Contra Fund - Regular Plan - Growth,102.219
2023-09-22,103048,Nippon India Money Market Fund-Growth Plan-Growth Option,3635.1257
2023-09-22,103050,NIPPON INDIA MONEY MARKET FUND - DAILY IDCW Option,1003.9028
2023-09-22,103051,NIPPON INDIA MONEY MARKET FUND - WEEKLY IDCW Option,1004.3197
2023-09-22,103052,NIPPON INDIA MONEY MARKET FUND - MONTHLY IDCW Option,1019.5802
2023-09-22,103085,Nippon India Value Fund- Growth Plan,151.1909
2023-09-22,103086,NIPPON INDIA VALUE FUND - IDCW Option,35.6669
2023-09-22,103097,UTI Value Fund - Regular Plan - IDCW,34.2303
2023-09-22,103098,UTI Value Fund - Regular Plan - Growth Option,117.4579
2023-09-22,103110,Aditya Birla Sun Life Consumption Fund -Regular - IDCW,34.66
2023-09-22,103111,Aditya Birla Sun Life Consumption Fund-Growth Option,162.52
2023-09-22,103114,SBI MNC Fund - Regular Plan - Income Distribution cum Capital Withdrawal Option (IDCW),101.7414
2023-09-22,103130,HDFC Multi-Asset Fund - IDCW Option,15.331
2023-09-22,103131,HDFC Multi-Asset Fund - Growth Option,54.728
2023-09-22,103140,SBI Overnight Fund - Regular Plan - Weekly Income Distribution cum Capital Withdrawal Option (IDCW),1189.5929
2023-09-22,103145,SBI COMMA Fund - REGULAR PLAN - Growth,75.0036
2023-09-22,103146,SBI Comma Fund - Regular Plan - Income Distribution cum Capital Withdrawal Option (IDCW),42.5727
2023-09-22,103149,ICICI Prudential Infrastructure Fund - Growth,124.16
2023-09-22,103150,ICICI Prudential Infrastructure Fund - IDCW,22.62
2023-09-22,103151,Franklin India Opportunities Fund - Growth,152.6889
2023-09-22,103154,Aditya Birla Sun Life Equity Hybrid'95 Fund -Regular - IDCW,155.88
2023-09-22,103155,Aditya Birla Sun Life Equity Hybrid'95 Fund - Regular Plan-Growth,1171.36
2023-09-22,103158,Tata Treasury Advantage Fund Regular Plan - Weekly Payout of IDCW Option,1008.3975
2023-09-22,103159,Tata Treasury Advantage Fund - Regular Plan - Growth Option,3459.9416
2023-09-22,103160,Tata Treasury Advantage Fund Regular Plan - Daily Reinvestment of IDCW Option,1003.5288
2023-09-22,103164,Aditya Birla Sun Life ELSS Tax Saver Fund-Regular - IDCW,170.85
2023-09-22,103165,Aditya Birla Sun Life Flexi Cap Fund -Regular - IDCW,137.2
2023-09-22,103166,Aditya Birla Sun Life Flexi Cap Fund - Growth - Regular Plan,1297.05
2023-09-22,103167,Aditya Birla Sun Life Digital India Fund -Regular - IDCW,40.01
2023-09-22,103168,Aditya Birla Sun Life Digital India Fund - Growth - Regular Plan,140.9
2023-09-22,103173,Aditya Birla Sun Life Large Cap Fund-Regular - IDCW,36.08
2023-09-22,103174,Aditya Birla Sun Life Large Cap Fund-Growth,393.05
2023-09-22,103176,Aditya Birla Sun Life Banking & PSU Debt Fund - Retail Plan-Growth,480.18
2023-09-22,103178,Aditya Birla Sun Life Corporate Bond Fund - Growth - Regular Plan,97.8886
2023-09-22,103183,Aditya Birla Sun Life Corporate Bond Fund -REGULAR - MONTHLY IDCW,12.3186
2023-09-22,103191,Aditya Birla Sun Life Low Duration Fund -INSTITUTIONAL - DAILY IDCW,100.2756
2023-09-22,103192,Aditya Birla Sun Life Low Duration Fund - Growth Plan,580.6082
2023-09-22,103193,Aditya Birla Sun Life Low Duration Fund -REGULAR - WEEKLY IDCW,100.4598
2023-09-22,103195,Aditya Birla Sun Life Low Duration Fund - Institutional Plan - Growth,407.1014
2023-09-22,103196,Nippon India ELSS Tax Saver Fund-Growth Plan-Growth Option,92.6546
2023-09-22,103197,NIPPON INDIA ELSS TAX SAVER FUND - IDCW Option,29.8392
2023-09-22,103215,SBI Flexicap Fund - REGULAR PLAN -Growth Option,85.7292
2023-09-22,103216,SBI Flexicap Fund - Regular Plan - Income Distribution cum Capital Withdrawal Option (IDCW),38.3875
2023-09-22,103225,quant Liquid Fund - Growth Option - Regular Plan,36.6412
2023-09-22,103226,quant Liquid Fund-Daily IDCW Option - Regular Plan,12.8634
2023-09-22,103227,quant Liquid Fund - Weekly IDCW Option - Regular Plan,13.423
2023-09-22,103228,quant Liquid Fund - Monthly IDCW Option - Regular Plan,15.2169
2023-09-22,103233,Kotak Large & Midcap Fund - IDCW-Regular,42.587
2023-09-22,103234,Kotak Large & Midcap Fund - Growth-Regular,244.107
2023-09-22,103308,Aditya Birla Sun Life Focused Fund -Regular - IDCW,20.1535
2023-09-22,103309,Aditya Birla Sun Life Focused Fund -Growth Option,103.1018
2023-09-22,103312,ICICI Prudential Exports & Services Fund - Growth,113.75
2023-09-22,103313,ICICI Prudential Exports & Services Fund - IDCW,30.4
2023-09-22,103338,Kotak ELSS Tax Saver Fund-Payout of Income Distribution cum capital withdrawal option,32.582
2023-09-22,103339,Kotak ELSS Tax Saver Fund-Growth,87.06
2023-09-22,103340,ICICI Prudential Liquid Fund - Growth,341.4493
2023-09-22,103342,ICICI Prudential Liquid Fund - Weekly IDCW,100.2314
2023-09-22,103343,ICICI Prudential Liquid Fund - Daily IDCW,100.1482
2023-09-22,103347,DSP Liquidity Fund - Regular Plan - Growth,3292.0623
2023-09-22,103348,DSP Liquidity Fund - Regular Plan - IDCW - Weekly,1001.0814
2023-09-22,103349,DSP Liquidity Fund- Regular Plan - IDCW - Daily,1000.9329
2023-09-22,103360,Franklin India Small Cap Fund-Growth,124.0636
2023-09-22,103361,Franklin India Small Cap Fund - IDCW,41.6674
2023-09-22,103389,CANARA ROBECO INFRASTRUCTURE FUND - REGULAR PLAN - IDCW (Payout/Reinvestment),42.51
2023-09-22,103390,CANARA ROBECO INFRASTRUCTURE FUND - REGULAR PLAN - GROWTH OPTION,100.05
2023-09-22,103400,SBI Multi Asset Allocation Fund - Regular Plan - Monthly Income Distribution cum Capital Withdrawal Option (IDCW),20.0319
2023-09-22,103401,SBI Multi Asset Allocation Fund - Regular Plan - Quarterly Income Distribution cum Capital Withdrawal Option (IDCW),20.0127
2023-09-22,103408,SBI MULTI ASSET ALLOCATION FUND - REGULAR PLAN - GROWTH,44.7992
2023-09-22,103409,SBI Multi Asset Allocation Fund - Regular Plan - Annual Income Distribution cum Capital Withdrawal Option (IDCW),25.3294
2023-09-22,103475,Aditya Birla Sun Life Infrastructure Fund -  Regular - IDCW,22.98
2023-09-22,103476,Aditya Birla Sun Life Infrastructure Fund-Growth,67.87
2023-09-22,103490,Quantum Value Fund - Direct Plan Growth Option,93.16
2023-09-22,103491,Quantum Value Fund - Direct Plan IDCW,93.95
2023-09-22,103504,SBI Large Cap FUND-REGULAR PLAN GROWTH,71.3588
2023-09-22,103616,SBI Large Cap Fund - Regular Plan - Income Distribution cum Capital Withdrawal Option (IDCW),40.5948
2023-09-22,103633,ICICI Prudential Money Market Fund Option - Growth,332.4316
2023-09-22,103634,ICICI Prudential Money Market Fund Option - Daily IDCW,100.1295
2023-09-22,103635,ICICI Prudential Money Market Fund Option - Weekly IDCW,100.7657
2023-09-22,103678,Franklin India Dividend Yield Fund-Growth Plan,99.66
2023-09-22,103679,Franklin India Dividend Yield Fund - IDCW,22.0642
2023-09-22,103734,Quantum Liquid Fund - Direct Plan Growth Option,31.2596
2023-09-22,103735,Quantum Liquid Fund - Direct Plan Monthly IDCW,10.0625
2023-09-22,103736,Quantum Liquid Fund - Direct Plan Daily IDCW,10.0085
2023-09-22,103743,Sundaram Consumption Fund (Formerly Known as Sundaram Rural and Consumption Fund Regular Plan - Income Distribution cum Capital Withdrawal (IDCW),25.7955
2023-09-22,103780,JM Arbitrage Fund (Regular) - Growth Option,29.0168
2023-09-22,103781,JM Arbitrage Fund (Regular) - IDCW,13.4677
2023-09-22,103819,DSP Large & Mid Cap Fund - Regular Plan - Growth,426.465
2023-09-22,103820,DSP Large & Mid Cap Fund - Regular Plan - IDCW,32.15
2023-09-22,103883,SBI ELSS Tax Saver Fund - Regular Plan - Income Distribution cum Capital Withdrawal Option (IDCW),59.2717
2023-09-22,103884,SBI Ultra Short Duration Fund - Regular Plan - Weekly Income Distribution cum Capital Withdrawal Option (IDCW),1264.6353
2023-09-22,103885,Aditya Birla Sun Life Liquid Fund -Regular - IDCW,155.489
2023-09-22,104074,UTI Arbitrage Fund - Regular Plan - IDCW,17.4386
2023-09-22,104075,UTI Arbitrage Fund - Regular Plan - Growth Option,30.869
2023-09-22,104138,DSP Ultra Short Fund - Regular Plan - Growth,3014.0382
2023-09-22,104139,DSP Ultra Short Fund - Regular Plan - IDCW - Weekly Reinvest,1005.2425
2023-09-22,104140,DSP Ultra Short Fund - Regular Plan - IDCW - Daily Reinvest,1005.4914
2023-09-22,104457,SBI Arbitrage Opportunities Fund - Regular Plan - Gr,29.8305
2023-09-22,104458,SBI Arbitrage Opportunities Fund - Regular Plan - Income Distribution cum Capital Withdrawal Option (IDCW),15.6874
2023-09-22,104481,DSP Midcap Fund - Regular Plan - Growth,104.571
2023-09-22,104482,DSP Midcap Fund - Regular Plan - IDCW,25.574
2023-09-22,104484,Invesco India Liquid Fund - Daily IDCW (Reinvestment),1002.7594
2023-09-22,104485,Invesco India Liquid Fund - Weekly IDCW (Reinvestment),1015.8976
2023-09-22,104486,Invesco India Liquid Fund - Growth,3169.0931
2023-09-22,104488,Invesco India Liquid Fund - Regular - Growth,2832.7786
2023-09-22,104489,Invesco India Liquid Fund - Regular - Weekly IDCW (Reinvestment),1002.9732
2023-09-22,104492,Invesco India Liquid Fund - Monthly IDCW (Payout / Reinvestment),1007.2242
2023-09-22,104513,quant Large & Mid Cap Fund - Growth Option,83.2555
2023-09-22,104514,quant Large & Mid Cap Fund - IDCW Option - Regular Plan,50.7383
2023-09-22,104515,quant Large & Mid Cap Fund - Bonus Option - Regular Plan,83.3337
2023-09-22,104523,SBI ESG Exclusionary Strategy Fund - Regular Plan - Growth,184.7698
2023-09-22,104559,CANARA ROBECO SAVINGS FUND - REGULAR PLAN - DAILY IDCW (Reinvestment),10.26
2023-09-22,104635,Invesco India ELSS Tax Saver Fund - Regular Plan - IDCW Payout,24.26
2023-09-22,104636,Invesco India ELSS Tax Saver Fund - Regular Plan - Growth,90.15
2023-09-22,104637,Nippon India Focused Fund -Growth Plan -Growth Option,94.2321
2023-09-22,104638,NIPPON INDIA FOCUSED  FUND - IDCW OPTION,32.0872
2023-09-22,104681,ICICI Prudential Arbitrage Fund - IDCW,14.3375
2023-09-22,104683,ICICI Prudential Arbitrage Fund - Growth,30.2778
2023-09-22,104685,ICICI Prudential Balanced Advantage Fund - Growth,57.65
2023-09-22,104686,ICICI Prudential Balanced Advantage Fund - IDCW,17.96
2023-09-22,104706,HSBC Tax Saver Equity Fund - IDCW,27.7783
2023-09-22,104707,HSBC Tax Saver Equity Fund - Growth,63.8096
2023-09-22,104722,Invesco India Low Duration Fund - Regular - Weekly IDCW (Reinvestment),1334.3105
2023-09-22,104723,Invesco India Low Duration Fund - Regular - Monthly IDCW (Reinvestment),1207.8639
2023-09-22,104725,Invesco India Low Duration Fund - Weekly IDCW (Payout / Reinvestment),1156.2331
2023-09-22,104726,Invesco India Low Duration Fund - Growth,3326.437
2023-09-22,104728,Invesco India Low Duration Fund - Regular - Growth,2995.8515
2023-09-22,104729,Invesco India Low Duration Fund - Monthly IDCW (Payout / Reinvestment),1212.2968
2023-09-22,104772,DSP ELSS Tax Saver Fund - Regular Plan - Growth,96.295
2023-09-22,104773,DSP ELSS Tax Saver Fund - Regular Plan - IDCW,20.163
2023-09-22,104907,Kotak Midcap Fund - Regular Plan - IDCW -Payout & Re-investment of Income Distribution cum capital withdrawal option,49.711
2023-09-22,104908,Kotak Midcap Fund - Regular Plan - Growth,90.51
2023-09-22,105000,Sundaram Large and Midcap Regular Plan - Income Distribution cum Capital Withdrawal (IDCW),26.4258
2023-09-22,105001,Sundaram Large and Midcap Fund Regular Plan - Growth,62.7166
2023-09-22,105024,Invesco India Low Duration Fund - Regular Daily IDCW (Reinvestment),1498.7881
2023-09-22,105025,Invesco India Low Duration Fund - Daily IDCW (Reinvestment),1017.9524
2023-09-22,105067,Franklin India INDEX FUND- NSE NIFTY 50 INDEX FUND - IDCW,156.9519
2023-09-22,105080,SBI Ultra Short Duration Fund - Regular Plan - Daily Income Distribution cum Capital Withdrawal Option (IDCW),1982.9833
2023-09-22,105185,Invesco India Short Duration Fund - Regular Plan - Growth,3109.5411
2023-09-22,105187,Invesco India Short Duration Fund - Plan B - Monthly IDCW (Payout / Reinvestment),2032.9496
2023-09-22,105189,Invesco India Short Duration Fund - Plan B - Growth,3098.7241
2023-09-22,105190,Invesco India Short Duration Fund - Regular Plan - Weekly IDCW (Reinvestment),1019.7296
2023-09-22,105191,Invesco India Short Duration Fund - Regular Plan - Monthly IDCW (Payout / Reinvestment),1051.3338
2023-09-22,105192,Invesco India Short Duration Fund - Plan B - Weekly IDCW (Reinvestment),1016.2368
2023-09-22,105229,Nippon India Interval Fund-Monthly Interval Fund-Series-I- Growth Option,30.1615
2023-09-22,105230,NIPPON INDIA MONTHLY INTERVAL FUND - SERIES I - IDCW Option,10.0103
2023-09-22,105274,SBI Liquid Fund - Institutional - Growth,3643.8071
2023-09-22,105275,SBI Liquid Fund - Institutional Daily Income Distribution cum Capital Withdrawal Option (IDCW),1170.608
2023-09-22,105279,SBI Liquid Fund - Institutional Fortnightly Income Distribution cum Capital Withdrawal Option (IDCW),1197.8315
2023-09-22,105280,SBI Liquid Fund - REGULAR PLAN -Growth,3609.6709
2023-09-22,105281,SBI Liquid Fund - Regular Plan - Daily Income Distribution cum Capital Withdrawal Option (IDCW),1140.7391
2023-09-22,105282,SBI Liquid Fund - Regular Plan - Weekly Income Distribution cum Capital Withdrawal Option (IDCW),1238.9789
2023-09-22,105283,SBI Liquid Fund - Regular Plan - Fortnightly Income Distribution cum Capital Withdrawal Option (IDCW),1184.6255
2023-09-22,105400,Nippon India Interval Fund-Monthly Interval Fund-Series-II -Growth Option,29.9445
2023-09-22,105401,NIPPON INDIA MONTHLY INTERVAL FUND - SERIES II - IDCW Option,10.0422
2023-09-22,105417,Taurus Infrastructure Fund - Regular Plan - Growth,48.91
2023-09-22,105418,Taurus Infrastructure Fund - Regular Plan - Payout of Income Distribution cum Capital Withdrawal option,45.94
2023-09-22,105433,Nippon India Interval Fund-Quarterly Interval Fund-Series-I - Growth Option,30.4669
2023-09-22,105434,NIPPON INDIA INTERVAL FUND - QUARTERLY PLAN - SERIES I - IDCW Option,11.1353
2023-09-22,105436,NIPPON INDIA INTERVAL FUND - QUARTERLY PLAN - SERIES I - INSTITUTIONAL IDCW Option,11.1156
2023-09-22,105459,Invesco India Contra Fund - Regular Plan - IDCW (Payout / Reinvestment),37.4
2023-09-22,105460,Invesco India Contra Fund - Regular Plan - Growth,91.64
2023-09-22,105463,UTI GOLD Exchange Traded Fund,50.3768
2023-09-22,105503,Invesco India Midcap Fund - Regular Plan - Growth Option,106.79
2023-09-22,105504,Invesco India Midcap Fund - Regular Plan - IDCW (Payout / Reinvestment),40.38
2023-09-22,105543,HDFC Low Duration  Fund - Monthly IDCW,10.1909
2023-09-22,105548,HDFC Low Duration  Fund - Daily IDCW,10.1428
2023-09-22,105578,UTI Low Duration Fund - Discontinued - Periodic Dividend Plan,1049.453
2023-09-22,105603,Invesco India Arbitrage Fund - Regular Plan - Growth Option,28.1479
2023-09-22,105604,Invesco India Arbitrage Fund - Regular Plan - IDCW (Payout / Reinvestment),15.0221
2023-09-22,105605,UTI Low Duration Fund - Regular Plan - Daily IDCW (Reinvestment),1198.2869
2023-09-22,105627,UTI Low Duration Fund - Regular Plan - Weekly IDCW,1201.3058
2023-09-22,105628,SBI ELSS Tax Saver FUND - REGULAR PLAN- GROWTH,292.3537
2023-09-22,105637,JM Dynamic Bond Fund (Regular) - Weekly IDCW,10.5476
2023-09-22,105639,JM Dynamic Bond Fund (Regular) - Daily IDCW,10.0516
2023-09-22,105658,UTI Low Duration Fund - Regular Plan - Monthly IDCW,1222.2793
2023-09-22,105659,UTI Low Duration Fund - Discontinued Flexi Dividend Plan,1088.199
2023-09-22,105660,NIPPON INDIA ANNUAL INTERVAL FUND - SERIES I - IDCW Option,11.1757
2023-09-22,105661,Nippon India Interval Fund Annual Interval Fund Series-I-Retail Plan Growth Option,32.0403
2023-09-22,105662,NIPPON INDIA ANNUAL INTERVAL FUND - SERIES I - RETAIL Plan - IDCW Option,11.1567
2023-09-22,105663,Nippon India Interval Fund Annual Interval Fund Series-I- Growth Option,23.7997
2023-09-22,105667,DSP Strategic Bond Fund - Regular Plan - IDCW - Monthly,1063.7214
2023-09-22,105668,DSP Strategic Bond Fund - Regular Plan - IDCW,1289.7265
2023-09-22,105669,DSP Strategic Bond Fund - Regular Plan - Growth,2924.2359
2023-09-22,105670,UTI Low Duration Fund - Discontinued Monthly Dividend Option,1030.6203
2023-09-22,105689,Nippon India Interval Fund-Quarterly Interval Fund Series-II-Growth Option,31.9302
2023-09-22,105692,NIPPON INDIA QUARTERLY INTERVAL FUND - SERIES II - IDCW Option,11.1961
2023-09-22,105757,HDFC Mid Cap Fund - IDCW Plan,43.924
2023-09-22,105758,HDFC Mid Cap Fund - Growth Plan,130.478
2023-09-22,105804,Aditya Birla Sun Life Small Cap Fund - GROWTH,65.8601
2023-09-22,105805,Aditya Birla Sun Life Small Cap Fund -Regular - IDCW,31.1315
2023-09-22,105816,Franklin India Focused Equity Fund - IDCW,31.26
2023-09-22,105817,Franklin India Focused Equity Fund - Growth Plan,79.8471
2023-09-22,105822,LIC MF Banking & PSU Fund-Regular Plan-Daily IDCW,10.8897
2023-09-22,105823,LIC MF Banking & PSU Fund-Regular Plan-Growth,30.3784
2023-09-22,105856,LIC MF Banking & PSU Fund-Regular Plan-Monthly IDCW,11.3695
2023-09-22,105857,LIC MF Banking & PSU Fund-Regular Plan-Weekly IDCW,10.0507
2023-09-22,105875,DSP Flexi Cap Fund - Regular Plan - Growth,75.893
2023-09-22,105878,DSP Strategic Bond Fund - Regular Plan - IDCW - Weekly,1054.1079
2023-09-22,105881,Aditya Birla Sun Life Savings Fund-Weekly - retail IDCW,100.4455
2023-09-22,105882,Nippon India Interval Fund-Quarterly Interval Fund-Series-III-Institutional Plan-Growth Option,17.933
2023-09-22,105884,Nippon India Interval Fund-Quarterly Interval Fund-Series-III- Growth Option,30.8401
2023-09-22,105885,NIPPON INDIA QUARTERLY INTERVAL FUND - SERIES III - IDCW Option,11.1949
2023-09-22,105887,Aditya Birla Sun Life Savings Fund-Regular - weekly IDCW,100.4437
2023-09-22,105888,Aditya Birla Sun Life Savings Fund-Regular - DAILY IDCW,100.1014
2023-09-22,105967,Kotak Arbitrage Fund - Regular Plan - IDCW - Payout & Re-investment of Income Distribution cum capital withdrawal option,10.7672
2023-09-22,105968,Kotak Arbitrage Fund - Regular Plan - Growth,32.9657
2023-09-22,105989,DSP Small Cap Fund - Regular - Growth,143.232
2023-09-22,106057,UTI Quarterly Interval Fund - I - Regular Plan - IDCW,10.4231
2023-09-22,106060,UTI Quarterly Interval Fund - I - Regular Plan - Growth Option,30.2476
2023-09-22,106095,SBI Infrastructure Fund - Regular Plan - Income Distribution cum Capital Withdrawal Option (IDCW),30.751
2023-09-22,106096,SBI INFRASTRUCTURE FUND -  REGULAR PLAN - GROWTH,34.5683
2023-09-22,106143,Invesco India Large & Mid Cap Fund - Regular Plan - IDCW (Payout / Reinvestment),29.91
2023-09-22,106144,Invesco India Large & Mid Cap Fund - Regular Plan - Growth,60.37
2023-09-22,106157,Aditya Birla Sun Life Banking & PSU Debt Fund  - retail - quarterly IDCW,110.8831
2023-09-22,106166,CANARA ROBECO EQUITY HYBRID FUND - REGULAR PLAN - GROWTH OPTION,274.82
2023-09-22,106167,CANARA ROBECO EQUITY HYBRID FUND - REGULAR PLAN - MONTHLY IDCW (Payout/Reinvestment),88.66
2023-09-22,106168,JM Value Fund (Regular) - IDCW,48.6313
2023-09-22,106169,quant Infrastructure Fund - IDCW Option - Regular Plan,25.7236
2023-09-22,106170,quant Infrastructure Fund - Growth Option,25.7883
2023-09-22,106171,Invesco India Corporate Bond Fund - Regular Plan - Monthly IDCW (Payout / Reinvestment),1583.9371
2023-09-22,106172,Invesco India Corporate Bond Fund - Regular Plan - Quarterly IDCW (Payout / Reinvestment),1142.2841
2023-09-22,106177,Invesco India Corporate Bond Fund - Regular Plan - Growth,2763.4833
2023-09-22,106179,Invesco India Corporate Bond Fund - Regular Plan - Annual IDCW (Payout / Reinvestment),1706.7156
2023-09-22,106183,UTI Annual Interval Fund - I - Regular Plan - Growth Option,30.632
2023-09-22,106185,UTI Annual Interval Fund - I - ( Instn Growth Option ),31.8063
2023-09-22,106186,UTI Annual Interval Fund - I - Regular Plan - IDCW,10.4879
2023-09-22,106193,KOTAK GOLD ETF,50.4529
2023-09-22,106212,SBI LOW DURATION FUND - REGULAR PLAN - GROWTH,3080.0712
2023-09-22,106213,SBI Low Duration Fund - Regular Plan - Daily Income Distribution cum Capital Withdrawal Option (IDCW),1199.7217
2023-09-22,106214,SBI Low Duration Fund - Regular Plan - Weekly Income Distribution cum Capital Withdrawal Option (IDCW),1199.7054
2023-09-22,106215,SBI Low Duration Fund - Regular Plan - Fornightly Income Distribution cum Capital Withdrawal Option (IDCW),1220.7128
2023-09-22,106216,SBI Low Duration Fund - Regular Plan - Monthly Income Distribution cum Capital Withdrawal Option (IDCW),1350.9213
2023-09-22,106217,SBI Short Horizon Debt Fund - Ultra Short Term Fund - Institutional Plan - Growth,3134.3503
2023-09-22,106221,SBI Short Horizon Debt Fund - Ultra Short Term Fund - Institutional Plan - Daily Income Distribution cum Capital Withdrawal Option (IDCW),1199.7845
2023-09-22,106222,SBI Short Horizon Debt Fund - Ultra Short Term Fund- Institutional Plan - Weekly Income Distribution cum Capital Withdrawal Option (IDCW),1197.0196
2023-09-22,106227,SBI SHORT HORIZON DEBT FUND-SHORT TERM FUND - RETAIL - GROWTH,31.7318
2023-09-22,106228,SBI Short Horizon Debt Fund - Short Term Fund - Retail Dividend - Weekly Income Distribution cum Capital Withdrawal Option (IDCW),13.1629
2023-09-22,106229,SBI Short Horizon Debt Fund - Short Term Fund - Retail Dividend - Monthly Income Distribution cum Capital Withdrawal Option (IDCW),14.5339
2023-09-22,106230,SBI Short Horizon Debt Fund - Short Term Fund - Retail Dividend - Fortnightly Income Distribution cum Capital Withdrawal Option (IDCW),13.1831
2023-09-22,106231,SBI SHORT TERM DEBT FUND - REGULAR PLAN -GROWTH,28.0461
2023-09-22,106232,SBI Short Term Debt Fund - Regular Plan Weekly Income Distribution cum Capital Withdrawal Option (IDCW),12.7163
2023-09-22,106233,SBI Short Term Debt Fund - Regular Plan - Monthly Income Distribution cum Capital Withdrawal Option (IDCW),15.5057
2023-09-22,106234,SBI Short Term Debt Fund - Regular Plan Fortnightly Income Distribution cum Capital Withdrawal Option (IDCW),12.7037
2023-09-22,106235,Nippon India Large Cap  Fund- Growth Plan -Growth Option,65.5939
2023-09-22,106236,NIPPON INDIA LARGE CAP FUND - IDCW Option,23.2112
2023-09-22,106240,Nippon India Large Cap Fund- Growth Plan Bonus Option,65.5939
2023-09-22,106260,NIPPON INDIA GROWTH MID CAP FUND - INSTITUTIONAL Plan - IDCW Option,955.0141
2023-09-22,106316,Invesco India Balanced Advantage Fund - Regular Plan - IDCW (Payout / Reinvestment),18.45
2023-09-22,106317,Invesco India Balanced Advantage Fund - Regular Plan - Growth,41.76
2023-09-22,106369,Sundaram Global Brand Theme-Equity Active FOF - Regular IDCW,22.3446
2023-09-22,106370,Sundaram Global Brand Theme-Equity Active FOF - Regular Growth,26.0755
2023-09-22,106383,UTI Short Duration Fund - Discontinued Regular Option - Dividend Sub Option,20.6746
2023-09-22,106384,UTI Short Duration Fund - Discontinued Regular Option -Growth Sub Option,39.1101
2023-09-22,106411,Aditya Birla Sun Life Interval Income Fund - Quarterly Series 1 - Regular - IDCW,10.0532
2023-09-22,106412,Aditya Birla Sun Life Interval Income Fund - Quarterly Series 1 - Growth - Regular Plan,30.0389
2023-09-22,106413,Aditya Birla Sun Life Interval Income Fund - Quarterly Series 1 - institutional - IDCW,10.0533
2023-09-22,106425,UTI India Consumer Fund - Regular Plan - Growth Option,43.2863
2023-09-22,106426,UTI India Consumer Fund - Regular Plan - IDCW,37.8382
2023-09-22,106441,Kotak Global Emerging Market Overseas Equity Omni FOF- Growth,19.659
2023-09-22,106442,Kotak Global Emerging Market Overseas Equity Omni FOF - Payout of Income Distribution cum capital withdrawal option,19.66
2023-09-22,106596,DSP World Gold Mining Overseas Equity Omni FoF - Regular Plan - IDCW,10.8336
2023-09-22,106597,DSP World Gold Mining Overseas Equity Omni FoF - Regular Plan - Growth,16.2497
2023-09-22,106624,UTI Short Duration Fund - Regular Plan - Growth Option,27.6667
2023-09-22,106653,Invesco India Infrastructure Fund - Regular Plan - IDCW (Payout / Reinvestment),32.82
2023-09-22,106654,Invesco India Infrastructure Fund - Regular Plan - Growth Option,40.8
2023-09-22,106706,UTI Annual Interval Fund - II - Regular Plan - IDCW,10.5109
2023-09-22,106707,UTI Annual Interval Fund - II - Regular Plan - Growth Option,30.1818
2023-09-22,106793,HDFC ARBITRAGE FUND - Regular Plan -Growth Option,27.031
2023-09-22,106795,HDFC ARBITRAGE FUND - Wholesale IDCW Option,10.609
2023-09-22,106796,HDFC ARBITRAGE FUND - Retail Growth Option,26.244
2023-09-22,106797,HDFC ARBITRAGE FUND - Retail Quarterly IDCW Option,18.709
2023-09-22,106799,HDFC ARBITRAGE FUND - Retail IDCW Option,19.558
2023-09-22,106822,ICICI Prudential Smallcap Fund - IDCW,32.47
2023-09-22,106823,ICICI Prudential Smallcap Fund - Growth,66.84
2023-09-22,106838,HDFC Floating Rate Debt Fund - Daily IDCW Option,10.0809
2023-09-22,106839,HDFC Floating Rate Debt Fund - Monthly IDCW Option,10.2053
2023-09-22,106840,HDFC Floating Rate Debt Fund - Weekly IDCW Option,10.0466
2023-09-22,106841,HDFC Floating Rate Debt Fund - Growth Option,43.4809
2023-09-22,106871,LIC MF Large Cap Fund-Regular Plan-Growth,43.0822
2023-09-22,106872,Aditya Birla Sun Life International Equity Fund - Regular - IDCW,15.4308
2023-09-22,106873,Aditya Birla Sun Life International Equity Fund - Growth - Regular Plan,29.4531
2023-09-22,106929,Kotak Nifty PSU Bank ETF,519.1612
2023-09-22,106978,Franklin Asian Equity Fund - IDCW,11.7955
2023-09-22,106979,Franklin Asian Equity Fund - Growth Plan,24.2655
2023-09-22,106980,UTI Short Duration Fund - Regular Plan - Quarterly IDCW,14.3167
2023-09-22,107287,JM ELSS Tax Saver Fund (Regular) - IDCW,34.1421
2023-09-22,107288,JM ELSS Tax Saver Fund (Regular) - Growth option,34.1425
2023-09-22,107352,Invesco India Multicap Fund - Regular Plan - IDCW (Payout / Reinvestment),83.52
2023-09-22,107353,Invesco India Multicap Fund - Regular Plan - Growth Option,92.11
2023-09-22,107409,JM Focused Fund (Regular) - IDCW,14.7057
2023-09-22,107410,JM Focused Fund (Regular) - Growth Option,14.7063
2023-09-22,107471,Invesco India Gilt Fund - Regular Plan - Monthly IDCW (Reinvestment),1375.8705
2023-09-22,107472,Invesco India Gilt Fund - Regular Plan - Quarterly IDCW (Payout / Reinvestment),1113.6606
2023-09-22,107476,Invesco India Gilt Fund - Regular Plan - Annual IDCW (Payout / Reinvestment),1173.6272
2023-09-22,107477,Invesco India Gilt Fund - Regular Plan - Growth,2442.7602
2023-09-22,107524,HDFC Infrastructure Fund - Growth Plan,31.419
2023-09-22,107525,HDFC Infrastructure Fund - IDCW Plan,15.753
2023-09-22,107578,Mirae Asset Large Cap Fund - Growth Plan,87.753
2023-09-22,107579,Mirae Asset Large Cap Fund Regular IDCW,26.49
2023-09-22,107693,Quantum Gold Fund,49.9967
2023-09-22,107700,Mirae Asset Low Duration Fund - Regular Plan - Daily IDCW,1005.1646
2023-09-22,107701,Mirae Asset Low Duration Fund - Regular Plan - Weekly IDCW,1106.9145
2023-09-22,107702,Mirae Asset Low Duration Fund - Regular Plan - Quarterly IDCW,1015.7307
2023-09-22,107704,Mirae Asset Low Duration Fund - Regular Plan - Monthly IDCW,1092.6611
2023-09-22,107705,Mirae Asset Low Duration Fund - Regular Plan - Growth,1990.768
2023-09-22,107745,Aditya Birla Sun Life ELSS Tax Saver Fund - Growth Option,45.23
2023-09-22,107763,LIC MF Infrastructure Fund-Regular Plan-Growth,29.6299
2023-09-22,107764,LIC MF Infrastructure Fund-Regular Plan-IDCW,29.6313
2023-09-22,107988,HSBC Global Emerging Markets Fund - Growth,16.2653
2023-09-22,107989,HSBC Global Emerging Markets Fund - IDCW,14.457
2023-09-22,108166,Aditya Birla Sun Life Value Fund - Regular - IDCW,35.1967
2023-09-22,108167,Aditya Birla Sun Life Value Fund - Growth Option,93.2357
2023-09-22,108202,DSP Natural Resources And New Energy Fund - Regular - Growth,64.348
2023-09-22,108203,DSP Natural Resources And New Energy Fund - Regular Plan - IDCW,24.27
2023-09-22,108249,Nippon India Quant Fund -Growth Plan - Growth Option,49.2353
2023-09-22,108252,NIPPON INDIA QUANT FUND - IDCW Option,26.2468
2023-09-22,108258,Nippon India Quant Fund -Growth Plan -Bonus Option,49.2353
2023-09-22,108272,Aditya Birla Sun Life Banking & PSU Debt Fund  - REGULAR - IDCW,161.602
2023-09-22,108273,Aditya Birla Sun Life Banking & PSU Debt Fund - Regular Plan-Growth,319.8793
2023-09-22,108274,Aditya Birla Sun Life Banking & PSU Debt Fund  - REGULAR - Quarterly IDCW,108.1329
2023-09-22,108377,Invesco India Financial Services Fund - Regular Plan -  IDCW (Payout / Reinvestment),46.63
2023-09-22,108378,Invesco India Financial Services Fund - Regular Plan - Growth,91.44
2023-09-22,108402,Taurus ELSS Tax Saver Fund - Regular Plan - Payout of Income Distribution cum Capital Withdrawal option,64.73
2023-09-22,108403,Taurus Large Cap Fund - Regular Plan - Payout of Income Distribution cum Capital Withdrawal option,51.19
2023-09-22,108465,ICICI Prudential Large Cap Fund (erstwhile Bluechip Fund)  - IDCW,27.42
2023-09-22,108466,ICICI Prudential Large Cap Fund (erstwhile Bluechip Fund)  - Growth,79.02
2023-09-22,108479,Quantum Nifty 50 ETF,2099.8242
2023-09-22,108511,Kotak Dynamic Bond Fund Regular Plan Growth,32.3682
2023-09-22,108544,Bandhan Income Plus Arbitrage Active FOF - Regular Plan - Quarterly IDCW,12.6505
2023-09-22,108545,Bandhan Income Plus Arbitrage Active FOF - Regular Plan - Growth,38.2058
2023-09-22,108546,Bandhan Income Plus Arbitrage Active FOF - Regular Plan - Half Yearly IDCW,12.7537
2023-09-22,108547,Bandhan Income Plus Arbitrage Active FOF - Regular Plan - Annual IDCW,14.2691
2023-09-22,108557,Bandhan Gilt Fund - Regular Plan - Quarterly IDCW,11.6326
2023-09-22,108558,Bandhan Gilt Fund - Regular - Plan B - Half Yearly IDCW,11.2383
2023-09-22,108559,Bandhan Gilt Fund - Regular Plan - Annual IDCW,11.1862
2023-09-22,108561,BANDHAN Dynamic Bond Fund - Regular Plan B - Quarterly IDCW,11.346
2023-09-22,108592,Bandhan Focused Fund - Regular Plan - Growth,60.141
2023-09-22,108593,Bandhan Focused Fund - Regular Plan - IDCW,15.884
2023-09-22,108594,BANDHAN Flexi Cap Fund - Regular Plan - Growth,154.04
2023-09-22,108595,BANDHAN Flexi Cap Fund - Regular Plan - IDCW,42.556
2023-09-22,108596,Bandhan Large & Mid Cap Fund - Regular Plan - Growth,87.894
2023-09-22,108597,Bandhan Large & Mid Cap Fund - Regular Plan - IDCW,22.19
2023-09-22,108632,BANDHAN Low Duration Fund - Regular Plan - Growth,33.9632
2023-09-22,108633,BANDHAN Low Duration Fund - Regular Plan - Daily IDCW,10.1015
2023-09-22,108634,BANDHAN Low Duration Fund - Regular Plan - Weekly IDCW,10.119
2023-09-22,108635,BANDHAN Low Duration Fund - Regular Plan - Monthly IDCW,10.1403
2023-09-22,108644,Bandhan Gilt Fund with 10 year constant duration Fund - Regular Plan - Monthly IDCW,10.4461
2023-09-22,108646,Bandhan Gilt Fund with 10 year constant duration Fund - Regular Plan - Quarterly IDCW,11.4177
2023-09-22,108650,BANDHAN Money Market Fund - Regular Plan - Daily IDCW,10.0994
2023-09-22,108675,BANDHAN Dynamic Bond Fund - Regular Plan B - Annual IDCW,11.2399
2023-09-22,108690,BANDHAN LIQUID Fund - Regular Plan - Growth,2788.7481
2023-09-22,108691,BANDHAN LIQUID Fund - Regular Plan - Weekly IDCW,1002.3743
2023-09-22,108692,BANDHAN LIQUID Fund - Regular Plan - Daily IDCW,1001.0846
2023-09-22,108693,BANDHAN LIQUID Fund - Regular Plan - Monthly IDCW,1004.5444
2023-09-22,108701,Bandhan Money Market Fund - Regular Plan - Weekly IDCW,10.1312
2023-09-22,108713,Bandhan Short Duration Fund - Regular Plan - Fortnightly IDCW,10.4454
2023-09-22,108727,Bandhan Medium Duration Fund - Regular Plan - Monthly IDCW,10.2647
2023-09-22,108728,Bandhan Medium Duration Fund - Regular Plan - Growth,39.986
2023-09-22,108729,Bandhan Medium Duration Fund - Regular Plan - Fortnightly IDCW,10.3015
2023-09-22,108730,Bandhan Medium Duration Fund - Regular Plan - Bi-Monthly IDCW,11.9697
2023-09-22,108731,Bandhan Medium Duration Fund - Regular Plan - Daily IDCW,10.2821
2023-09-22,108753,Bandhan Gilt Fund with 10 year constant duration Fund - Regular Plan - Growth,38.9604
2023-09-22,108756,BANDHAN Money Market Fund - Regular Plan - Growth,35.5739
2023-09-22,108757,BANDHAN Money Market Fund - Regular Plan - Monthly IDCW,10.2886
2023-09-22,108763,Bandhan Medium to Long Duration Fund - Regular Plan - Half-yearly IDCW,11.9552
2023-09-22,108764,Bandhan Medium to Long Duration Fund - Regular Plan - Quarterly IDCW,11.973
2023-09-22,108765,Bandhan Medium to Long Duration Fund - Regular Plan - Growth,57.394
2023-09-22,108766,Bandhan Medium to Long Duration Fund - Regular Plan - Annual IDCW,11.7565
2023-09-22,108767,Bandhan Short Duration Fund - Regular Plan - Monthly IDCW,10.396
2023-09-22,108768,Bandhan Short Duration Fund - Regular Plan - Growth,49.6707
2023-09-22,108799,BANDHAN Large Cap Fund - Regular Plan - Growth,55.399
2023-09-22,108800,BANDHAN Large Cap Fund - Regular Plan - IDCW,18.845
2023-09-22,108845,BANDHAN Arbitrage Fund - Regular Plan - Growth,28.6678
2023-09-22,108847,BANDHAN Arbitrage Fund - Regular Plan - Monthly IDCW,13.0964
2023-09-22,108908,Bandhan Value Fund - Regular Plan - IDCW,34.339
2023-09-22,108909,Bandhan Value Fund - Regular Plan - Growth,111.18
2023-09-22,108992,BANDHAN Equity Savings Fund - Regular Plan - Monthly IDCW,14.384
2023-09-22,108995,BANDHAN Equity Savings Fund - Regular Plan - Growth,27.089
2023-09-22,109010,Kotak BSE Sensex ETF,70.452
2023-09-22,109058,Sundaram Financial Services Opportunities Fund Regular Plan - Income Distribution cum Capital Withdrawal (IDCW),27.7784
2023-09-22,109059,Sundaram Financial Services Opportunities Fund Regular Plan - Growth,77.271
2023-09-22,109060,Sundaram Financial Services Opportunities Fund Institutional Plan - Income Distribution cum Capital Withdrawal (IDCW),31.6328
2023-09-22,109061,Sundaram Financial Services Opportunities Fund Institutional Plan - Growth,87.4828
2023-09-22,109108,Aditya Birla Sun Life Savings Fund-Retail - Daily IDCW,100.1014
2023-09-22,109254,BANK OF INDIA Liquid Fund- Regular Plan- Growth,2652.5907
2023-09-22,109255,BANK OF INDIA Liquid Fund- Regular Plan- Weekly IDCW,1002.0766
2023-09-22,109264,BANK OF INDIA Ultra Short Duration Fund- Regular Plan- Weekly IDCW,1008.1232
2023-09-22,109269,BANK OF INDIA Ultra Short Duration Fund- Regular Plan- Growth,2818.5263
2023-09-22,109274,quant Focused Fund - IDCW Option - Regular Plan,48.0101
2023-09-22,109275,quant Focused Fund - Growth Option - Regular Plan,64.58
2023-09-22,109349,CANARA ROBECO LIQUID FUND - REGULAR PLAN - DAILY IDCW (Reinvestment),1005.5
2023-09-22,109350,CANARA ROBECO LIQUID FUND - REGULAR PLAN - WEEKLY IDCW (Payout/Reinvestment),1000.3724
2023-09-22,109351,CANARA ROBECO LIQUID FUND - REGULAR PLAN - MONTHLY IDCW (Payout/Reinvestment),1004.3533
2023-09-22,109353,CANARA ROBECO LIQUID FUND - REGULAR PLAN - GROWTH OPTION,2774.8345
2023-09-22,109366,CANARA ROBECO ULTRA SHORT TERM FUND - REGULAR PLAN - WEEKLY IDCW (Payout/Reinvestment),1241.1008
2023-09-22,109370,CANARA ROBECO ULTRA SHORT TERM FUND - REGULAR PLAN - MONTHLY IDCW (Payout/Reinvestment),1004.5002
2023-09-22,109371,CANARA ROBECO ULTRA SHORT TERM FUND - REGULAR PLAN - GROWTH OPTION,3378.9762
2023-09-22,109372,CANARA ROBECO ULTRA SHORT TERM FUND - REGULAR PLAN - DAILY IDCW (Reinvestment),1240.71
2023-09-22,109445,ICICI Prudential Banking and Financial Services Fund -  Growth,99.97
2023-09-22,109446,ICICI Prudential Banking and Financial Services Fund -  IDCW,33.37
2023-09-22,109472,NIPPON INDIA CORPORATE BOND FUND - DAILY IDCW Option,17.0947
2023-09-22,109473,NIPPON INDIA CORPORATE BOND FUND - WEEKLY IDCW Option,17.0986
2023-09-22,109501,UTI Ultra Short Duration Fund - Regular Plan - Daily IDCW (Reinvestment),1046.1477
2023-09-22,109522,JM Flexicap Fund (Regular) - Growth option,67.7169
2023-09-22,109523,JM Flexicap Fund (Regular) - IDCW,52.181
2023-09-22,109617,UTI Quarterly Interval Fund - II - Regular Plan - Growth Option,27.2627
2023-09-22,109618,UTI Quarterly Interval Fund - II - Regular Plan - IDCW,10.4209
2023-09-22,109716,Nippon India Gilt  Fund -P F Option-Automatic Annual Reinvest Option,27.8121
2023-09-22,109717,Nippon India Gilt  Fund - Institutional Plan-Growth Plan -Growth Option,33.7023
2023-09-22,109720,Nippon India Gilt  Fund -Growth Plan - Growth Option,33.1683
2023-09-22,109721,Nippon India Gilt  Fund -P F Option-Defined Maturity Date Option,33.1683
2023-09-22,109723,NIPPON INDIA GILT  FUND - MONTHLY IDCW Option,10.592
2023-09-22,109724,Nippon India Gilt  Fund-P F Option-Automatic Capital Appreciation Payout Option,33.1683
2023-09-22,109740,ICICI Prudential Bond Fund - Growth,34.725
2023-09-22,109741,ICICI Prudential Bond Fund - IDCW Monthly,11.3476
2023-09-22,109743,ICICI Prudential Bond Fund - IDCW Quarterly,11.2978
2023-09-22,109830,quant Flexi Cap Fund - Growth Option - Regular Plan,71.1618
2023-09-22,109831,quant Flexi Cap Fund - IDCW Option - Regular Plan,50.8632
2023-09-22,110021,UTI Quarterly Interval Fund - III -Regular Plan - IDCW,10.4316
2023-09-22,110024,UTI Quarterly Interval Fund - III -Regular Plan - Growth Option,27.6002
2023-09-22,110282,Aditya Birla Sun Life Banking & PSU Debt Fund  - REGULAR - MONTHLY IDCW,111.2122
2023-09-22,110490,Aditya Birla Sun Life Banking & PSU Debt Fund  - retail - monthly IDCW,111.0715
2023-09-22,110598,BANK OF INDIA Large & Mid Cap Fund Regular Plan- Quarterly IDCW,23.51
2023-09-22,110599,BANK OF INDIA Large & Mid Cap Fund Eco Plan- Growth,70.07
2023-09-22,110601,BANK OF INDIA Large & Mid Cap Fund Eco Plan-Bonus,70.07
2023-09-22,110603,BANK OF INDIA Large & Mid Cap Fund Regular Plan- Growth,64.56
2023-09-22,110604,BANK OF INDIA Large & Mid Cap Fund Eco Plan-Quarterly IDCW,19.77
2023-09-22,110606,BANK OF INDIA Large & Mid Cap Fund Regular Plan-Bonus,64.55
2023-09-22,110607,BANK OF INDIA Large & Mid Cap Fund Regular Plan- Regular IDCW,19.27
2023-09-22,110608,BANK OF INDIA Large & Mid Cap Fund Eco Plan-Regular IDCW,19.62
2023-09-22,111343,Bandhan Gilt Fund with 10 year constant duration Fund - Regular Plan - Weekly IDCW,10.198
2023-09-22,111521,Aditya Birla Sun Life Dynamic Bond Fund -REGULAR - MONTHLY IDCW,10.4664
2023-09-22,111523,BANDHAN Dynamic Bond Fund - Regular Plan B - IDCW,11.2893
2023-09-22,111524,BANDHAN Dynamic Bond Fund - Regular Plan B - Growth,29.5256
2023-09-22,111525,Bandhan Gilt Fund - Regular Plan - Growth,30.406
2023-09-22,111527,Bandhan Gilt Fund - Regular Plan - IDCW,11.4581
2023-09-22,111545,ICICI Prudential Floating Interest Fund - Weekly IDCW,102.0715
2023-09-22,111549,Quantum ELSS Tax Saver Fund - Direct Plan Growth Option,92.81
2023-09-22,111550,Quantum ELSS Tax Saver Fund - Direct Plan IDCW,92.81
2023-09-22,111569,BANDHAN ELSS Tax Saver Fund - Regular Plan - Growth,118.799
2023-09-22,111570,BANDHAN ELSS Tax Saver Fund - Regular Plan - IDCW,29.649
2023-09-22,111585,BANK OF INDIA Short Term Income Fund-Regular Plan- Growth,23.1765
2023-09-22,111589,BANK OF INDIA Short Term Income Fund-Regular Plan- Monthly IDCW,11.8926
2023-09-22,111590,BANK OF INDIA Short Term Income Fund-Regular Plan- Quarterly IDCW,11.7196
2023-09-22,111599,UTI Multi Asset Allocation Fund - Regular Plan - Growth Option,52.4174
2023-09-22,111602,UTI Multi Asset Allocation Fund - Regular Plan - IDCW,21.8981
2023-09-22,111638,Edelweiss ELSS Tax Saver Fund - Regular Plan - Growth Option,80.86
2023-09-22,111639,Edelweiss ELSS Tax Saver Fund - Regular Plan - IDCW Option,22.02
2023-09-22,111640,Taurus Flexi Cap Fund - Regular Plan - Payout of Income Distribution cum Capital Withdrawal option,85.07
2023-09-22,111642,Taurus Mid Cap Fund - Regular Plan - Payout of Income Distribution cum Capital Withdrawal option,86.17
2023-09-22,111644,Mirae Asset Liquid Fund - Regular Plan - Weekly IDCW,1152.9946
2023-09-22,111645,Mirae Asset Liquid Fund - Regular Plan - Monthly IDCW,1158.4484
2023-09-22,111646,Mirae Asset Liquid Fund - Regular Plan - Growth,2418.7024
2023-09-22,111647,Mirae Asset Liquid Fund - Regular - Daily IDCW,1066.4347
2023-09-22,111675,LIC MF Low Duration Fund-Regular Plan-Weekly IDCW,12.0145
2023-09-22,111676,LIC MF Low Duration Fund-Regular Plan-Daily IDCW,10.6756
2023-09-22,111704,Baroda BNP Paribas LIQUID FUND - Regular Plan - GROWTH OPTION,2654.6614
2023-09-22,111705,Baroda BNP Paribas LIQUID FUND - Regular Plan - WEEKLY IDCW OPTION,1000.635
2023-09-22,111707,Baroda BNP Paribas LIQUID FUND - Regular Plan - DAILY IDCW OPTION,1001.1996
2023-09-22,111708,BANK OF INDIA ELSS Tax Saver -Regular Plan-IDCW,22.88
2023-09-22,111709,BANK OF INDIA ELSS Tax Saver -ECO Plan-Growth,127.91
2023-09-22,111710,BANK OF INDIA ELSS Tax Saver -Regular Plan- Growth,118.79
2023-09-22,111711,BANK OF INDIA ELSS Tax Saver -ECO Plan-IDCW,21.23
2023-09-22,111712,BANK OF INDIA Conservative Hybrid Fund-Regular Plan-Growth,29.651
2023-09-22,111713,BANK OF INDIA Conservative Hybrid Fund-Regular Plan-Quarterly IDCW,15.822
2023-09-22,111714,BANK OF INDIA Conservative Hybrid Fund-Regular Plan-Annual IDCW,14.3933
2023-09-22,111715,BANK OF INDIA Conservative Hybrid Fund-ECO Plan-Growth,30.4734
2023-09-22,111716,BANK OF INDIA Conservative Hybrid Fund-Regular Plan-Monthly IDCW,15.2655
2023-09-22,111717,BANK OF INDIA Conservative Hybrid Fund-ECO Plan-Monthly IDCW,23.0793
2023-09-22,111722,CANARA ROBECO ELSS TAX SAVER - REGULAR PLAN - GROWTH OPTION,129.92
2023-09-22,111743,Nippon India Low Duration Fund - Retail Plan - Growth Plan -Bonus Option,2339.9544
2023-09-22,111744,NIPPON INDIA LOW DURATION FUND - RETAIL Plan - DAILY IDCW Option,1008.9723
2023-09-22,111745,NIPPON INDIA LOW DURATION FUND - RETAIL Plan - WEEKLY IDCW Option,1009.3566
2023-09-22,111746,Nippon India Low Duration Fund -Growth Plan -Bonus Option,1914.3657
2023-09-22,111747,NIPPON INDIA LOW DURATION FUND - DAILY IDCW Option,1008.9718
2023-09-22,111748,Nippon India Low Duration Fund - Retail Plan - Growth Plan - Growth Option,3140.189
2023-09-22,111749,NIPPON INDIA LOW DURATION FUND - MONTHLY IDCW Option,1023.6986
2023-09-22,111750,NIPPON INDIA LOW DURATION FUND - QUARTERLY IDCW Option,1011.5825
2023-09-22,111751,NIPPON INDIA LOW DURATION FUND - RETAIL Plan - MONTHLY IDCW Option,1025.6821
2023-09-22,111752,NIPPON INDIA LOW DURATION FUND - RETAIL Plan - QUARTERLY IDCW Option,1011.6644
2023-09-22,111753,Nippon India Low Duration Fund- Growth Plan - Growth Option,3297.19
2023-09-22,111754,NIPPON INDIA LOW DURATION FUND - WEEKLY IDCW Option,1009.1682
2023-09-22,111777,Aditya Birla Sun Life Income Fund (Discipline Advantage Plan),27.6632
2023-09-22,111786,DSP Strategic Bond Fund - Regular Plan - IDCW - Daily,1067.3797
2023-09-22,111787,Taurus Ethical Fund - Regular Plan - Growth,98.87
2023-09-22,111788,Taurus Ethical Fund - Regular Plan - Payout of Income Distribution cum Capital Withdrawal option,66.83
2023-09-22,111803,Aditya Birla Sun Life Medium Term Plan - Growth - Regular Plan,33.1589
2023-09-22,111809,Aditya Birla Sun Life Medium Term Plan - REGULAR - Quarterly IDCW,12.3202
2023-09-22,111811,Aditya Birla Sun Life Medium Term Plan - REGULAR - HALFYEARLY IDCW,12.466
2023-09-22,111812,Aditya Birla Sun Life Medium Term Plan - Regular - IDCW,15.396
2023-09-22,111848,Aditya Birla Sun Life Dynamic Bond Fund-Discipline Advantage Plan-Growth,27.6886
2023-09-22,111903,Taurus Ethical Fund -  Regular Plan - Bonus Option,98.85
2023-09-22,111935,Edelweiss Large Cap Fund -Plan B - Growth option,64.17
2023-09-22,111936,Edelweiss Large Cap Fund - Regular Plan - IDCW Option,24.37
2023-09-22,111937,Edelweiss Large Cap Fund -Plan C - Growth option,63.33
2023-09-22,111938,Edelweiss Large Cap Fund - Plan B - IDCW Option,64.94
2023-09-22,111939,Edelweiss Large Cap Fund - Plan C - IDCW Option,51.77
2023-09-22,111940,Edelweiss Large Cap Fund - Regular Plan - Growth Option,63.78
2023-09-22,111954,SBI Gold ETF,51.7526
2023-09-22,111957,ICICI Prudential Focused Equity Fund - Growth,60.08
2023-09-22,111958,ICICI Prudential Focused Equity Fund - IDCW,20.92
2023-09-22,111962,CANARA ROBECO DYNAMIC BOND FUND - REGULAR PLAN - GROWTH OPTION,26.0046
2023-09-22,111963,CANARA ROBECO DYNAMIC BOND FUND - REGULAR PLAN - IDCW (Payout/Reinvestment),13.5104
2023-09-22,111970,BANK OF INDIA Ultra Short Duration Fund- Regular Plan- Daily IDCW,1007.4498
2023-09-22,111971,BANK OF INDIA Liquid Fund- Regular Plan- Daily IDCW,1002.1069
2023-09-22,111987,ICICI Prudential Corporate Bond Fund - Growth,25.9761
2023-09-22,111991,ICICI Prudential Corporate Bond Fund - Monthly IDCW,10.4229
2023-09-22,111992,ICICI Prudential Corporate Bond Fund -Quarterly IDCW,10.8427
2023-09-22,112012,Edelweiss Aggressive Hybrid Fund- Plan B-Growth Option,45.97
2023-09-22,112013,Edelweiss Aggressive Hybrid Fund  - Plan B - IDCW Option,46.85
2023-09-22,112014,Aditya Birla Sun Life Liquid Fund- Discipline Advantage Plan,250.3415
2023-09-22,112016,Aditya Birla Sun Life Savings Fund - Discipline Advantage Plan,276.6308
2023-09-22,112038,Quantum Diversified Equity All Cap Active FOF - Direct Plan IDCW,61.85
2023-09-22,112039,Quantum Diversified Equity All Cap Active FOF - Direct Plan Growth Option,61.85
2023-09-22,112076,UTI Money Market Fund - Regular Plan - Daily IDCW (Reinvestment),1113.0905
2023-09-22,112077,UTI MMF - Regular Plan - Growth Option,2700.342
2023-09-22,112083,UTI Ultra Short Duration Fund - Discontinued - INSTN GROWTH OPTION,2681.7427
2023-09-22,112087,Aditya Birla Sun Life Arbitrage Fund-Regular - IDCW,11.1873
2023-09-22,112088,Aditya BIRLA SUN LIFE ARBITRAGE FUND - REGULAR PLAN - GROWTH,23.4538
2023-09-22,112089,Kotak Flexicap Fund - Payout of Income Distribution cum capital withdrawal option,37.21
2023-09-22,112090,Kotak Flexicap Fund - Growth,61.622
2023-09-22,112092,Franklin Build India Fund Growth Plan,90.6216
2023-09-22,112093,Franklin Build India Fund - IDCW,33.6074
2023-09-22,112096,ICICI Prudential All Seasons Bond Fund - Growth,32.0363
2023-09-22,112097,ICICI Prudential All Seasons Bond Fund - IDCW,19.9219
2023-09-22,112098,Invesco India Largecap Fund - Regular Plan - Growth,49.65
2023-09-22,112099,Invesco India Largecap Fund - Regular Plan - IDCW (Payout / Reinvestment),25.55
2023-09-22,112108,Edelweiss Aggressive Hybrid Fund - Regular Plan - Growth Option,46.46
2023-09-22,112109,Edelweiss Aggressive Hybrid Fund - Regular Plan - IDCW Option,23.62
2023-09-22,112117,Edelweiss Balanced Advantage Fund - Regular Plan - Growth Option,40.14
2023-09-22,112118,Edelweiss Balanced Advantage Fund - Regular Plan - Quarterly - IDCW Option,18.49
2023-09-22,112120,Invesco India Money Market Fund - Regular - Growth,2402.8577
2023-09-22,112122,Invesco India Money Market Fund - Regular - Monthly IDCW (Payout / Reinvestment),1276.2268
2023-09-22,112123,Invesco India Money Market Fund - Growth,2680.9569
2023-09-22,112125,Invesco India Money Market Fund - Monthly IDCW (Payout / Reinvestment),1021.8353
2023-09-22,112126,DSP Global Clean Energy Overseas Equity Omni FoF - Regular Plan - Growth,16.4083
2023-09-22,112127,DSP Global Clean Energy Overseas Equity Omni FoF - Regular Plan - IDCW,12.636
2023-09-22,112152,CANARA ROBECO CONSUMPTION FUND - REGULAR PLAN - GROWTH OPTION,80.07
2023-09-22,112153,CANARA ROBECO CONSUMPTION FUND - REGULAR PLAN - IDCW (Payout/Reinvestment),36.55
2023-09-22,112171,Invesco India PSU Equity Fund - Regular Plan - Growth,39.1
2023-09-22,112173,Invesco India PSU Equity Fund - Regular Plan - IDCW (Payout / Reinvestment),28.49
2023-09-22,112210,Axis Liquid Fund - Regular Plan - Growth Option,2566.0359
2023-09-22,112211,Axis Liquid Fund - Regular Plan - Daily IDCW,1001.3998
2023-09-22,112212,Axis Liquid Fund - Regular Plan - Weekly IDCW,1002.8496
2023-09-22,112213,Axis Liquid Fund - Regular Plan - Monthly IDCW,1006.4683
2023-09-22,112214,Axis Treasury Advantage Fund - Regular Plan - Growth Option,2713.5698
2023-09-22,112215,Axis Treasury Advantage Fund - Regular Plan - Daily IDCW,1013.2484
2023-09-22,112216,Axis Treasury Advantage Fund - Regular Plan - Weekly IDCW,1012.2958
2023-09-22,112217,Axis Treasury Advantage Fund - Regular Plan - Monthly IDCW,1014.7895
2023-09-22,112218,Tata Value Fund - Regular Plan - Payout of IDCW-Option A(5%),97.9253
2023-09-22,112277,Axis Large Cap Fund - Regular Plan - Growth,46.47
2023-09-22,112278,Axis Large Cap Fund - Regular Plan - IDCW,16.9
2023-09-22,112293,DSP World Mining Overseas Equity Omni FoF - Regular Plan - Growth,15.4302
2023-09-22,112322,Axis ELSS Tax Saver Fund - Regular Plan - IDCW,22.7847
2023-09-22,112323,Axis ELSS Tax Saver Fund - Regular Plan - Growth,71.9199
2023-09-22,112327,Bandhan Conservative Hybrid Passive FOF - Regular Plan - Growth,28.2217
2023-09-22,112328,Bandhan Conservative Hybrid Passive FOF - Regular Plan - IDCW,16.3197
2023-09-22,112329,Bandhan Multi-Asset Passive FOF - Regular Plan - Growth,32.2198
2023-09-22,112330,Bandhan Multi-Asset Passive FOF - Regular Plan - IDCW,19.4635
2023-09-22,112331,Bandhan Aggressive Hybrid Passive FOF - Regular Plan - IDCW,21.7329
2023-09-22,112332,Bandhan Aggressive Hybrid Passive FOF - Regular Plan - Growth,34.953
2023-09-22,112340,NIPPON INDIA LIQUID FUND - QUARTERLY IDCW OPTION,1002.713
2023-09-22,112341,NIPPON INDIA MONEY MARKET FUND - QUARTERLY IDCW Option,1009.6384
2023-09-22,112342,ICICI Prudential Banking and PSU Debt Fund - Growth,28.5928
2023-09-22,112347,DSP World Mining Overseas Equity Omni FoF - Regular Plan - IDCW,15.4302
2023-09-22,112351,Kotak Nifty 50 ETF,211.2696
2023-09-22,112352,BANDHAN Conservative Hybrid Fund - Regular Plan - IDCW,13.6336
2023-09-22,112353,BANDHAN Conservative Hybrid Fund - Regular Plan - Growth,27.4437
2023-09-22,112354,Axis Short Duration Fund - Regular Plan - Growth Option,26.8641
2023-09-22,112355,Axis Short Duration Fund - Regular Plan - Monthly IDCW,10.2453
2023-09-22,112356,Aditya Birla Sun Life Short Term Fund - REGULAR - Quarterly IDCW,10.5153
2023-09-22,112359,BANK OF INDIA Manufacturing & Infrastructure Fund-Growth,37.76
2023-09-22,112360,BANK OF INDIA Manufacturing & Infrastructure Fund-Quarterly IDCW,24.52
2023-09-22,112361,BANK OF INDIA Manufacturing & Infrastructure Fund-Regular IDCW,24.07
2023-09-22,112368,Invesco India Gold Exchange Traded Fund,5245.6856
2023-09-22,112369,Axis Short Duration Fund - Regular Plan - Weekly IDCW,10.4025
2023-09-22,112378,CANARA ROBECO CONSERVATIVE HYBRID FUND - REGULAR PLAN - QUARTERLY IDCW (Payout/Reinvestment),13.6982
2023-09-22,112635,UTI Money Market Fund - Regular Plan - Weekly IDCW,1185.7309
2023-09-22,112636,Navi Liquid Fund-Regular Plan-Growth Option,25.2565
2023-09-22,112645,Navi Liquid Fund - Regular Plan Daily IDCW,10.0129
2023-09-22,112646,Navi Liquid Fund - Regular Plan Weekly IDCW,10.0122
2023-09-22,112647,Navi Liquid Fund - Regular Plan Monthly IDCW,10.0622
2023-09-22,112712,Axis Liquid Fund - Retail Plan - Daily IDCW,1000.9559
2023-09-22,112713,Axis Liquid Fund - Retail Plan - Growth Option,2370.5784
2023-09-22,112714,Axis Liquid Fund - Retail Plan - Monthly IDCW,1005.5266
2023-09-22,112715,Axis Liquid Fund - Retail Plan - Weekly IDCW,1001.3854
2023-09-22,112717,Axis Treasury Advantage Fund - Retail Plan - Growth Option,2544.1037
2023-09-22,112718,Axis Treasury Advantage Fund - Retail Plan - Monthly IDCW,1014.8094
2023-09-22,112719,Axis Treasury Advantage Fund - Retail Plan - Weekly IDCW,1012.2977
2023-09-22,112720,Axis Treasury Advantage Fund - Retail Plan - Daily IDCW,1012.4736
2023-09-22,112721,Axis Short Duration Fund - Retail Plan - Growth Option,26.5624
2023-09-22,112722,Axis Short Duration Fund - Retail Plan - Weekly IDCW,10.2327
2023-09-22,112723,Axis Short Duration Fund - Retail Plan - Monthly IDCW,10.06
2023-09-22,112867,Sundaram Conservative Hybrid Fund (Formerly Known as Sundaram Debt Oriented Hybrid Fund) Regular Plan - Income Distribution cum Capital Withdrawal (IDCW),13.3031
2023-09-22,112868,Sundaram Conservative Hybrid Fund (Formerly Known as Sundaram Debt Oriented Hybrid Fund) Regular Plan - Growth,25.6997
2023-09-22,112869,Sundaram Conservative Hybrid Fund (Formerly Known as Sundaram Debt Oriented Hybrid Fund) Regular Plan- Income Distribution cum Capital Withdrawal (IDCW),16.9472
2023-09-22,112870,Sundaram Conservative Hybrid Fund (Formerly Known as Sundaram Debt Oriented Hybrid Fund) Regular Plan -Income Distribution cum Capital Withdrawal (IDCW),17.0265
2023-09-22,112877,BANDHAN Nifty 50 Index Fund - Regular Plan - Growth,41.9568
2023-09-22,112878,BANDHAN Nifty 50 Index Fund - Regular Plan - IDCW,38.0684
2023-09-22,112901,DSP Focused Fund - Regular Plan - Growth,38.614
2023-09-22,112923,SBI PSU Fund - Regular Plan - Income Distribution cum Capital Withdrawal Option (IDCW),20.1502
2023-09-22,112924,Axis Conservative Hybrid Fund - Regular Plan - Growth Option,25.9455
2023-09-22,112925,Axis Conservative Hybrid Fund - Regular Plan - Quarterly IDCW,11.2998
2023-09-22,112926,Axis Conservative Hybrid Fund - Regular Plan - Half Yearly IDCW,12.2178
2023-09-22,112927,Axis Conservative Hybrid Fund - Regular Plan - Annual IDCW,13.0261
2023-09-22,112931,Mirae Asset Large & Midcap Fund - Regular Plan - IDCW,40.318
2023-09-22,112932,Mirae Asset Large & Midcap Fund - Regular Plan - Growth,112.39
2023-09-22,112936,Nippon India Aggressive Hybrid Fund - Growth Plan,79.6134
2023-09-22,112937,NIPPON INDIA AGGRESSIVE HYBRID FUND - IDCW Option,22.9977
2023-09-22,112938,Nippon India Credit Risk Fund  - Growth Plan,30.2414
2023-09-22,112939,Nippon India Credit Risk Fund  - Institutional Growth Plan,31.5422
2023-09-22,112941,NIPPON INDIA CREDIT RISK FUND - QUARTERLY IDCW Option,12.7484
2023-09-22,112942,NIPPON INDIA FLOATER FUND - QUARTERLY IDCW Option,10.7991
2023-09-22,112948,Taurus Nifty 50 Index Fund - Regular Plan - Growth,37.4423
2023-09-22,112949,Taurus Nifty 50 Index Fund - Regular Plan - Payout of Income Distribution cum Capital Withdrawal option,23.8655
2023-09-22,112957,ICICI Prudential Nifty Next 50 Index Fund - Growth,39.7602
2023-09-22,112958,ICICI Prudential Nifty Next 50 Index Fund -IDCW,39.7601
2023-09-22,113032,DSP Focused Fund - Regular Plan - IDCW,18.327
2023-09-22,113036,Baroda BNP Paribas Short Duration Fund - Regular Plan - Growth Option,25.5507
2023-09-22,113037,Baroda BNP Paribas Short Duration Fund - Regular Plan - Monthly IDCW Option,10.2081
2023-09-22,113047,HDFC Short Term  Debt Fund - Growth Option,27.7988
2023-09-22,113048,HDFC Short Term  Debt Fund - Fortnightly IDCW Option,10.2284
2023-09-22,113049,HDFC Gold ETF - Growth Option,51.7232
2023-09-22,113064,Axis Multi Asset Allocation Fund - Regular Plan - Growth Option,31.0959
2023-09-22,113065,Axis Multi Asset Allocation Fund - Regular Plan - Monthly IDCW,17.7991
2023-09-22,113069,Motilal Oswal Nifty 50 ETF,199.4482
2023-09-22,113070,HDFC Corporate Bond Fund - Growth Option,28.2551
2023-09-22,113071,HDFC Corporate Bond Fund - Quarterly IDCW Option,10.4575
2023-09-22,113076,ICICI Prudential Gold ETF,51.6523
2023-09-22,113077,UTI Dynamic Bond Fund - Regular Plan - Growth Option,26.9743
2023-09-22,113078,UTI Dynamic Bond Fund - Regular Plan - Quarterly IDCW,14.6873
2023-09-22,113097,ICICI Prudential Regular Savings Fund - Plan - Quarterly IDCW,11.4014
2023-09-22,113098,ICICI Prudential Regular Savings Fund - Plan - Half Yearly IDCW,12.53
2023-09-22,113099,SBI PSU Fund - REGULAR PLAN -Growth,20.1525
2023-09-22,113134,Tata Aggressive Hybrid Fund- Regular Plan - Monthly Payout of IDCW Option,76.842
2023-09-22,113137,ICICI Prudential Medium Term Bond Fund - Quarterly IDCW,10.6867
2023-09-22,113141,Navi Conservative Hybrid Fund - Monthly IDCW,11.4782
2023-09-22,113142,Navi Conservative Hybrid Fund-Growth,23.8272
2023-09-22,113143,Navi Conservative Hybrid  Fund - Quarterly IDCW,14.6546
2023-09-22,113144,CANARA ROBECO SAVINGS FUND - REGULAR PLAN - MONTHLY IDCW (Payout/Reinvestment),10.3007
2023-09-22,113153,DSP Small Cap Fund - Regular - IDCW,50.596
2023-09-22,113169,Bandhan Medium Duration Fund - Regular Plan - Quarterly IDCW,11.0056
2023-09-22,113177,Nippon India Small Cap Fund - Growth Plan - Growth Option,121.1794
2023-09-22,113178,Nippon India Small Cap Fund - Growth Plan - Bonus Option,121.1794
2023-09-22,113179,NIPPON INDIA SMALL CAP FUND - IDCW Option,76.3486
2023-09-22,113218,ICICI Prudential All Seasons Bond Fund - Annual IDCW,10.9122
2023-09-22,113221,CANARA ROBECO LARGE CAP FUND - REGULAR PLAN - GROWTH OPTION,46.42
2023-09-22,113222,CANARA ROBECO LARGE CAP FUND - REGULAR PLAN - IDCW (Payout/Reinvestment),23.71
2023-09-22,113269,Nippon India Index Fund - BSE Sensex Plan - Growth Plan - Growth Option,33.166
2023-09-22,113270,Nippon India Index Fund - BSE Sensex Plan - Growth Plan - Bonus Option,33.166
2023-09-22,113271,NIPPON INDIA INDEX FUND - BSE SENSEX PLAN - QUARTERLY - IDCW Option,26.1444
2023-09-22,113294,NIPPON INDIA INDEX FUND - BSE SENSEX PLAN - HALF YEARLY - IDCW Option,26.152
2023-09-22,113295,NIPPON INDIA INDEX FUND - BSE SENSEX PLAN - ANNUAL - IDCW Option,26.1416
2023-09-22,113296,Nippon India Index Fund - Nifty 50 Plan - Growth Plan - Growth Option,32.9804
2023-09-22,113297,Nippon India Index Fund - Nifty 50 Plan - Growth Plan - Bonus Option,32.9804
2023-09-22,113298,NIPPON INDIA INDEX FUND - NIFTY 50 PLAN - QUARTERLY - IDCW Option,26.0082
2023-09-22,113299,NIPPON INDIA INDEX FUND - NIFTY 50 PLAN - HALF YEARLY - IDCW Option,26.0083
2023-09-22,113300,NIPPON INDIA INDEX FUND - NIFTY 50 PLAN - ANNUAL - IDCW Option,25.9188
2023-09-22,113307,Aditya Birla Sun Life Low Duration Fund -Regular - DAILY IDCW,100.2731
2023-09-22,113345,Nippon India Arbitrage Fund - Growth Plan - Growth Option,23.4879
2023-09-22,113346,NIPPON INDIA ARBITRAGE FUND - IDCW Option,14.0761
2023-09-22,113361,BANDHAN Conservative Hybrid Fund - Regular Plan - Quarterly IDCW,13.4536
2023-09-22,113403,ICICI Prudential All Seasons Bond Fund - Quarterly IDCW,11.6017
2023-09-22,113434,Axis Gold ETF,50.368
2023-09-22,114239,ICICI Prudential Credit Risk Fund - Growth,27.3909
2023-09-22,114240,ICICI Prudential Credit Risk Fund - Quarterly IDCW,10.888
2023-09-22,114297,SBI Overnight Fund - Regular Plan - Daily Income Distribution cum Capital Withdrawal Option (IDCW),1165.0302
2023-09-22,114348,SBI Savings Fund - Regular Plan Daily Income Distribution cum Capital Withdrawal Option (IDCW),11.9218
2023-09-22,114359,Invesco India Ultra Short Duration Fund - Regular Plan - Growth,2378.3098
2023-09-22,114360,Invesco India Ultra Short Duration Fund - Regular Plan - Quarterly IDCW (Payout / Reinvestment),1063.3932
2023-09-22,114361,Invesco India Ultra Short Duration Fund - Regular Plan - Annual IDCW (Payout / Reinvestment),1098.0493
2023-09-22,114362,Invesco India Ultra Short Duration Fund - Regular Plan - Monthly IDCW (Payout / Reinvestment),1014.8051
2023-09-22,114456,Motilal Oswal Nifty Midcap 100 ETF,42.7148
2023-09-22,114457,Kotak Large Cap Fund - Payout of Income Distribution cumcapital withdrawal option,55.0
2023-09-22,114458,Kotak Large Cap Fund - Growth,426.082
2023-09-22,114476,BANDHAN Infrastructure Fund - Regular Plan - Growth,32.262
2023-09-22,114477,BANDHAN Infrastructure Fund - Regular Plan - IDCW,27.539
2023-09-22,114564,Axis Midcap Fund - Regular Plan - Growth,78.18
2023-09-22,114565,Axis Midcap Fund - Regular Plan - IDCW,34.5
2023-09-22,114616,Nippon India Gold Savings Fund-Growth plan- Growth Option,23.3386
2023-09-22,114617,NIPPON INDIA GOLD SAVINGS FUND - IDCW Option,23.3386
2023-09-22,114757,Kotak Gold Fund Payout of Income Distribution cum capital withdrawal option,23.4246
2023-09-22,114758,Kotak Gold Fund Growth,23.4246
2023-09-22,114858,Kotak Debt Hybrid - Monthly Payout of Income Distribution cum capital withdrawal option,12.3191
2023-09-22,114859,Kotak Debt Hybrid - Growth,48.2529
2023-09-22,114930,Mirae Asset Great Consumer Fund Regular IDCW,22.961
2023-09-22,114931,Mirae Asset Great Consumer Fund - Regular Plan - Growth option,69.623
2023-09-22,114984,Motilal Oswal Nasdaq 100 ETF (MOFN100),119.1054
2023-09-22,115068,Axis Dynamic Bond Fund - Regular Plan - Growth Option,25.6999
2023-09-22,115069,Axis Dynamic Bond Fund - Regular Plan - Quarterly IDCW,10.5039
2023-09-22,115077,CANARA ROBECO SHORT DURATION FUND - REGULAR PLAN - GROWTH OPTION,22.3886
2023-09-22,115078,CANARA ROBECO SHORT DURATION FUND - REGULAR PLAN - MONTHLY IDCW (Payout/Reinvestment),15.0879
2023-09-22,115079,CANARA ROBECO SHORT DURATION FUND - REGULAR PLAN - QUARTERLY IDCW (Payout/Reinvestment),14.9912
2023-09-22,115091,ICICI Prudential Ultra Short Term Fund - Quarterly IDCW,10.8092
2023-09-22,115092,ICICI Prudential Ultra Short Term Fund - Growth,24.3944
2023-09-22,115094,ICICI Prudential Ultra Short Term Fund - Monthly IDCW,10.6898
2023-09-22,115116,HSBC Brazil Fund-Growth,7.0041
2023-09-22,115117,HSBC Brazil Fund - IDCW,7.0041
2023-09-22,115127,Aditya Birla Sun Life Gold ETF,53.0804
2023-09-22,115131,Axis Dynamic Bond Fund - Regular Plan - Half Yearly IDCW,10.8666
2023-09-22,115132,Quantum Gold Savings Fund - Direct Plan Growth Option,23.1601
2023-09-22,115270,Union Flexi Cap Fund - Growth Option,38.66
2023-09-22,115284,Invesco India Nifty 50 Exchange Traded Fund,2188.1302
2023-09-22,115290,Union Flexi Cap Fund - IDCW Option,24.42
2023-09-22,115294,ICICI Prudential Technology Fund - IDCW,58.37
2023-09-22,115398,Union Liquid Fund - Growth Option,2218.9029
2023-09-22,115399,Union Liquid Fund - Fortnightly IDCW Option,1002.5819
2023-09-22,115400,Union Liquid Fund - Monthly IDCW Option,1005.6703
2023-09-22,115401,Union Liquid Fund - Daily IDCW Option,1000.7927
2023-09-22,115402,Union Liquid Fund - Weekly IDCW Option,1001.5337
2023-09-22,115458,Invesco India Low Duration Fund - Discretionary IDCW (Payout / Reinvestment),3404.432
2023-09-22,115464,Tata Treasury Advantage Fund Regular Plan - Periodic Payout of IDCW Option,2193.0635
2023-09-22,115483,UTI Low Duration Fund - Regular Plan - Quarterly IDCW,1266.1171
2023-09-22,115489,BANDHAN LIQUID Fund - Regular Plan - Periodic IDCW,1204.0294
2023-09-22,115505,ICICI Prudential Liquid Fund - IDCW Others,158.6878
2023-09-22,115510,ICICI Prudential Floating Interest Fund - IDCW Others,164.1738
2023-09-22,115511,ICICI Prudential Savings Fund - IDCW Others,167.4691
2023-09-22,115512,Aditya Birla Sun Life Nifty 50 ETF,22.322
2023-09-22,115515,Invesco India Money Market Fund - Daily IDCW (Reinvestment),1000.29
2023-09-22,115676,SBI GOLD FUND REGULAR PLAN - GROWTH,17.7832
2023-09-22,115677,SBI Gold Fund - Regular Plan - Income Distribution cum Capital Withdrawal Option (IDCW),17.788
2023-09-22,115833,ICICI Prudential Gold ETF FOF - Growth,18.8453
2023-09-22,115834,ICICI Prudential Gold ETF FOF - IDCW,18.8457
2023-09-22,115874,Bandhan Income Plus Arbitrage Active FOF - Regular Plan - Fortnightly IDCW,12.244
2023-09-22,115881,DSP World Agriculture Fund - Regular Plan - IDCW,12.2748
2023-09-22,115882,DSP World Agriculture Fund - Regular Plan - Growth,18.0747
2023-09-22,115897,Axis Gold Fund - Regular Plan - Growth Option,17.8668
2023-09-22,115898,Axis Gold Fund - Regular Plan - IDCW,17.8894
2023-09-22,115934,HDFC Gold ETF Fund of Fund - Growth Option,18.2278
2023-09-22,115942,Tata Retirement Savings Fund - Progressive Plan -Regular Plan-Growth Option,48.5382
2023-09-22,115943,Tata Retirement Savings Fund- Moderate Plan-Regular Plan-Growth Option,48.9075
2023-09-22,115944,Tata Retirement Savings Fund- Conservative Plan-Regular Plan-Growth Option,26.9129
2023-09-22,115991,Groww Liquid Fund (formerly known as Indiabulls Liquid Fund) - Regular Plan - Growth Option,2229.6467
2023-09-22,115992,Groww Liquid Fund (formerly known as Indiabulls Liquid Fund)- Regular Plan- - Income Distribution cum capital withdrawal Option (Reinvestment),1001.1451
2023-09-22,115993,Groww Liquid Fund (formerly known as Indiabulls Liquid Fund)- Regular Plan- Weekly - Income Distribution cum capital withdrawal Option (Payout & Reinvestment),1002.3597
2023-09-22,115994,Groww Liquid Fund (formerly known as Indiabulls Liquid) Fund- Regular Plan- Fortnightly - Income Distribution cum capital withdrawal Option (Payout & Reinvestment),1002.5171
2023-09-22,115995,Groww Liquid Fund (formerly known as Indiabulls Liquid Fund)- Regular Plan- Monthly - Income Distribution cum capital withdrawal Option (Payout & Reinvestment),1004.6956
2023-09-22,116020,BANDHAN Low Duration Fund - Regular Plan - Periodic IDCW,11.2778
2023-09-22,116051,Union ELSS Tax Saver Fund - Growth Option,49.02
2023-09-22,116052,Union ELSS Tax Saver Fund - IDCW Option,27.41
2023-09-22,116075,Invesco India Gold ETF Fund of Fund - Regular Plan - IDCW (Payout / Reinvestment),17.2417
2023-09-22,116077,Invesco India Gold ETF Fund of Fund - Regular Plan - Growth,17.2395
2023-09-22,116109,Invesco India Corporate Bond Fund - Regular Plan - Discretionary IDCW (Payout / Reinvestment),2901.1539
2023-09-22,116110,Invesco India Short Duration Fund- Regular Plan - Discretionary IDCW (Payout / Reinvestment),2319.5507
2023-09-22,116174,ICICI Prudential Banking and PSU Debt Fund - Quarterly IDCW,10.6805
2023-09-22,116413,BANDHAN Low Duration Fund - Regular Plan - Quarterly IDCW,11.0301
2023-09-22,116470,Axis Gilt Fund - Regular Plan - Regular IDCW,10.0683
2023-09-22,116471,Axis Gilt Fund - Regular Plan - Growth Option,21.8821
2023-09-22,116472,Axis Gilt Fund - Regular Plan - Half Yearly IDCW,10.4473
2023-09-22,116484,PGIM India Dynamic Bond Fund - Dividend Option - Quarterly,1088.5878
2023-09-22,116485,PGIM India Dynamic Bond Fund - Growth Option,2288.2902
2023-09-22,116488,Invesco India Money Market Fund - Regular Plan - Daily IDCW (Reinvestment),1002.85
2023-09-22,116547,Groww Largecap Fund (formerly known as Indiabulls Blue Chip Fund) - Regular Plan- Growth Option,32.21
2023-09-22,116548,Groww Largecap Fund (formerly known as Indiabulls Bluechip Fund)- Regular Plan- - Income Distribution cum capital withdrawal Option (Payout & Reinvestment),18.15
2023-09-22,116555,Union Dynamic Bond Fund - Growth Option,20.3503
2023-09-22,116556,Union Dynamic Bond Fund - IDCW Option,13.5677
2023-09-22,116632,Franklin U.S. Opportunities Equity Active Fund of Funds - IDCW,49.5498
2023-09-22,116633,Franklin U.S. Opportunities Equity Active Fund of Funds - Growth,49.5498
2023-09-22,116653,Invesco India Money Market Fund - Discretionary IDCW (Payout / Reinvestment),2684.1291
2023-09-22,116795,Aditya Birla Sun Life Gold Fund-REGULAR - IDCW,17.7605
2023-09-22,116796,Aditya Birla Sun Life Gold Fund-Growth,17.7613
2023-09-22,116894,Axis Strategic Bond Fund - Regular Plan - Growth Option,24.1641
2023-09-22,116895,Axis Strategic Bond Fund - Regular Plan - Quarterly IDCW,10.3041
2023-09-22,116896,Axis Strategic Bond Fund - Regular Plan - Half Yearly IDCW,10.7823
2023-09-22,117061,DSP Credit Risk Fund - Regular Plan - IDCW - Monthly,10.7318
2023-09-22,117062,DSP Credit Risk Fund - Regular Plan - IDCW - Quarterly,11.071
2023-09-22,117063,DSP Ultra Short Fund - Regular Plan - IDCW - Monthly,1067.6062
2023-09-22,117312,Taurus Banking & Financial Services Fund - Regular Plan - Growth,42.13
2023-09-22,117313,Taurus Banking & Financial Services Fund - Regular Plan - Payout of Income Distribution cum Capital Withdrawal option,37.71
2023-09-22,117446,Axis Banking & PSU Debt Fund - Regular Plan - Growth option,2306.2453
2023-09-22,117447,Axis Banking & PSU Debt Fund - Regular Plan - Daily IDCW,1039.1303
2023-09-22,117448,Axis Banking & PSU Debt Fund - Regular Plan - Weekly IDCW,1039.0462
2023-09-22,117449,Axis Banking & PSU Debt Fund - Regular Plan - Monthly IDCW,1037.5822
2023-09-22,117547,Baroda BNP Paribas Banking and Financial Services Fund - Regular - IDCW Option,18.2256
2023-09-22,117549,Baroda BNP Paribas Banking and Financial Services Fund - Regular - Growth Option,33.7988
2023-09-22,117559,Axis Focused Fund - Regular Plan - IDCW,18.12
2023-09-22,117560,Axis Focused Fund - Regular Plan - Growth Option,42.16
2023-09-22,117608,Quantum Multi Asset Active FOF - Direct Plan Growth Option,27.0927
2023-09-22,117619,ICICI Prudential US Bluechip Equity Fund - IDCW,50.45
2023-09-22,117620,ICICI Prudential US Bluechip Equity Fund - Growth,50.45
2023-09-22,117691,DSP US Specific Equity Omni FoF - Regular Plan - Growth Option,44.7227
2023-09-22,117692,DSP US Specific Equity Omni FoF - Regular Plan - IDCW,23.6103
2023-09-22,117715,Kotak Credit Risk Fund - Regular Plan - Standard Income Distribution cum capital withdrawal option,11.1563
2023-09-22,117716,Kotak Credit Risk Fund - Growth,25.6533
2023-09-22,117867,Bandhan Income Plus Arbitrage Active FOF - Regular Plan - Weekly IDCW,12.2748
2023-09-22,117868,Bandhan Income Plus Arbitrage Active FOF - Regular Plan - Daily IDCW,12.252
2023-09-22,117973,Invesco India Short Duration Fund - Regular Plan - Daily IDCW (Reinvestment),1036.6579
2023-09-22,117974,NIPPON INDIA DYNAMIC BOND FUND - QUARTERLY IDCW Option,10.1754
2023-09-22,117981,UTI Credit Risk Fund  - Regular Plan - Growth Option,14.9609
2023-09-22,117982,UTI Credit Risk Fund - Regular Plan - Quarterly IDCW,10.627
2023-09-22,117995,DSP Ultra Short Fund - Regular Plan - IDCW - Payout,1114.5723
2023-09-22,117998,Kotak Dynamic Bond Fund Regular Plan - Standard Income Distribution cum capital withdrawal option,12.1946
2023-09-22,118211,SBI Credit Risk Fund - Regular Plan - Daily Income Distribution cum Capital Withdrawal Option (IDCW),13.1458
2023-09-22,118232,Invesco India Banking and PSU Fund - Regular Plan - Growth Option,1970.7572
2023-09-22,118233,Invesco India Banking and PSU Fund - Regular Plan - Monthly IDCW (Payout / Reinvestment),1034.3189
2023-09-22,118234,Invesco India Banking and PSU Fund - Regular Plan - Daily IDCW (Reinvestment),1011.3627
2023-09-22,118267,CANARA ROBECO INFRASTRUCTURE FUND - DIRECT PLAN - GROWTH OPTION,109.87
2023-09-22,118268,CANARA ROBECO INFRASTRUCTURE FUND - DIRECT PLAN - IDCW (Payout/Reinvestment),58.11
2023-09-22,118269,CANARA ROBECO LARGE CAP FUND - DIRECT PLAN - GROWTH OPTION,52.48
2023-09-22,118270,CANARA ROBECO LARGE CAP FUND - DIRECT PLAN - IDCW (Payout/Reinvestment),42.3
2023-09-22,118271,CANARA ROBECO EQUITY HYBRID FUND - DIRECT PLAN - MONTHLY IDCW (Payout/Reinvestment),111.44
2023-09-22,118272,CANARA ROBECO EQUITY HYBRID FUND - DIRECT PLAN - GROWTH OPTION,304.55
2023-09-22,118273,CANARA ROBECO CONSUMPTION FUND - DIRECT PLAN - GROWTH OPTION,89.98
2023-09-22,118274,CANARA ROBECO CONSUMPTION FUND - DIRECT PLAN - IDCW (Payout/Reinvestment),65.26
2023-09-22,118275,CANARA ROBECO FLEXICAP FUND - DIRECT PLAN - GROWTH OPTION,273.6
2023-09-22,118276,CANARA ROBECO FLEXICAP FUND - DIRECT PLAN - IDCW (Payout/Reinvestment),75.63
2023-09-22,118277,CANARA ROBECO LARGE AND MID CAP FUND - DIRECT PLAN - IDCW (Payout/Reinvestment),102.22
2023-09-22,118278,CANARA ROBECO LARGE AND MID CAP FUND - DIRECT PLAN - GROWTH OPTION,203.72
2023-09-22,118281,CANARA ROBECO INCOME FUND - DIRECT PLAN - QUARTERLY IDCW (Payout/Reinvestment),16.3903
2023-09-22,118282,CANARA ROBECO INCOME FUND - DIRECT PLAN - GROWTH OPTION,53.9341
2023-09-22,118283,CANARA ROBECO DYNAMIC BOND FUND - DIRECT PLAN - IDCW (Payout/Reinvestment),14.7902
2023-09-22,118284,CANARA ROBECO DYNAMIC BOND FUND - DIRECT PLAN - GROWTH OPTION,28.1335
2023-09-22,118285,CANARA ROBECO ELSS TAX SAVER - DIRECT PLAN - GROWTH OPTION,142.17
2023-09-22,118286,CANARA ROBECO ELSS TAX SAVER - DIRECT PLAN - IDCW (Payout),64.13
2023-09-22,118291,CANARA ROBECO SAVINGS FUND - DIRECT PLAN - GROWTH OPTION,37.9445
2023-09-22,118292,CANARA ROBECO SAVINGS FUND - DIRECT PLAN - IDCW (Payout/Reinvestment),33.9286
2023-09-22,118293,CANARA ROBECO SAVINGS FUND - DIRECT PLAN - DAILY IDCW (Reinvestment),10.26
2023-09-22,118294,CANARA ROBECO SAVINGS FUND - DIRECT PLAN - WEEKLY IDCW (Payout/Reinvestment),10.2629
2023-09-22,118295,CANARA ROBECO SAVINGS FUND - DIRECT PLAN - MONTHLY IDCW (Payout/Reinvestment),10.3023
2023-09-22,118298,CANARA ROBECO GILT FUND - DIRECT PLAN - IDCW (Payout/Reinvestment),15.8684
2023-09-22,118299,CANARA ROBECO GILT FUND - DIRECT PLAN - GROWTH OPTION,70.1355
2023-09-22,118304,CANARA ROBECO LIQUID FUND - DIRECT PLAN - IDCW (Payout/Reinvestment),1994.4539
2023-09-22,118305,CANARA ROBECO LIQUID FUND - DIRECT PLAN - GROWTH OPTION,2786.689
2023-09-22,118306,CANARA ROBECO LIQUID FUND - DIRECT PLAN - MONTHLY IDCW (Payout/Reinvestment),1004.3968
2023-09-22,118307,CANARA ROBECO LIQUID FUND - DIRECT PLAN - DAILY IDCW (Reinvestment),1005.5
2023-09-22,118308,CANARA ROBECO LIQUID FUND - DIRECT PLAN - WEEKLY IDCW (Payout/Reinvestment),1000.3768
2023-09-22,118309,CANARA ROBECO CONSERVATIVE HYBRID FUND - DIRECT PLAN - GROWTH OPTION,92.1391
2023-09-22,118310,CANARA ROBECO CONSERVATIVE HYBRID FUND - DIRECT PLAN - QUARTERLY IDCW (Payout/Reinvestment),15.9414
2023-09-22,118311,CANARA ROBECO CONSERVATIVE HYBRID FUND - DIRECT PLAN - MONTHLY IDCW (Payout/Reinvestment),15.8379
2023-09-22,118315,CANARA ROBECO ULTRA SHORT TERM FUND - DIRECT PLAN - DAILY IDCW (Reinvestment),1240.71
2023-09-22,118316,CANARA ROBECO ULTRA SHORT TERM FUND - DIRECT PLAN - WEEKLY IDCW (Payout/Reinvestment),1241.1351
2023-09-22,118317,CANARA ROBECO ULTRA SHORT TERM FUND - DIRECT PLAN - GROWTH OPTION,3559.0321
2023-09-22,118318,CANARA ROBECO ULTRA SHORT TERM FUND - DIRECT PLAN - MONTHLY IDCW (Payout/Reinvestment),1004.8172
2023-09-22,118319,CANARA ROBECO ULTRA SHORT TERM FUND - DIRECT PLAN - IDCW (Payout/Reinvestment),2037.1144
2023-09-22,118320,CANARA ROBECO SHORT DURATION FUND - DIRECT PLAN - GROWTH OPTION,24.1625
2023-09-22,118321,CANARA ROBECO SHORT DURATION FUND - DIRECT PLAN - MONTHLY IDCW (Payout/Reinvestment),17.0409
2023-09-22,118322,CANARA ROBECO SHORT DURATION FUND - DIRECT PLAN - QUARTERLY IDCW (Payout/Reinvestment),16.5026
2023-09-22,118326,Sundaram Banking & PSU Fund (Formerly Known as Sundaram Banking and PSU Debt Fund) Regular Plan - Bonus,18.8932
2023-09-22,118363,BANDHAN LIQUID Fund -Direct Plan-Periodic IDCW,1131.8199
2023-09-22,118364,BANDHAN LIQUID Fund -Direct Plan-Growth,2809.2988
2023-09-22,118365,BANDHAN LIQUID Fund -Direct Plan -Monthly IDCW,1011.3696
2023-09-22,118366,BANDHAN LIQUID Fund -Direct Plan-Daily IDCW,1001.6663
2023-09-22,118367,BANDHAN LIQUID Fund -Direct Plan -Weekly IDCW,1008.2787
2023-09-22,118368,BANDHAN Low Duration Fund-Direct Plan-Daily IDCW,10.1111
2023-09-22,118369,BANDHAN Low Duration Fund-Direct Plan-Quarterly IDCW,10.9652
2023-09-22,118370,BANDHAN Low Duration Fund-Direct Plan-Periodic IDCW,11.3464
2023-09-22,118371,BANDHAN Low Duration Fund-Direct Plan-Growth,34.6361
2023-09-22,118372,BANDHAN Low Duration Fund-Direct Plan-Monthly IDCW,10.1552
2023-09-22,118373,BANDHAN Low Duration Fund-Direct Plan-Weekly IDCW,10.1077
2023-09-22,118383,Bandhan Money Market Fund -Direct Plan-Daily IDCW,10.0994
2023-09-22,118384,Bandhan Money Market Fund -Direct Plan-Growth,38.1698
2023-09-22,118385,Bandhan Money Market Fund -Direct Plan-Monthly IDCW,10.2289
2023-09-22,118386,Bandhan Money Market Fund -Direct Plan-Weekly IDCW,10.11
2023-09-22,118387,Bandhan Gilt Fund with 10 year constant duration Fund - Direct Plan - Growth,39.4553
2023-09-22,118388,Bandhan Gilt Fund with 10 year constant duration Fund - Direct Plan - Quarterly IDCW,11.7072
2023-09-22,118389,Bandhan Gilt Fund with 10 year constant duration Fund - Direct Plan - Weekly IDCW,17.939
2023-09-22,118390,Bandhan Gilt Fund with 10 year constant duration Fund - Direct Plan - Monthly IDCW,10.4867
2023-09-22,118393,Bandhan Medium to Long Duration Fund - Direct Plan - Annual IDCW,16.1168
2023-09-22,118394,Bandhan Medium to Long Duration Fund - Direct Plan - Growth,62.0598
2023-09-22,118395,Bandhan Medium to Long Duration Fund - Direct Plan - Half Yearly IDCW,12.8757
2023-09-22,118396,Bandhan Medium to Long Duration Fund - Direct Plan - Quarterly IDCW,12.5345
2023-09-22,118399,Bandhan Medium Duration Fund - Direct Plan - Bi Monthly IDCW,12.3645
2023-09-22,118400,Bandhan Medium Duration Fund - Direct Plan - Daily IDCW,10.4228
2023-09-22,118401,Bandhan Medium Duration Fund - Direct Plan - Growth,43.0312
2023-09-22,118402,Bandhan Medium Duration Fund - Direct Plan - Monthly IDCW,10.5016
2023-09-22,118403,Bandhan Medium Duration Fund - Direct Plan - Quarterly IDCW,11.1859
2023-09-22,118404,Bandhan Medium Duration Fund - Direct Plan - Fortnightly IDCW,10.3061
2023-09-22,118405,Bandhan Short Duration Fund - Direct Plan - Fortnightly IDCW,10.4031
2023-09-22,118406,Bandhan Short Duration Fund - Direct Plan - Monthly IDCW,10.4114
2023-09-22,118407,Bandhan Short Duration Fund - Direct Plan - Growth,52.7362
2023-09-22,118408,Bandhan Income Plus Arbitrage Active FOF - Direct Plan - Annual IDCW,15.0521
2023-09-22,118409,Bandhan Income Plus Arbitrage Active FOF - Direct Plan - Daily IDCW,12.2732
2023-09-22,118410,Bandhan Income Plus Arbitrage Active FOF - Direct Plan - Growth,39.8977
2023-09-22,118411,Bandhan Income Plus Arbitrage Active FOF - Direct Plan - Half Yearly IDCW,14.9924
2023-09-22,118412,Bandhan Income Plus Arbitrage Active FOF - Direct Plan - Weekly IDCW,12.2712
2023-09-22,118413,Bandhan Income Plus Arbitrage Active FOF - Direct Plan - Quarterly IDCW,12.7436
2023-09-22,118414,Bandhan Income Plus Arbitrage Active FOF - Direct Plan - Fortnightly IDCW,12.2702
2023-09-22,118415,BANDHAN Dynamic Bond Fund-Direct Plan-Annual IDCW,11.7654
2023-09-22,118416,BANDHAN Dynamic Bond Fund-Direct Plan-Growth,32.317
2023-09-22,118417,BANDHAN Dynamic Bond Fund-Direct Plan-IDCW,13.8748
2023-09-22,118418,BANDHAN Dynamic Bond Fund-Direct Plan-Quarterly IDCW,13.2756
2023-09-22,118419,Bandhan Large & Mid Cap Fund - Direct Plan - Growth,100.296
2023-09-22,118420,Bandhan Large & Mid Cap Fund - Direct Plan - IDCW,28.484
2023-09-22,118421,Bandhan Focused Fund - Direct Plan - Growth,69.164
2023-09-22,118422,Bandhan Focused Fund - Direct Plan - IDCW,27.361
2023-09-22,118423,BANDHAN Flexi Cap Fund-Direct Plan-IDCW,45.776
2023-09-22,118424,BANDHAN Flexi Cap Fund-Direct Plan-Growth,166.233
2023-09-22,118462,Franklin India Large Cap Fund - Direct - IDCW,48.6663
2023-09-22,118463,Bandhan Gilt Fund - Direct Plan - IDCW,12.5341
2023-09-22,118464,Bandhan Gilt Fund - Direct Plan - Growth,32.5082
2023-09-22,118465,Bandhan Gilt Fund - Direct Plan - Half Yearly IDCW,12.2042
2023-09-22,118466,Bandhan Gilt Fund - Direct Plan - Quarterly IDCW,11.3275
2023-09-22,118467,Bandhan Gilt Fund - Direct Plan - Annual IDCW,12.2766
2023-09-22,118468,BANDHAN Infrastructure Fund-Direct Plan-IDCW,32.85
2023-09-22,118469,BANDHAN Infrastructure Fund-Direct Plan-Growth,36.868
2023-09-22,118472,BANDHAN ELSS Tax Saver Fund - Direct Plan - IDCW,38.229
2023-09-22,118473,BANDHAN ELSS Tax Saver Fund - Direct Plan - Growth,133.696
2023-09-22,118474,BANDHAN Arbitrage Fund-Direct Plan- Growth,30.632
2023-09-22,118475,BANDHAN Arbitrage Fund-Direct Plan-Monthly IDCW,13.9539
2023-09-22,118476,BANDHAN Equity Savings Fund-Direct Plan-Monthly IDCW,15.64
2023-09-22,118477,BANDHAN Equity Savings Fund-Direct Plan-Growth,29.557
2023-09-22,118478,BANDHAN Large Cap Fund-Direct Plan-IDCW,24.2
2023-09-22,118479,BANDHAN Large Cap Fund-Direct Plan-Growth,62.287
2023-09-22,118480,Bandhan Value Fund - Direct Plan - IDCW,44.123
2023-09-22,118481,Bandhan Value Fund - Direct Plan - Growth,123.624
2023-09-22,118482,BANDHAN Nifty 50 Index Fund-Direct Plan-Growth,42.827
2023-09-22,118483,BANDHAN Nifty 50 Index Fund-Direct Plan-IDCW,38.9248
2023-09-22,118484,Bandhan Aggressive Hybrid Passive FOF - Direct Plan - IDCW,25.8037
2023-09-22,118485,Bandhan Aggressive Hybrid Passive FOF - Direct Plan - Growth,37.2736
2023-09-22,118486,Bandhan Conservative Hybrid Passive FOF - Direct Plan - Growth,29.955
2023-09-22,118487,Bandhan Conservative Hybrid Passive FOF - Direct Plan - IDCW,17.3242
2023-09-22,118488,Bandhan Multi-Asset Passive FOF - Direct Plan - IDCW,20.2714
2023-09-22,118489,Bandhan Multi-Asset Passive FOF - Direct Plan - Growth,34.1062
2023-09-22,118490,BANDHAN Conservative Hybrid Fund-Direct Plan-IDCW,15.2307
2023-09-22,118491,BANDHAN Conservative Hybrid Fund-Direct Plan-Growth,30.199
2023-09-22,118492,BANDHAN Conservative Hybrid Fund-Direct Plan-Quarterly IDCW,15.753
2023-09-22,118493,Templeton India Value Fund - Direct - IDCW,101.61
2023-09-22,118494,Templeton India Value Fund - Direct - Growth,581.0787
2023-09-22,118497,Franklin India Government Securities Fund - Direct - IDCW,11.5986
2023-09-22,118498,Franklin India Government Securities Fund - Direct - Growth,56.1619
2023-09-22,118505,Franklin India Money Market Fund Retail Option - Direct - Quarterly - IDCW,11.2081
2023-09-22,118506,Franklin India Money Market Fund - Direct - Growth,45.3124
2023-09-22,118507,Franklin India Floating Rate Fund - Direct - IDCW,10.1029
2023-09-22,118508,Franklin India Floating Rate Fund - Direct - Growth,38.2371
2023-09-22,118509,Franklin India Large & Mid cap Fund - Direct - IDCW,21.0221
2023-09-22,118510,Franklin India Large & Mid Cap Fund - Direct - Growth,149.3909
2023-09-22,118524,Franklin India Small Cap Fund - Direct - IDCW,48.6671
2023-09-22,118525,Franklin India Small Cap Fund - Direct - Growth,138.3203
2023-09-22,118526,Franklin India Dividend Yield Fund - Direct - IDCW,24.5379
2023-09-22,118527,Franklin India Dividend Yield Fund - Direct - Growth,107.459
2023-09-22,118531,Franklin India Large Cap Fund- Direct - Growth,837.889
2023-09-22,118532,Franklin India Mid Cap Fund - Direct - IDCW,86.3468
2023-09-22,118533,Franklin India Mid Cap Fund - Direct - Growth,2019.6087
2023-09-22,118534,Franklin India Flexi Cap Fund - Direct - IDCW,60.7604
2023-09-22,118535,Franklin India Flexi Cap Fund - Direct - Growth,1283.5003
2023-09-22,118536,Franklin India Technology Fund - Direct - IDCW,45.0704
2023-09-22,118537,Franklin India Technology Fund - Direct - Growth,395.2037
2023-09-22,118538,Franklin INDIA OPPORTUNITIES FUND - Direct - IDCW,31.0698
2023-09-22,118539,Franklin India Opportunities Fund - Direct - Growth,164.6305
2023-09-22,118540,Franklin India ELSS Tax Saver Fund - Direct - Growth,1158.0475
2023-09-22,118541,Franklin India ELSS Tax Saver Fund - Direct - IDCW,62.5191
2023-09-22,118542,Franklin India Dynamic Asset Allocation Active Fund of funds - Direct - IDCW,46.6323
2023-09-22,118543,Franklin India Dynamic Asset Allocation Active Fund Of Funds - Direct - Growth,146.554
2023-09-22,118546,Franklin India Aggressive Hybrid Fund - Direct - Growth,230.2378
2023-09-22,118547,Franklin India Aggressive Hybrid Fund - Direct - IDCW,30.1912
2023-09-22,118548,Franklin India Retirement Fund - Direct - Growth,192.4505
2023-09-22,118549,Franklin India Retirement Fund - Direct - IDCW,18.9737
2023-09-22,118550,Franklin U.S. Opportunities Equity Active Fund of Funds - Direct - IDCW,55.0304
2023-09-22,118551,Franklin U.S. Opportunities Equity Active Fund of Funds - Direct - Growth,55.0304
2023-09-22,118556,Franklin Build India Fund - Direct - IDCW,39.9544
2023-09-22,118557,Franklin Build India Fund - Direct - Growth,102.2721
2023-09-22,118558,Franklin Asian Equity Fund - Direct - IDCW,12.5943
2023-09-22,118559,Franklin Asian Equity Fund - Direct - Growth,26.1139
2023-09-22,118563,Franklin India Focused Equity Fund - Direct - IDCW,36.5667
2023-09-22,118564,Franklin India Focused Equity Fund - Direct - Growth,88.6407
2023-09-22,118565,Franklin India SHORT TERM INCOME PLAN - Direct - GROWTH,5168.6698
2023-09-22,118566,Franklin India Short Term Income Plan -  Retail Plan - Direct - Quarterly - IDCW,1526.9039
2023-09-22,118567,Franklin India Short Term Income Plan -  Retail Plan - Direct - Monthly - IDCW,1465.75
2023-09-22,118568,Franklin India Short Term Income Plan -  Retail Plan - Direct - Weekly - IDCW,1240.3343
2023-09-22,118569,Franklin India Corporate Debt Fund - Direct - GROWTH,92.3885
2023-09-22,118570,Franklin India Corporate Debt Fund - Plan A - Direct - Annual - IDCW,18.6719
2023-09-22,118571,Franklin India Corporate Debt Fund - Plan A - Direct - Monthly - IDCW,16.6064
2023-09-22,118572,Franklin India Corporate Debt Fund - Plan A - Direct - Quarterly - IDCW,13.6826
2023-09-22,118573,Franklin India Corporate Debt Fund - Plan A - Direct - Half yearly - IDCW,14.9699
2023-09-22,118574,Franklin India Conservative Hybrid Fund - Direct - GROWTH,81.8272
2023-09-22,118575,Franklin India Conservative Hybrid Fund - Plan A - Direct - Monthly - IDCW,14.367
2023-09-22,118576,Franklin India Conservative Hybrid Fund - Plan A - Direct - Quarterly - IDCW,13.6159
2023-09-22,118577,Franklin India Liquid Fund - Super Institutional - Direct - Growth,3493.3973
2023-09-22,118578,Franklin India Liquid Fund - Super Institutional Plan - Direct - Daily - IDCW,1001.6033
2023-09-22,118579,Franklin India Liquid Fund - Super Institutional Plan - Direct - Weekly - IDCW,1022.3343
2023-09-22,118580,Franklin India INDEX FUND- NSE Nifty 50 Index Fund - Direct - IDCW,163.7574
2023-09-22,118581,Franklin India INDEX FUND- NSE NIFTY 50 INDEX FUND- Direct - Growth,163.7574
2023-09-22,118583,Nippon India Quarterly Interval Fund - Series III - Direct Plan Growth Plan - Growth,18.9923
2023-09-22,118584,NIPPON INDIA QUARTERLY INTERVAL FUND - SERIES III - Direct Plan - IDCW Option,11.256
2023-09-22,118585,Nippon India Arbitrage Fund - Direct Plan Growth Plan - Growth Option,25.0732
2023-09-22,118587,NIPPON INDIA ARBITRAGE FUND - DIRECT Plan - IDCW Option,15.4375
2023-09-22,118588,Nippon India Banking & Financial Services Fund - Direct Plan Growth Plan - Bonus Option,498.9282
2023-09-22,118589,Nippon India Banking & Financial Services Fund - Direct Plan Growth Plan - Growth Option,498.9282
2023-09-22,118591,Nippon India Banking & Financial Services Fund- DIRECT Plan - IDCW Option,88.8068
2023-09-22,118594,NIPPON INDIA MONTHLY INTERVAL FUND - SERIES II - Direct Plan - IDCW Option,10.0425
2023-09-22,118595,Nippon India Monthly Interval Fund - Series II - Direct Plan Growth Plan - Growth,30.4541
2023-09-22,118598,Nippon India Monthly Interval Fund - Series I - Direct Plan Growth Plan - Growth,30.5053
2023-09-22,118614,Edelweiss Balanced Advantage Fund - Direct Plan - Quarterly - IDCW Option,23.81
2023-09-22,118615,Edelweiss Balanced Advantage Fund -Direct Plan-Growth Option,44.67
2023-09-22,118616,Edelweiss Large Cap Fund - Direct Plan - IDCW Option,32.3
2023-09-22,118617,Edelweiss Large Cap Fund - Direct Plan-Growth option,71.2
2023-09-22,118619,Edelweiss ELSS Tax Saver Fund - Direct Plan - IDCW Option,31.76
2023-09-22,118620,Edelweiss ELSS Tax Saver Fund - Direct Plan-Growth Option,92.81
2023-09-22,118623,Nippon India Interval Fund - Quarterly Plan - Series I - Direct Plan Growth Plan - Growth,30.9965
2023-09-22,118624,Edelweiss Aggressive Hybrid Fund-Direct Plan-Growth Option,51.94
2023-09-22,118625,Edelweiss Aggressive Hybrid Fund  - Direct Plan - IDCW Option,27.45
2023-09-22,118632,Nippon India Large Cap Fund - Direct Plan Growth Plan - Growth Option,72.0196
2023-09-22,118633,Nippon India Large Cap Fund - Direct Plan Growth Plan - Bonus Option,72.0196
2023-09-22,118634,NIPPON INDIA LARGE CAP FUND - DIRECT Plan - IDCW Option,33.7467
2023-09-22,118650,Nippon India Multi Cap Fund - Direct Plan Growth Plan - Growth Option,225.6732
2023-09-22,118651,Nippon India Multi Cap Fund - Direct Plan Growth Plan - Bonus Option,225.6732
2023-09-22,118652,NIPPON INDIA MULTI CAP FUND - DIRECT Plan - IDCW Option,72.4934
2023-09-22,118654,NIPPON INDIA FLOATER FUND - DIRECT Plan - DAILY IDCW Option,10.2833
2023-09-22,118655,NIPPON INDIA FLOATER FUND - DIRECT Plan - MONTHLY IDCW Option,11.2302
2023-09-22,118656,Nippon India Floater Fund  - Direct Plan Growth Plan - Growth Option,41.1281
2023-09-22,118660,NIPPON INDIA FLOATER  FUND - DIRECT Plan - WEEKLY IDCW Option,10.2715
2023-09-22,118661,NIPPON INDIA FLOATER FUND - DIRECT Plan - QUARTERLY IDCW Option,10.6892
2023-09-22,118662,NIPPON INDIA GOLD SAVINGS FUND - Direct Plan - IDCW Option,24.3054
2023-09-22,118663,Nippon India Gold Savings Fund - Direct Plan Growth Plan - Growth Option,24.3054
2023-09-22,118665,Nippon India Growth Mid Cap Fund - Direct Plan Growth Plan - Bonus Option,492.3957
2023-09-22,118666,NIPPON INDIA GROWTH MID CAP FUND - DIRECT Plan - IDCW Option,142.1496
2023-09-22,118668,Nippon India Growth Mid Cap Fund - Direct Plan Growth Plan - Growth Option,2963.8472
2023-09-22,118669,Nippon India Gilt  Fund - Direct Plan - P F Option - Automatic Capital Appreciation Payout Option,36.7875
2023-09-22,118670,NIPPON INDIA GILT  FUND - Direct Plan - MONTHLY IDCW Option,11.6871
2023-09-22,118672,Nippon India Gilt  Fund - Direct Plan Growth Plan - Growth Option,36.8832
2023-09-22,118673,Nippon India Gilt  Fund - Direct Plan - P F Option - Defined Maturity Date Option,36.9829
2023-09-22,118674,Nippon India Gilt Fund - Direct Plan - P F Option - Automatic Annual Reinvest Option,19.9638
2023-09-22,118675,Nippon India Vision Large & Mid Cap Fund - Direct Plan Growth Plan - Bonus Option,178.3986
2023-09-22,118676,NIPPON INDIA VISION LARGE & MID CAP  FUND - DIRECT Plan - IDCW Option,58.7923
2023-09-22,118678,Nippon India Vision Large & Mid Cap Fund - Direct Plan Growth Plan - Growth Option,1052.2368
2023-09-22,118679,Nippon India Medium to Long Duration  Fund - Direct Plan Growth Plan-Bonus Option,24.7129
2023-09-22,118680,NIPPON INDIA MEDIUM TO LONG DURATION  FUND - Direct Plan - ANNUAL IDCW Option,14.5668
2023-09-22,118681,NIPPON INDIA MEDIUM TO LONG DURATION  FUND - Direct Plan - HALF YEARLY IDCW Option,13.2385
2023-09-22,118683,NIPPON INDIA MEDIUM TO LONG DURATION  FUND - Direct Plan - MONTHLY IDCW Option,11.3414
2023-09-22,118684,NIPPON INDIA MEDIUM TO LONG DURATION FUND - Direct Plan - QUARTERLY IDCW Option,13.5628
2023-09-22,118687,Nippon India Medium to Long Duration Fund - Direct Plan Growth Plan - Growth Option,86.4816
2023-09-22,118689,NIPPON INDIA QUARTERLY INTERVAL FUND - SERIES II - Direct Plan - IDCW Option,11.224
2023-09-22,118691,Nippon India Quarterly Interval Fund - Series II - Direct Plan Growth Plan - Growth,32.3902
2023-09-22,118692,Nippon India Focused Fund - Direct Plan Growth Plan - Growth Option,102.3869
2023-09-22,118693,NIPPON INDIA FOCUSED  FUND - DIRECT Plan - IDCW Option,42.5659
2023-09-22,118695,NIPPON INDIA LIQUID FUND - DIRECT Plan - DAILY IDCW OPTION,1528.74
2023-09-22,118696,NIPPON INDIA LIQUID FUND - DIRECT Plan - MONTHLY IDCW OPTION,1595.4499
2023-09-22,118698,NIPPON INDIA LIQUID FUND - DIRECT Plan - QUARTERLY IDCW OPTION,1004.4312
2023-09-22,118700,NIPPON INDIA LIQUID FUND - DIRECT Plan - WEEKLY IDCW OPTION,1530.3
2023-09-22,118701,Nippon India Liquid Fund - Direct Plan Growth Plan - Growth Option,5690.109
2023-09-22,118702,Nippon India Low Duration Fund - Direct Plan Growth Plan - Bonus Option,2010.7841
2023-09-22,118703,NIPPON INDIA LOW DURATION FUND - DIRECT Plan - DAILY IDCW Option,1009.0624
2023-09-22,118704,NIPPON INDIA LOW DURATION FUND - DIRECT Plan - MONTHLY IDCW Option,1030.8252
2023-09-22,118705,NIPPON INDIA LOW DURATION FUND - DIRECT Plan - QUARTERLY IDCW Option,1011.8156
2023-09-22,118706,NIPPON INDIA LOW DURATION FUND - DIRECT Plan - WEEKLY IDCW Option,1009.3433
2023-09-22,118709,Nippon India Low Duration Fund - Direct Plan Growth Plan - Growth Option,3461.5193
2023-09-22,118715,Nippon India Money Market Fund - Direct Plan Growth Plan - Bonus Option,2159.9474
2023-09-22,118716,NIPPON INDIA MONEY MARKET FUND - DIRECT Plan - QUARTERLY IDCW Option,1009.5856
2023-09-22,118717,NIPPON INDIA MONEY MARKET FUND - DIRECT Plan - WEEKLY IDCW Option,1004.3
2023-09-22,118718,NIPPON INDIA MONEY MARKET FUND - DIRECT Plan - DAILY IDCW Option,1003.8273
2023-09-22,118719,Nippon India Money Market Fund - Direct Plan Growth Plan - Growth Option,3673.2441
2023-09-22,118720,NIPPON INDIA MONEY MARKET FUND - DIRECT Plan - MONTHLY IDCW Option,1019.745
2023-09-22,118722,Nippon India Consumption Fund - Direct Plan Growth Plan - Bonus,162.4728
2023-09-22,118724,Nippon India Consumption Fund - Direct Plan Growth Plan - Growth Option,162.4728
2023-09-22,118725,NIPPON INDIA CONSUMPTION FUND - DIRECT Plan - IDCW Option,48.7558
2023-09-22,118726,Nippon India Conservative Hybrid  Fund - Direct Plan Growth Plan - Growth Option,53.9715
2023-09-22,118727,NIPPON INDIA CONSERVATIVE HYBRID  FUND - DIRECT Plan - MONTHLY IDCW Option,11.5711
2023-09-22,118729,NIPPON INDIA CONSERVATIVE HYBRID  FUND - DIRECT Plan - QUARTERLY IDCW Option,12.5017
2023-09-22,118736,Nippon India Balanced Advantage Fund - Direct Plan Growth Plan - Growth Option,153.6482
2023-09-22,118738,NIPPON INDIA BALANCED ADVANTAGE FUND - DIRECT Plan - IDCW Option,39.235
2023-09-22,118740,NIPPON INDIA INDEX FUND - NIFTY 50 PLAN - DIRECT Plan - QUARTERLY - IDCW Option,28.1106
2023-09-22,118741,Nippon India Index Fund - Nifty 50 Plan - Direct Plan Growth Plan - Growth Option,35.2889
2023-09-22,118742,Nippon India Index Fund - Nifty 50 Plan - Direct Plan Growth Plan - Bonus Option,35.2889
2023-09-22,118743,NIPPON INDIA INDEX FUND - NIFTY 50 PLAN - DIRECT Plan - ANNUAL - IDCW Option,28.1557
2023-09-22,118745,NIPPON INDIA INDEX FUND - NIFTY 50 PLAN - DIRECT Plan - HALF YEARLY - IDCW Option,28.1161
2023-09-22,118747,Nippon India Dynamic Bond Fund - Direct Plan Growth Plan - Growth Option,34.3586
2023-09-22,118749,NIPPON INDIA DYNAMIC BOND FUND - Direct Plan - QUARTERLY IDCW Option,10.2681
2023-09-22,118750,NIPPON INDIA DYNAMIC BOND FUND - Direct Plan - IDCW Option,24.8233
2023-09-22,118756,NIPPON INDIA PHARMA FUND - DIRECT Plan - IDCW Option,128.4902
2023-09-22,118758,Nippon India Pharma Fund - Direct Plan Growth Plan - Bonus Option,376.2646
2023-09-22,118759,Nippon India Pharma Fund - Direct Plan Growth Plan - Growth Option,376.2646
2023-09-22,118760,NIPPON INDIA POWER & INFRA FUND - DIRECT Plan - IDCW Option,56.8855
2023-09-22,118762,Nippon India Power & Infra Fund - Direct Plan Growth Plan - Bonus Option,244.2183
2023-09-22,118763,Nippon India Power & Infra Fund - Direct Plan Growth Plan - Growth Option,244.2183
2023-09-22,118767,NIPPON INDIA QUANT FUND - DIRECT Plan - IDCW Option,30.3082
2023-09-22,118769,Nippon India Quant Fund - Direct Plan Growth Plan - Growth Option,52.833
2023-09-22,118770,Nippon India Quant Fund - Direct Plan Growth Plan - Bonus Option,52.833
2023-09-22,118775,NIPPON INDIA SMALL CAP FUND - Direct Plan - IDCW Option,86.2933
2023-09-22,118777,Nippon India Small Cap Fund - Direct Plan Growth Plan - Bonus Option,133.8741
2023-09-22,118778,Nippon India Small Cap Fund - Direct Plan Growth Plan - Growth Option,133.8741
2023-09-22,118780,Nippon India Credit Risk Fund - Direct Plan - Growth Plan,32.835
2023-09-22,118781,NIPPON INDIA CREDIT RISK FUND - DIRECT Plan - QUARTERLY IDCW Option,13.2999
2023-09-22,118782,NIPPON INDIA VALUE FUND - DIRECT Plan - IDCW Option,52.9456
2023-09-22,118784,Nippon India Value Fund - Direct Plan Growth Plan,163.3975
2023-09-22,118785,Nippon India Index Fund - BSE Sensex Plan - Direct Plan Growth Plan - Bonus Option,34.9635
2023-09-22,118786,NIPPON INDIA INDEX FUND - BSE SENSEX PLAN - DIRECT Plan - ANNUAL - IDCW Option,27.8116
2023-09-22,118788,NIPPON INDIA INDEX FUND - BSE SENSEX PLAN - DIRECT Plan - HALF YEARLY - IDCW Option,27.775
2023-09-22,118790,NIPPON INDIA INDEX FUND - BSE SENSEX PLAN - DIRECT Plan - QUARTERLY - IDCW Option,27.8134
2023-09-22,118791,Nippon India Index Fund - BSE Sensex Plan - Direct Plan Growth Plan - Growth Option,34.9635
2023-09-22,118793,NIPPON INDIA AGGRESSIVE HYBRID FUND - DIRECT Plan - IDCW Option,31.2614
2023-09-22,118794,Nippon India Aggressive Hybrid Fund  - Direct Plan Growth Plan,88.4043
2023-09-22,118796,Nippon India Short Duration Fund - Direct Plan Growth Plan - Growth Option,49.367
2023-09-22,118797,NIPPON INDIA SHORT DURATION FUND - Direct Plan - MONTHLY IDCW Option,11.6999
2023-09-22,118800,NIPPON INDIA SHORT DURATION FUND - Direct Plan - QUARTERLY IDCW OPTION,14.9507
2023-09-22,118801,NIPPON INDIA ELSS TAX SAVER FUND - DIRECT Plan - IDCW Option,38.4496
2023-09-22,118803,Nippon India ELSS Tax Saver Fund - Direct Plan Growth Plan - Growth Option,100.4601
2023-09-22,118804,Nippon India Annual Interval Fund - Series I - Direct Plan Growth Plan - Growth,24.0421
2023-09-22,118807,Nippon India Corporate Bond Fund - Direct Plan Growth Plan - Bonus,38.644
2023-09-22,118808,NIPPON INDIA CORPORATE BOND FUND - DIRECT Plan - DAILY IDCW Option,17.0949
2023-09-22,118809,NIPPON INDIA CORPORATE BOND FUND - DIRECT Plan - MONTHLY IDCW Option,11.6482
2023-09-22,118811,NIPPON INDIA CORPORATE BOND FUND - DIRECT Plan - QUARTERLY IDCW Option,11.8845
2023-09-22,118812,NIPPON INDIA CORPORATE BOND FUND - DIRECT Plan - WEEKLY IDCW Option,17.0989
2023-09-22,118814,Nippon India Corporate Bond Fund - Direct Plan Growth Plan - Growth Option,54.1265
2023-09-22,118825,Mirae Asset Large Cap Fund - Direct Plan - Growth,97.176
2023-09-22,118826,Mirae Asset Large Cap Fund Direct IDCW,59.849
2023-09-22,118834,Mirae Asset Large & Midcap Fund - Direct Plan - Growth,124.354
2023-09-22,118835,Mirae Asset Large & Midcap Fund - Direct Plan - IDCW,68.054
2023-09-22,118837,Mirae Asset Great Consumer Fund - Direct Plan - Growth,80.842
2023-09-22,118838,Mirae Asset Great Consumer Fund Direct IDCW,57.187
2023-09-22,118840,Mirae Asset Low Duration Fund - Direct Plan - Growth,2143.321
2023-09-22,118841,Mirae Asset Low Duration Fund - Direct Plan - Monthly IDCW,1166.0472
2023-09-22,118842,Mirae Asset Low Duration Fund - Direct Plan - Quarterly IDCW,1028.4411
2023-09-22,118843,Mirae Asset Low Duration Fund - Direct Plan - Daily IDCW,1208.9337
2023-09-22,118844,Mirae Asset Low Duration Fund - Direct Plan - Weekly IDCW,1454.7472
2023-09-22,118859,Mirae Asset Liquid Fund - Direct Plan - Growth,2455.902
2023-09-22,118860,Mirae Asset Liquid Fund - Direct Plan -Monthly IDCW,1140.8558
2023-09-22,118861,Mirae Asset Liquid Fund - Direct Plan -Daily IDCW,1075.8332
2023-09-22,118862,Mirae Asset Liquid Fund - Direct Plan - Weekly IDCW,1216.678
2023-09-22,118866,Taurus ELSS Tax Saver Fund - Direct Plan - Growth,148.93
2023-09-22,118867,Taurus ELSS Tax Saver Fund - Direct Plan - Payout of Income Distribution cum Capital Withdrawal option,68.64
2023-09-22,118868,Taurus Banking & Financial Services Fund - Direct Plan - Growth,46.44
2023-09-22,118869,Taurus Banking & Financial Services Fund - Direct Plan - Payout of Income Distribution cum Capital Withdrawal option,45.9
2023-09-22,118870,Taurus Large Cap Fund - Direct Plan - Growth,123.34
2023-09-22,118871,Taurus Large Cap Fund - Direct Plan - Payout of Income Distribution cum Capital Withdrawal option,54.33
2023-09-22,118872,Taurus Mid Cap Fund - Direct Plan - Growth,101.32
2023-09-22,118873,Taurus Mid Cap Fund - Direct Plan - Payout of Income Distribution cum Capital Withdrawal option,90.01
2023-09-22,118876,Taurus Ethical Fund - Direct Plan - Growth,108.81
2023-09-22,118877,Taurus Ethical Fund - Direct Plan - Payout of Income Distribution cum Capital Withdrawal option,73.04
2023-09-22,118878,Taurus Ethical Fund-Direct Plan-Bonus Option #,35.65
2023-09-22,118879,Taurus Infrastructure Fund - Direct Plan - Growth,52.05
2023-09-22,118880,Taurus Infrastructure Fund - Direct Plan - Payout of Income Distribution cum Capital Withdrawal option,48.47
2023-09-22,118881,Taurus Nifty 50 Index Fund - Direct Plan - Growth,39.722
2023-09-22,118882,Taurus Nifty 50 Index Fund - Direct Plan - Payout of Income Distribution cum Capital Withdrawal option,37.1753
2023-09-22,118883,Taurus Flexi Cap Fund - Direct Plan - Growth,182.18
2023-09-22,118884,Taurus Flexi Cap Fund - Direct Plan -  Payout of Income Distribution cum Capital Withdrawal option,91.92
2023-09-22,118901,HSBC Liquid Fund - Regular Daily IDCW,1001.3789
2023-09-22,118902,HSBC Liquid Fund - Regular Growth,2299.4433
2023-09-22,118903,HSBC Liquid Fund - Regular Monthly IDCW,1007.492
2023-09-22,118904,HSBC Liquid Fund - Regular Weekly IDCW,1108.073
2023-09-22,118906,HSBC Liquid Fund - IDCW,1019.3
2023-09-22,118907,HSBC Liquid Fund - Growth,3317.6459
2023-09-22,118908,HSBC Liquid Fund - Weekly IDCW,1001.3279
2023-09-22,118909,HSBC Liquid Fund - Institutional Daily IDCW,1562.8262
2023-09-22,118921,DSP Bond Fund - Direct Plan - IDCW - Monthly,11.1586
2023-09-22,118922,DSP Bond Fund - Direct Plan - IDCW,11.7767
2023-09-22,118924,DSP Bond Fund - Direct Plan - Growth,74.9096
2023-09-22,118930,HDFC ARBITRAGE FUND - Quarterly IDCW Option - Direct Plan,21.176
2023-09-22,118931,HDFC ARBITRAGE FUND - Growth Option - Direct Plan,27.944
2023-09-22,118934,HDFC Value Fund - IDCW Option - Direct Plan,33.512
2023-09-22,118935,HDFC Value Fund - Growth Option - Direct Plan,562.724
2023-09-22,118942,HDFC Low Duration  Fund - Direct Plan - Growth,54.6039
2023-09-22,118943,HDFC Low Duration  Fund - Direct Plan - Monthly IDCW,10.1974
2023-09-22,118944,HDFC Low Duration  Fund - Direct Plan - Weekly IDCW,10.0668
2023-09-22,118945,HDFC Low Duration  Fund - Direct Plan - Daily IDCW,10.0655
2023-09-22,118949,HDFC Focused Fund - IDCW Option - Direct Plan,25.282
2023-09-22,118950,HDFC Focused Fund - Growth Option - Direct Plan,171.019
2023-09-22,118954,HDFC Flexi Cap Fund - IDCW Option - Direct Plan,74.083
2023-09-22,118955,HDFC Flexi Cap Fund - Growth Option - Direct Plan,1441.848
2023-09-22,118959,HDFC Floating Rate Debt Fund - Direct Plan - Daily IDCW,10.0809
2023-09-22,118960,HDFC Floating Rate Debt Fund - Direct Plan - Monthly IDCW,10.2068
2023-09-22,118961,HDFC Floating Rate Debt Fund - Direct Plan - Growth Option,44.1711
2023-09-22,118962,HDFC Floating Rate Debt Fund - Direct Plan - Weekly IDCW,10.0468
2023-09-22,118968,HDFC Balanced Advantage Fund - Growth Plan - Direct Plan,407.362
2023-09-22,118969,HDFC Balanced Advantage Fund - IDCW Plan - Direct Plan,37.668
2023-09-22,118978,HDFC Infrastructure Fund - IDCW Option - Direct Plan,23.166
2023-09-22,118979,HDFC Infrastructure Fund - Growth Option - Direct Plan,34.147
2023-09-22,118986,HDFC Corporate Bond Fund - Quarterly IDCW Option - Direct Plan,10.2974
2023-09-22,118987,HDFC Corporate Bond Fund - Growth Option - Direct Plan,28.7482
2023-09-22,118988,HDFC Mid Cap Fund - IDCW Option - Direct Plan,61.525
2023-09-22,118989,HDFC Mid Cap Fund - Growth Option - Direct Plan,142.009
2023-09-22,118992,DSP Regular Savings Fund - Direct Plan - IDCW - Monthly,13.2322
2023-09-22,118993,DSP Regular Savings Fund - Direct Plan - IDCW - Quarterly,13.2584
2023-09-22,118994,DSP Regular Savings Fund - Direct Plan - Growth,53.6476
2023-09-22,119015,HDFC Short Term  Debt Fund - Fortnightly IDCW - Direct Plan,10.3362
2023-09-22,119016,HDFC Short Term  Debt Fund - Growth Option - Direct Plan,28.5512
2023-09-22,119017,HDFC Large Cap Fund - IDCW Option - Direct Plan,60.187
2023-09-22,119018,HDFC Large Cap Fund - Growth Option - Direct Plan,925.899
2023-09-22,119019,DSP Aggressive Hybrid Fund - Direct Plan - Growth,292.909
2023-09-22,119020,DSP Aggressive Hybrid Fund - Direct Plan - IDCW,57.562
2023-09-22,119028,DSP Natural Resources and New Energy Fund - Direct Plan - Growth,70.164
2023-09-22,119029,DSP Natural Resources and New Energy Fund - Direct Plan - IDCW,28.442
2023-09-22,119053,Tata Aggressive Hybrid Fund -Direct Plan- Growth Option,385.6802
2023-09-22,119057,Tata Aggressive Hybrid Fund- Direct Plan - Monthly Payout of IDCW Option,88.1712
2023-09-22,119058,Tata Aggressive Hybrid Fund- Direct Plan - Periodic Payout of IDCW Option,96.3419
2023-09-22,119059,HDFC ELSS Tax saver - IDCW Option - Direct Plan,79.102
2023-09-22,119060,HDFC ELSS Tax saver - Growth Option - Direct Plan,1016.499
2023-09-22,119061,HDFC Hybrid Equity Fund - IDCW Option - Direct Plan,17.009
2023-09-22,119062,HDFC Hybrid Equity Fund - Growth Option - Direct Plan,101.739
2023-09-22,119063,HDFC Nifty 50 Index Fund - Direct Plan,187.442
2023-09-22,119065,HDFC BSE Sensex Index Fund - Direct Plan,615.121
2023-09-22,119066,HDFC Childrens Fund - Direct Plan,250.069
2023-09-22,119068,HDFC Income Fund - Quarterly IDCW- Direct Plan,12.3336
2023-09-22,119069,HDFC Income Fund - Growth Option - Direct Plan,55.38
2023-09-22,119070,DSP Midcap Fund - Direct Plan - IDCW,58.55
2023-09-22,119071,DSP Midcap Fund - Direct Plan - Growth,114.315
2023-09-22,119072,HDFC Dynamic Debt Fund - Half Yearly IDCW - Direct Plan,13.6179
2023-09-22,119073,HDFC Dynamic Debt Fund - Quarterly IDCW - Direct Plan,13.4765
2023-09-22,119074,HDFC Dynamic Debt Fund - Yearly IDCW - Direct Plan,14.8384
2023-09-22,119075,HDFC Dynamic Debt Fund - Growth Option - Direct Plan,85.2708
2023-09-22,119076,DSP Flexi Cap Fund - Direct Plan - Growth,82.807
2023-09-22,119077,DSP Flexi Cap Fund - Direct Plan - IDCW,78.459
2023-09-22,119080,HDFC Medium Term Debt Fund - Fortnightly IDCW Opt - Direct Plan,10.129
2023-09-22,119081,HDFC Medium Term Debt Fund - Growth Option - Direct Plan,52.6454
2023-09-22,119082,DSP Credit Risk Fund - Direct Plan - Growth,38.2676
2023-09-22,119083,DSP Credit Risk Fund - Direct Plan - IDCW,12.0166
2023-09-22,119084,DSP Credit Risk Fund - Direct Plan -  IDCW - Monthly,10.7932
2023-09-22,119085,DSP Credit Risk Fund - Direct Plan - IDCW - Quarterly,11.187
2023-09-22,119086,DSP Credit Risk Fund - Direct Plan - IDCW - Weekly,10.2555
2023-09-22,119087,DSP Credit Risk Fund - Direct Plan - IDCW - Daily,10.2505
2023-09-22,119088,HDFC Liquid Fund - IDCW Weekly - Direct Plan,1031.7812
2023-09-22,119089,HDFC Liquid Fund - IDCW Daily - Direct Plan,1019.82
2023-09-22,119090,HDFC Liquid Fund - IDCW Monthly - Direct Plan,1031.0717
2023-09-22,119091,HDFC Liquid Fund - Growth Option - Direct Plan,4569.3875
2023-09-22,119092,HDFC Money Market Fund - Growth Option - Direct Plan,5097.3696
2023-09-22,119093,HDFC Money Market Fund - Daily IDCW Option - Direct Plan,1063.64
2023-09-22,119094,HDFC Money Market Fund - Weekly IDCW Option -Direct Plan,1063.7666
2023-09-22,119095,DSP Focused Fund - Direct Plan - IDCW,35.004
2023-09-22,119096,DSP Focused Fund - Direct Plan - Growth,42.302
2023-09-22,119099,DSP Gilt Fund - Direct Plan - Growth,87.1897
2023-09-22,119100,DSP Gilt Fund - Direct Plan - IDCW - Monthly,10.7997
2023-09-22,119101,DSP Gilt Fund - Direct Plan - IDCW,12.8733
2023-09-22,119106,DSP Savings Fund - Direct Plan - Growth,47.6123
2023-09-22,119107,DSP Savings Fund - Direct Plan - IDCW - Monthly,10.9129
2023-09-22,119108,DSP Savings Fund - Direct Plan - IDCW,12.543
2023-09-22,119109,HDFC Overnight Fund - Daily IDCW Option - Direct Plan,1042.66
2023-09-22,119110,HDFC Overnight Fund - Growth Option - Direct Plan,3432.4363
2023-09-22,119115,HDFC Gilt Fund - IDCW Option - Direct Plan,12.4919
2023-09-22,119116,HDFC Gilt Fund - Growth Option - Direct Plan,50.1851
2023-09-22,119118,HDFC Hybrid Debt Fund - Growth Option - Direct Plan,72.1433
2023-09-22,119119,HDFC Hybrid Debt Fund - IDCW Monthly - Direct Plan,14.9922
2023-09-22,119120,HDFC Hybrid Debt Fund - IDCW Quarterly - Direct Plan,16.0539
2023-09-22,119123,DSP Liquidity Fund - Direct Plan - IDCW - Weekly,1001.0843
2023-09-22,119124,DSP Liquidity Fund - Direct Plan - IDCW - Daily,1000.9329
2023-09-22,119125,DSP Liquidity Fund - Direct Plan - Growth,3323.85
2023-09-22,119128,HDFC Equity Savings Fund - Growth Option - Direct Plan,60.076
2023-09-22,119129,HDFC Equity Savings Fund - IDCW Option - Direct Plan,14.089
2023-09-22,119130,HDFC Multi-Asset Fund - IDCW Option - Direct Plan,18.075
2023-09-22,119131,HDFC Multi-Asset Fund - Growth Option - Direct Plan,59.806
2023-09-22,119132,HDFC Gold ETF Fund of Fund - Direct Plan,18.9783
2023-09-22,119133,Groww Largecap Fund (formerly known as Indiabulls Blue Chip Fund) - Direct Plan - Growth Option,37.66
2023-09-22,119134,Groww Largecap Fund (formerly known as Indiabulls Bluechip Fund)- Direct Plan- - Income Distribution cum capital withdrawal Option (Payout & Reinvestment),21.83
2023-09-22,119135,Groww Liquid Fund ( formerly known as Indiabulls Liquid )Fund - Direct Plan - Growth Option,2252.8561
2023-09-22,119136,Groww Liquid Fund (formerly known as Indiabulls Liquid Fund) - Direct Plan- - Income Distribution cum capital withdrawal Option ( Reinvestment),1001.06
2023-09-22,119137,Groww Liquid Fund (formerly known as Indiabulls Liquid Fund)- Direct Plan- Weekly - Income Distribution cum capital withdrawal Option (Payout & Reinvestment),1001.2982
2023-09-22,119138,Groww Liquid Fund (formerly known as Indiabulls Liquid Fund)- Direct Plan- Fortnightly - Income Distribution cum capital withdrawal Option (Payout & Reinvestment),1002.6087
2023-09-22,119139,Groww Liquid Fund (formerly known as Indiabulls Liquid Fund)- Direct Plan- Monthly - Income Distribution cum capital withdrawal Option (Payout & Reinvestment),1033.376
2023-09-22,119156,Navi Conservative Hybrid Fund-Direct Plan-Growth Option,28.1325
2023-09-22,119157,Navi Conservative Hybrid Fund - Direct Plan Monthly IDCW,12.2948
2023-09-22,119158,Navi Conservative Hybrid Fund - Direct Plan Quarterly IDCW,17.0965
2023-09-22,119159,Tata Large Cap Fund- Direct Plan - Payout of IDCW Option,97.1162
2023-09-22,119160,Tata Large Cap Fund -Direct Plan Growth Option,427.4519
2023-09-22,119161,Navi Liquid Fund - Direct Plan Monthly IDCW - Payout,10.0626
2023-09-22,119162,Navi Liquid Fund - Direct Plan Weekly IDCW - Payout,10.0118
2023-09-22,119163,Navi Liquid Fund - Direct Plan Daily IDCW - ReInvestment,10.0129
2023-09-22,119164,Navi Liquid Fund-Direct Plan-Growth Option,25.4586
2023-09-22,119171,Tata Ethical Fund- Direct Plan - Payout of IDCW Option,195.8087
2023-09-22,119172,Tata Ethical Fund -Direct Plan- Growth Option,356.695
2023-09-22,119177,Tata Mid Cap Fund - Direct Plan- IDCW Option,112.8078
2023-09-22,119178,Tata Mid Cap Fund - Direct Plan- Growth Option,341.7463
2023-09-22,119201,Tata Large & Mid Cap Fund Direct Plan - Payout of IDCW Option,89.2845
2023-09-22,119202,Tata Large & MId Cap Fund -Direct Plan- Growth Option,455.6772
2023-09-22,119203,DSP Ultra Short Fund - Direct Plan - IDCW - Daily,1005.3951
2023-09-22,119204,DSP Ultra Short Fund - Direct Plan - IDCW - Monthly,1074.5315
2023-09-22,119205,DSP Ultra Short Fund - Direct Plan - Growth,3235.4972
2023-09-22,119206,DSP Ultra Short Fund - Direct Plan - IDCW,1126.176
2023-09-22,119207,DSP Ultra Short Fund - Direct Plan - IDCW - Weekly,1005.2627
2023-09-22,119212,DSP Small Cap Fund - Direct Plan - Growth,154.865
2023-09-22,119213,DSP Small Cap Fund - Direct Plan - IDCW,54.854
2023-09-22,119218,DSP Large & Mid Cap Fund - Direct Plan - Growth,467.695
2023-09-22,119219,DSP Large & Mid Cap Fund - Direct Plan - IDCW,89.952
2023-09-22,119222,DSP Short Term Fund - Direct Plan - IDCW,12.3207
2023-09-22,119223,DSP Short Term Fund - Direct Plan - IDCW - Weekly,10.1895
2023-09-22,119224,DSP Short Term Fund - Direct Plan - IDCW - Monthly,11.5849
2023-09-22,119226,DSP Short Term Fund - Direct Plan - Growth,43.8597
2023-09-22,119231,Tata Value Fund -Direct Plan Growth Option,273.6008
2023-09-22,119232,Tata Value Fund- Direct Plan -Payout of IDCW-Option A(5%),106.9865
2023-09-22,119233,Tata Value Fund- Direct Plan - Payout of IDCW -Option B(10%),100.2469
2023-09-22,119236,DSP Strategic Bond Fund - Direct Plan - IDCW - Monthly,1073.0159
2023-09-22,119238,DSP Strategic Bond Fund - Direct Plan - IDCW,2098.4211
2023-09-22,119239,DSP Strategic Bond Fund - Direct Plan - Growth,3079.9098
2023-09-22,119241,DSP ELSS Tax Saver Fund - Direct Plan - IDCW,67.142
2023-09-22,119242,DSP ELSS Tax Saver Fund - Direct Plan - Growth,105.161
2023-09-22,119243,Tata Infrastructure Fund -Direct Plan -Growth Option,135.2723
2023-09-22,119244,Tata Infrastructure Fund- Direct Plan - Payout of IDCW Option,70.8836
2023-09-22,119247,DSP India T.I.G.E.R. Fund - Direct Plan - Growth,223.083
2023-09-22,119248,DSP India T.I.G.E.R. Fund - Direct Plan - IDCW,42.161
2023-09-22,119249,DSP Large Cap Fund - Direct Plan - IDCW,24.968
2023-09-22,119250,DSP Large Cap Fund - Direct Plan - Growth,361.155
2023-09-22,119251,Tata Retirement Savings Fund- Progressive Plan -Direct Plan-Growth Option,57.3943
2023-09-22,119252,DSP US Specific Equity Omni FoF - Direct Plan - Growth,48.2871
2023-09-22,119253,DSP US Specific Equity Omni FoF - Direct Plan - IDCW,44.8077
2023-09-22,119255,Tata Retirement Savings Fund- Moderate Plan -Direct Plan-Growth Option,56.7698
2023-09-22,119256,Tata Retirement Savings Fund- Conservative Plan-Direct Plan-Growth Option,30.8453
2023-09-22,119271,DSP World Agriculture Fund - Direct Plan - Growth,18.6693
2023-09-22,119272,DSP World Agriculture Fund - Direct Plan - IDCW,17.081
2023-09-22,119275,DSP Global Clean Energy Overseas Equity Omni FoF Direct Plan - Growth,17.09
2023-09-22,119276,DSP Global Clean Energy Overseas Equity Omni FoF - Direct Plan - IDCW,13.8553
2023-09-22,119277,DSP World Gold Mining Overseas Equity Omni FoF - Direct Plan - Growth,17.1691
2023-09-22,119278,DSP World Gold Mining Overseas Equity Omni FoF - Direct Plan - IDCW,11.3585
2023-09-22,119279,DSP World Mining Overseas Equity Omni FoF - Direct Plan - Growth,16.409
2023-09-22,119280,DSP World Mining Overseas Equity Omni FoF - Direct Plan - IDCW,16.409
2023-09-22,119281,Tata ELSS Fund- Direct Plan - Payout of IDCW Option,173.4512
2023-09-22,119287,Tata S&P BSE Sensex Index Fund - Direct Plan,172.6596
2023-09-22,119288,Tata Nifty 50 Index Fund -Direct Plan,130.5163
2023-09-22,119292,Union Flexi Cap Fund - Direct Plan - Growth Option,42.16
2023-09-22,119293,Union Flexi Cap Fund - Direct Plan - IDCW Option,36.83
2023-09-22,119300,BANK OF INDIA Large & Mid Cap Fund Direct Plan- Bonus,37.54
2023-09-22,119301,Union Liquid Fund - Direct Plan - Daily IDCW Option,1000.7927
2023-09-22,119302,Union Liquid Fund - Direct Plan - Monthly IDCW Option,1005.747
2023-09-22,119303,Union Liquid Fund - Direct Plan - Growth Option,2242.2052
2023-09-22,119304,Union Liquid Fund - Direct Plan - Weekly IDCW Option,1001.4245
2023-09-22,119305,Union Liquid Fund - Direct Plan - Fortnightly IDCW Option,1002.5993
2023-09-22,119306,Union ELSS Tax Saver Fund - Direct Plan - IDCW Option,52.37
2023-09-22,119307,Union ELSS Tax Saver Fund - Direct Plan - Growth Option,52.37
2023-09-22,119310,Union Dynamic Bond Fund - Direct Plan - IDCW Option,14.33
2023-09-22,119311,Union Dynamic Bond Fund - Direct Plan - Growth Option,21.3931
2023-09-22,119312,Tata Childrens Fund-Direct Plan-Growth Option,53.6343
2023-09-22,119333,Baroda BNP Paribas Banking and Financial Services Fund - Direct - Growth Option,36.8893
2023-09-22,119334,Baroda BNP Paribas Banking and Financial Services Fund - Direct - IDCW Option,20.3235
2023-09-22,119340,Baroda BNP Paribas GILT FUND - Direct Plan - IDCW Option,31.6112
2023-09-22,119341,Baroda BNP Paribas GILT FUND - Direct Plan - Growth Option,40.06
2023-09-22,119346,BANK OF INDIA Large & Mid Cap Fund Direct Plan-Regular IDCW,19.9
2023-09-22,119349,BANK OF INDIA Large & Mid Cap Fund Direct  Plan- Quarterly IDCW,20.2
2023-09-22,119350,BANK OF INDIA Large & Mid Cap Fund Direct Plan-Growth,72.65
2023-09-22,119351,BANK OF INDIA ELSS Tax Saver -Direct Plan- Growth,135.59
2023-09-22,119352,BANK OF INDIA ELSS Tax Saver -Direct Plan-IDCW,54.16
2023-09-22,119353,Baroda BNP Paribas MULTI CAP FUND - Direct Plan - IDCW Option,46.5336
2023-09-22,119354,Baroda BNP Paribas MULTI CAP FUND - Direct Plan - Growth Option,217.791
2023-09-22,119363,BANK OF INDIA Manufacturing & Infrastructure Fund-Direct Plan-Regular IDCW,40.6
2023-09-22,119364,BANK OF INDIA Manufacturing & Infrastructure Fund-Direct Plan-Growth,43.02
2023-09-22,119365,BANK OF INDIA Manufacturing & Infrastructure Fund-Direct Plan-Quarterly IDCW,42.3
2023-09-22,119368,BANK OF INDIA Liquid Fund- Direct Plan- Daily IDCW,1002.6483
2023-09-22,119369,BANK OF INDIA Liquid Fund- Direct Plan- Growth,2677.3654
2023-09-22,119370,BANK OF INDIA Liquid Fund- Direct Plan- Weekly IDCW,1062.3642
2023-09-22,119379,BANK OF INDIA Ultra Short Duration Fund- Direct Plan- Growth,2891.401
2023-09-22,119380,BANK OF INDIA Ultra Short Duration Fund- Direct Plan- Daily IDCW,1011.928
2023-09-22,119381,BANK OF INDIA Ultra Short Duration Fund- Direct Plan- Weekly IDCW,1007.6069
2023-09-22,119382,BANK OF INDIA Short Term Income Fund-Direct Plan- Growth,24.9537
2023-09-22,119383,BANK OF INDIA Short Term Income Fund-Direct Plan- Monthly IDCW,12.1336
2023-09-22,119384,BANK OF INDIA Short Term Income Fund-Direct Plan- Quarterly IDCW,11.5048
2023-09-22,119393,BANK OF INDIA Conservative Hybrid Fund Fund-Direct Plan-Growth,31.2436
2023-09-22,119394,BANK OF INDIA Conservative Hybrid Fund-Direct Plan-Monthly IDCW,13.9243
2023-09-22,119395,BANK OF INDIA Conservative Hybrid  Fund-Direct Plan-Quarterly IDCW,15.3582
2023-09-22,119396,BANK OF INDIA Conservative Hybrid Fund-Direct Plan-Annual IDCW,14.243
2023-09-22,119399,Baroda BNP Paribas Short Duration Fund - Direct Plan - Monthly IDCW Option,10.2742
2023-09-22,119400,Baroda BNP Paribas Short Duration Fund - Direct Plan - Growth Option,27.4045
2023-09-22,119414,Baroda BNP Paribas LIQUID FUND - DIRECT PLAN - DAILY IDCW OPTION,1002.0849
2023-09-22,119415,Baroda BNP Paribas LIQUID FUND - DIRECT PLAN - GROWTH OPTION,2682.1088
2023-09-22,119416,Baroda BNP Paribas LIQUID FUND - DIRECT PLAN - WEEKLY IDCW OPTION,1219.1675
2023-09-22,119421,Tata Money Market Fund- Direct Plan - Daily Reinvestment of IDCW Option,1114.52
2023-09-22,119424,Tata Money Market Fund- Direct Plan- Growth Option,4194.8807
2023-09-22,119433,Aditya Birla Sun Life Large & Mid Cap Fund -Direct - IDCW,174.54
2023-09-22,119436,Aditya Birla Sun Life Large & Mid Cap Fund - Growth - Direct Plan,758.88
2023-09-22,119496,Aditya Birla Sun Life Short Term Fund - DIRECT - IDCW,12.4112
2023-09-22,119497,Aditya Birla Sun Life Short Term Fund-Quarterly-IDCW-Direct,11.0312
2023-09-22,119498,Aditya Birla Sun Life Short Term Fund - Growth - Direct Plan,44.3787
2023-09-22,119499,Aditya Birla Sun Life Savings Fund-DIRECT - WEEKLY IDCW,100.4604
2023-09-22,119500,Aditya Birla Sun Life Savings Fund-DIRECT - DAILY IDCW,100.1014
2023-09-22,119501,Aditya Birla Sun Life Savings Fund - Growth - Direct Plan,487.0866
2023-09-22,119502,Aditya Birla Sun Life Dynamic Bond Fund -Direct - Quarterly IDCW,10.7422
2023-09-22,119503,Aditya Birla Sun Life Dynamic Bond Fund -DIRECT - MONTHLY IDCW,10.7808
2023-09-22,119505,Aditya Birla Sun Life Dynamic Bond Fund - Growth - Direct Plan,42.5037
2023-09-22,119506,Aditya Birla Sun Life Dividend Yield Fund -DIRECT - IDCW,38.98
2023-09-22,119507,Aditya Birla Sun Life Dividend Yield Fund - Growth - Direct Plan,351.27
2023-09-22,119511,Aditya Birla Sun Life Money Manager Fund - Growth - Direct Plan,327.537
2023-09-22,119512,Aditya Birla Sun Life Money Manager Fund - Direct - weekly IDCW,100.2049
2023-09-22,119513,Aditya Birla Sun Life Money Manager Fund - Direct - daily IDCW,100.02
2023-09-22,119514,Aditya Birla Sun Life Infrastructure Fund - Growth - Direct Plan,73.64
2023-09-22,119515,Aditya Birla Sun Life Infrastructure Fund -  Direct - IDCW,35.4
2023-09-22,119516,Aditya Birla Sun Life International Equity Fund - Direct - IDCW,31.4551
2023-09-22,119517,Aditya Birla Sun Life International Equity Fund - Growth - Direct Plan,31.4365
2023-09-22,119522,Aditya Birla Sun Life Low Duration Fund -Direct - weekly IDCW,100.6463
2023-09-22,119523,Aditya Birla Sun Life Low duration Fund - Growth - Direct Plan,634.157
2023-09-22,119524,Aditya Birla Sun Life Low Duration Fund -Direct - daily IDCW,100.2772
2023-09-22,119525,Aditya Birla Sun Life Arbitrage Fund-DIRECT - IDCW,11.4006
2023-09-22,119526,Aditya Birla Sun Life Arbitrage Fund - Growth - Direct Plan,24.9634
2023-09-22,119527,Aditya Birla Sun Life Large Cap Fund-DIRECT - IDCW,85.11
2023-09-22,119528,Aditya Birla Sun Life Large Cap Fund - Growth - Direct Plan,429.12
2023-09-22,119532,Aditya Birla Sun Life Corporate Bond Fund -DIRECT - MONTHLY IDCW,12.4667
2023-09-22,119533,Aditya Birla Sun Life Corporate Bond Fund - Growth - Direct Plan,99.2327
2023-09-22,119535,Aditya Birla Sun Life Interval Income Fund - Quarterly Series I - Growth - Direct Plan,30.1851
2023-09-22,119538,Aditya Birla Sun Life Medium Term Plan - Direct - IDCW,16.5909
2023-09-22,119539,Aditya Birla Sun Life Medium Term Plan - Growth - Direct Plan,35.5981
2023-09-22,119540,Aditya Birla Sun Life Medium Term Plan - DIRECT - HALF YEARLY IDCW,13.0535
2023-09-22,119541,Aditya Birla Sun Life Medium Term Plan - DIRECT - Quarterly IDCW,12.7322
2023-09-22,119543,Aditya Birla Sun Life ELSS Tax Saver Fund-DIRECT - IDCW,343.42
2023-09-22,119544,Aditya Birla Sun Life ELSS Tax Saver Fund - Growth - Direct Plan,49.8
2023-09-22,119548,Sundaram Value Fund Direct Plan - Income Distribution cum Capital Withdrawal (IDCW),16.8762
2023-09-22,119549,Sundaram Value Fund Direct Plan - Growth,181.5508
2023-09-22,119550,Aditya Birla Sun Life Banking & PSU Debt Fund- Direct Plan-Growth,330.0049
2023-09-22,119551,Aditya Birla Sun Life Banking & PSU Debt Fund  - DIRECT - IDCW,114.3437
2023-09-22,119552,Aditya Birla Sun Life Banking & PSU Debt Fund  - DIRECT - MONTHLY IDCW,114.6404
2023-09-22,119553,Aditya Birla Sun Life Banking & PSU Debt Fund  - Direct - Quarterly IDCW,111.3552
2023-09-22,119556,Aditya Birla Sun Life Small Cap Fund - Growth - Direct Plan,73.4116
2023-09-22,119557,Aditya Birla Sun Life Small Cap Fund -Direct - IDCW,58.852
2023-09-22,119563,Aditya Birla Sun Life Focused Fund -Direct - IDCW,46.6614
2023-09-22,119564,Aditya Birla Sun Life Focused Fund - Growth - Direct Plan,114.1633
2023-09-22,119565,Sundaram Large and Midcap Direct Plan - Income Distribution cum Capital Withdrawal (IDCW),29.7789
2023-09-22,119566,Sundaram Large and Midcap Fund Direct Plan - Growth,69.1863
2023-09-22,119567,SBI Arbitrage Opportunities Fund - Direct Plan - Income Distribution cum Capital Withdrawal Option (IDCW),16.9775
2023-09-22,119568,Aditya Birla Sun Life Liquid Fund - Growth - Direct Plan,375.2259
2023-09-22,119569,Aditya Birla Sun Life Liquid Fund -Direct - daily IDCW,100.195
2023-09-22,119570,Aditya Birla Sun Life Liquid Fund -Direct - weekly IDCW,100.225
2023-09-22,119571,Aditya Birla Sun Life Liquid Fund -DIRECT - IDCW,203.718
2023-09-22,119574,SBI Arbitrage Opportunities Fund - Direct Plan - Gr,31.4218
2023-09-22,119581,Sundaram Mid Cap Fund Direct Plan - Growth,978.3724
2023-09-22,119582,Sundaram Mid Cap Fund Direct Plan - Income Distribution cum Capital Withdrawal (IDCW),57.1101
2023-09-22,119585,SBI Large Cap Fund - Direct Plan - Income Distribution cum Capital Withdrawal Option (IDCW),50.6604
2023-09-22,119588,Sundaram Small Cap Fund Direct Plan - Income Distribution cum Capital Withdrawal (IDCW),33.4527
2023-09-22,119589,Sundaram Small Cap Fund Direct Plan - Growth,205.0862
2023-09-22,119590,Aditya Birla Sun Life Consumption Fund -DIRECT - IDCW,43.1
2023-09-22,119591,Aditya Birla Sun Life Consumption Fund - Growth - Direct Plan,182.25
2023-09-22,119594,Sundaram Consumption Fund (Formerly Known asSundaram Rural and Consumption Fund Direct Plan - Income Distribution cum Capital Withdrawal (IDCW),28.3016
2023-09-22,119595,Sundaram Consumption Fund (Formerly Known as Sundaram Rural and Consumption Fund Direct Plan - Growth),79.0528
2023-09-22,119596,Sundaram Financial Services Opportunities Fund Direct Plan - Income Distribution cum Capital Withdrawal (IDCW),31.0932
2023-09-22,119597,Sundaram Financial Services Opportunities Fund Direct Plan - Growth,85.0848
2023-09-22,119598,SBI Large Cap FUND-DIRECT PLAN -GROWTH,78.0598
2023-09-22,119601,Sundaram Global Brand Theme-Equity Active FOF - Direct IDCW,24.9603
2023-09-22,119602,Sundaram Global Brand Theme-Equity Active FOF - Direct Growth,28.0661
2023-09-22,119604,SBI Equity Hybrid Fund - Direct Plan - Income Distribution cum Capital Withdrawal Option (IDCW),71.8668
2023-09-22,119605,Aditya Birla Sun Life Government Securities Fund - Growth - Direct Plan,74.9501
2023-09-22,119606,Aditya Birla Sun Life Govenment Securities Fund -DIRECT - Quarterly IDCW,11.6257
2023-09-22,119609,SBI EQUITY HYBRID FUND - DIRECT PLAN - Growth,245.5962
2023-09-22,119613,SBI Comma Fund - Direct Plan - Income Distribution cum Capital Withdrawal Option (IDCW),45.6525
2023-09-22,119619,Aditya Birla Sun Life Midcap Fund -DIRECT - IDCW,75.51
2023-09-22,119620,Aditya Birla Sun Life Midcap Fund - Growth - Direct Plan,618.3
2023-09-22,119621,Sundaram Corporate Bond Fund Direct Plan - Growth,36.0029
2023-09-22,119622,Sundaram Corporate Bond Fund Direct Plan - Income Distribution cum Capital Withdrawal(IDCW),16.2154
2023-09-22,119624,Sundaram Corporate Bond Fund Direct Plan - Income Distribution cum Capital Withdrawal (IDCW),16.2007
2023-09-22,119625,Sundaram Banking & PSU Fund (Formerly Known as Sundaram Banking and PSU Debt Fund) Direct Plan - Growth,37.9043
2023-09-22,119626,Sundaram Banking & PSU Fund (Formerly Known as Sundaram Banking and PSU Debt Fund) Direct Plan - Income Distribution cum Capital Withdrawal (IDCW),11.5192
2023-09-22,119627,Sundaram Banking & PSU Fund (Formerly Known as Sundaram Banking and PSU Debt Fund) Direct Plan - Daily Reinvestment of Income Distribution cum Capital Withdrawal (IDCW),10.2297
2023-09-22,119628,Sundaram Banking and PSU Debt Fund Direct Plan - Weekly Reinvestment of Income Distribution cum Capital Withdrawal (IDCW),12.3164
2023-09-22,119629,Sundaram Banking & PSU Fund (Formerly Known as Sundaram Banking and PSU Debt Fund) Direct Plan - Bonus,18.9623
2023-09-22,119630,Sundaram Corporate Bond Fund Direct Plan-Income Distribution cum Capital Withdrawal(IDCW),17.9588
2023-09-22,119631,Sundaram Corporate Bond Fund Direct Plan -Income Distribution cum Capital Withdrawal (IDCW),16.2947
2023-09-22,119635,Sundaram Conservative Hybrid Fund (Formerly Known as Sundaram Debt Oriented Hybrid Fund) Direct Plan - Growth,27.8451
2023-09-22,119636,Sundaram Conservative Hybrid Fund (Formerly Known as Sundaram Debt Oriented Hybrid Fund) Direct Plan - IDCW,13.4057
2023-09-22,119637,Sundaram Conservative Hybrid Fund (Formerly Known as Sundaram Debt Oriented Hybrid Fund) Direct Plan -Income Distribution cum Capital Withdrawal (IDCW),18.5366
2023-09-22,119638,Sundaram Conservative Hybrid Fund (Formerly Known as Sundaram Debt Oriented Hybrid Fund) Direct Plan - Income Distribution cum Capital Withdrawal (IDCW),18.5208
2023-09-22,119646,Aditya Birla Sun Life MNC Fund - Growth - Direct Plan,1178.54
2023-09-22,119647,Aditya Birla Sun Life MNC Fund - DIRECT - IDCW,377.05
2023-09-22,119648,Aditya Birla Sun Life Nifty 50 Index Fund - Growth - Direct Plan,199.8724
2023-09-22,119649,Aditya Birla Sun Life Nifty 50 Index Fund -DIRECT - IDCW,20.6634
2023-09-22,119655,Aditya Birla Sun Life Income Fund - Direct - Quarterly IDCW,13.9303
2023-09-22,119657,Aditya Birla Sun Life Income Fund - Growth - Direct Plan,117.3273
2023-09-22,119658,Aditya Birla Sun Life Value Fund - Direct - IDCW,63.2431
2023-09-22,119659,Aditya Birla Sun Life Value Fund - Growth - Direct Plan,103.3442
2023-09-22,119670,SBI Dynamic Bond Fund - Direct Plan - Income Distribution cum Capital Withdrawal Option (IDCW),18.7234
2023-09-22,119671,SBI Dynamic Bond Fund - DIRECT PLAN - Growth,33.5209
2023-09-22,119672,Sundaram Medium Duration Fund (Formerly Known as Sundaram Medium Term Bond Fund) Direct Plan-Income Distribution cum Capital Withdrawal (IDCW),24.6281
2023-09-22,119675,Sundaram Medium Duration Fund (Formerly Known as Sundaram Medium Term Bond Fund) Direct Plan - Growth,67.8067
2023-09-22,119676,Sundaram Medium Duration Fund (Formerly Known as Sundaram Medium Term Bond Fund) Direct Plan -Income Distribution cum Capital Withdrawal (IDCW),13.9787
2023-09-22,119695,SBI Infrastructure Fund - Direct Plan - Income Distribution cum Capital Withdrawal Option (IDCW),32.5655
2023-09-22,119700,SBI INFRASTRUCTURE FUND -  DIRECT PLAN - GROWTH,36.7962
2023-09-22,119705,SBI COMMA Fund - DIRECT PLAN - Growth,80.2256
2023-09-22,119706,SBI Gilt Fund - Direct Plan - Income Distribution cum Capital Withdrawal Option (IDCW),19.1915
2023-09-22,119707,SBI GILT FUND - DIRECT PLAN - GROWTH,60.1324
2023-09-22,119708,SBI ESG Exclusionary Strategy Fund - Direct Plan - Income Distribution cum Capital Withdrawal Option (IDCW),71.8711
2023-09-22,119709,SBI ESG Exclusionary Strategy Fund - Direct Plan -Growth,200.1979
2023-09-22,119710,SBI MNC Fund - Direct Plan - Income Distribution cum Capital Withdrawal Option (IDCW),129.3674
2023-09-22,119711,SBI MNC FUND - DIRECT PLAN -GROWTH,362.4085
2023-09-22,119712,SBI Medium to Long Duration Fund-DIRECT PLAN - Bonus,39.9198
2023-09-22,119713,SBI Medium to Long Duration Fund - Direct Plan - Half Yearly - Income Distribution cum Capital Withdrawal Option (IDCW),18.6636
2023-09-22,119714,SBI Medium to Long Duration Fund-DIRECT PLAN -Growth,65.7807
2023-09-22,119715,SBI Midcap Fund - Direct Plan - Income Distribution cum Capital Withdrawal Option (IDCW),111.8419
2023-09-22,119716,SBI MIDCAP FUND - DIRECT PLAN - GROWTH,197.2712
2023-09-22,119717,SBI Flexicap Fund - Direct Plan - Income Distribution cum Capital Withdrawal Option (IDCW),47.1382
2023-09-22,119718,SBI Flexicap Fund - DIRECT PLAN - Growth Option,94.3085
2023-09-22,119719,SBI Children's Fund - Savings Plan - DIRECT PLAN - GROWTH,94.5612
2023-09-22,119720,SBI Large & Midcap Fund - Direct Plan - Income Distribution cum Capital Withdrawal Option (IDCW),252.0549
2023-09-22,119721,SBI LARGE & MIDCAP FUND -DIRECT PLAN -Growth,483.5789
2023-09-22,119722,SBI ELSS Tax Saver Fund - Direct Plan - Income Distribution cum Capital Withdrawal Option (IDCW),77.309
2023-09-22,119723,SBI ELSS Tax Saver FUND - DIRECT PLAN -GROWTH,312.1152
2023-09-22,119724,SBI Contra Fund - Direct Plan - Income Distribution cum Capital Withdrawal Option (IDCW),62.9033
2023-09-22,119727,SBI FOCUSED FUND - DIRECT PLAN -GROWTH,289.8256
2023-09-22,119730,SBI Consumption Opportunities Fund - Direct Plan - Income Distribution cum Capital Withdrawal Option (IDCW),190.2972
2023-09-22,119731,SBI Technology Opportunities Fund - Direct Plan - Income Distribution cum Capital Withdrawal Option (IDCW),127.8798
2023-09-22,119732,SBI PSU Fund - DIRECT PLAN - GROWTH,21.7474
2023-09-22,119733,SBI PSU Fund - Direct Plan - Income Distribution cum Capital Withdrawal Option (IDCW),21.7173
2023-09-22,119734,Kotak Bond Fund - Direct Plan - Standard IDCW option,24.6097
2023-09-22,119735,Kotak Bond Fund - Growth - Direct,73.9402
2023-09-22,119739,Kotak Bond Short Term Plan-(Growth) - Direct,49.5591
2023-09-22,119740,Kotak Credit Risk Fund - Direct Plan - Standard Income Distribution cum capital withdrawal option,21.3181
2023-09-22,119741,Kotak Credit Risk Fund - Growth - Direct,28.3827
2023-09-22,119746,Kotak Money Market Fund - (Growth) - Direct,3963.827
2023-09-22,119747,Kotak Money Market Fund - (Monthly Payout of Income Distribution cum capital withdrawal option) - Direct,1132.1012
2023-09-22,119750,Kotak Savings Fund-Growth - Direct,39.4015
2023-09-22,119751,Kotak Savings Fund-Monthly Payout of Income Distribution cum capital withdrawal option - Direct,17.0108
2023-09-22,119753,Kotak Dynamic Bond Fund - Direct Plan - Standard Income Distribution cum capital withdrawal option,12.2195
2023-09-22,119755,Kotak Dynamic Bond Fund - Growth - Direct,34.8165
2023-09-22,119757,Kotak Gilt-Investment  Provident Fund and Trust-Growth - Direct,96.5583
2023-09-22,119758,Kotak Gilt-Investment Regular-Payout of Income Distribution cum capital withdrawal option - Direct,21.2954
2023-09-22,119759,Kotak Gilt-Investment Regular-Growth - Direct,94.292
2023-09-22,119764,Kotak Liquid Fund - Direct Plan - Daily Reinvestment of Income Distribution cum capital withdrawal option,1222.81
2023-09-22,119766,Kotak Liquid Fund - Direct Plan - Growth,4699.1693
2023-09-22,119767,Kotak Aggressive Hybrid Fund - Direct Plan - IDCW - Payout & Reinvestment of Income Distribution cum  capital withdrawal option,32.734
2023-09-22,119768,Kotak Contra Fund - Direct Plan - IDCW -Payout & Re-investment of Income Distribution cum capital withdrawal option- Direct,41.88
2023-09-22,119769,Kotak Contra Fund - Direct Plan - Growth,117.691
2023-09-22,119770,Kotak  Arbitrage Fund - Direct Plan - IDCW -Payout &  Reinvestment of Income Distribution cum capital withdrawal option,11.2553
2023-09-22,119771,Kotak Arbitrage Fund - Direct Plan - Growth,34.8595
2023-09-22,119772,Kotak ELSS Tax Saver Fund-Payout of Income Distribution cum capital withdrawal option - Direct,41.808
2023-09-22,119773,Kotak ELSS Tax Saver Fund-Growth - Direct,99.805
2023-09-22,119774,Kotak Midcap Fund  - Direct Plan - IDCW - Payout & Re-investment of Income Distribution cum capital withdrawal option,61.215
2023-09-22,119775,Kotak Midcap Fund - Direct Plan - Growth,102.746
2023-09-22,119776,Kotak Multi Asset Omni FOF - Direct Payout of Income Distribution cum capital withdrawal option,179.275
2023-09-22,119777,Kotak Multi Asset Omni FOF - Direct Growth - Direct,182.56
2023-09-22,119778,Kotak Global Emerging Market Overseas Equity Omni FOF - Payout of Income Distribution cum capital withdrawal option - Direct,21.231
2023-09-22,119779,Kotak Global Emerging Market overseas Equity Omni FOF - Growth - Direct,21.143
2023-09-22,119780,Kotak Gold Fund Payout of Income Distribution cum capital withdrawal option- Direct,24.5246
2023-09-22,119781,Kotak Gold Fund Growth - Direct,24.5248
2023-09-22,119782,SBI Healthcare Opportunities Fund - Direct Plan - Income Distribution cum Capital Withdrawal Option (IDCW),215.2908
2023-09-22,119783,SBI HEALTHCARE OPPORTUNITIES FUND - DIRECT PLAN -GROWTH,309.8726
2023-09-22,119784,SBI Ultra Short Duration Fund - Direct Plan - Daily Income Distribution cum Capital Withdrawal Option (IDCW),1995.4715
2023-09-22,119788,SBI GOLD FUND- DIRECT PLAN - GROWTH,18.5428
2023-09-22,119789,SBI Gold Fund - Direct Plan - Income Distribution cum Capital Withdrawal Option (IDCW),18.5161
2023-09-22,119792,SBI Credit Risk Fund - Direct Plan - Daily Income Distribution cum Capital Withdrawal Option (IDCW),13.4514
2023-09-22,119793,SBI Credit Risk Fund - Direct Plan - Income Distribution cum Capital Withdrawal Option (IDCW),19.7301
2023-09-22,119798,SBI CREDIT RISK FUND - DIRECT PLAN -GROWTH,42.3968
2023-09-22,119799,SBI Liquid Fund - Direct Plan - Weekly Income Distribution cum Capital Withdrawal Option (IDCW),1243.1575
2023-09-22,119800,SBI Liquid Fund - DIRECT PLAN -Growth,3639.8693
2023-09-22,119804,SBI Liquid Fund - Direct Paln - Fortnightly Income Distribution cum Capital Withdrawal Option (IDCW),1188.6015
2023-09-22,119805,SBI Liquid Fund - Direct Plan - Daily Income Distribution cum Capital Withdrawal Option (IDCW),1144.0484
2023-09-22,119810,SBI Low Duration Fund - Direct Plan - Daily Income Distribution cum Capital Withdrawal Option (IDCW),1223.6487
2023-09-22,119811,SBI Low Duration Fund - Direct Plan - Fortnightly Income Distribution cum Capital Withdrawal Option (IDCW),1244.964
2023-09-22,119812,SBI LOW DURATION FUND - DIRECT PLAN - GROWTH,3174.1294
2023-09-22,119813,SBI Short Term Debt Fund - Direct Plan - Monthly Income Distribution cum Capital Withdrawal Option (IDCW),16.5109
2023-09-22,119815,SBI Short Term Debt Fund - Direct Plan Fortnightly Income Distribution cum Capital Withdrawal Option (IDCW),19.8951
2023-09-22,119816,SBI SHORT TERM DEBT FUND - DIRECT PLAN -GROWTH,29.5374
2023-09-22,119817,SBI Short Term Debt Fund - Direct Plan Weekly Income Distribution cum Capital Withdrawal Option (IDCW),12.9382
2023-09-22,119818,SBI Low Duration Fund - Direct Plan - Monthly Income Distribution cum Capital Withdrawal Option (IDCW),1410.4402
2023-09-22,119819,SBI Low Duration Fund - Direct Plan - Weekly Income Distribution cum Capital Withdrawal Option (IDCW),1225.383
2023-09-22,119820,SBI Savings Fund - Direct Plan - Income Distribution cum Capital Withdrawal Option (IDCW),15.4206
2023-09-22,119821,SBI  SAVINGS FUND - DIRECT PLAN - GROWTH,38.9048
2023-09-22,119822,SBI Savings Fund - Direct Plan Daily Income Distribution cum Capital Withdrawal Option (IDCW),12.1482
2023-09-22,119823,SBI Savings Fund - Direct Plan Weekly Income Distribution cum Capital Withdrawal Option (IDCW),13.9752
2023-09-22,119824,SBI MEDIUM DURATION FUND - DIRECT PLAN - GROWTH,47.7364
2023-09-22,119825,SBI Medium Duration Fund - Direct Plan - Income Distribution cum Capital Withdrawal Option (IDCW),18.5559
2023-09-22,119826,SBI Nifty Index Fund - Direct Plan - Income Distribution cum Capital Withdrawal Option (IDCW),92.0148
2023-09-22,119827,SBI NIFTY INDEX FUND - DIRECT PLAN - GROWTH,179.1434
2023-09-22,119828,SBI ULTRA SHORT DURATION FUND - DIRECT PLAN - GROWTH,5336.5491
2023-09-22,119829,SBI Ultra Short Duration Fund - Direct Plan - Weekly Income Distribution cum Capital Withdrawal Option (IDCW),1272.5903
2023-09-22,119831,SBI Overnight Fund - Direct Plan - Daily Income Distribution cum Capital Withdrawal Option (IDCW),1168.1219
2023-09-22,119832,SBI Overnight Fund - Direct Plan - Weekly Income Distribution cum Capital Withdrawal Option (IDCW),1192.8237
2023-09-22,119833,SBI OVERNIGHT FUND - DIRECT PLAN - GROWTH,3763.4392
2023-09-22,119834,SBI Focused Fund - Direct Plan - Income Distribution cum Capital Withdrawal Option (IDCW),70.6284
2023-09-22,119835,SBI CONTRA FUND - DIRECT PLAN - GROWTH,298.0564
2023-09-22,119836,SBI Conservative Hybrid Fund  - Direct Plan - Quarterly Income Distribution cum Capital Withdrawal Option (IDCW),20.1679
2023-09-22,119837,SBI Conservative Hybrid Fund - Direct Plan - Annual Income Distribution cum Capital Withdrawal Option (IDCW),26.3226
2023-09-22,119838,SBI Conservative Hybrid Fund - Direct Plan - Monthly Income Distribution cum Capital Withdrawal Option (IDCW),24.1625
2023-09-22,119839,SBI Conservative Hybrid Fund - Direct Plan - Growth,66.0072
2023-09-22,119840,SBI Multi Asset Allocation Fund - Direct Plan - Annual Income Distribution cum Capital Withdrawal Option (IDCW),27.8387
2023-09-22,119841,SBI Multi Asset Allocation Fund - Direct Plan - Monthly Income Distribution cum Capital Withdrawal Option (IDCW),21.9401
2023-09-22,119842,SBI Multi Asset Allocation Fund - Direct Plan - Quarterly Income Distribution cum Capital Withdrawal Option (IDCW),23.2083
2023-09-22,119843,SBI MULTI ASSET ALLOCATION FUND - DIRECT PLAN - GROWTH,48.86
2023-09-22,119861,Tata Liquid Fund- Direct Plan-Growth Option,3669.1456
2023-09-22,119862,Tata Liquid Fund- Direct Plan - Daily Reinvestment of IDCW Option,1001.5187
2023-09-22,119863,Tata Treasury Advantage Fund - Direct Plan - Growth Option,3535.3365
2023-09-22,119864,Tata Treasury Advantage Fund Direct Plan - Daily Reinvestment of IDCW Option,1003.5316
2023-09-22,119865,Tata Treasury Advantage Fund Direct Plan - Weekly Payout of IDCW Option,1008.4141
2023-09-22,119949,Tata Short Term Bond Fund - Direct Plan - Growth Option,45.8838
2023-09-22,119950,Tata Short Term Bond Fund Direct Plan - Monthly Payout of IDCW Option,20.8366
2023-09-22,119953,Tata Gilt Securities Fund- Direct Plan - Growth Option,75.0397
2023-09-22,119954,Tata Gilt Securities Fund - Direct Plan - Payout of IDCW Option,21.1274
2023-09-22,119957,Tata Treasury Advantage Fund Direct Plan - Periodic Payout of IDCW Option,2241.6147
2023-09-22,119958,Tata Equity Savings Fund-Direct Plan - Monthly Payout of IDCW Option,18.5831
2023-09-22,119959,Tata Equity Savings Fund-Direct Plan - Periodic Payout of IDCWS Option,24.6573
2023-09-22,119960,Tata Equity Savings Fund- Direct Plan- Growth Option,50.4603
2023-09-22,120029,HSBC Large Cap Fund - Direct IDCW,39.2626
2023-09-22,120030,HSBC Large Cap Fund - Direct Growth,393.0608
2023-09-22,120035,HSBC Brazil Fund - Growth Direct,7.5844
2023-09-22,120036,HSBC Brazil Fund - IDCW Direct Plan,7.5779
2023-09-22,120037,HSBC Liquid Fund - Direct Daily IDCW,1001.0033
2023-09-22,120038,HSBC Liquid Fund -  Growth Direct,2316.813
2023-09-22,120039,HSBC Liquid Fund - Direct Monthly IDCW,1043.3411
2023-09-22,120040,HSBC Liquid Fund - Direct Weekly IDCW,1195.8202
2023-09-22,120043,HSBC Global Emerging Market Fund - Growth Direct,17.5665
2023-09-22,120044,HSBC Global Emerging Markets Fund - IDCW Direct Plan,15.5952
2023-09-22,120045,HSBC Flexi Cap Fund - Direct IDCW,36.5766
2023-09-22,120046,HSBC Flexi Cap Fund - Direct Growth,167.821
2023-09-22,120059,HSBC Medium to Long Duration Fund - Direct Growth,40.4975
2023-09-22,120073,HSBC Conservative Hybrid Fund - Direct Growth,55.0177
2023-09-22,120074,HSBC Conservative Hybrid Fund - Direct Monthly IDCW,16.4117
2023-09-22,120075,HSBC Conservative Hybrid Fund - Direct Quarterly IDCW,14.3509
2023-09-22,120078,HSBC Tax Saver Equity Fund - IDCW Direct Plan,30.289
2023-09-22,120079,HSBC Tax Saver Equity Fund - Growth Direct,70.5362
2023-09-22,120084,PGIM India Dynamic Bond Fund - Direct Plan-Growth Option,2541.1551
2023-09-22,120086,PGIM India Dynamic Bond Fund - Direct Plan-Quarterly Dividend Option,1192.9672
2023-09-22,120101,HSBC Medium to Long Duration Fund - Direct Quarterly IDCW,10.6937
2023-09-22,120136,SBI Constant Maturity 10 Year Gilt Fund - Direct Plan - Income Distribution cum Capital Withdrawal Option (IDCW),18.409
2023-09-22,120137,SBI CONSTANT MATURITY 10 YEAR GILT FUND - DIRECT PLAN - GROWTH,56.5937
2023-09-22,120152,Kotak Large Cap  Fund - Growth - Direct,479.932
2023-09-22,120153,Kotak Large Cap Fund - Payout of Income Distribution cum capital withdrawal option - Direct,63.472
2023-09-22,120154,Kotak Debt Hybrid - Growth - Direct,54.4924
2023-09-22,120155,Kotak Debt Hybrid - Monthly Payout of Income Distribution cum capital withdrawal option - Direct,13.2781
2023-09-22,120157,Kotak Large & Midcap Fund - IDCW-Direct,48.48
2023-09-22,120158,Kotak Large & Midcap Fund - Direct- Growth,274.741
2023-09-22,120163,Kotak-Small Cap Fund - Payout of Income Distribution cum capital withdrawal option - Direct,99.462
2023-09-22,120164,Kotak-Small Cap Fund - Growth - Direct,226.447
2023-09-22,120165,Kotak Flexicap Fund - Payout of Income Distribution cum capital withdrawal option- Direct,41.739
2023-09-22,120166,Kotak Flexicap Fund - Growth - Direct,68.346
2023-09-22,120185,ICICI Prudential US Bluechip Equity Fund - Direct Plan -  IDCW,55.48
2023-09-22,120186,ICICI Prudential US Bluechip Equity Fund - Direct Plan -  Growth,55.48
2023-09-22,120188,ICICI Prudential Liquid Fund - Direct Plan - Daily IDCW,100.1082
2023-09-22,120190,ICICI Prudential Liquid Fund - Direct Plan - Weekly IDCW,100.2574
2023-09-22,120191,ICICI Prudential Liquid Fund - Direct Plan -  IDCW Others,159.6443
2023-09-22,120197,ICICI Prudential Liquid Fund - Direct Plan - Growth,344.211
2023-09-22,120209,ICICI Prudential Money Market Fund Option - Direct Plan -  Daily IDCW,100.1435
2023-09-22,120211,ICICI Prudential Money Market Fund Option - Direct Plan -  Growth,335.8798
2023-09-22,120212,ICICI Prudential Money Market Fund Option - Direct Plan -  Weekly IDCW,100.8294
2023-09-22,120216,ICICI Prudential Money Market Fund Option - Direct Plan -  IDCW Others,153.8982
2023-09-22,120242,ICICI Prudential Multi Sector Passive FOF - Direct Plan - Growth,123.8421
2023-09-22,120243,ICICI Prudential Multi Sector Passive FOF - Direct Plan -  IDCW,104.4696
2023-09-22,120244,ICICI Prudential Banking and Financial Services Fund - Direct Plan -  Growth,110.93
2023-09-22,120245,ICICI Prudential Banking and Financial Services Fund - Direct Plan -  IDCW,65.1
2023-09-22,120248,LIC MF Liquid Fund-Direct Plan-Daily IDCW,1015.0987
2023-09-22,120249,LIC MF Liquid Fund-Direct Plan-Growth,4223.1516
2023-09-22,120251,ICICI Prudential Equity & Debt Fund - Direct Plan - Growth,307.86
2023-09-22,120252,ICICI Prudential Equity & Debt Fund - Direct Plan - Monthly IDCW,52.27
2023-09-22,120256,ICICI Prudential Banking and PSU Debt Fund - Direct Plan -  Growth,29.6299
2023-09-22,120258,ICICI Prudential Banking and PSU Debt Fund - Direct Plan -  Quarterly IDCW,12.5973
2023-09-22,120259,LIC MF ULIS (5 Yrs. Single Premium)-Direct Plan-IDCW Reinvestment,32.5389
2023-09-22,120260,LIC MF Aggressive Hybrid Fund-Direct Plan-IDCW,16.4368
2023-09-22,120261,LIC MF Aggressive Hybrid Fund-Direct Plan-Growth,166.5968
2023-09-22,120263,LIC MF Flexi Cap Fund-Direct Plan-IDCW,28.1204
2023-09-22,120264,LIC MF Flexi Cap Fund-Direct Plan-Growth,83.5156
2023-09-22,120267,LIC MF Large Cap Fund-Direct Plan-Growth,47.9604
2023-09-22,120268,LIC MF Large Cap Fund-Direct Plan-IDCW,30.2072
2023-09-22,120269,LIC MF ELSS Tax Saver-Direct Plan-IDCW,28.5186
2023-09-22,120270,LIC MF ELSS Tax Saver-Direct Plan-Growth,126.9919
2023-09-22,120274,LIC MF Conservative Hybrid Fund-Direct Plan-Quarterly IDCW,15.6499
2023-09-22,120275,LIC MF Conservative Hybrid Fund-Direct Plan-Yearly IDCW,13.9303
2023-09-22,120276,LIC MF Conservative Hybrid Fund-Direct Plan-Growth,77.7858
2023-09-22,120277,LIC MF Conservative Hybrid Fund-Direct Plan-Monthly IDCW,12.1855
2023-09-22,120278,LIC MF Medium to Long Duration Fund-Direct Plan-IDCW,16.0961
2023-09-22,120279,LIC MF Medium to Long Duration Fund-Direct Plan-Growth,66.6192
2023-09-22,120282,LIC MF Gilt Fund-Direct Plan-Growth,57.0327
2023-09-22,120283,LIC MF Gilt Fund-Direct Plan-IDCW,16.4381
2023-09-22,120285,LIC MF Children's Fund-Direct Plan-Growth,29.2247
2023-09-22,120299,UTI MMF - Direct Plan - Growth Option,2728.8965
2023-09-22,120304,UTI-  Liquid Cash Plan - Direct Plan - Growth Option,3812.0984
2023-09-22,120307,LIC MF Nifty 50 Index Fund-Direct Plan-Growth,115.2312
2023-09-22,120308,LIC MF BSE Sensex Index Fund-Direct Plan-Growth,130.628
2023-09-22,120309,LIC MF Nifty 50 Index Fund-Direct Plan-IDCW,42.4613
2023-09-22,120312,LIC MF BSE Sensex Index Fund-Direct Plan-IDCW,43.7967
2023-09-22,120313,ICICI Prudential Income plus Arbitrage Omni FOF - Direct Plan - Growth,55.5142
2023-09-22,120314,ICICI Prudential Income plus Arbitrage Omni FOF - Direct Plan - IDCW,46.571
2023-09-22,120315,LIC MF Low Duration Fund-Direct Plan-Growth,37.4767
2023-09-22,120316,LIC MF Low Duration Fund-Direct Plan-Daily IDCW,10.05
2023-09-22,120317,LIC MF Low Duration Fund-Direct Plan-Monthly IDCW,19.5759
2023-09-22,120318,LIC MF Low Duration Fund-Direct Plan-Weekly IDCW,13.057
2023-09-22,120322,ICICI Prudential Value Fund (erstwhile Value Discovery Fund) - Direct Plan - IDCW,89.5
2023-09-22,120323,ICICI Prudential Value Fund (erstwhile Value Discovery Fund) - Direct Plan - Growth,355.84
2023-09-22,120332,Invesco India Balanced Advantage Fund - Direct Plan - IDCW (Payout / Reinvestment),21.34
2023-09-22,120333,Invesco India Balanced Advantage Fund - Direct Plan - Growth,48.31
2023-09-22,120334,ICICI Prudential Multi-Asset Fund - Direct Plan - Growth,594.7565
2023-09-22,120335,ICICI Prudential Multi-Asset Fund - Direct Plan - IDCW,43.625
2023-09-22,120336,LIC MF Banking & PSU Fund-Direct Plan-Weekly IDCW,10.053
2023-09-22,120337,LIC MF Banking & PSU Fund-Direct Plan-Daily IDCW,13.1392
2023-09-22,120338,LIC MF Banking & PSU Fund-Direct Plan-Growth,32.473
2023-09-22,120339,LIC MF Banking & PSU Fund-Direct Plan-Monthly IDCW,12.2298
2023-09-22,120348,Invesco India Contra Fund - Direct Plan - Growth,105.21
2023-09-22,120349,Invesco India Contra Fund - Direct Plan - IDCW (Payout / Reinvestment),49.05
2023-09-22,120350,LIC MF Infrastructure Fund-Direct Plan-IDCW,32.5052
2023-09-22,120351,LIC MF Infrastructure Fund-Direct Plan-Growth,33.0825
2023-09-22,120356,Invesco India Large & Mid Cap Fund - Direct Plan - IDCW (Payout / Reinvestment),35.17
2023-09-22,120357,Invesco India Large & Mid Cap Fund - Direct Plan - Growth,69.98
2023-09-22,120364,ICICI Prudential Arbitrage Fund - Direct Plan - Growth,32.1406
2023-09-22,120365,ICICI Prudential Arbitrage Fund - Direct Plan - IDCW,16.0986
2023-09-22,120376,ICICI Prudential Balanced Advantage Fund - Direct Plan -  IDCW,26.08
2023-09-22,120377,ICICI Prudential Balanced Advantage Fund - Direct Plan -  Growth,63.61
2023-09-22,120380,ICICI Prudential MidCap Fund - Direct Plan -  IDCW,46.53
2023-09-22,120381,ICICI Prudential MidCap Fund - Direct Plan -  Growth,211.9
2023-09-22,120384,Invesco India Financial Services Fund - Direct Plan - IDCW (Payout / Reinvestment),54.95
2023-09-22,120385,Invesco India Financial Services Fund - Direct Plan - Growth,106.7
2023-09-22,120388,Axis Liquid Fund - Direct Plan - Daily IDCW,1000.956
2023-09-22,120389,Axis Liquid Fund - Direct Plan - Growth Option,2584.1959
2023-09-22,120390,Axis Liquid Fund - Direct Plan - Weekly IDCW,1002.8575
2023-09-22,120391,Axis Liquid Fund - Direct Plan - Monthly IDCW,1005.929
2023-09-22,120392,Invesco India Largecap Fund - Direct Plan - Growth,58.1
2023-09-22,120393,Invesco India Largecap Fund - Direct Plan - IDCW (Payout / Reinvestment),30.65
2023-09-22,120394,Invesco India PSU Equity Fund - Direct Plan - IDCW (Payout / Reinvestment),33.16
2023-09-22,120395,Invesco India PSU Equity Fund - Direct Plan - Growth,45.32
2023-09-22,120396,ICICI Prudential Savings Fund - Direct Plan - Weekly IDCW,105.554
2023-09-22,120397,ICICI Prudential Savings Fund - Direct Plan - Daily IDCW,105.7358
2023-09-22,120398,ICICI Prudential Savings Fund - Direct Plan - Growth,481.1104
2023-09-22,120399,ICICI Prudential Savings Fund - Direct Plan - IDCW Others,169.4723
2023-09-22,120400,Invesco India Arbitrage Fund - Direct Plan - IDCW (Payout / Reinvestment),16.3341
2023-09-22,120401,Invesco India Arbitrage Fund - Direct Plan - Growth Option,30.0805
2023-09-22,120402,Invesco India Midcap Fund - Direct Plan - IDCW (Payout / Reinvestment),50.74
2023-09-22,120403,Invesco India Midcap Fund - Direct Plan - Growth Option,125.48
2023-09-22,120404,Invesco India Infrastructure Fund - Direct Plan - IDCW (Payout / Reinvestment),38.53
2023-09-22,120405,Invesco India Infrastructure Fund - Direct Plan - Growth Option,47.83
2023-09-22,120406,JM Liquid Fund (Direct) - Growth Option,63.583
2023-09-22,120407,JM Liquid Fund (Direct) - Weekly IDCW,11.0123
2023-09-22,120408,JM Liquid Fund (Direct) - Quarterly IDCW,36.0986
2023-09-22,120410,JM Liquid Fund (Direct) - Bonus Option - Bonus Option - Principal units,20.4479
2023-09-22,120411,JM Liquid Fund (Direct) - Daily IDCW,10.4302
2023-09-22,120412,Invesco India Multicap Fund - Direct Plan - IDCW (Payout / Reinvestment),96.98
2023-09-22,120413,Invesco India Multicap Fund - Direct Plan - Growth Option,107.14
2023-09-22,120416,Invesco India ELSS Tax Saver Fund - Direct Plan - Growth,104.39
2023-09-22,120417,Invesco India ELSS Tax Saver Fund - Direct Plan - IDCW Payout,29.26
2023-09-22,120423,ICICI Prudential Floating Interest Fund - Direct Plan - Daily IDCW,101.4701
2023-09-22,120424,ICICI Prudential Floating Interest Fund - Direct Plan - Weekly IDCW,102.0792
2023-09-22,120425,ICICI Prudential Floating Interest Fund - Direct Plan - Growth,401.6594
2023-09-22,120426,ICICI Prudential Floating Interest Fund - Direct Plan - IDCW Others,171.7231
2023-09-22,120428,JM Medium to Long Duration Fund (Direct) - Bonus Option - Principal Units,25.5884
2023-09-22,120430,JM Medium to Long Duration Fund (Direct) - Growth Option,59.5975
2023-09-22,120431,JM Medium to Long Duration Fund (Direct) - Quarterly IDCW,21.0591
2023-09-22,120432,JM Dynamic Bond Fund (Direct) - Daily IDCW,10.1062
2023-09-22,120433,JM Dynamic Bond Fund (Direct) - Weekly IDCW,10.5564
2023-09-22,120434,JM Dynamic Bond Fund (Direct) - IDCW,38.4053
2023-09-22,120435,JM Dynamic Bond Fund - (Direct) - Growth Option,38.2001
2023-09-22,120436,Axis Banking & PSU Debt Fund - Direct Plan - Weekly IDCW,1039.0812
2023-09-22,120437,Axis Banking & PSU Debt Fund - Direct Plan - Daily IDCW,1039.131
2023-09-22,120438,Axis Banking & PSU Debt Fund - Direct Plan - Growth Option,2366.297
2023-09-22,120439,Axis Banking & PSU Debt Fund - Direct Plan - Monthly IDCW,1037.8211
2023-09-22,120443,Invesco India Banking and PSU Fund - Direct Plan - Daily IDCW (Reinvestment),1032.2094
2023-09-22,120444,Invesco India Banking and PSU Fund - Direct Plan -  Growth Option,2098.4005
2023-09-22,120445,Invesco India Banking and PSU Fund - Direct Plan - Monthly IDCW (Payout / Reinvestment),1014.3008
2023-09-22,120447,Axis Gilt Fund - Direct Plan - Growth Option,23.1653
2023-09-22,120448,Axis Gilt Fund - Direct Plan - Half Yearly IDCW,10.7892
2023-09-22,120449,Axis Gilt Fund - Direct Plan - Regular IDCW,10.0738
2023-09-22,120450,Axis Dynamic Bond Fund - Direct Plan - Half Yearly IDCW,11.7505
2023-09-22,120451,Axis Dynamic Bond Fund - Direct Plan - Growth Option,28.0798
2023-09-22,120452,Axis Dynamic Bond Fund - Direct Plan - Quarterly IDCW,10.4082
2023-09-22,120465,Axis Large Cap Fund - Direct Plan - Growth,52.58
2023-09-22,120466,Axis Large Cap Fund - Direct Plan - IDCW,22.55
2023-09-22,120467,Axis Focused Fund - Direct Plan - IDCW,31.67
2023-09-22,120468,Axis Focused Fund - Direct Plan - Growth Option,47.84
2023-09-22,120472,Axis Gold Fund - Direct Plan - IDCW,19.3553
2023-09-22,120473,Axis Gold Fund - Direct Plan - Growth option,19.3371
2023-09-22,120474,Axis Strategic Bond Fund - Direct Plan - Half Yearly IDCW,11.7059
2023-09-22,120475,Axis Strategic Bond Fund - Direct Plan - Growth Option,26.2505
2023-09-22,120476,Axis Strategic Bond Fund - Direct Plan - Quarterly IDCW,10.4441
2023-09-22,120477,Axis Conservative Hybrid Fund - Direct Plan - Annual IDCW,14.8522
2023-09-22,120478,Axis Conservative Hybrid Fund - Direct Plan - Half Yearly,12.9323
2023-09-22,120479,Axis Conservative Hybrid Fund - Direct Plan - Quarterly,13.4104
2023-09-22,120480,Axis Conservative Hybrid Fund - Direct Plan - Growth Option,29.6391
2023-09-22,120481,JM Arbitrage Fund (Direct)- IDCW,14.4044
2023-09-22,120482,JM Arbitrage Fund (Direct) - Growth Option,30.5675
2023-09-22,120483,JM Aggressive Hybrid Fund (Direct) - IDCW,52.8672
2023-09-22,120484,JM Aggressive Hybrid Fund (Direct) - Growth Option,95.8929
2023-09-22,120485,JM Value Fund (Direct) - IDCW,52.1156
2023-09-22,120486,JM Value Fund (Direct) - Growth Option,76.4884
2023-09-22,120487,JM Focused Fund (Direct) -  IDCW,16.3889
2023-09-22,120488,JM Focused Fund (Direct)  - Growth Option,16.7228
2023-09-22,120489,JM Large Cap Fund (Direct) - IDCW,52.0109
2023-09-22,120490,JM Large Cap Fund (Direct) - Growth Option,129.5433
2023-09-22,120491,JM Flexicap Fund (Direct) - IDCW,68.2605
2023-09-22,120492,JM Flexicap Fund (Direct) - Growth Option,75.0981
2023-09-22,120493,JM ELSS Tax Saver Fund (Direct) - IDCW,37.2035
2023-09-22,120494,JM ELSS Tax Saver Fund (Direct) - Growth Option,38.144
2023-09-22,120496,Invesco India Corporate Bond Fund - Direct Plan - Monthly IDCW (Payout / Reinvestment),1260.2356
2023-09-22,120497,Invesco India Corporate Bond Fund - Direct Plan - Growth,2941.6117
2023-09-22,120499,Invesco India Corporate Bond Fund - Direct Plan - Discretionary IDCW (Payout / Reinvestment),2942.5426
2023-09-22,120500,Invesco India Corporate Bond Fund - Direct Plan - Annual IDCW (Payout / Reinvestment),1264.1749
2023-09-22,120501,Invesco India Corporate Bond Fund - Direct Plan - Quarterly IDCW (Payout / Reinvestment),1192.3446
2023-09-22,120502,Axis ELSS Tax Saver Fund - Direct Plan - IDCW,48.0515
2023-09-22,120503,Axis ELSS Tax Saver Fund - Direct Plan - Growth Option,80.1359
2023-09-22,120504,Axis Midcap Fund - Direct Plan - IDCW,44.69
2023-09-22,120505,Axis Midcap Fund - Direct Plan - Growth,89.15
2023-09-22,120506,Invesco India Money Market Fund - Direct Plan - Daily IDCW (Reinvestment),1006.6134
2023-09-22,120507,Invesco India Money Market Fund - Direct Plan - Growth,2763.1683
2023-09-22,120508,Invesco India Money Market Fund - Direct Plan - Discretionary IDCW (Payout / Reinvestment),2475.3032
2023-09-22,120509,Invesco India Money Market Fund - Direct Plan - Monthly IDCW (Payout / Reinvestment),1063.4679
2023-09-22,120510,Axis Short Duration Fund - Direct Plan - Growth Option,29.0351
2023-09-22,120511,Axis Short Duration Fund - Direct Plan - Monthly IDCW,10.0662
2023-09-22,120512,Axis Short Duration Fund - Direct Plan - Weekly IDCW,10.2513
2023-09-22,120513,Axis Treasury Advantage Fund - Direct Plan - Growth Option,2828.5541
2023-09-22,120514,Axis Treasury Advantage Fund - Direct Plan - Weekly IDCW,1012.328
2023-09-22,120515,Axis Treasury Advantage Fund - Direct Plan - Daily IDCW,1012.4737
2023-09-22,120516,Axis Treasury Advantage Fund - Direct Plan - Monthly IDCW,1015.0153
2023-09-22,120517,Aditya Birla Sun Life Equity Hybrid'95 Fund - Direct Plan-Growth,1293.53
2023-09-22,120518,Aditya Birla Sun Life Equity Hybrid'95 Fund -DIRECT - IDCW,262.58
2023-09-22,120519,Invesco India Gilt Fund - Direct Plan - Annual IDCW (Payout / Reinvestment),1399.8537
2023-09-22,120520,Invesco India Gilt Fund - Direct  Plan - Growth,2665.8031
2023-09-22,120521,Invesco India Gilt Fund - Direct Plan - Monthly IDCW (Reinvestment),2080.3029
2023-09-22,120522,Invesco India Gilt Fund - Direct Plan - Quarterly IDCW (Payout / Reinvestment),1021.8405
2023-09-22,120523,Axis Multi Asset Allocation Fund - Direct Plan - Monthly IDCW,22.6702
2023-09-22,120524,Axis Multi Asset Allocation Fund - Direct Plan - Growth Option,35.4205
2023-09-22,120530,Invesco India Gold ETF Fund of Fund - Direct Plan - IDCW (Payout / Reinvestment),17.7864
2023-09-22,120531,Invesco India Gold ETF Fund of Fund - Direct Plan - Growth,17.8136
2023-09-22,120534,Invesco India Liquid Fund - Direct Plan- Daily IDCW (Reinvestment),1000.9596
2023-09-22,120535,Invesco India Liquid Fund - Direct Plan - Weekly IDCW (Reinvestment),1097.7125
2023-09-22,120536,Invesco India Liquid Fund - Direct Plan - Monthly IDCW (Payout / Reinvestment),1086.7643
2023-09-22,120537,Invesco India Liquid Fund - Direct Plan - Growth,3192.5195
2023-09-22,120538,Aditya Birla Sun Life Digital India Fund -DIRECT - IDCW,53.35
2023-09-22,120539,Aditya Birla Sun Life Digital India Fund - Growth - Direct Plan,155.44
2023-09-22,120541,Invesco India Ultra Short Duration Fund - Direct Plan - Growth,2521.7932
2023-09-22,120542,Invesco India Ultra Short Duration Fund - Direct Plan - Monthly IDCW (Payout / Reinvestment),1708.7652
2023-09-22,120543,Invesco India Ultra Short Duration Fund - Direct Plan - Annual IDCW (Payout / Reinvestment),1795.6408
2023-09-22,120544,Invesco India Ultra Short Duration Fund - Direct Plan - Quarterly IDCW (Payout / Reinvestment),1027.0139
2023-09-22,120545,Aditya Birla Sun Life Gold Fund-DIRECT - IDCW,18.3493
2023-09-22,120546,Aditya Birla Sun Life Gold Fund - Growth - Direct Plan,18.3467
2023-09-22,120550,Aditya Birla Sun Life Regular Savings Fund - DIRECT - MONTHLY IDCW,25.199
2023-09-22,120558,UTI Liquid Fund - Direct Plan - Daily IDCW (Reinvestment),1062.4058
2023-09-22,120559,Invesco India Short Duration Fund - Direct Plan - Daily IDCW (Reinvestment),1023.3617
2023-09-22,120560,Invesco India Short Duration Fund - Direct Plan - Growth,3405.2626
2023-09-22,120561,Invesco India Short Duration Fund - Direct Plan - Monthly IDCW (Payout / Reinvestment),2240.8058
2023-09-22,120562,Invesco India Short Duration Fund - Direct Plan -Weekly IDCW (Reinvestment),1019.8329
2023-09-22,120563,Invesco India Short Duration Fund - Direct Plan -Discretionary IDCW (Payout / Reinvestment),2402.4508
2023-09-22,120564,Aditya Birla Sun Life Flexi Cap Fund - Growth - Direct Plan,1428.44
2023-09-22,120565,Aditya Birla Sun Life Flexi Cap Fund -DIRECT - IDCW,190.96
2023-09-22,120566,Invesco India Low Duration Fund - Direct Plan -Daily IDCW (Reinvestment),1018.9655
2023-09-22,120567,Invesco India Low Duration Fund - Direct Plan - Discretionary IDCW (Payout / Reinvestment),3452.9634
2023-09-22,120568,Invesco India Low Duration Fund - Direct Plan - Weekly IDCW (Payout / Reinvestment),1206.6941
2023-09-22,120570,Invesco India Low Duration Fund - Direct Plan - Growth,3451.4097
2023-09-22,120571,Invesco India Low Duration Fund - Direct Plan - Monthly IDCW (Payout / Reinvestment),1080.5978
2023-09-22,120575,SBI CONSUMPTION OPPORTUNITIES FUND - DIRECT PLAN - GROWTH,270.3145
2023-09-22,120576,SBI CONSUMPTION OPPORTUNITIES FUND - REGULAR - GROWTH,241.6028
2023-09-22,120577,SBI TECHNOLOGY OPPORTUNITIES FUND - REGULAR PLAN - GROWTH,161.1602
2023-09-22,120578,SBI TECHNOLOGY OPPORTUNITIES FUND - DIRECT PLAN - GROWTH,180.0445
2023-09-22,120579,ICICI Prudential Children's Fund - Direct Plan,248.96
2023-09-22,120585,ICICI Prudential Large Cap Fund (erstwhile Bluechip Fund)  - Direct Plan - IDCW,49.52
2023-09-22,120586,ICICI Prudential Large Cap Fund (erstwhile Bluechip Fund) - Direct Plan - Growth,85.87
2023-09-22,120587,ICICI Prudential FMCG Fund - Direct Plan -  Growth,481.38
2023-09-22,120588,ICICI Prudential FMCG Fund - Direct Plan -  IDCW,165.1
2023-09-22,120589,ICICI Prudential Gilt Fund - Direct Plan - IDCW,17.9647
2023-09-22,120590,ICICI Prudential Gilt Fund - Direct Plan - Growth,95.2334
2023-09-22,120591,ICICI Prudential Smallcap Fund - Direct Plan - Growth,73.57
2023-09-22,120592,ICICI Prudential ELSS Tax Saver Fund - Direct Plan - Growth,747.85
2023-09-22,120593,ICICI Prudential ELSS Tax Saver Fund - Direct Plan - IDCW,38.09
2023-09-22,120594,ICICI Prudential Technology Fund - Direct Plan -  Growth,170.26
2023-09-22,120595,ICICI Prudential Technology Fund - Direct Plan -  IDCW,113.7
2023-09-22,120596,ICICI Prudential Large & Mid Cap Fund - Direct Plan - Growth,747.84
2023-09-22,120597,ICICI Prudential Large & Mid Cap Fund - Direct Plan - IDCW,40.92
2023-09-22,120598,ICICI Prudential Multicap Fund - Direct Plan -  IDCW,47.36
2023-09-22,120599,ICICI Prudential Multicap Fund - Direct Plan -  Growth,611.56
2023-09-22,120600,ICICI Prudential All Seasons Bond Fund - Direct Plan - IDCW,22.1721
2023-09-22,120601,ICICI Prudential All Seasons Bond Fund - Direct Plan - Annual IDCW,10.8808
2023-09-22,120602,ICICI Prudential All Seasons Bond Fund - Direct Plan - Quarterly IDCW,11.8844
2023-09-22,120603,ICICI Prudential All Seasons Bond Fund - Direct Plan - Growth,34.1671
2023-09-22,120604,ICICI Prudential All Seasons Bond Fund - Direct Plan - Weekly IDCW,10.5685
2023-09-22,120613,ICICI Prudential Regular Savings Fund - Direct Plan - Half Yearly IDCW,16.0396
2023-09-22,120614,ICICI Prudential Regular Savings Fund - Direct Plan - Quarterly IDCW,13.9903
2023-09-22,120615,ICICI Prudential Regular Savings Fund - Direct Plan - Monthly IDCW,16.2772
2023-09-22,120616,ICICI Prudential Regular Savings Fund - Direct Plan - Growth,67.7916
2023-09-22,120617,ICICI Prudential Bond Fund - Direct Plan - IDCW Monthly,11.5595
2023-09-22,120618,ICICI Prudential Bond Fund - Direct Plan - IDCW Quarterly,11.6656
2023-09-22,120619,ICICI Prudential Bond Fund - Direct Plan - Growth,36.5264
2023-09-22,120620,ICICI Prudential Nifty 50 Index Fund - Direct Plan Cumulative Option,202.6841
2023-09-22,120621,ICICI Prudential Infrastructure Fund - Direct Plan -  Growth,132.94
2023-09-22,120622,ICICI Prudential Infrastructure Fund - Direct Plan -  IDCW,34.14
2023-09-22,120656,UTI Large Cap Fund - Direct Plan - Growth Option,231.7232
2023-09-22,120657,UTI Large Cap Fund - Direct Plan - IDCW,52.684
2023-09-22,120662,UTI - Flexi Cap Fund-Growth Option - Direct,272.1784
2023-09-22,120663,UTI Flexi Cap Fund - Direct Plan - IDCW,181.1303
2023-09-22,120664,UTI Large & Mid Cap Fund - Direct Plan - IDCW,63.5572
2023-09-22,120665,UTI Large & Mid Cap Fund - Direct Plan - Growth Option,129.3368
2023-09-22,120670,ICICI Prudential Medium Term Bond Fund - Direct Plan - Growth,42.2212
2023-09-22,120671,ICICI Prudential Medium Term Bond Fund - Direct Plan - Quarterly IDCW,11.257
2023-09-22,120673,UTI Aggressive Hybrid Fund - Direct Plan - IDCW,40.3672
2023-09-22,120674,UTI Aggressive Hybrid Fund -Direct Plan - Growth,320.0236
2023-09-22,120675,ICICI Prudential Ultra Short Term Fund - Direct Plan -  Quarterly IDCW,11.0067
2023-09-22,120676,ICICI Prudential Ultra Short Term Fund - Direct Plan -  Growth,26.1955
2023-09-22,120677,ICICI Prudential Ultra Short Term Fund - Direct Plan -  Monthly IDCW,10.8223
2023-09-22,120679,ICICI Prudential Dynamic Asset Allocation Active FOF - Direct Plan - Growth,101.3528
2023-09-22,120680,ICICI Prudential Dynamic Asset Allocation Active FOF - Direct Plan - IDCW,85.5508
2023-09-22,120681,UTI MNC Fund - Direct Plan - IDCW,177.3728
2023-09-22,120682,UTI - MNC Fund - Growth Option - Direct,341.9347
2023-09-22,120683,ICICI Prudential Nifty Next 50 Index Fund - Direct Plan -  IDCW,41.6462
2023-09-22,120684,ICICI Prudential Nifty Next 50 Index Fund - Direct Plan -  Growth,41.6617
2023-09-22,120685,ICICI Prudential Gold ETF FOF - Direct Plan - Growth,19.4178
2023-09-22,120686,ICICI Prudential Gold ETF FOF - Direct Plan - IDCW,19.4195
2023-09-22,120687,ICICI Prudential Exports & Services Fund - Direct Plan - IDCW,56.81
2023-09-22,120688,ICICI Prudential Exports & Services Fund - Direct Plan - Growth,122.48
2023-09-22,120689,UTI Medium to Long Duration Fund-Growth - Direct,69.3321
2023-09-22,120690,UTI Medium to Long Duration Fund - Direct Plan - Quarterly IDCW,21.8801
2023-09-22,120692,ICICI Prudential Corporate Bond Fund - Direct Plan - Growth,27.1013
2023-09-22,120694,ICICI Prudential Corporate Bond Fund - Direct Plan - Quarterly IDCW,14.9843
2023-09-22,120697,ICICI Prudential Corporate Bond Fund - Direct Plan - Monthly IDCW,10.2688
2023-09-22,120700,ICICI Prudential Aggressive Hybrid Active FOF - Direct Plan - Growth,164.8586
2023-09-22,120702,ICICI Prudential Diversified Debt Strategy Active FOF  - Direct Plan - Growth,40.4876
2023-09-22,120703,ICICI Prudential Diversified Debt Strategy Active FOF - Direct Plan -  IDCW,37.2991
2023-09-22,120705,Aditya Birla Sun Life Regular Savings Fund - Growth / Payment - Direct Plan,61.5289
2023-09-22,120709,ICICI Prudential Credit Risk Fund - Direct Plan - Quarterly IDCW,11.523
2023-09-22,120711,ICICI Prudential Credit Risk Fund - Direct Plan - Growth,29.8331
2023-09-22,120714,UTI ELSS Tax Saver Fund - Direct Plan - IDCW,41.2154
2023-09-22,120715,UTI ELSS Tax Saver Fund - Direct Plan - Growth Option,174.8909
2023-09-22,120716,UTI Nifty 50 Index Fund - Growth Option- Direct,134.6473
2023-09-22,120717,UTI Nifty 50 Index Fund - Direct Plan - IDCW,67.8373
2023-09-22,120718,UTI Short Duration Fund - Direct Plan - Growth Option,29.1853
2023-09-22,120719,UTI Short Duration Fund - Direct Plan - Quarterly IDCW,16.5022
2023-09-22,120722,ICICI Prudential Focused Equity Fund - Direct Plan - Growth,67.41
2023-09-22,120723,ICICI Prudential Focused Equity Fund - Direct Plan - IDCW,42.41
2023-09-22,120724,UTI Children's Equity Fund - Direct Plan - Growth Option,71.5838
2023-09-22,120725,UTI Children's Equity Fund - Direct Plan - IDCW,71.7075
2023-09-22,120726,UTI Mid Cap Fund-Growth Option- Direct,247.5789
2023-09-22,120727,UTI Mid Cap Fund - Direct Plan - IDCW,121.8343
2023-09-22,120728,UTI Infrastructure Fund-Growth Option- Direct,103.7798
2023-09-22,120729,UTI Infrastructure Fund - Direct Plan - IDCW,54.3083
2023-09-22,120730,UTI Transportation and Logistics Fund - Direct Plan - IDCW,94.956
2023-09-22,120731,UTI-Transportation and Logistics  Fund-Growth Option- Direct,205.3112
2023-09-22,120732,UTI Banking and Financial Services Fund - Direct Plan - IDCW,60.3766
2023-09-22,120733,UTI Banking and Financial Services Fund - Direct Plan - Growth Option,154.265
2023-09-22,120734,UTI Low Duration Fund - Direct Plan - Quarterly IDCW,1690.7859
2023-09-22,120735,UTI Low Duration Fund - Direct Plan - Growth Option,3153.4528
2023-09-22,120736,UTI Low Duration Fund - Direct Plan - Monthly IDCW,1231.1972
2023-09-22,120737,UTI Low Duration Fund - Direct Plan - Daily IDCW (Reinvestment),1203.9727
2023-09-22,120739,UTI Low Duration Fund - Direct Plan - Weekly IDCW,1021.7893
2023-09-22,120743,ICICI Prudential Long Term Bond Fund - Direct Plan - Growth,83.5253
2023-09-22,120744,UTI Ultra Short Duration Fund - Direct Plan - Daily IDCW (Reinvestment),1324.8194
2023-09-22,120745,UTI Ultra Short Duration Fund - Direct Plan - Weekly IDCW (Reinvestment),1083.3281
2023-09-22,120746,UTI Ultra Short Duration Fund - Direct Plan - Growth Option,3982.2235
2023-09-22,120747,ICICI Prudential Long Term Bond Fund - Direct Plan - Quarterly IDCW,12.5038
2023-09-22,120749,UTI-Dividend Yield Fund.-Growth-Direct,131.5422
2023-09-22,120750,UTI Dividend Yield Fund - Direct Plan - IDCW,29.366
2023-09-22,120751,UTI Value Fund - Direct Plan - Growth Option,126.9418
2023-09-22,120752,UTI Value Fund - Direct Plan - IDCW,41.4003
2023-09-22,120754,ICICI Prudential Short Term Fund - Direct Plan - Growth Option,56.5992
2023-09-22,120755,ICICI Prudential Short Term Fund - Direct Plan - Monthly IDCW,12.7336
2023-09-22,120760,UTI Multi Asset Allocation Fund - Direct Plan - Growth Option,57.0354
2023-09-22,120761,UTI Multi Asset Allocation Fund - Direct Plan - IDCW,24.6475
2023-09-22,120762,UTI Dynamic Bond Fund - Direct Plan - Growth Option,28.871
2023-09-22,120763,UTI Dynamic Bond Fund - Direct Plan - Quarterly IDCW,22.2174
2023-09-22,120764,UTI Credit Risk Fund - Direct Plan - Growth Option,16.7009
2023-09-22,120765,UTI Credit Risk Fund - Direct Plan - Quarterly IDCW,11.785
2023-09-22,120766,UTI Retirement Fund- Direct Plan,42.3128
2023-09-22,120771,UTI Children's Hybrid Fund - Direct Plan,34.0335
2023-09-22,120772,UTI Money Market Fund - Direct Plan - Daily IDCW (Reinvestment),1030.9507
2023-09-22,120777,UTI Liquid Fund - Direct Plan - Weekly IDCW,1183.7769
2023-09-22,120778,UTI Conservative Hybrid Fund - Direct Plan - Monthly IDCW,17.6988
2023-09-22,120779,UTI Conservative Hybrid Fund - Direct Plan - Growth Option,61.2946
2023-09-22,120780,UTI India Consumer Fund - Direct Plan - Growth Option,46.0602
2023-09-22,120781,UTI India Consumer Fund - Direct Plan - IDCW,40.4356
2023-09-22,120782,UTI Healthcare Fund - Direct Plan - Growth Option,200.4847
2023-09-22,120783,UTI Healthcare Fund - Direct Plan - IDCW,154.9614
2023-09-22,120784,UTI - Unit Linked Insurance Plan- Direct,37.1183
2023-09-22,120785,UTI - Overnight Fund - Direct Plan - Growth Option,3165.0897
2023-09-22,120786,UTI Overnight Fund - Direct Plan - Periodic IDCW,1661.0798
2023-09-22,120789,UTI Conservative Hybrid Fund - Direct Plan - Flexi IDCW,43.2898
2023-09-22,120790,UTI Conservative Hybrid Fund - Direct Plan - Monthly Payment Option,60.2957
2023-09-22,120791,UTI Gilt Fund - Direct Plan - IDCW,27.2118
2023-09-22,120792,UTI - GILT FUND - Direct Plan - Growth Option,56.3502
2023-09-22,120793,UTI Money Market Fund - Direct Plan - Weekly IDCW,1071.8325
2023-09-22,120794,UTI Liquid Fund - Direct Plan - Monthly IDCW,1048.1451
2023-09-22,120795,UTI Arbitrage Fund - Direct Plan - Growth Option,32.5576
2023-09-22,120796,UTI Arbitrage Fund - Direct Plan - IDCW,19.0448
2023-09-22,120818,quant Aggressive Hybrid Fund-IDCW Option-Direct Plan,47.7816
2023-09-22,120819,quant Aggressive Hybrid Fund-Growth Option-Direct Plan,344.9558
2023-09-22,120820,quant Multi Asset Allocation Fund - IDCW Option - Direct Plan,90.3248
2023-09-22,120821,quant Multi Asset Allocation Fund-GROWTH OPTION-Direct Plan,97.998
2023-09-22,120822,quant Multi Cap Fund-IDCW Option - Direct Plan,62.4791
2023-09-22,120823,quant Multi Cap Fund-GROWTH OPTION-Direct Plan,539.4939
2023-09-22,120824,quant Large & Mid Cap Fund - Bonus Option-Direct Plan,83.3337
2023-09-22,120825,quant Large & Mid Cap Fund - IDCW Option - Direct Plan,41.4668
2023-09-22,120826,quant Large & Mid Cap Fund - Growth Option-Direct Plan,89.0339
2023-09-22,120827,quant Small Cap Fund - IDCW Option - Direct Plan,150.6509
2023-09-22,120828,quant Small Cap Fund - Growth Option - Direct Plan,192.7206
2023-09-22,120832,quant Infrastructure Fund - IDCW Option - Direct Plan,27.64
2023-09-22,120833,quant Infrastructure Fund - Growth Option-Direct Plan,27.659
2023-09-22,120834,quant Focused Fund - Growth Option-Direct Plan,69.6879
2023-09-22,120835,quant Focused Fund - IDCW Option - Direct Plan,40.7419
2023-09-22,120836,quant Liquid Fund-Daily IDCW Option - Direct Plan,13.2302
2023-09-22,120837,quant Liquid Fund - Growth Option - Direct Plan,37.4296
2023-09-22,120838,quant Liquid Fund - Monthly IDCW Option - Direct Plan,15.6289
2023-09-22,120839,quant Liquid Fund - Weekly IDCW Option - Direct Plan,14.1691
2023-09-22,120840,quant Mid Cap Fund - IDCW Option - Direct Plan,62.6649
2023-09-22,120841,quant Mid Cap Fund - Growth Option - Direct Plan,178.4228
2023-09-22,120842,quant Flexi Cap Fund - IDCW Option - Direct Plan,52.6716
2023-09-22,120843,quant Flexi Cap Fund - Growth Option-Direct Plan,77.4283
2023-09-22,120846,quant ELSS Tax Saver Fund - IDCW Option - Direct Plan,40.1134
2023-09-22,120847,quant ELSS Tax Saver Fund - Growth Option - Direct Plan,300.9192
2023-09-22,120870,ICICI Prudential Smallcap Fund - Direct Plan - IDCW,58.48
2023-09-22,121109,SBI BSE SENSEX ETF,712.7194
2023-09-22,121146,Nippon India ETF Nifty 100,204.7021
2023-09-22,121181,UTI Quarterly Interval Fund - II - Direct Plan - IDCW,10.4522
2023-09-22,121182,UTI Quarterly Interval Fund - II - Direct Plan - Growth Option,27.8494
2023-09-22,121279,Bandhan Banking and PSU Fund - Direct Growth,22.0771
2023-09-22,121280,Bandhan Banking and PSU Fund - Regular Growth,21.5666
2023-09-22,121281,Bandhan Banking and PSU Fund - Direct IDCW,11.6136
2023-09-22,121282,Bandhan Banking and PSU Fund - Regular IDCW,11.6459
2023-09-22,121366,ICICI Prudential Nifty 50 ETF,215.7722
2023-09-22,121721,UTI Quarterly Interval Fund - III -Direct Plan - IDCW,10.4629
2023-09-22,121722,UTI Quarterly Interval Fund - III -Direct Plan - Growth Option,28.189
2023-09-22,121891,UTI Ultra Short Duration Fund - Regular Plan - Flexi IDCW,1447.681
2023-09-22,121892,UTI Ultra Short Duration Fund - Direct Plan - Flexi IDCW,1932.0768
2023-09-22,121931,Bandhan Banking and PSU Fund - Regular Fortnightly IDCW,10.6326
2023-09-22,121932,Bandhan Banking and PSU Fund - Regular Monthly IDCW,10.7078
2023-09-22,121933,Bandhan Banking and PSU Fund - Regular Annual IDCW,11.344
2023-09-22,121934,Bandhan Banking and PSU Fund - Direct Fortnightly IDCW,10.4776
2023-09-22,121935,Bandhan Banking and PSU Fund - Direct Monthly IDCW,10.4648
2023-09-22,121936,Bandhan Banking and PSU Fund - Direct Annual IDCW,12.3305
2023-09-22,121937,Bandhan Banking and PSU Fund - Regular Quarterly IDCW,10.7485
2023-09-22,121938,Bandhan Banking and PSU Fund - Direct Quarterly IDCW,10.8448
2023-09-22,121940,SBI Medium to Long Duration Fund - Direct Plan - Quarterly Income Distribution cum Capital Withdrawal Option (IDCW),19.1071
2023-09-22,121944,SBI Medium to Long Duration Fund - Regular Plan - Quarterly Income Distribution cum Capital Withdrawal Option (IDCW),17.3784
2023-09-22,122152,UTI Quarterly Interval Fund - I - Direct Plan - IDCW,10.479
2023-09-22,122165,UTI Quarterly Interval Fund - I -Direct Plan - Growth Option,30.8912
2023-09-22,122168,ICICI Prudential Balanced Advantage Fund - Monthly IDCW,18.65
2023-09-22,122236,ICICI Prudential Balanced Advantage Fund - Direct Plan - Monthly IDCW,21.76
2023-09-22,122315,JM Dynamic Bond Fund - (Direct) - Bonus Option-Principal Units,38.0603
2023-09-22,122323,JM Dynamic Bond Fund (Regular) - Bonus Option - Principal Units,36.0899
2023-09-22,122387,Motilal Oswal Focused Fund - Regular Plan Growth Option,36.3361
2023-09-22,122388,Motilal Oswal Focused Fund Regular - IDCW Payout/Reinvestment,18.5366
2023-09-22,122389,Motilal Oswal Focused Fund - Direct Plan Growth Option,41.6021
2023-09-22,122390,Motilal Oswal Focused Fund Direct - IDCW Payout/Reinvestment,21.1375
2023-09-22,122443,Franklin India Money Market Fund Retail Option - Daily - IDCW,10.0455
2023-09-22,122444,Franklin India Money Market Fund Retail Option - Direct - Daily - IDCW,10.0569
2023-09-22,122531,ICICI Prudential Savings Fund - Monthly IDCW,102.1445
2023-09-22,122612,360 ONE Dynamic Bond Fund - Regular Plan - Growth Option,19.3008
2023-09-22,122618,BANDHAN Dynamic Bond Fund-Direct Plan-Half Yearly IDCW,11.0368
2023-09-22,122639,Parag Parikh Flexi Cap Fund - Direct Plan - Growth,62.5902
2023-09-22,122640,Parag Parikh Flexi Cap Fund - Regular Plan - Growth,58.1763
2023-09-22,122643,Aditya Birla Sun Life Floating Rate Fund-Regular - DAILY IDCW,100.4858
2023-09-22,122644,Aditya Birla Sun Life Floating Rate Fund-Regular Plan-Growth,304.0303
2023-09-22,122645,Aditya Birla Sun Life Floating Rate Fund-Direct - daily IDCW,100.4858
2023-09-22,122646,Aditya Birla Sun Life Floating Rate Fund-Direct Plan-Growth,311.2586
2023-09-22,122647,Aditya Birla Sun Life Floating Rate Fund-REGULAR - WEEKLY IDCW,100.4941
2023-09-22,122648,Aditya Birla Sun Life Floating Rate Fund-Direct - weekly IDCW,100.5035
2023-09-22,122649,Aditya Birla Sun Life Floating Rate Fund-RETAIL - WEEKLY IDCW,100.5677
2023-09-22,122650,Aditya Birla Sun Life Floating Rate Fund-Retail Plan-Growth,439.7403
2023-09-22,122651,ICICI Prudential Savings Fund - Direct Plan - Monthly IDCW,102.15
2023-09-22,122711,360 ONE Dynamic Bond Fund Regular Plan Bonus,19.3007
2023-09-22,122712,360 ONE Dynamic Bond Fund Regular Plan Quarterly Dividend,18.6252
2023-09-22,122715,360 ONE Dynamic Bond Fund Direct Plan Growth,20.2721
2023-09-22,122717,360 ONE Dynamic Bond Fund Direct Plan Quarterly Dividend,18.7073
2023-09-22,122719,360 ONE Dynamic Bond Fund Regular Plan Monthly Dividend,12.0319
2023-09-22,122720,360 ONE Dynamic Bond Fund Regular Plan Half Yearly Dividend,18.6252
2023-09-22,122721,360 ONE Dynamic Bond Fund Direct Plan Monthly Dividend,12.8404
2023-09-22,122748,ICICI Prudential Savings Fund - Fortnightly IDCW,101.7657
2023-09-22,122765,NIPPON INDIA AGGRESSIVE HYBRID FUND - QUARTERLY IDCW Option,19.5493
2023-09-22,122766,NIPPON INDIA AGGRESSIVE HYBRID FUND - DIRECT Plan - QUARTERLY IDCW Option,21.3592
2023-09-22,122786,Invesco India Liquid Fund - Bonus Option,3173.9037
2023-09-22,122868,BANDHAN Dynamic Bond Fund - Regular Plan B - Half Yearly IDCW,10.8097
2023-09-22,122904,ICICI Prudential Savings Fund - Direct Plan - Fortnightly IDCW,101.7676
2023-09-22,122982,ICICI Prudential Savings Fund - Direct Plan - Quarterly IDCW,107.1627
2023-09-22,122995,ICICI Prudential Savings Fund - Quarterly IDCW,106.9544
2023-09-22,123004,ICICI Prudential Nifty 100 ETF,215.1297
2023-09-22,123287,DSP Savings Fund - Regular Plan - IDCW - Daily,10.1021
2023-09-22,123288,DSP Savings Fund - Direct Plan -  IDCW - Daily,10.1527
2023-09-22,123646,UTI Annual Interval Fund - I - Direct Plan - Growth Option,30.9585
2023-09-22,123651,ICICI Prudential Global Stable Equity Fund (FOF) - Growth,22.97
2023-09-22,123652,ICICI Prudential Global Stable Equity Fund (FOF) - Direct - IDCW,24.5
2023-09-22,123653,ICICI Prudential Global Stable Equity Fund (FOF) - IDCW,22.97
2023-09-22,123654,ICICI Prudential Global Stable Equity Fund (FOF) - Direct - Growth,24.5
2023-09-22,123663,UTI Annual Interval Fund - I - Direct Plan - Dividend Option,10.7873
2023-09-22,123690,Kotak Banking and PSU Debt - Growth,56.9716
2023-09-22,123691,Kotak Banking and PSU Debt - Monthly Payout of Income Distribution cum capital withdrawal option,10.7036
2023-09-22,123692,Kotak Banking and PSU Debt Direct - Monthly Payout of Income Distribution cum capital withdrawal option,10.289
2023-09-22,123693,Kotak Banking and PSU Debt Direct - Growth,58.9509
2023-09-22,123704,Groww Short Term Fund (formerly known as Indiabulls Short Term Fund) - Direct Plan - Growth Option,2062.7303
2023-09-22,123705,Groww Short Term Fund (formerly known as Indiabulls Short Term Fund)- Direct Plan- Weekly - Income Distribution cum capital withdrawal Option (Payout & Reinvestment),1013.6371
2023-09-22,123706,Groww Short Term Fund (formerly known as Indiabulls Short Term Fund)- Direct Plan- Fortnightly - Income Distribution cum capital withdrawal Option (Payout & Reinvestment),1016.5458
2023-09-22,123707,Groww Short Term Fund (formerly known as Indiabulls Short Term Fund)- Direct Plan- Monthly - Income Distribution cum capital withdrawal Option (Payout & Reinvestment),1018.1517
2023-09-22,123708,Groww Short Term Fund (formerly known as Indiabulls Short Term Fund )- Regular Plan - Growth Option,1832.5424
2023-09-22,123709,Groww Short Term Fund (formerly known as Indiabulls Short Term Fund)- Regular Plan- Weekly - Income Distribution cum capital withdrawal Option (Payout & Reinvestment),1013.5129
2023-09-22,123710,Groww Short Term Fund (formerly known as Indiabulls Short Term Fund)- Regular Plan- Fortnightly - Income Distribution cum capital withdrawal Option (Payout & Reinvestment),1016.8119
2023-09-22,123711,Groww Short Term Fund (formerly known as Indiabulls Short Term Fund)- Regular Plan- Monthly - Income Distribution cum capital withdrawal Option (Payout & Reinvestment),1023.4435
2023-09-22,124172,DSP Banking & PSU Debt Fund - Regular Plan - Growth,20.9242
2023-09-22,124173,DSP Banking & PSU Debt Fund - Regular Plan - IDCW - Daily Reinvest,10.16
2023-09-22,124174,DSP Banking & PSU Debt Fund - Regular Plan - IDCW,10.5456
2023-09-22,124175,DSP Banking & PSU Debt Fund - Direct Plan - Growth,21.5625
2023-09-22,124176,DSP Banking & PSU Debt Fund - Direct Plan - IDCW - Monthly,10.2668
2023-09-22,124177,DSP Banking & PSU Debt Fund - Direct Plan - IDCW - Quarterly,10.3085
2023-09-22,124178,DSP Banking & PSU Debt Fund - Direct Plan - IDCW,10.5592
2023-09-22,124179,DSP Banking & PSU Debt Fund - Regular Plan - IDCW - Weekly,10.1627
2023-09-22,124180,DSP Banking & PSU Debt Fund - Regular Plan - IDCW - Monthly,10.2582
2023-09-22,124181,DSP Banking & PSU Debt Fund - Regular Plan - IDCW - Quarterly,10.3019
2023-09-22,124182,DSP Banking & PSU Debt Fund - Direct Plan - IDCW - Daily Reinvest,10.16
2023-09-22,124183,DSP Banking & PSU Debt Fund - Direct Plan - IDCW - Weekly,10.1628
2023-09-22,124233,Motilal Oswal Ultra Short Term Fund (MOFUSTF)-Regular Plan- Growth,14.8728
2023-09-22,124234,Motilal Oswal Ultra Short Term Fund (MOFUSTF) -Direct Plan- Growth,15.5702
2023-09-22,124265,UTI Overnight Fund - Regular Plan - Daily IDCW,1370.8617
2023-09-22,124266,UTI Overnight Fund - Direct Plan - Daily IDCW,1371.6621
2023-09-22,124303,Motilal Oswal Ultra Short Term Fund Regular - IDCW Daily Reinvestment,10.8
2023-09-22,124305,Motilal Oswal Ultra Short Term Fund Regular - IDCW Quarterly Payout/Reinvestment,10.9583
2023-09-22,124306,Motilal Oswal Ultra Short Term Fund Direct - IDCW Weekly Reinvestment,10.9998
2023-09-22,124308,Motilal Oswal Ultra Short Term Fund Direct Plan - IDCW Monthly Payout/Reinvestment,10.9999
2023-09-22,124310,Motilal Oswal Ultra Short Term Fund Regular - IDCW Weekly Reinvestment,10.8072
2023-09-22,124311,Motilal Oswal Ultra Short Term Fund Direct - IDCW Fortnightly Reinvestment,11.0397
2023-09-22,124312,Motilal Oswal Ultra Short Term Fund Direct - IDCW Quarterly Payout/Reinvestment,11.202
2023-09-22,124313,Motilal Oswal Ultra Short Term Fund Regular - IDCW Fortnightly Reinvestment,10.8177
2023-09-22,124315,Motilal Oswal Ultra Short Term Fund Regular - IDCW Monthly Payout/Reinvestment,10.8012
2023-09-22,124316,Motilal Oswal Ultra Short Term Fund Direct - IDCW Daily Reinvestment,11.0119
2023-09-22,124589,NIPPON INDIA FLOATER FUND - IDCW Option,17.7402
2023-09-22,124590,NIPPON INDIA FLOATER FUND - DIRECT Plan - IDCW Option,18.3499
2023-09-22,124832,Aditya Birla Sun Life Corporate Bond Fund -DIRECT - IDCW,11.3028
2023-09-22,124833,Aditya Birla Sun Life Corporate Bond Fund -REGULAR - IDCW,12.7357
2023-09-22,124962,UTI Short Duration Fund - Direct Plan - Flexi IDCW,16.1201
2023-09-22,125045,UTI Short Duration Fund - Regular Plan - Flexi IDCW,15.7979
2023-09-22,125077,UTI Annual Interval Fund - II - Direct Plan - Growth Option,30.5424
2023-09-22,125078,UTI Annual Interval Fund - II - Direct Plan - IDCW,10.5584
2023-09-22,125259,360 ONE LIQUID FUND REGULAR PLAN  GROWTH,1780.7536
2023-09-22,125264,NIPPON INDIA LOW DURATION FUND - DIRECT Plan - IDCW Option,1830.7679
2023-09-22,125265,NIPPON INDIA LOW DURATION FUND - IDCW Option,1752.6349
2023-09-22,125266,NIPPON INDIA CORPORATE BOND FUND - DIRECT Plan - IDCW Option,17.1513
2023-09-22,125267,NIPPON INDIA CORPORATE BOND FUND - IDCW Option,16.6312
2023-09-22,125268,NIPPON INDIA SHORT DURATION FUND - IDCW Option,18.6652
2023-09-22,125269,NIPPON INDIA SHORT DURATION FUND - Direct Plan - IDCW Option,20.063
2023-09-22,125301,PGIM India Midcap Fund - Direct Plan - Dividend Option - Payout,45.42
2023-09-22,125305,PGIM India Midcap Fund - Regular Plan - Growth Option,48.41
2023-09-22,125306,PGIM India Midcap Fund - Regular Plan - Dividend Option - Payout,22.77
2023-09-22,125307,PGIM India Midcap Fund - Direct Plan - Growth Option,54.79
2023-09-22,125337,360 ONE LIQUID FUND REGULAR PLAN  WEEKLY DIVIDEND,1005.5667
2023-09-22,125342,360 ONE LIQUID FUND REGULAR PLAN  DAILY DIVIDEND REINVESTMENT,1000.0701
2023-09-22,125343,360 ONE LIQUID FUND DIRECT PLAN  WEEKLY DIVIDEND,1005.5692
2023-09-22,125345,360 ONE LIQUID FUND DIRECT PLAN  GROWTH,1789.56
2023-09-22,125349,360 ONE LIQUID FUND DIRECT PLAN  DAILY DIVIDEND REINVESTMENT,1000.0427
2023-09-22,125350,Axis Small Cap Fund - Regular Plan - Growth,76.96
2023-09-22,125351,Axis Small Cap Fund - Direct Plan - IDCW,45.62
2023-09-22,125352,Axis Small Cap Fund - Regular Plan - IDCW,39.75
2023-09-22,125354,Axis Small Cap Fund - Direct Plan - Growth,87.2
2023-09-22,125494,SBI Small Cap Fund - Regular Plan - Growth,134.3925
2023-09-22,125495,SBI Small Cap Fund - Regular Plan - Income Distribution cum Capital Withdrawal Option (IDCW),79.396
2023-09-22,125496,SBI Small Cap Fund - Direct Plan - Income Distribution cum Capital Withdrawal Option (IDCW),103.2391
2023-09-22,125497,SBI Small Cap Fund - Direct Plan - Growth,151.2597
2023-09-22,125498,SBI BANKING & PSU FUND - Regular Paln - Growth,2724.4742
2023-09-22,125499,SBI Banking & PSU Fund - Regular Plan - Daily Income Distribution cum Capital Withdrawal Option (IDCW),1242.9808
2023-09-22,125500,SBI Banking & PSU Fund - Regular Plan - Weekly Income Distribution cum Capital Withdrawal Option (IDCW),1242.7175
2023-09-22,125501,SBI Banking & PSU Fund - Regular Plan - Monthly Income Distribution cum Capital Withdrawal Option (IDCW),1166.1888
2023-09-22,125502,SBI Banking & PSU Fund - Direct Plan - Daily Income Distribution cum Capital Withdrawal Option (IDCW),1265.1656
2023-09-22,125503,SBI BANKING & PSU FUND - Direct Plan - Growth,2872.2898
2023-09-22,125504,SBI Banking & PSU Fund - Direct Plan - Weekly Income Distribution cum Capital Withdrawal Option (IDCW),1262.3541
2023-09-22,125505,SBI Banking & PSU Fund - Direct Plan - Monthly Income Distribution cum Capital Withdrawal Option (IDCW),1227.5285
2023-09-22,125595,Aditya Birla Sun Life Banking and Financial Services Fund - Regular Plan - Growth,47.41
2023-09-22,125596,Aditya Birla Sun Life Banking and Financial Services Fund - REGULAR - IDCW,21.43
2023-09-22,125597,Aditya Birla Sun Life Banking and Financial Services Fund - Direct Plan - Growth,52.27
2023-09-22,125598,Aditya Birla Sun Life Banking and Financial Services Fund - DIRECT - IDCW,28.48
2023-09-22,125711,Shriram Aggressive Hybrid Fund- Direct Growth,27.8698
2023-09-22,125712,Shriram Aggressive Hybrid Fund- Direct- IDCW,22.0752
2023-09-22,125713,Shriram Aggressive Hybrid Fund- Regular Growth,25.0953
2023-09-22,125714,Shriram Aggressive Hybrid Fund- Regular-IDCW,20.0612
2023-09-22,126278,SBI Tax Advantage Fund-Series- III - Direct Plan - Income Distribution cum Capital Withdrawal Option (IDCW),59.276
2023-09-22,126279,SBI Tax Advantage Fund - Series III - Direct Plan - Growth Option,74.429
2023-09-22,126350,Invesco India - Invesco Pan European Equity Fund of Fund - Regular Plan - IDCW (Payout / Reinvestment),15.0961
2023-09-22,126351,Invesco India - Invesco Pan European Equity Fund of Fund - Regular Plan - Growth Option,15.0965
2023-09-22,126352,Invesco India - Invesco Pan European Equity Fund of Fund - Direct Plan - IDCW (Payout / Reinvestment),16.2815
2023-09-22,126353,Invesco India - Invesco Pan European Equity Fund of Fund - Direct Plan - Growth Option,16.3235
2023-09-22,126378,SBI Tax Advantage Fund-Series- III - Regular Plan - Income Distribution cum Capital Withdrawal Option (IDCW),56.9911
2023-09-22,126379,SBI Tax Advantage Fund - Series III - Regular Plan - Growth,71.6239
2023-09-22,126389,BANK OF INDIA Ultra Short Duration Fund- Direct Plan-Bonus,2877.7183
2023-09-22,126391,DSP Dynamic Asset Allocation Fund - Direct Plan - IDCW - Monthly,13.963
2023-09-22,126392,DSP Dynamic Asset Allocation Fund - Regular Plan - IDCW - Monthly,12.264
2023-09-22,126393,DSP Dynamic Asset Allocation Fund - Direct Plan - Growth,24.434
2023-09-22,126394,DSP Dynamic Asset Allocation Fund - Regular Plan - Growth,21.798
2023-09-22,126685,CANARA ROBECO CORPORATE BOND FUND - DIRECT PLAN - GROWTH OPTION,20.311
2023-09-22,126686,CANARA ROBECO CORPORATE BOND FUND - DIRECT PLAN - IDCW (Payout/Reinvestment),12.2946
2023-09-22,126687,CANARA ROBECO CORPORATE BOND FUND - REGULAR PLAN - GROWTH OPTION,19.1744
2023-09-22,126688,CANARA ROBECO CORPORATE BOND FUND - REGULAR PLAN - IDCW (Payout/Reinvestment),11.6094
2023-09-22,126939,UTI Banking & PSU Fund- Regular Plan - Growth Option,19.1606
2023-09-22,126940,UTI Banking & PSU Fund - Direct Plan - Growth Option,19.4007
2023-09-22,126941,UTI Banking & PSU Fund - Regular Plan - Quarterly IDCW,13.1489
2023-09-22,126942,UTI Banking & PSU Fund - Direct Plan - Quarterly IDCW,14.4397
2023-09-22,127039,Motilal Oswal Midcap Fund-Regular Plan-Growth Option,62.266
2023-09-22,127040,Motilal Oswal Midcap Fund-Regular - IDCW Payout/Reinvestment,32.4884
2023-09-22,127042,Motilal Oswal Midcap Fund-Direct Plan-Growth Option,69.983
2023-09-22,127044,Motilal Oswal Midcap Fund-Direct - IDCW Payout/Reinvestment,34.9808
2023-09-22,127070,HSBC Asia Pacific IDCW Yield Fund IDCW,16.3064
2023-09-22,127071,HSBC Asia Pacific (Ex Japan) Dividend Yield Fund - Growth Direct,19.0973
2023-09-22,127072,HSBC Asia Pacific IDCW Yield Fund Direct Plan IDCW,16.1366
2023-09-22,127073,HSBC Asia Pacific (Ex Japan) Dividend Yield Fund - Growth,17.8135
2023-09-22,127470,Bandhan Banking and PSU Fund - Regular Daily IDCW,10.8788
2023-09-22,127471,Bandhan Banking and PSU Fund - Direct Daily IDCW,10.4768
2023-09-22,127615,IIFCL MUTUAL FUND INFRASTRUCTURE DEBT FUND SERIES I,1514458.1207
2023-09-22,127849,BANK OF INDIA BALANCED ADVANTAGE FUND REGULAR PLAN  GROWTH,20.4813
2023-09-22,127850,BANK OF INDIA BALANCED ADVANTAGE FUND DIRECT PLAN  GROWTH,21.7037
2023-09-22,127851,BANK OF INDIA BALANCED ADVANTAGE FUND  REGULAR PLAN IDCW,14.2898
2023-09-22,127852,BANK OF INDIA BALANCED ADVANTAGE FUND  DIRECT PLAN IDCW,13.1186
2023-09-22,128006,Kotak Medium Term Fund - Direct Growth,21.3357
2023-09-22,128009,Kotak Medium Term Fund - Growth,19.5251
2023-09-22,128050,HDFC Credit Risk Debt Fund - Quarterly IDCW - Direct Plan,10.6579
2023-09-22,128051,HDFC Credit Risk Debt Fund - Growth Option - Direct Plan,22.3964
2023-09-22,128052,HDFC Credit Risk Debt Fund - Quarterly IDCW Option,10.327
2023-09-22,128053,HDFC Credit Risk Debt Fund - Growth Option,20.9511
2023-09-22,128078,Kotak Medium Term Fund - Standard Income Distribution cum capital withdrawal option,11.9842
2023-09-22,128079,Kotak Medium Term Fund - Direct - Standard Income Distribution cum capital withdrawal option,21.3374
2023-09-22,128331,Nippon India ETF Nifty India Consumption,93.2363
2023-09-22,128626,HDFC Banking and PSU Debt Fund - IDCW Option - Direct Plan,10.0399
2023-09-22,128627,HDFC Banking and PSU Debt Fund - IDCW Option,10.1495
2023-09-22,128628,HDFC Banking and PSU Debt Fund - Growth Option,20.0869
2023-09-22,128629,HDFC Banking and PSU Debt Fund - Growth Option - Direct Plan,20.7714
2023-09-22,128639,Nippon India ETF Nifty Dividend Opportunities 50,58.1637
2023-09-22,128820,NIPPON INDIA ARBITRAGE FUND - MONTHLY IDCW Option,12.2427
2023-09-22,128821,NIPPON INDIA ARBITRAGE FUND - DIRECT Plan - MONTHLY IDCW Option,13.1231
2023-09-22,129006,Franklin India Banking & PSU Debt Fund - Growth,19.6238
2023-09-22,129007,Franklin India Banking and PSU Debt Fund - IDCW,10.4737
2023-09-22,129008,Franklin India Banking & PSU Debt Fund - Direct - Growth,20.3814
2023-09-22,129009,Franklin India Banking and PSU Debt Fund - Direct - IDCW,11.0196
2023-09-22,129046,Motilal Oswal Flexi cap Fund Direct Plan-Growth Option,42.4512
2023-09-22,129047,Motilal Oswal Flexi Cap Fund Direct - IDCW Payout/Reinvestment,25.8748
2023-09-22,129048,Motilal Oswal Flexi Cap Fund Regular Plan-Growth Option,38.9065
2023-09-22,129049,Motilal Oswal Flexi cap Fund Regular - IDCW Payout/Reinvestment,25.2974
2023-09-22,129051,HDFC ARBITRAGE FUND - Regular Plan - Monthly IDCW Option,11.002
2023-09-22,129052,HDFC ARBITRAGE FUND -Direct Plan - Growth Option,17.629
2023-09-22,129053,HDFC ARBITRAGE FUND - Wholesale IDCW Option - Direct Plan,11.096
2023-09-22,129054,HDFC ARBITRAGE FUND - Monthly IDCW - Direct Plan,10.765
2023-09-22,129065,HSBC Aggressive Hybrid Active FOF - Growth,30.8445
2023-09-22,129187,Invesco India - Invesco Global Equity Income Fund of Fund - Regular Plan - Growth,20.2542
2023-09-22,129188,Invesco India - Invesco Global Equity Income Fund of Fund - Direct Plan - Growth,22.2102
2023-09-22,129189,Invesco India - Invesco Global Equity Income Fund of Fund - Regular Plan - IDCW (Payout / Reinvestment),20.2247
2023-09-22,129190,Invesco India - Invesco Global Equity Income Fund of Fund - Direct Plan - IDCW (Payout / Reinvestment),21.9702
2023-09-22,129191,HSBC Multi Asset Active FOF - Growth,27.7047
2023-09-22,129192,HSBC Multi Asset Active FOF IDCW,26.036
2023-09-22,129193,HSBC Multi Asset Active FOF - Growth Direct,28.8888
2023-09-22,129194,HSBC Multi Asset Active FOF Direct Plan IDCW,16.2053
2023-09-22,129195,HSBC Income Plus Arbitrage Active FOF - Growth,18.6862
2023-09-22,129196,HSBC Income Plus Arbitrage Active FOF IDCW,17.3457
2023-09-22,129197,HSBC Income Plus Arbitrage Active FOF - Growth Direct,19.56
2023-09-22,129199,HSBC Aggressive Hybrid Active FOF - Dividend,28.2899
2023-09-22,129200,HSBC Aggressive Hybrid Active FOF - Growth Direct,31.8652
2023-09-22,129201,HSBC Aggressive Hybrid Active FOF - Dividend Direct,29.3008
2023-09-22,129210,Sundaram Infrastructure Advantage Fund Regular Plan - Income Distribution cum Capital Withdrawal (IDCW),46.1412
2023-09-22,129211,Sundaram Infrastructure Advantage Fund Direct Plan - Income Distribution cum Capital Withdrawal (IDCW),49.0521
2023-09-22,129212,Sundaram Infrastructure Advantage Fund Direct Plan - Growth,68.3859
2023-09-22,129213,Sundaram Infrastructure Advantage Fund Regular Plan - Growth,64.6541
2023-09-22,129309,ICICI Prudential Dividend Yield Equity Fund Direct Plan IDCW Option,20.87
2023-09-22,129310,ICICI Prudential Dividend Yield Equity Fund Growth Option,35.06
2023-09-22,129311,ICICI Prudential Dividend Yield Equity Fund IDCW Option,17.35
2023-09-22,129312,ICICI Prudential Dividend Yield Equity Fund Direct Plan Growth Option,38.19
2023-09-22,129436,Franklin India Money Market Fund Retail Option - Monthly - IDCW,10.3563
2023-09-22,129437,Franklin India Money Market Fund Retail Option - Direct - Monthly - IDCW,10.7907
2023-09-22,129438,Franklin India Feeder - Templeton European Opportunities Fund - Growth,9.5269
2023-09-22,129439,Franklin India Feeder - Templeton European Opportunities Fund - IDCW,9.5269
2023-09-22,129440,Franklin India Feeder - Templeton European Opportunities Fund - Direct - Growth,10.5692
2023-09-22,129441,Franklin India Feeder - Templeton European Opportunities Fund - Direct - IDCW,10.5692
2023-09-22,129646,Union Small Cap Fund - Direct Plan - IDCW Option,30.55
2023-09-22,129647,Union Small Cap Fund - Regular Plan - Growth Option,37.78
2023-09-22,129648,Union Small Cap Fund - Regular Plan - IDCW Option,32.81
2023-09-22,129649,Union Small Cap Fund - Direct Plan - Growth Option,40.82
2023-09-22,130013,ICICI Prudential Money Market Fund Option - IDCW Others,152.6805
2023-09-22,130037,Nippon India Medium Duration Fund - Growth Option,13.477
2023-09-22,130050,Nippon India Medium Duration Fund - Direct Plan - Growth Option,14.4563
2023-09-22,130052,Nippon India Medium Duration Fund - Direct Plan - Bonus Option,14.4595
2023-09-22,130053,NIPPON INDIA MEDIUM DURATION FUND - IDCW Option,11.5325
2023-09-22,130054,NIPPON INDIA MEDIUM DURATION FUND - DIRECT Plan - IDCW Option,12.1934
2023-09-22,130055,NIPPON INDIA MEDIUM DURATION FUND - DIRECT Plan - QUARTERLY IDCW Option,10.2936
2023-09-22,130056,NIPPON INDIA MEDIUM DURATION FUND - QUARTERLY IDCW Option,9.9404
2023-09-22,130205,Edelweiss Arbitrage Fund- Regular Plan- Growth Option,17.1005
2023-09-22,130206,Edelweiss Arbitrage Fund- Direct Plan- Growth Option,18.1296
2023-09-22,130207,Edelweiss Arbitrage Fund - Regular Plan - IDCW Option,12.5488
2023-09-22,130208,Edelweiss Arbitrage Fund- Regular Plan -Bonus Option,17.1043
2023-09-22,130209,Edelweiss Arbitrage Fund - Direct Plan - IDCW Option,12.9606
2023-09-22,130309,Axis Credit Risk Fund - Regular Plan - Growth,18.6212
2023-09-22,130310,Axis Credit Risk Fund - Regular Plan - Weekly IDCW,10.1709
2023-09-22,130311,Axis Credit Risk Fund - Direct Plan - Weekly IDCW,10.2982
2023-09-22,130312,Axis Credit Risk Fund - Direct Plan - Monthly IDCW,10.1276
2023-09-22,130313,Axis Credit Risk Fund - Regular Plan - Monthly IDCW,10.1103
2023-09-22,130314,Axis Credit Risk Fund - Direct Plan - Growth,20.5521
2023-09-22,130490,DSP Income Plus Arbitrage Omni FoF - Regular Plan - IDCW,14.67
2023-09-22,130491,DSP Income Plus Arbitrage Omni FoF - Direct Plan - IDCW,15.2476
2023-09-22,130492,DSP Income Plus Arbitrage Omni FoF - Regular Plan - Growth,16.9725
2023-09-22,130493,DSP Income Plus Arbitrage Omni FoF - Direct Plan - Growth,17.7619
2023-09-22,130496,HDFC Large and Mid Cap Fund - Growth Option,242.742
2023-09-22,130497,HDFC Large and Mid Cap Fund - IDCW Option,30.496
2023-09-22,130498,HDFC Large and Mid Cap Fund - Growth Option - Direct Plan,251.483
2023-09-22,130499,HDFC Large and Mid Cap Fund - IDCW Option - Direct Plan,38.14
2023-09-22,130501,HDFC Small Cap Fund - IDCW Option,40.692
2023-09-22,130502,HDFC Small Cap Fund - Growth Option,103.971
2023-09-22,130503,HDFC Small Cap Fund - Growth Option - Direct Plan,116.32
2023-09-22,130504,HDFC Small Cap Fund - IDCW Option - Direct Plan,57.475
2023-09-22,130533,HDFC Income Plus Arbitrage Active FOF - Growth Option,32.6204
2023-09-22,130540,HDFC Income Plus Arbitrage Active FOF - IDCW Option,28.5844
2023-09-22,130543,HDFC Income Plus Arbitrage Active FOF - Growth Option - Direct Plan,35.5203
2023-09-22,130547,HDFC Income Plus Arbitrage Active FOF - IDCW Option - Direct Plan,31.1985
2023-09-22,130603,JM Arbitrage Fund (Regular) - Bonus Option - Principal Units,15.7749
2023-09-22,130604,JM Arbitrage Fund (Direct) - Bonus Option - Principal Units,16.3592
2023-09-22,130721,Invesco India Credit Risk Fund - Regular Plan - Growth,1639.9407
2023-09-22,130722,Invesco India Credit Risk Fund - Direct Plan - Growth,1789.2283
2023-09-22,130723,Invesco India Credit Risk Fund - Regular Plan - Monthly IDCW (Payout / Reinvestment),1204.4069
2023-09-22,130724,Invesco India Credit Risk Fund - Direct Plan - Monthly IDCW (Payout / Reinvestment),1239.0808
2023-09-22,130725,Invesco India Credit Risk Fund - Direct Plan - Discretionary IDCW (Payout / Reinvestment),1802.5833
2023-09-22,130726,Invesco India Credit Risk Fund - Regular Plan - Discretionary IDCW (Payout / Reinvestment),1639.4299
2023-09-22,130771,Axis Arbitrage Fund - Regular Plan - Growth,16.514
2023-09-22,130773,Axis Arbitrage Fund - Direct Plan - Growth,17.73
2023-09-22,130774,Axis Arbitrage Fund - Direct Plan - Monthly IDCW,11.5997
2023-09-22,130776,Axis Arbitrage Fund - Regular Plan - Monthly IDCW,10.8117
2023-09-22,130787,Invesco India Arbitrage Fund - Direct Plan - Annual Bonus,30.0727
2023-09-22,130858,Nippon India Japan Equity Fund- Growth Plan- Bonus Option,16.0258
2023-09-22,130859,NIPPON INDIA - JAPAN EQUITY FUND - IDCW Option,16.0258
2023-09-22,130860,Nippon India Japan Equity Fund- Direct Plan- Growth Plan- Growth Option,17.5095
2023-09-22,130861,Nippon India Japan Equity Fund- Direct Plan- Growth Plan- Bonus Option,17.5095
2023-09-22,130863,Nippon India Japan Equity Fund- Growth Plan- Growth Option,16.0258
2023-09-22,130864,NIPPON INDIA - JAPAN EQUITY FUND - DIRECT Plan - IDCW Option,17.5095
2023-09-22,130904,JM Aggressive Hybrid Fund (Direct) - Annual Bonus Option,96.041
2023-09-22,131051,ICICI Prudential Constant Maturity Gilt Fund - Growth,21.1209
2023-09-22,131054,ICICI Prudential Constant Maturity Gilt Fund - Direct Plan - Quarterly IDCW,11.0548
2023-09-22,131057,ICICI Prudential Constant Maturity Gilt Fund - quarterly IDCW,10.8149
2023-09-22,131061,ICICI Prudential Constant Maturity Gilt Fund - Direct Plan - Growth,21.5326
2023-09-22,131297,DSP 10Y G-Sec Fund - Regular Plan - Growth,18.7787
2023-09-22,131298,DSP 10Y G-Sec Fund - Regular Plan - IDCW,10.7724
2023-09-22,131299,DSP 10Y G-Sec Fund - Regular Plan - IDCW - Monthly,10.6236
2023-09-22,131300,DSP 10Y G-Sec Fund - Regular Plan - IDCW - Quarterly,10.9487
2023-09-22,131301,DSP 10Y G-Sec Fund - Direct Plan - Growth,19.1695
2023-09-22,131302,DSP 10Y G-Sec Fund - Direct Plan - IDCW - Quarterly,10.8939
2023-09-22,131303,DSP 10Y G-Sec Fund - Direct Plan - IDCW - Monthly,10.4611
2023-09-22,131304,DSP 10Y G-Sec Fund - Direct Plan - IDCW,10.9747
2023-09-22,131331,Nippon India ETF BSE Sensex,734.8242
2023-09-22,131354,BANDHAN Balanced Advantage Fund Regular Plan IDCW,13.494
2023-09-22,131355,BANDHAN Balanced Advantage Fund Direct Plan Growth,22.19
2023-09-22,131356,BANDHAN Balanced Advantage Fund Direct Plan IDCW,15.147
2023-09-22,131357,BANDHAN Balanced Advantage Fund Regular Plan Growth,19.644
2023-09-22,131372,Kotak Equity Savings Fund - Regular - Growth,21.2372
2023-09-22,131373,Kotak Equity Savings Fund - Direct - Growth,22.8609
2023-09-22,131374,Kotak Equity Savings Fund - Regular - Monthly Payout of Income Distribution cum capital withdrawal option,15.5491
2023-09-22,131375,Kotak Equity Savings Fund - Direct - Monthly Payout of Income Distribution cum capital withdrawal option,16.4118
2023-09-22,131382,Bandhan Short Duration Fund - Direct Plan - Periodic IDCW,19.038
2023-09-22,131383,Bandhan Short Duration Fund - Regular Plan - Periodic IDCW,18.4303
2023-09-22,131384,Bandhan Medium Duration Fund - Direct Plan - Periodic IDCW,11.235
2023-09-22,131385,Bandhan Medium Duration Fund - Regular Plan - Periodic IDCW,12.5961
2023-09-22,131386,Bandhan Medium to Long Duration Fund - Direct Plan - Periodic IDCW,15.0924
2023-09-22,131387,Bandhan Medium to Long Duration Fund - Regular Plan - Periodic IDCW,12.3181
2023-09-22,131388,Bandhan Money Market Fund -Direct Plan-Periodic IDCW,13.9849
2023-09-22,131389,Bandhan Money Market Fund - Regular Plan - Periodic IDCW,11.6665
2023-09-22,131390,Bandhan Gilt Fund with 10 year constant duration Fund - Direct Plan - Periodic IDCW,11.7533
2023-09-22,131391,Bandhan Gilt Fund with 10 year constant duration Fund - Regular Plan - Periodic IDCW,13.9468
2023-09-22,131394,Bandhan Gilt Fund - Direct Plan - Periodic IDCW,15.387
2023-09-22,131395,Bandhan Gilt Fund - Regular Plan B - Periodic IDCW,14.282
2023-09-22,131396,BANDHAN Dynamic Bond Fund-Direct Plan-Periodic IDCW,11.3313
2023-09-22,131397,BANDHAN Dynamic Bond Fund - Regular Plan B - Periodic IDCW,11.7325
2023-09-22,131398,Bandhan Income Plus Arbitrage Active FOF - Direct Plan - Periodic IDCW,13.7132
2023-09-22,131399,Bandhan Income Plus Arbitrage Active FOF - Regular Plan - Periodic IDCW,13.3602
2023-09-22,131418,UTI Credit Risk Fund - Regular Plan - Monthly IDCW,8.9842
2023-09-22,131419,UTI Credit Risk Fund - Direct Plan - Monthly IDCW,9.9685
2023-09-22,131424,UTI Short Duration Fund - Regular Plan - Half-Yearly IDCW,11.8512
2023-09-22,131425,UTI Short Duration Fund - Direct Plan - Half Yearly Dividend Option,11.9434
2023-09-22,131444,UTI Ultra Short Duration Fund - Direct Plan - Monthly IDCW,1113.3013
2023-09-22,131445,UTI Ultra Short Duration Fund - Regular Plan - Monthly IDCW,1042.1169
2023-09-22,131452,ICICI Prudential Equity & Debt Fund - Half Yearly IDCW,22.32
2023-09-22,131453,ICICI Prudential Equity & Debt Fund - Direct Plan - Half Yearly IDCW,24.47
2023-09-22,131476,JM Aggressive Hybrid Fund (Regular) - Annual IDCW,24.0374
2023-09-22,131477,JM Aggressive Hybrid Fund (Direct) - Annual IDCW,32.3554
2023-09-22,131480,ICICI Prudential Bond Fund - Direct Plan - Half Yearly IDCW,10.6478
2023-09-22,131481,ICICI Prudential Bond Fund - Half Yearly IDCW,10.9757
2023-09-22,131511,UTI Ultra Short Duration Fund - Regular Plan - Fortnightly IDCW,1321.5391
2023-09-22,131512,UTI Ultra Short Duration Fund - Direct Plan - Fortnightly IDCW,1325.8461
2023-09-22,131547,UTI Short Duration Fund - Regular Plan - Monthly IDCW,11.7193
2023-09-22,131548,UTI Short Duration Fund - Direct Plan - Monthly IDCW,10.4999
2023-09-22,131578,360 ONE Focused Fund -Regular Plan - Growth,35.5196
2023-09-22,131579,360 ONE Focused Fund - Regular Plan - Dividend,31.4262
2023-09-22,131580,360 ONE Focused Fund-Direct Plan-Growth,39.5599
2023-09-22,131581,360 ONE Focused Fund - Direct Plan - Dividend,39.1566
2023-09-22,131665,Aditya Birla Sun Life Balanced Advantage Fund -REGULAR - IDCW,23.71
2023-09-22,131666,Aditya Birla Sun Life Balanced Advantage Fund - Regular Plan - Growth Option,83.0
2023-09-22,131670,Aditya Birla Sun Life Balanced Advantage Fund - Direct Plan - Growth Option,92.31
2023-09-22,131671,Aditya Birla Sun Life Balanced Advantage Fund -DIRECT - IDCW,26.41
2023-09-22,131863,Aditya Birla Sun Life Multi Asset Omni FoF-REGULAR - IDCW,45.3162
2023-09-22,131864,Aditya Birla Sun Life Multi Asset Omni FoF- Regular Plan - Growth Option,49.2108
2023-09-22,131865,Aditya Birla Sun Life Multi Asset Omni FoF- Direct Plan - Growth Option,25.4892
2023-09-22,131866,Aditya Birla Sun Life Multi Asset Omni FOF-DIRECT - IDCW,24.2885
2023-09-22,131895,Aditya Birla Sun Life Income Plus Arbitrage Active FOF- REGULAR - IDCW,20.4918
2023-09-22,131896,Aditya Birla Sun Life Income Plus Arbitrage Active FOF- Regular Plan - Growth Option,32.6753
2023-09-22,131897,Aditya Birla Sun Life Income Plus Arbitrage Active FOF- DIRECT - IDCW,21.4937
2023-09-22,131898,Aditya Birla Sun Life Income Plus Arbitrage Active FOF- Direct Plan - Growth Option,34.3252
2023-09-22,132003,Aditya Birla Sun Life Global Excellence Equity Fund Of Fund-REGULAR - RETAIL - IDCW,23.9214
2023-09-22,132005,Aditya Birla Sun Life Global Excellence Equity Fund Of Fund- Retail Plan - Regular Plan - Growth Option,23.9065
2023-09-22,132009,Aditya Birla Sun Life Global Excellence Equity Fund Of Fund - Retail Plan - Direct Plan - Growth Option,25.1462
2023-09-22,132010,Aditya Birla Sun Life Global Excellence Equity Fund Of Fund-DIRECT - RETAIL - IDCW,25.1678
2023-09-22,132138,Aditya Birla SUn Life Global Emerging Opportunities Fund - Regular Plan - Growth Option,19.0939
2023-09-22,132139,Aditya Birla Sun Life Global Emerging Opportunities Fund - Regular - IDCW,19.0971
2023-09-22,132140,Aditya Birla Sun Life Global Emerging Opportunities Fund - Direct plan - Growth Option,19.7766
2023-09-22,132141,Aditya Birla Sun Life Global Emerging Opportunities Fund - Direct - IDCW,17.4913
2023-09-22,132174,Aditya Birla Sun Life Aggressive Hybrid Omni FOF- Regular Plan - Growth Option,32.4639
2023-09-22,132175,Aditya Birla Sun Life Aggressive Hybrid Omni FOF-  Regular -  IDCW,29.1179
2023-09-22,132178,Aditya Birla Sun Life Conservative Hybrid Active FOF- Regular Plan - Growth Option,27.4434
2023-09-22,132179,Aditya Birla Sun Life Conservative Hybrid Active FOF -Regular - IDCW,24.9678
2023-09-22,132180,Aditya Birla Sun Life Dynamic Asset Allocation Omni FOF- Regular Plan - Growth Option,39.6787
2023-09-22,132181,Aditya Birla Sun Life Dynamic Asset Allocation Omni FOF-Regular - IDCW,36.3202
2023-09-22,132183,Aditya Birla Sun Life Conservative Hybrid Active FOF- Direct Plan - Growth Option,28.9508
2023-09-22,132184,Aditya Birla Sun Life Conservative Hybrid Active FOF-Direct - IDCW,19.657
2023-09-22,132185,Aditya Birla Sun Life Aggressive Hybrid Omni FOF- Direct Plan - Growth Option,34.3692
2023-09-22,132186,Aditya Birla Sun Life Dynamic Asset Allocation Omni FOF- Direct Plan - Growth Option,42.9889
2023-09-22,132187,Aditya Birla Sun Life Dynamic Asset Allocation Omni FOF- Direct - IDCW,39.37
2023-09-22,132189,Aditya Birla Sun Life Aggressive Hybrid Omni FOF- Direct - IDCW,31.1634
2023-09-22,132756,Tata ELSS Fund-Growth-Direct Plan,37.2284
2023-09-22,132757,Tata ELSS Fund-Growth-Regular Plan,33.1913
2023-09-22,132848,HDFC Corporate Bond Fund - IDCW Option,18.3044
2023-09-22,132849,HDFC Corporate Bond Fund - IDCW Option - Direct Plan,18.8144
2023-09-22,132852,HDFC Medium Term Debt Fund - IDCW Option,17.7157
2023-09-22,132853,HDFC Medium Term Debt Fund - IDCW Option - Direct Plan,18.7905
2023-09-22,132871,NIPPON INDIA CREDIT RISK FUND - IDCW Option,16.5897
2023-09-22,132873,NIPPON INDIA CREDIT RISK FUND - DIRECT Plan - IDCW Option,17.7778
2023-09-22,132917,Aditya Birla Sun Life Dynamic Bond Fund -Regular - IDCW,12.1755
2023-09-22,132918,Aditya Birla Sun Life Dynamic Bond Fund -Direct - IDCW,13.0431
2023-09-22,132923,SBI Long Term Advantage Fund - Series I - Regular Plan - Income Distribution cum Capital Withdrawal Option (IDCW),25.7352
2023-09-22,132924,SBI LONG TERM ADVANTAGE FUND - SERIES I - REGULAR PLAN - GROWTH,30.5639
2023-09-22,132933,SBI LONG TERM ADVANTAGE FUND - SERIES I - DIRECT PLAN - GROWTH,31.5739
2023-09-22,132934,SBI Long Term Advantage Fund - Series I - Direct Plan - Income Distribution cum Capital Withdrawal Option (IDCW),26.6125
2023-09-22,132987,Franklin India Income Plus Arbitrage Active Fund of Funds- Growth Plan,15.9537
2023-09-22,132988,Franklin India Income Plus Arbitrage Active Fund of Funds- IDCW,15.9537
2023-09-22,132989,Franklin India Income Plus Arbitrage Active Fund of Funds- Growth Plan - Direct,17.6859
2023-09-22,132990,Franklin India Income Plus Arbitrage Active Fund of Funds - Direct - IDCW,17.6859
2023-09-22,132995,Aditya Birla Sun Life Equity Savings Fund - Direct Plan - Growth,20.62
2023-09-22,132996,Aditya Birla Sun Life Equity Savings Fund - Direct - IDCW,14.96
2023-09-22,132997,Aditya Birla Sun Life Equity Savings Fund - Regular - IDCW,12.84
2023-09-22,132998,Aditya Birla Sun Life Equity Savings Fund - Regular Plan - Growth,18.8
2023-09-22,133035,Kotak Aggressive Hybrid Fund - Direct Plan -Growth,53.399
2023-09-22,133036,Kotak Aggressive Hybrid Fund - Regular Plan -Growth,46.58
2023-09-22,133051,ICICI Prudential Equity Savings Fund - Cumulative option,19.38
2023-09-22,133052,ICICI Prudential Equity Savings Fund - Direct Plan - Quarterly IDCW,14.63
2023-09-22,133053,ICICI Prudential Equity Savings Fund - Quarterly IDCW,12.63
2023-09-22,133054,ICICI Prudential Equity Savings Fund - Direct Plan - Cumulative option,20.63
2023-09-22,133059,UTI Ultra Short Duration Fund - Direct Plan - Quarterly IDCW,1653.4653
2023-09-22,133122,Kotak Nifty Bank ETF,455.6409
2023-09-22,133127,UTI Low Duration Fund - Direct Plan - Flexi IDCW,1338.2819
2023-09-22,133130,UTI Low Duration Fund - Regular Plan - Flexi IDCW,1182.4892
2023-09-22,133147,HDFC Credit Risk Debt Fund - IDCW Option - Direct Plan,19.6328
2023-09-22,133148,HDFC Credit Risk Debt Fund - IDCW Option,19.2922
2023-09-22,133180,UTI Dynamic Bond Fund - Direct Plan - Flexi IDCW,14.4889
2023-09-22,133181,Groww Arbitrage Fund (formerly known as Indiabulls Arbitrage Fund) - Direct Plan - Growth Option,16.3107
2023-09-22,133184,Groww Arbitrage Fund (formerly known as Indiabulls Arbitrage Fund) - Regular Plan - Growth Option,15.4479
2023-09-22,133265,Nippon India Gilt  Fund- Direct Plan- Growth Plan- Bonus Option,20.6141
2023-09-22,133280,UTI Medium to Long Duration Fund - Direct Plan - Flexi IDCW,13.4888
2023-09-22,133307,LIC MF Nifty 8-13 yr G-Sec ETF,24.0396
2023-09-22,133322,Sundaram Long Term Tax Advantage Fund Series I Regular Plan - Growth,25.4776
2023-09-22,133323,Sundaram Long Term Tax Advantage Fund Series I Regular Plan - Payout of Income Distribution cum Capital Withdrawal (IDCW),21.1513
2023-09-22,133324,Sundaram Long Term Tax Advantage Fund Series I Direct Plan - Growth,26.071
2023-09-22,133325,Sundaram Long Term Tax Advantage Fund Series I Direct Plan - Payout of Income Distribution cum Capital Withdrawal (IDCW),21.7182
2023-09-22,133344,UTI Credit Risk Fund - Regular Plan - Annual IDCW,9.9831
2023-09-22,133361,SBI LONG TERM ADVANTAGE FUND - SERIES II - REGULAR PLAN - GROWTH,31.8992
2023-09-22,133362,SBI Long Term Advantage Fund - Series II - Regular Plan - Income Distribution cum Capital Withdrawal Option (IDCW),26.975
2023-09-22,133363,SBI Long Term Advantage Fund - Series II - Direct Plan - Income Distribution cum Capital Withdrawal Option (IDCW),27.8782
2023-09-22,133364,SBI LONG TERM ADVANTAGE FUND - SERIES II - DIRECT PLAN - GROWTH,32.9423
2023-09-22,133365,HDFC Income Fund - Normal IDCW - Direct Plan,17.5134
2023-09-22,133366,HDFC Income Fund - Normal IDCW Option,15.9106
2023-09-22,133367,HDFC Short Term  Debt Fund - Normal IDCW - Direct Plan,18.1944
2023-09-22,133368,HDFC Short Term  Debt Fund - Normal IDCW Option,17.7985
2023-09-22,133369,HDFC Dynamic Debt Fund - Normal IDCW - Direct Plan,17.9543
2023-09-22,133370,HDFC Dynamic Debt Fund - Normal IDCW Option,16.7563
2023-09-22,133383,Motilal Oswal ELSS Tax Saver Fund - IDCW Payout,22.1862
2023-09-22,133384,Motilal Oswal ELSS Tax Saver Fund Direct - IDCW Payout,27.092
2023-09-22,133385,Motilal Oswal ELSS Tax Saver Fund - Regular Plan - Growth Option,32.5382
2023-09-22,133386,Motilal Oswal ELSS Tax Saver Fund - Direct Plan - Growth Option,36.479
2023-09-22,133387,UTI Money Market Fund - Direct Plan - Monthly IDCW,1335.7961
2023-09-22,133388,JM Dynamic Bond Fund - (Direct) - Half Yearly Bonus Option - Principal Units,38.4428
2023-09-22,133389,JM Dynamic Bond Fund (Regular) - Half Yearly Bonus Option - Principal Units,36.3878
2023-09-22,133390,JM Dynamic Bond Fund (Regular) - Monthly IDCW,36.3608
2023-09-22,133394,JM Arbitrage Fund (Regular) - Annual Bonus Option - Principal Units,29.293
2023-09-22,133395,JM Arbitrage Fund (Direct) - Annual Bonus Option - Principal Units,15.7006
2023-09-22,133396,JM Arbitrage Fund (Regular) - Quarterly Bonus Option - Principal Units,29.3432
2023-09-22,133397,JM Arbitrage Fund (Direct) - Half Yearly Bonus Option - Principal Units,30.6113
2023-09-22,133398,JM Arbitrage Fund (Direct) - Quarterly Bonus Option - Principal Units,30.6203
2023-09-22,133399,JM Arbitrage Fund (Regular) - Half Yearly Bonus Option - Principal Units,29.3432
2023-09-22,133400,JM Aggressive Hybrid Fund (Regular) - Bonus Option - Principal Units,88.9507
2023-09-22,133401,JM Aggressive Hybrid Fund (Direct) - Bonus Option - Principal Units,98.1586
2023-09-22,133402,JM Aggressive Hybrid Fund (Direct) - Half Yearly IDCW,69.0004
2023-09-22,133403,JM Aggressive Hybrid Fund (Regular) - Half Yearly Bonus Option - Principal Units,88.9507
2023-09-22,133404,JM Aggressive Hybrid Fund (Regular) - Monthly IDCW,62.6735
2023-09-22,133405,JM Aggressive Hybrid Fund (Regular) - Quarterly IDCW,22.3698
2023-09-22,133406,JM Aggressive Hybrid Fund (Direct) - Quarterly IDCW,24.2651
2023-09-22,133407,JM Aggressive Hybrid Fund (Regular) - Annual Bonus Option - Principal Units,88.9507
2023-09-22,133408,JM Aggressive Hybrid Fund (Regular) - Half Yearly IDCW,63.1756
2023-09-22,133409,JM Aggressive Hybrid Fund (Direct) - Half Yearly Bonus Option - Principal Units,98.1586
2023-09-22,133410,JM Aggressive Hybrid Fund (Regular) - Quarterly Bonus Option - Principal Units,88.9507
2023-09-22,133411,JM Aggressive Hybrid Fund (Direct) - Quarterly Bonus Option - Principal Units,98.1586
2023-09-22,133412,JM Aggressive Hybrid Fund (Direct) - Monthly IDCW,68.9808
2023-09-22,133414,JM Dynamic Bond Fund (Direct) - Monthly IDCW,38.7008
2023-09-22,133445,Aditya Birla Sun Life Income Fund - Regular - IDCW,12.6803
2023-09-22,133446,Aditya Birla Sun Life Income Fund - Direct - IDCW,13.4087
2023-09-22,133469,UTI Low Duration Fund - Direct Plan - Half-Yearly IDCW,1220.0004
2023-09-22,133484,UTI Money Market Fund - Regular Plan - Monthly IDCW,1040.9877
2023-09-22,133486,Baroda BNP Paribas Credit Risk Fund -Regular-Growth Option,19.2691
2023-09-22,133488,Baroda BNP Paribas Credit Risk Fund -Direct-Growth Option,20.9127
2023-09-22,133513,Aditya Birla Sun Life Manufacturing Equity Fund - Regular Plan - Growth,22.73
2023-09-22,133514,Aditya Birla Sun Life Manufacturing Equity Fund - Direct - IDCW,17.87
2023-09-22,133515,Aditya Birla Sun Life Manufacturing Equity Fund - Regular - IDCW,16.63
2023-09-22,133516,Aditya Birla Sun Life Manufacturing Equity Fund - Direct Plan - Growth,24.57
2023-09-22,133517,Baroda BNP Paribas Credit Risk Fund -Regular-Monthly IDCW,11.3434
2023-09-22,133518,Baroda BNP Paribas Credit Risk Fund -Regular-Quarterly IDCW,11.9059
2023-09-22,133520,Baroda BNP Paribas Credit Risk Fund -Direct- Monthly IDCW,14.0515
2023-09-22,133524,Baroda BNP Paribas Credit Risk Fund -Direct- Quarterly IDCW,12.7281
2023-09-22,133565,Nippon India Retirement Fund- Wealth Creation Scheme- Growth Plan - Growth Option,21.1617
2023-09-22,133566,NIPPON INDIA RETIREMENT FUND - WEALTH CREATION SCHEME - Direct Plan - IDCW Option,20.4353
2023-09-22,133567,NIPPON INDIA RETIREMENT FUND - WEALTH CREATION SCHEME - IDCW Option,18.2546
2023-09-22,133568,Nippon India Retirement Fund- Wealth Creation Scheme- Direct Plan- Growth Plan - Growth Option,23.4278
2023-09-22,133569,Nippon India Retirement Fund- Income Generation Scheme- Direct Plan- Growth Plan - Growth Option,19.2029
2023-09-22,133570,NIPPON INDIA RETIREMENT FUND - INCOME GENERATION SCHEME - Direct Plan - IDCW Option,19.2029
2023-09-22,133571,NIPPON INDIA RETIREMENT FUND - INCOME GENERATION SCHEME - IDCW Option,17.1971
2023-09-22,133572,Nippon India Retirement Fund- Income Generation Scheme-Growth Plan - Growth Option,17.1948
2023-09-22,133628,Nippon India Retirement Fund- Income Generation Scheme- Growth Plan- Bonus Option,17.1948
2023-09-22,133629,Nippon India Retirement Fund- Income Generation Scheme- Direct Plan-Growth Plan- Bonus Option,19.2029
2023-09-22,133630,Nippon India Retirement Fund- Wealth Creation Scheme- Direct Plan-Growth Plan- Bonus Option,23.4278
2023-09-22,133631,Nippon India Retirement Fund- Wealth Creation Scheme- Growth Plan- Bonus Option,21.1617
2023-09-22,133679,BANDHAN Arbitrage Fund-Direct Plan-Annual IDCW,12.3856
2023-09-22,133680,BANDHAN Arbitrage Fund - Regular Plan - Annual IDCW,10.9009
2023-09-22,133681,BANDHAN Equity Savings Fund-Direct Plan-Annual IDCW,13.708
2023-09-22,133682,BANDHAN Equity Savings Fund - Regular Plan -Annual IDCW,12.639
2023-09-22,133709,LIC MF Large & Mid Cap Fund-Direct Plan-IDCW,24.0742
2023-09-22,133710,LIC MF Large & Mid Cap Fund-Direct Plan-Growth,30.3386
2023-09-22,133711,LIC MF Large & Mid Cap Fund-Regular Plan-Growth,27.0092
2023-09-22,133712,LIC MF Large & Mid Cap Fund-Regular Plan-IDCW,21.8681
2023-09-22,133733,UTI Low Duration Fund - Regular Plan - Fortnightly IDCW,1332.1237
2023-09-22,133782,Kotak Corporate Bond Fund- Regular Plan-Growth Option,3274.6375
2023-09-22,133787,Kotak Corporate Bond Fund- Regular Plan-Monthly Dividend Option,1066.7505
2023-09-22,133791,Kotak Corporate Bond Fund- Direct Plan- Growth Option,3399.1086
2023-09-22,133792,Kotak Corporate Bond Fund- Direct Plan- Monthly Payout of Income Distribution cum capital withdrawal option,1075.0303
2023-09-22,133796,Kotak Infrastructure & Economic Reform Fund - Standard Plan-Growth,45.76
2023-09-22,133799,Kotak Infrastructure & Economic Reform Fund - Standard Plan-Payout of Income Distribution cum capital withdrawal option,36.597
2023-09-22,133800,Kotak Infrastructure & Economic Reform Fund- Direct Plan- Payout of Income Distribution cum capital withdrawal option,52.063
2023-09-22,133801,Kotak Infrastructure & Economic Reform Fund- Direct Plan- Growth Option,52.666
2023-09-22,133805,Kotak Low Duration Fund- Regular Plan-Growth Option,2951.2046
2023-09-22,133809,Kotak Low Duration Fund- Regular Plan-Standard Income Distribution cum capital withdrawal option,1124.9072
2023-09-22,133810,Kotak Low Duration Fund- Direct Plan- Growth Option,3174.5241
2023-09-22,133812,Kotak Low Duration Fund - Direct Plan- Standard Income Distribution cum capital withdrawal option,1349.0181
2023-09-22,133836,PGIM India Flexi Cap Fund - Regular Plan - Growth Option,27.86
2023-09-22,133837,PGIM India Flexi Cap Fund - Direct Plan - Dividend Option,19.7
2023-09-22,133838,PGIM India Flexi Cap Fund - Regular Plan - Dividend Option,17.87
2023-09-22,133839,PGIM India Flexi Cap Fund - Direct Plan - Growth Option,31.76
2023-09-22,133852,UTI Dynamic Bond Fund - Regular Plan - Annual IDCW,12.758
2023-09-22,133857,SBI Banking & Financial Services Fund - Direct Plan - Income Distribution cum Capital Withdrawal Option (IDCW),27.9926
2023-09-22,133858,SBI BANKING & FINANCIAL SERVICES FUND - REGULAR PLAN - GROWTH,28.6061
2023-09-22,133859,SBI BANKING & FINANCIAL SERVICES FUND - DIRECT PLAN - GROWTH,31.316
2023-09-22,133860,SBI Banking & Financial Services Fund - Regular Plan - Income Distribution cum Capital Withdrawal Option (IDCW),25.6891
2023-09-22,133865,NIPPON INDIA ELSS TAX SAVER FUND - DIRECT Plan - ANNUAL IDCW Option,19.2313
2023-09-22,133866,NIPPON INDIA ELSS TAX SAVER FUND - ANNUAL IDCW Option,18.106
2023-09-22,133867,BANK OF INDIA Credit Risk Fund - Regular Plan,10.9685
2023-09-22,133868,BANK OF INDIA Credit Risk  Fund - Direct Plan,11.1684
2023-09-22,133869,UTI Medium to Long Duration Fund - Regular Plan - Annual IDCW,12.1987
2023-09-22,133872,UTI Medium to Long Duration Fund - Regular Plan - Flexi IDCW,12.4613
2023-09-22,133873,UTI Ultra Short Duration Fund - Regular Plan - Quarterly IDCW,1165.5968
2023-09-22,133894,Axis Short Duration Fund - Direct Plan - Regular IDCW,17.7653
2023-09-22,133895,Axis Short Duration Fund - Regular Plan - Regular IDCW,17.9716
2023-09-22,133908,LIC MF Banking and Financial Services Fund-Direct Plan-IDCW,18.9915
2023-09-22,133919,DSP Low Duration Fund - Regular Plan - IDCW - Daily,10.1814
2023-09-22,133920,DSP Low Duration Fund - Regular Plan - IDCW - Monthly,10.5534
2023-09-22,133921,DSP Low Duration Fund - Regular Plan - IDCW - Quarterly,10.7846
2023-09-22,133922,DSP Low Duration Fund - Direct Plan - IDCW - Daily,10.1268
2023-09-22,133923,DSP Low Duration Fund - Direct Plan - IDCW - Weekly,10.1286
2023-09-22,133924,DSP Low Duration Fund - Direct Plan - IDCW - Quarterly,10.8185
2023-09-22,133925,DSP Low Duration Fund - Direct Plan - Growth,17.931
2023-09-22,133926,DSP Low Duration Fund - Regular Plan - Growth,17.4608
2023-09-22,133927,DSP Low Duration Fund - Regular Plan - IDCW - Weekly,10.1285
2023-09-22,133928,DSP Low Duration Fund - Direct Plan - IDCW - Monthly,11.6865
2023-09-22,133971,UTI Banking & PSU Fund - Regular Plan - Flexi IDCW,12.8491
2023-09-22,133972,UTI Banking & PSU Fund - Direct Plan - Flexi IDCW,16.7181
2023-09-22,133973,UTI Liquid Fund - Regular Plan - Annual IDCW,1668.3928
2023-09-22,133974,Tata Short Term Bond Fund- Direct Plan - Periodic Payout of IDCW Option,24.3439
2023-09-22,133975,Tata Short Term Bond Fund- Regular Plan - Periodic Payout of IDCW Option,22.2976
2023-09-22,134008,SBI Nifty Bank ETF,451.1173
2023-09-22,134013,SBI Nifty Next 50 ETF,474.3391
2023-09-22,134014,SBI BSE 100 ETF,217.0314
2023-09-22,134015,LIC MF Banking and Financial Services Fund-Regular Plan-IDCW,17.4065
2023-09-22,134016,LIC MF Banking and Financial Services Fund-Regular Plan-Growth,17.4095
2023-09-22,134017,LIC MF Banking and Financial Services Fund-Direct Plan-Growth,19.11
2023-09-22,134026,UTI Banking & PSU Fund - Direct Plan - Monthly IDCW,12.6943
2023-09-22,134383,Aditya Birla Sun Life Credit Risk Fund - Regular Plan - Growth,18.0526
2023-09-22,134385,Aditya Birla Sun Life Credit Risk Fund - Direct - IDCW,12.0142
2023-09-22,134386,Aditya Birla Sun Life Credit Risk Fund - Regular - IDCW,11.1255
2023-09-22,134387,Aditya Birla Sun Life Credit Risk Fund - Direct Plan - Growth,19.4758
2023-09-22,134388,Aditya Birla Sun Life Credit Risk Fund - Direct Plan - Bonus,19.4749
2023-09-22,134427,UTI Liquid Fund - Direct Plan - Annual IDCW,1676.5122
2023-09-22,134484,UTI Ultra Short Duration Fund - Regular Plan - Annual IDCW,1227.1808
2023-09-22,134493,Quantum Dynamic Bond Fund - Direct Plan Monthly IDCW,10.2756
2023-09-22,134494,Quantum Dynamic Bond Fund - Direct Plan Growth Option,18.6469
2023-09-22,134495,UTI Medium Duration Fund - Regular Plan - Monthly IDCW,11.5748
2023-09-22,134496,UTI Medium Duration Fund - Regular Plan - Quarterly IDCW,12.3554
2023-09-22,134497,UTI Medium Duration Fund - Regular Plan - Half-Yearly IDCW,11.9065
2023-09-22,134498,UTI Medium Duration Fund - Regular Plan - Flexi IDCW,11.8557
2023-09-22,134499,UTI Medium Duration Fund - Regular Plan - Growth Option,16.0498
2023-09-22,134500,UTI Medium Duration Fund - Regular Plan - Annual IDCW,12.2075
2023-09-22,134501,UTI Medium Duration Fund - Direct Plan - Monthly IDCW,10.4627
2023-09-22,134502,UTI Medium Duration Fund - Direct Plan - Quarterly IDCW,12.7289
2023-09-22,134503,UTI Medium Duration Fund - Direct Plan - Growth Option,17.0109
2023-09-22,134504,UTI Medium Duration Fund - Direct Plan - Half-Yearly IDCW,12.7418
2023-09-22,134505,UTI Medium Duration Fund - Direct Plan - Annual IDCW,13.0342
2023-09-22,134506,UTI Medium Duration Fund - Direct Plan - Flexi IDCW,13.2276
2023-09-22,134517,UTI Short Duration Fund - Regular Plan - Annual IDCW,12.235
2023-09-22,134545,Nippon India Banking and PSU Fund- Growth Plan- Growth Option,18.1035
2023-09-22,134547,Nippon India Banking and PSU  Fund- Direct Plan-Growth Plan- Growth Option,18.6573
2023-09-22,134548,NIPPON INDIA BANKING and PSU FUND - IDCW Option,18.1035
2023-09-22,134549,NIPPON INDIA BANKING and PSU FUND - MONTHLY IDCW Option,10.5877
2023-09-22,134550,NIPPON INDIA BANKING and PSU FUND - Direct Plan - MONTHLY IDCW Option,10.6508
2023-09-22,134551,NIPPON INDIA BANKING and PSU FUND - QUARTERLY IDCW Option,10.6051
2023-09-22,134552,Nippon India Banking and PSU Fund- Direct Plan-Growth Plan- Bonus Option,18.6575
2023-09-22,134553,NIPPON INDIA BANKING and PSU  FUND - WEEKLY IDCW Option,10.278
2023-09-22,134554,NIPPON INDIA BANKING and PSU FUND - Direct Plan - WEEKLY IDCW Option,10.2773
2023-09-22,134555,NIPPON INDIA BANKING and PSU  FUND - Direct Plan - IDCW Option,18.6573
2023-09-22,134556,NIPPON INDIA BANKING and PSU FUND - Direct Plan - QUARTERLY IDCW Option,10.6535
2023-09-22,134593,Nippon India Equity Savings Fund- Growth Plan- Growth Option,13.7907
2023-09-22,134594,Nippon India Equity Savings Fund- Direct Plan- Growth Plan-Growth Option,14.931
2023-09-22,134595,Nippon India Equity Savings Fund- Direct Plan- Growth Plan- Bonus Option,14.931
2023-09-22,134596,NIPPON INDIA EQUITY SAVINGS FUND - IDCW Option,11.8136
2023-09-22,134597,NIPPON INDIA EQUITY SAVINGS FUND - Direct Plan - IDCW Option,12.8708
2023-09-22,134598,NIPPON INDIA EQUITY SAVINGS FUND - MONTHLY IDCW Option,11.653
2023-09-22,134599,NIPPON INDIA EQUITY SAVINGS FUND - Direct Plan - MONTHLY IDCW Option,12.6851
2023-09-22,134600,NIPPON INDIA EQUITY SAVINGS FUND - QUARTERLY IDCW Option,11.645
2023-09-22,134601,NIPPON INDIA EQUITY SAVINGS FUND - Direct Plan - QUARTERLY IDCW Option,12.673
2023-09-22,134602,Nippon India Equity Savings Fund- Growth Plan- Bonus Option,13.7907
2023-09-22,134639,SBI Equity Savings Fund - Regular Plan - Monthly Income Distribution cum Capital Withdrawal Option (IDCW),18.4882
2023-09-22,134640,SBI Equity Savings Fund - Direct Plan - Quarterly Income Distribution cum Capital Withdrawal Option (IDCW),20.6248
2023-09-22,134641,SBI Equity Savings Fund - Direct Plan - Monthly Income Distribution cum Capital Withdrawal Option (IDCW),19.9273
2023-09-22,134642,SBI Equity Savings Fund - Regular Plan - Quarterly Income Distribution cum Capital Withdrawal Option (IDCW),18.8575
2023-09-22,134643,SBI Equity Savings Fund - Direct Plan - Growth,21.7795
2023-09-22,134644,SBI Equity Savings Fund - Regular Plan - Growth,19.9421
2023-09-22,134763,UTI Money Market Fund - Regular Plan - Half-Yearly IDCW,1517.3747
2023-09-22,134782,Nippon India ETF Nifty 50 Value 20,118.3101
2023-09-22,134788,UTI Dynamic Bond Fund - Direct Plan - Half-Yearly IDCW,14.2115
2023-09-22,134799,UTI Ultra Short Duration Fund - Regular Plan - Half-Yearly IDCW,1210.7262
2023-09-22,134813,Mirae Asset Aggressive Hybrid Fund - Direct Plan - Growth,28.429
2023-09-22,134814,Mirae Asset Aggressive Hybrid Fund - Direct Plan - IDCW,18.985
2023-09-22,134815,Mirae Asset Aggressive Hybrid Fund - Regular Plan - Growth,24.966
2023-09-22,134816,Mirae Asset Aggressive Hybrid Fund - Regular Plan - IDCW,15.963
2023-09-22,134846,LIC MF ULIS (10 Yrs. Single Premium)-Regular Plan-IDCW Reinvestment,29.821
2023-09-22,134847,LIC MF ULIS (10 Yrs. Regular Premium Reducing Cover Monthly)-Regular Plan-IDCW Reinvestment,29.821
2023-09-22,134863,LIC MF ULIS (10 Yrs. Regular Premium Uniform Cover Monthly)-Regular Plan-IDCW Reinvestment,29.821
2023-09-22,134864,LIC MF ULIS (10 Yrs. Regular Premium Reducing Cover Yearly)-Regular Plan-IDCW Reinvestment,29.821
2023-09-22,134865,LIC MF ULIS (10 Yrs. Regular Premium Reducing Cover Half-Yearly)-Regular Plan-IDCW Reinvestment,29.821
2023-09-22,134867,LIC MF ULIS (10 Yrs. Regular Premium Uniform Cover Half-Yearly)-Regular Plan-IDCW Reinvestment,29.821
2023-09-22,134868,LIC MF ULIS (10 Yrs. Regular Premium Uniform Cover Yearly)-Regular Plan-IDCW Reinvestment,29.821
2023-09-22,134869,LIC MF ULIS (15 Yrs. Regular Premium Reducing Cover Monthly)-Regular Plan-IDCW Reinvestment,29.821
2023-09-22,134870,LIC MF ULIS (15 Yrs. Regular Premium Reducing Cover Half-Yearly)-Regular Plan-IDCW Reinvestment,29.821
2023-09-22,134871,LIC MF ULIS (15 Yrs. Regular Premium Reducing Cover Yearly)-Regular Plan-IDCW Reinvestment,29.821
2023-09-22,134872,LIC MF ULIS (15 Yrs. Regular Premium Uniform Cover Monthly)-Regular Plan-IDCW Reinvestment,29.821
2023-09-22,134873,LIC MF ULIS (15 Yrs. Regular Premium Uniform Cover Half-Yearly)-Regular Plan-IDCW Reinvestment,29.821
2023-09-22,134874,LIC MF ULIS (15Yrs. Regular Premium Uniform Cover Yearly)-Regular Plan-IDCW Reinvestment,29.821
2023-09-22,134875,LIC MF ULIS (10 Yrs. Single Premium)-Direct Plan-IDCW Reinvestment,32.5389
2023-09-22,134876,LIC MF ULIS (10 Yrs. Regular Premium Reducing Cover Monthly)-Direct Plan-IDCW Reinvestment,32.5389
2023-09-22,134877,LIC MF ULIS (10 Yrs. Regular Premium Reducing Cover Yearly)-Direct Plan-IDCW Reinvestment,32.5389
2023-09-22,134878,LIC MF ULIS (10 Yrs. Regular Premium Reducing Cover Half-Yearly)-Direct Plan-IDCW Reinvestment,32.5389
2023-09-22,134879,LIC MF ULIS (10 Yrs. Regular Premium Uniform Cover Half-Yearly)-Direct Plan-IDCW Reinvestment,32.5389
2023-09-22,134880,LIC MF ULIS (10 Yrs. Regular Premium Uniform Cover Yearly)-Direct Plan-IDCW Reinvestment,32.5389
2023-09-22,134881,LIC MF ULIS (10 Yrs. Regular Premium Uniform Cover Monthly)-Direct Plan-IDCW Reinvestment,32.5389
2023-09-22,134882,LIC MF ULIS (15 Yrs. Regular Premium Reducing Cover Half-Yearly)-Direct Plan-IDCW Reinvestment,32.5389
2023-09-22,134883,LIC MF ULIS (15 Yrs. Regular Premium Reducing Cover Yearly)-Direct Plan-IDCW Reinvestment,32.5389
2023-09-22,134884,LIC MF ULIS (15 Yrs. Regular Premium Reducing Cover Monthly)-Direct Plan-IDCW Reinvestment,32.5389
2023-09-22,134885,LIC MF ULIS (15 Yrs. Regular Premium Uniform Cover Half-Yearly)-Direct Plan-IDCW Reinvestment,32.5389
2023-09-22,134886,LIC MF ULIS (15 Yrs. Regular Premium Uniform Cover Yearly)-Direct Plan-IDCW Reinvestment,32.5389
2023-09-22,134887,LIC MF ULIS (15 Yrs. Regular Premium Uniform Cover Monthly)-Direct Plan-IDCW Reinvestment,32.5389
2023-09-22,134922,Nippon India US Equity Opportunities Fund- Growth Plan- Growth Option,24.8306
2023-09-22,134923,Nippon India US Equity Opportunities Fund- Direct Plan- Growth Plan- Growth Option,27.1486
2023-09-22,134924,NIPPON INDIA - US EQUITY OPPORTUNITIES FUND - IDCW Option,24.8306
2023-09-22,134925,NIPPON INDIA - US EQUITY OPPORTUNITIES FUND - Direct Plan - IDCW Option,27.1486
2023-09-22,134954,JM Large Cap Fund (Regular) - Quarterly IDCW,26.21
2023-09-22,134955,JM Large Cap Fund (Regular) - Half Yearly IDCW,19.0393
2023-09-22,134956,JM Large Cap Fund (Direct) - Monthly IDCW,52.8789
2023-09-22,134957,JM Large Cap Fund (Direct) - Half Yearly IDCW,52.9895
2023-09-22,134958,JM Large Cap Fund (Direct) - Annual IDCW,53.3617
2023-09-22,134959,JM Large Cap Fund (Regular) - Monthly IDCW,18.0462
2023-09-22,134960,JM Large Cap Fund (Direct) - Quarterly IDCW,53.3713
2023-09-22,134961,JM Large Cap Fund (Regular) - Annual IDCW,23.1844
2023-09-22,134972,UTI Money Market Fund - Regular Plan - Annual IDCW,1608.3856
2023-09-22,134973,UTI Money Market Fund - Direct Plan - Annual IDCW,1619.7232
2023-09-22,134998,UTI Medium to Long Duration Fund - Direct Plan - Half-Yearly IDCW,12.9818
2023-09-22,135051,UTI Credit Risk Fund - Regular Plan - Flexi IDCW,9.7121
2023-09-22,135106,SBI Nifty 50 ETF,205.1168
2023-09-22,135120,Axis Equity Savings Fund - Direct Plan - Growth,20.18
2023-09-22,135121,Axis Equity Savings Fund - Direct Plan - Monthly IDCW,12.89
2023-09-22,135122,Axis Equity Savings Fund - Regular Plan - Growth,18.24
2023-09-22,135123,Axis Equity Savings Fund - Regular Plan - Monthly IDCW,11.41
2023-09-22,135124,Axis Equity Savings Fund - Direct Plan - Quarterly IDCW,13.29
2023-09-22,135125,Axis Equity Savings Fund - Regular Plan - Quarterly IDCW,11.74
2023-09-22,135167,JM Arbitrage Fund (Regular) - Annual IDCW,12.8194
2023-09-22,135168,JM Arbitrage Fund (Regular) - Monthly IDCW,11.4082
2023-09-22,135169,JM Arbitrage Fund (Regular) - Quarterly IDCW,13.1039
2023-09-22,135170,JM Arbitrage Fund (Regular) - Half Yearly IDCW,12.9127
2023-09-22,135171,JM Arbitrage Fund (Direct) - Half Yearly IDCW,14.1399
2023-09-22,135172,JM Arbitrage Fund (Direct) - Monthly IDCW,12.3439
2023-09-22,135173,JM Arbitrage Fund (Direct) - Annual IDCW,13.9105
2023-09-22,135174,JM Arbitrage Fund (Direct) - Quarterly IDCW,14.5231
2023-09-22,135191,UTI Low Duration Fund - Direct Plan - Fortnightly IDCW,1340.8436
2023-09-22,135290,UTI Credit Risk Fund - Direct Plan - Annual IDCW,10.8373
2023-09-22,135320,UTI Nifty 50 ETF,2111.5236
2023-09-22,135321,UTI BSE Sensex ETF,708.2926
2023-09-22,135336,UTI Dynamic Bond Fund - Regular Plan - Flexi IDCW,14.2975
2023-09-22,135341,Groww Value Fund (formerly known as Indiabulls Value Fund) - Direct Plan - Growth Option,22.8246
2023-09-22,135342,Groww Value Fund (formerly known as Indiabulls Value Fund)- Direct Plan- - Income Distribution cum capital withdrawal Option (Payout & Reinvestment),22.7392
2023-09-22,135343,Groww Value Fund (formerly known as Indiabulls Value Fund) - Regular Plan - Growth Option,19.6147
2023-09-22,135344,Groww Value Fund (formerly known as Indiabulls Value Fund)- Regular Plan - Income Distribution cum capital withdrawal Option (Payout & Reinvestment),19.6081
2023-09-22,135371,UTI Money Market Fund - Regular Plan - Fortnightly IDCW,1160.721
2023-09-22,135390,ICICI Prudential Nifty 50 Index Fund - IDCW Option,25.985
2023-09-22,135391,ICICI Prudential Nifty 50 Index Fund - Direct Plan IDCW Option,27.2566
2023-09-22,135418,UTI Credit Risk Fund - Direct Plan - Half-Yearly IDCW,10.6383
2023-09-22,135419,UTI Credit Risk Fund - Regular Plan - Half-Yearly IDCW,10.0363
2023-09-22,135497,UTI Short Duration Fund - Direct Plan - Annual IDCW,12.3456
2023-09-22,135500,Kotak Bond Short Term Plan - Direct - Standard Income Distribution cum capital withdrawal option,14.0229
2023-09-22,135501,Kotak Bond Short Term Plan - Regular Plan - Normal Dividend,10.8062
2023-09-22,135536,UTI Dynamic Bond Fund - Direct Plan - Annual IDCW,13.4191
2023-09-22,135581,UTI Medium to Long Duration Fund - Regular Plan - Half-Yearly IDCW,12.6613
2023-09-22,135598,PGIM India ELSS Tax Saver Fund - Regular Plan - Growth Option,27.28
2023-09-22,135599,PGIM India ELSS Tax Saver Fund - Regular Plan - Dividend Option,17.11
2023-09-22,135600,PGIM India ELSS Tax Saver Fund - Direct Plan - Dividend Option,17.67
2023-09-22,135601,PGIM India ELSS Tax Saver Fund - Direct Plan - Growth Option,30.37
2023-09-22,135606,UTI Money Market Fund - Direct Plan - Fortnightly IDCW,1252.7362
2023-09-22,135607,LIC MF Nifty 50 ETF,213.9656
2023-09-22,135652,Navi ELSS Tax Saver Fund - Regular Plan IDCW Payout,23.42
2023-09-22,135653,Navi ELSS Tax Saver Fund - Direct Plan IDCW Payout,26.5032
2023-09-22,135654,Navi ELSS Tax Saver Fund- Direct Plan- Growth Option,26.811
2023-09-22,135655,Navi ELSS Tax Saver Fund- Regular Plan- Growth Option,23.4195
2023-09-22,135672,LIC MF BSE Sensex ETF,723.5107
2023-09-22,135677,Navi Large & Midcap Fund- Direct Plan- Growth Option,32.7952
2023-09-22,135678,Navi Large & Midcap Fund- Regular Plan- Growth Option,28.3914
2023-09-22,135679,Navi Large & Midcap Fund - Direct Normal IDCW Payout,32.4005
2023-09-22,135680,Navi Large & Midcap Fund - Regular Normal IDCW Payout,28.3883
2023-09-22,135681,Sundaram Long Term Tax Advantage Fund Series II Direct Plan - Payout of Income Distribution cum Capital Withdrawal (IDCW),22.9329
2023-09-22,135682,Sundaram Long Term Tax Advantage Fund Series II Direct Plan - Growth,28.304
2023-09-22,135683,Sundaram Long Term Tax Advantage Fund Series II Regular Plan - Payout of Income Distribution cum Capital Withdrawal (IDCW),22.2444
2023-09-22,135684,Sundaram Long Term Tax Advantage Fund Series II Regular Plan - Growth,27.56
2023-09-22,135721,UTI Liquid Fund - Regular Plan - Quarterly IDCW,1575.3362
2023-09-22,135744,Kotak Nifty 50 Value 20 ETF - Payout of Income Distribution cum capital withdrawal option,117.4624
2023-09-22,135759,Axis Children's Fund - Lock in - Regular Growth,20.8136
2023-09-22,135760,Axis Children's Fund - Lock in - Regular Plan - IDCW,20.825
2023-09-22,135761,Axis Children's Fund - No Lock in - Regular Plan - IDCW,20.8076
2023-09-22,135762,Axis Children's Fund - Lock in - Direct Growth,23.1776
2023-09-22,135763,Axis Children's Fund - No Lock in - Direct Plan - IDCW,23.1927
2023-09-22,135764,Axis Children's Fund - No Lock in - Direct Growth,23.5442
2023-09-22,135765,Axis Children's Fund - Lock in - Direct Plan - IDCW,23.1579
2023-09-22,135766,Axis Children's Fund - No Lock in - Regular Plan - Growth,20.8111
2023-09-22,135781,Mirae Asset ELSS Tax Saver Fund - Direct Plan - Growth,39.847
2023-09-22,135782,Mirae Asset ELSS Tax Saver Fund - Direct Plan - IDCW,23.656
2023-09-22,135783,Mirae Asset ELSS Tax Saver Fund - Regular Plan - IDCW,20.454
2023-09-22,135784,Mirae Asset ELSS Tax Saver Fund - Regular Plan - Growth,35.848
2023-09-22,135789,TATA Banking & Financial Services Fund Direct Plan - Payout of Income Distribution cum capital withdrawal option,36.5877
2023-09-22,135790,TATA Banking & Financial Services Fund Regular Plan - Payout of Income Distribution cum capital withdrawal option,29.6839
2023-09-22,135791,TATA Banking & Financial Services Fund Regular Plan - Reinvestment of Income Distribution cum capital withdrawal option,29.6839
2023-09-22,135792,TATA Banking & Financial Services Fund Direct Plan - Reinvestment of Income Distribution cum capital withdrawal option,36.5877
2023-09-22,135793,Tata Banking And Financial Services Fund-Direct Plan-Growth,36.5877
2023-09-22,135794,Tata Banking And Financial Services Fund-Regular Plan-Growth,32.2714
2023-09-22,135795,TATA Digital India Fund Direct Plan - Payout of Income Distribution cum capital withdrawal option,41.9893
2023-09-22,135796,TATA Digital India Fund Regular Plan - Payout of Income Distribution cum capital withdrawal option,36.9073
2023-09-22,135797,Tata Digital India Fund-Regular Plan-Growth,36.9073
2023-09-22,135798,TATA Digital India Fund Direct Plan - Reinvestment of Income Distribution cum capital withdrawal option,41.9893
2023-09-22,135799,TATA Digital India Fund Regular Plan - Reinvestment of Income Distribution cum capital withdrawal option,36.9073
2023-09-22,135800,Tata Digital India Fund-Direct Plan-Growth,41.9893
2023-09-22,135801,TATA India Consumer Fund Direct Plan - Reinvestment of Income Distribution cum capital withdrawal option,36.1963
2023-09-22,135802,TATA India Consumer Fund Regular Plan - Payout of Income Distribution cum capital withdrawal option,29.6838
2023-09-22,135803,TATA India Consumer Fund Regular Plan - Reinvestment of Income Distribution cum capital withdrawal option,29.6838
2023-09-22,135804,Tata India Consumer Fund-Regular Plan-Growth,32.1899
2023-09-22,135805,Tata India Consumer Fund-Direct Plan-Growth,36.1963
2023-09-22,135806,TATA India Consumer Fund Direct Plan - Payout of Income Distribution cum capital withdrawal option,36.1963
2023-09-22,135807,TATA India Pharma & Health Care Fund Direct Plan - Payout of Income Distribution cum capital withdrawal option,22.3971
2023-09-22,135808,TATA India Pharma & Healthcare Fund Direct Plan - Reinvestment of Income Distribution cum capital withdrawal option,22.3971
2023-09-22,135809,TATA India Pharma & Health Care Fund Regular Plan - Payout of Income Distribution cum capital withdrawal option,19.7829
2023-09-22,135810,Tata India Pharma & Healthcare Fund-Direct Plan-Growth,22.3971
2023-09-22,135811,TATA India Pharma & Healthcare Fund Regular Plan - Reinvestment of Income Distribution cum capital withdrawal option,19.7829
2023-09-22,135812,Tata India Pharma & Healthcare Fund-Regular Plan-Growth,19.7829
2023-09-22,135813,Tata Resources & Energy Fund-Direct Plan-Growth,36.6556
2023-09-22,135814,TATA Resources & Energy Fund Regular Plan - Payout of Income Distribution cum capital withdrawal option,29.4177
2023-09-22,135815,Tata Resources & Energy Fund-Regular Plan-Growth,32.1636
2023-09-22,135816,TATA Resources & Energy Fund Direct Plan - Reinvestment of Income Distribution cum capital withdrawal option,36.6556
2023-09-22,135817,TATA Resources & Energy Fund Direct Plan - Payout of Income Distribution cum capital withdrawal option,36.6556
2023-09-22,135818,TATA Resources & Energy Fund Regular Plan - Reinvestment of Income Distribution cum capital withdrawal option,29.4177
2023-09-22,135853,HDFC NIFTY 50 ETF - Growth Plan,214.7053
2023-09-22,135854,HDFC BSE Sensex ETF - Growth Plan,725.3688
2023-09-22,135914,BANDHAN Corporate Bond Fund - Regular Growth,16.7886
2023-09-22,135915,BANDHAN Corporate Bond Fund - Regular Periodic IDCW,11.3177
2023-09-22,135916,BANDHAN Corporate Bond Fund - Direct Growth,17.1909
2023-09-22,135917,BANDHAN Corporate Bond Fund - Direct Periodic IDCW,11.4052
2023-09-22,135976,LIC MF ULIS (10 Yrs. Regular Premium Reducing Cover Quarterly)-Direct Plan-IDCW Reinvestment,32.5389
2023-09-22,135977,LIC MF ULIS (10 Yrs. Regular Premium Uniform Cover Quarterly)-Direct Plan-IDCW Reinvestment,32.5389
2023-09-22,135978,LIC MF ULIS (15 Yrs. Regular Premium Reducing Cover Quarterly)-Direct Plan-IDCW Reinvestment,32.5389
2023-09-22,135979,LIC MF ULIS (10 Yrs. Regular Premium Reducing Cover Quarterly)-Regular Plan-IDCW Reinvestment,29.821
2023-09-22,135980,LIC MF ULIS (15 Yrs. Regular Premium Uniform Cover Quarterly)-Direct Plan-IDCW Reinvestment,32.5389
2023-09-22,135981,LIC MF ULIS (15 Yrs. Regular Premium Reducing Cover Quarterly)-Regular Plan-IDCW Reinvestment,29.821
2023-09-22,135982,LIC MF ULIS (15 Yrs. Regular Premium Uniform Cover Quarterly)-Regular Plan-IDCW Reinvestment,29.821
2023-09-22,135983,LIC MF ULIS (10 Yrs. Regular Premium Uniform Cover Quarterly)-Regular Plan-IDCW Reinvestment,29.821
2023-09-22,136004,SBI Long Term Advantage Fund - Series III - Regular Plan - Growth,31.5536
2023-09-22,136005,SBI Long Term Advantage Fund - Series III - Regular Plan - Income Distribution cum Capital Withdrawal Option (IDCW),26.7183
2023-09-22,136006,SBI Long Term Advantage Fund - Series III - Direct Plan - Income Distribution cum Capital Withdrawal Option (IDCW),28.1533
2023-09-22,136007,SBI Long Term Advantage Fund - Series III - Direct Plan - Growth,33.4051
2023-09-22,136090,HDFC Retirement Savings Fund - Equity Plan - Growth Option,37.585
2023-09-22,136094,HDFC Retirement Savings Fund - Equity Plan - Growth Option - Direct Plan,41.738
2023-09-22,136110,UTI Banking & PSU Fund - Regular Plan - Monthly IDCW,12.5552
2023-09-22,136111,Invesco India Ultra Short Duration Fund - Regular Plan - Daily IDCW (Reinvestment),1255.6827
2023-09-22,136112,Invesco India Ultra Short Duration Fund - Direct Plan - Daily IDCW (Reinvestment),1278.231
2023-09-22,136113,ICICI Prudential Equity & Debt Fund - Annual IDCW,21.18
2023-09-22,136114,ICICI Prudential Equity & Debt Fund - Direct Plan - Annual IDCW,22.98
2023-09-22,136302,UTI Credit Risk Fund - Direct Plan - Flexi IDCW,10.6005
2023-09-22,136345,UTI Low Duration Fund - Regular Plan - Half-Yearly IDCW,1227.1963
2023-09-22,136463,HDFC Retirement Savings Fund - Hybrid-Equity Plan - Growth Option,30.35
2023-09-22,136464,HDFC Retirement Savings Fund - Hybrid-Equity Plan - Growth Option - Direct Plan,33.732
2023-09-22,136465,HDFC Retirement Savings Fund - Hybrid-Debt Plan - Growth Option - Direct Plan,20.3236
2023-09-22,136466,HDFC Retirement Savings Fund - Hybrid-Debt Plan - Growth Option,18.388
2023-09-22,136473,LIC MF Nifty 100 ETF,210.0342
2023-09-22,136563,DSP Equity Savings Fund - Regular Plan - Growth,17.823
2023-09-22,136564,DSP Equity Savings Fund - Regular Plan - IDCW,11.779
2023-09-22,136565,DSP Equity Savings Fund - Regular Plan - IDCW - Monthly,12.841
2023-09-22,136566,DSP Equity Savings Fund - Regular Plan - IDCW - Quarterly,12.908
2023-09-22,136567,DSP Equity Savings Fund - Direct Plan - Growth,19.67
2023-09-22,136568,DSP Equity Savings Fund - Direct Plan - IDCW,12.811
2023-09-22,136569,DSP Equity Savings Fund - Direct Plan - IDCW - Monthly,15.496
2023-09-22,136570,DSP Equity Savings Fund - Direct Plan - IDCW - Quarterly,15.496
2023-09-22,138254,PGIM India Short Duration Fund - Monthly Dividend,11.4986
2023-09-22,138256,PGIM India Short Duration Fund - Growth,39.3033
2023-09-22,138265,PGIM India Short Duration Fund - Quarterly Dividend,10.2098
2023-09-22,138268,PGIM India Short Duration Fund - Direct Plan - Monthly Dividend,12.1988
2023-09-22,138270,PGIM India Short Duration Fund - Direct Plan - Growth,42.8301
2023-09-22,138271,PGIM India Short Duration Fund - Direct Plan - Quarterly Dividend,10.8145
2023-09-22,138285,PGIM India Liquid Fund - Daily Dividend,100.304
2023-09-22,138287,PGIM India Liquid Fund - Monthly Dividend,113.7564
2023-09-22,138288,PGIM India Liquid Fund - Growth,300.3197
2023-09-22,138289,PGIM India Liquid Fund - Weekly Dividend,100.6347
2023-09-22,138297,PGIM India Liquid Fund - Direct Plan - Daily Dividend,108.57
2023-09-22,138298,PGIM India Liquid Fund - Direct Plan - Monthly Dividend,113.1746
2023-09-22,138299,PGIM India Liquid Fund - Direct Plan - Growth,303.2376
2023-09-22,138301,PGIM India Liquid Fund - Direct Plan - Weekly Dividend,100.6376
2023-09-22,138307,PGIM India Large Cap Fund - Dividend,19.27
2023-09-22,138308,PGIM India Large Cap Fund - Growth,271.84
2023-09-22,138312,PGIM India Large Cap Fund - Direct Plan - Growth,313.7
2023-09-22,138313,PGIM India Large Cap Fund - Direct Plan - Dividend,26.77
2023-09-22,138315,PGIM India Corporate Bond Fund - Quarterly Dividend,11.619
2023-09-22,138316,PGIM India Corporate Bond Fund - Monthly Dividend,13.0149
2023-09-22,138317,PGIM India Corporate Bond Fund - Annual Dividend,10.5703
2023-09-22,138318,PGIM India Corporate Bond Fund - Growth,37.7906
2023-09-22,138329,PGIM India Corporate Bond Fund - Direct Plan - Annual Dividend,16.0668
2023-09-22,138330,PGIM India Corporate Bond Fund - Direct Plan - Growth,41.5696
2023-09-22,138331,PGIM India Corporate Bond Fund - Direct Plan - Monthly Dividend,15.0469
2023-09-22,138332,PGIM India Corporate Bond Fund - Direct Plan - Quarterly Dividend,13.1446
2023-09-22,138341,PGIM India Ultra Short Duration Fund - Weekly Dividend,10.088
2023-09-22,138342,PGIM India Ultra Short Duration Fund - Daily Dividend,10.0203
2023-09-22,138343,PGIM India Ultra Short Duration Fund - Growth,30.2812
2023-09-22,138344,PGIM India Ultra Short Duration Fund - Monthly Dividend,13.0775
2023-09-22,138358,PGIM India Ultra Short Duration Fund - Direct Plan - Growth,31.301
2023-09-22,138359,PGIM India Ultra Short Duration Fund - Direct Plan - Monthly Dividend,12.1781
2023-09-22,138361,PGIM India Ultra Short Duration Fund - Direct Plan - Daily Dividend,10.0179
2023-09-22,138362,PGIM India Ultra Short Duration Fund - Direct Plan - Weekly Dividend,10.2768
2023-09-22,138369,PGIM India Equity Savings Fund - Monthly Dividend option,12.5665
2023-09-22,138371,PGIM India Equity Savings Fund - Annual Dividend option,15.1902
2023-09-22,138372,PGIM India Equity Savings Fund - Growth Option,42.9708
2023-09-22,138375,PGIM India Equity Savings Fund - Direct Plan - Annual Dividend,15.8367
2023-09-22,138376,PGIM India Equity Savings Fund - Direct Plan - Growth,47.9787
2023-09-22,138377,PGIM India Equity Savings Fund - Direct Plan - Monthly Dividend,13.5935
2023-09-22,138381,PGIM India Aggressive Hybrid Equity Fund - Dividend Option,14.3
2023-09-22,138382,PGIM India Aggressive Hybrid Equity Fund - Growth Option,101.64
2023-09-22,138386,PGIM India Aggressive Hybrid Equity Fund - Direct Plan - Growth,117.9
2023-09-22,138387,PGIM India Aggressive Hybrid Equity Fund - Direct Plan - Dividend,24.62
2023-09-22,138423,PGIM India Low Duration Fund - GR,26.0007
2023-09-22,138424,PGIM India Low Duration Fund- MONTHLY DIV,10.2325
2023-09-22,138425,PGIM India Low Duration Fund- WEEKLY DIV,10.1095
2023-09-22,138430,PGIM India Low Duration Fund - DAILY DIV,10.0299
2023-09-22,138439,PGIM India Low Duration Fund - Direct Plan - Monthly Dividend,10.3456
2023-09-22,138441,PGIM India Low Duration Fund - Direct Plan - Daily Dividend,10.0302
2023-09-22,138443,PGIM India Low Duration Fund - Direct Plan - Growth,27.9012
2023-09-22,138446,PGIM India Low Duration Fund - Direct Plan - Weekly Dividend,10.2247
2023-09-22,138453,PGIM India Emerging Markets Equity Fund of Fund- Growth,11.48
2023-09-22,138456,PGIM India Emerging Markets Equity Fund of Fund - Direct Plan - Growth,12.84
2023-09-22,138467,PGIM India Gilt Fund - Quarterly Dividend,13.9426
2023-09-22,138470,PGIM India Gilt Fund - Growth,26.3143
2023-09-22,138472,PGIM India Gilt Fund - Direct Plan - Growth,27.9746
2023-09-22,138474,PGIM India Gilt Fund - Direct Plan - Quarterly Dividend,14.5805
2023-09-22,138523,PGIM India Global Equity Opportunities Fund of Fund- Growth,30.55
2023-09-22,138528,PGIM India Global Equity Opportunities Fund of Fund- Direct Plan - Growth,33.98
2023-09-22,138564,PGIM India Banking and PSU Debt fund- Direct Plan-Growth,22.3278
2023-09-22,138566,PGIM India Banking and PSU Debt fund -Growth,21.2963
2023-09-22,138567,PGIM India Banking and PSU Debt fund- Direct Plan- Quarterly Dividend,10.7309
2023-09-22,138571,PGIM India Banking and PSU Debt fund - Quarterly Dividend,10.6617
2023-09-22,138579,PGIM India Banking and PSU Debt Fund - Regular Dividend,10.4081
2023-09-22,138580,PGIM India Banking and PSU Debt Fund - Direct Plan - Regular Dividend,10.4288
2023-09-22,138875,PGIM India Arbitrage Fund - Direct Plan - Growth,17.2231
2023-09-22,138876,PGIM India Arbitrage Fund - Regular Plan - Growth,16.3208
2023-09-22,138877,PGIM India Arbitrage Fund - Direct Plan - Regular Dividend,12.1599
2023-09-22,138878,PGIM India Arbitrage Fund - Direct Plan - Monthly Dividend,10.8434
2023-09-22,138883,PGIM India Arbitrage Fund - Regular Plan - Monthly Dividend,10.7538
2023-09-22,138887,PGIM India Arbitrage Fund - Regular Plan - Regular Dividend,11.4771
2023-09-22,139181,UTI Dynamic Bond Fund - Regular Plan - Half-Yearly IDCW,13.2923
2023-09-22,139198,BANDHAN Corporate Bond Fund - Direct Monthly IDCW,10.3792
2023-09-22,139199,BANDHAN Corporate Bond Fund - Direct Quarterly IDCW,10.5299
2023-09-22,139200,BANDHAN Corporate Bond Fund - Direct Half Yearly IDCW,11.7573
2023-09-22,139201,BANDHAN Corporate Bond Fund - Direct Annual IDCW,10.5135
2023-09-22,139202,BANDHAN Corporate Bond Fund - Regular Monthly IDCW,10.6318
2023-09-22,139203,BANDHAN Corporate Bond Fund - Regular Half Yearly IDCW,11.1296
2023-09-22,139204,BANDHAN Corporate Bond Fund - Regular Annual IDCW,10.4947
2023-09-22,139205,BANDHAN Corporate Bond Fund - Regular Quarterly IDCW,10.5687
2023-09-22,139235,Canara Robeco Liquid Fund -Unclaimed Redemption and Dividend Plan -Direct Growth Option,1518.65
2023-09-22,139236,UTI MMF - Regular Plan - Flexi Dividend Option,1044.8374
2023-09-22,139339,UTI Medium to Long Duration Fund - Direct Plan - Annual IDCW,12.2704
2023-09-22,139386,Navi Liquid Fund-Unclaimed Redemption and Dividend Plan less than 3 years,25.2912
2023-09-22,139387,Invesco India Liquid Fund - Unclaimed Redemption Plan - Below 3 years,1512.9265
2023-09-22,139388,Invesco India Liquid Fund - Unclaimed Redemption Plan - Above 3 Years,1000.0
2023-09-22,139389,Invesco India Liquid Fund - Unclaimed Dividend Plan - Below 3 Years,1512.9744
2023-09-22,139390,Invesco India Liquid Fund - Unclaimed Dividend Plan - Above 3 Years,1000.0
2023-09-22,139407,UTI Banking & PSU Fund - Regular Plan - Half-Yearly IDCW,12.7955
2023-09-22,139430,SBI Nifty 10 yr Benchmark G-Sec ETF,218.4502
2023-09-22,139455,ICICI Prudential Nifty50 Value 20 ETF,115.1881
2023-09-22,139496,Nippon India ETF Nifty 8-13 yr G-Sec Long Term Gilt,24.4026
2023-09-22,139519,ICICI Prudential BSE Midcap Select ETF,120.6718
2023-09-22,139520,Axis Equity Savings Fund - Direct Plan - Regular IDCW,13.21
2023-09-22,139521,Axis Equity Savings Fund - Regular Plan - Regular IDCW,12.54
2023-09-22,139527,BANK OF INDIA MID & SMALL CAP EQUITY & DEBT FUND - DIRECT PLAN GROWTH,29.3
2023-09-22,139528,BANK OF INDIA MID & SMALL CAP EQUITY & DEBT FUND - REGULAR  PLAN IDCW,23.29
2023-09-22,139529,BANK OF INDIA MID & SMALL CAP EQUITY & DEBT FUND - REGULAR  PLAN  GROWTH,27.48
2023-09-22,139530,BANK OF INDIA MID & SMALL CAP EQUITY & DEBT FUND - DIRECT PLAN IDCW,23.93
2023-09-22,139534,Mahindra Manulife Liquid Fund - Regular Plan - Daily IDCW,1000.4699
2023-09-22,139535,Mahindra Manulife Liquid Fund - Direct Plan - Daily IDCW,1065.6717
2023-09-22,139536,Mahindra Manulife Liquid Fund - Direct Plan - Weekly IDCW,1003.1589
2023-09-22,139537,Mahindra Manulife Liquid Fund - Regular Plan - Growth,1500.8141
2023-09-22,139538,Mahindra Manulife Liquid Fund - Direct Plan -Growth,1513.9185
2023-09-22,139541,Mahindra Manulife Liquid Fund - Regular Plan - Weekly IDCW,1009.5752
2023-09-22,139568,UTI Ultra Short Duration Fund - Direct Plan - Annual IDCW,1252.5892
2023-09-22,139581,Aditya Birla Sun Life BSE Sensex ETF,64.4726
2023-09-22,139582,BANDHAN LIQUID Fund - Unclaimed IDCW Less than 3 years,1.4963
2023-09-22,139583,BANDHAN LIQUID Fund - Unclaimed IDCW More than 3 years,1.0
2023-09-22,139584,BANDHAN LIQUID Fund - Unclaimed Redemption Less than 3 years,1.4963
2023-09-22,139585,BANDHAN LIQUID Fund - Unclaimed Redemption More than 3 years,1.0
2023-09-22,139616,Taurus Unclaimed Dividend - Growth,15.3715
2023-09-22,139617,Taurus Unclaimed Redemption - Growth,15.3728
2023-09-22,139618,Taurus Investor Education Pool - Unclaimed Redemption - Growth,10.0
2023-09-22,139619,Taurus Investor Education Pool - Unclaimed Dividend - Growth,10.0
2023-09-22,139679,NIPPON INDIA AGGRESSIVE HYBRID FUND - DIRECT Plan - MONTHLY IDCW Option,15.4626
2023-09-22,139680,NIPPON INDIA AGGRESSIVE HYBRID FUND - MONTHLY IDCW Option,14.2741
2023-09-22,139709,Sundaram Long Term Micro Cap Tax Advantage Fund Series III Regular Plan - Growth,25.1922
2023-09-22,139710,Sundaram Long Term Micro Cap Tax Advantage Fund Series III Direct Plan - Payout of Income Distribution cum Capital Withdrawal (IDCW),23.8152
2023-09-22,139711,Sundaram Long Term Micro Cap Tax Advantage Fund Series III Direct Plan - Growth,25.856
2023-09-22,139712,Sundaram Long Term Micro Cap Tax Advantage Fund Series III Regular Plan - Payout of Income Distribution cum Capital Withdrawal (IDCW),23.1821
2023-09-22,139780,Mahindra Manulife ELSS Tax Saver Fund - Regular Plan - IDCW,16.1479
2023-09-22,139781,Mahindra Manulife ELSS Tax Saver Fund - Direct Plan -Growth,25.251
2023-09-22,139782,Mahindra Manulife ELSS Tax Saver Fund- Direct Plan - IDCW,18.8551
2023-09-22,139783,Mahindra Manulife ELSS Tax Saver Fund- Regular Plan - Growth,22.1541
2023-09-22,139820,PGIM India Aggressive Hybrid Equity Fund-Direct Plan-Monthly Dividend Option,23.97
2023-09-22,139821,PGIM India Aggressive Hybrid Equity Fund-Monthly Dividend Option,22.11
2023-09-22,139838,UTI Liquid Fund - Regular Plan - Fortnightly IDCW,1156.3647
2023-09-22,139839,BANDHAN Nifty 50 ETF,210.785
2023-09-22,139840,BANDHAN BSE Sensex ETF,702.3839
2023-09-22,139863,Motilal Oswal Balanced Advantage Fund (MOFDYNAMIC) - Regular Plan - Annual Dividend Payout Option,15.0714
2023-09-22,139865,Motilal Oswal Balanced Advantage Fund Direct - Quarterly IDCW Payout/Reinvestment,13.2782
2023-09-22,139866,Motilal Oswal Balanced Advantage Fund Direct - Annual IDCW Payout/Reinvestment,15.5344
2023-09-22,139870,Motilal Oswal Balanced Advantage Fund (MOFDYNAMIC) - Regular Plan - Growth Option,18.6068
2023-09-22,139871,Motilal Oswal Balanced Advantage Fund Regular - Quarterly IDCW Payout/Reinvestment,12.7326
2023-09-22,139872,Motilal Oswal Balanced Advantage Fund  (MOFDYNAMIC) - Direct Plan - Growth Option,20.2002
2023-09-22,139889,Franklin India Liquid Fund - Unclaimed Redemption Plan - Growth,14.7451
2023-09-22,139890,Franklin India Liquid Fund - Unclaimed IDCW Plan - Growth,14.7451
2023-09-22,139891,Franklin India Liquid Fund - Unclaimed Redemption Investor Education Plan - Growth,10.0
2023-09-22,139892,Franklin India Liquid Fund - Unclaimed IDCW Investor Education Plan - Growth,10.0
2023-09-22,139989,Sundaram Long Term Micro Cap Tax Advantage Fund Series IV Direct Plan - Payout of Income Distribution cum Capital Withdrawal (IDCW),22.2573
2023-09-22,139990,Sundaram Long Term Micro Cap Tax Advantage Fund Series IV Direct Plan - Growth,22.2573
2023-09-22,139991,Sundaram Long Term Micro Cap Tax Advantage Fund Series IV Regular Plan - Payout of Income Distribution cum Capital Withdrawal (IDCW),21.812
2023-09-22,139992,Sundaram Long Term Micro Cap Tax Advantage Fund Series IV Regular Plan - Growth,21.8122
2023-09-22,140023,UTI Money Market Fund - Direct Plan - Half-Yearly IDCW,1524.7951
2023-09-22,140024,UTI Liquid Fund - Direct Plan - Quarterly IDCW,1583.3512
2023-09-22,140084,Nippon India ETF Nifty 50 BeES,216.9566
2023-09-22,140085,Nippon India ETF Nifty Next 50 Junior BeES,479.307
2023-09-22,140086,Nippon India ETF Nifty 1D Rate Liquid BeES - DAILY IDCW Option,1000.0
2023-09-22,140087,Nippon India ETF Nifty Bank BeES,454.9352
2023-09-22,140088,Nippon India ETF Gold BeES,50.2263
2023-09-22,140089,Nippon India ETF Nifty PSU Bank BeES,57.9406
2023-09-22,140094,Nippon India ETF Nifty 50 Shariah BeES,445.6864
2023-09-22,140095,Nippon India ETF Hang Seng BeES,264.5885
2023-09-22,140102,Nippon India ETF Nifty Infrastructure BeES,639.8528
2023-09-22,140107,CPSE ETF,52.0805
2023-09-22,140116,UTI Banking & PSU Fund - Regular Plan - Annual IDCW,12.2143
2023-09-22,140135,UTI Banking & PSU Fund - Direct Plan - Annual IDCW,12.3716
2023-09-22,140172,Edelweiss Large & Mid Cap Fund - Regular Plan - Growth Option,61.621
2023-09-22,140173,Edelweiss Large and Mid Cap Fund - Regular Plan - IDCW Option,23.502
2023-09-22,140174,Edelweiss Large and Mid Cap Fund - Direct Plan - IDCW Option,27.39
2023-09-22,140175,Edelweiss Large & Mid Cap Fund - Direct Plan - Growth Option,70.614
2023-09-22,140176,Edelweiss Liquid Fund - Retail Plan - Growth Option,2683.11
2023-09-22,140177,Edelweiss Liquid Fund - Retail Plan Daily - IDCW Option,1056.2834
2023-09-22,140178,Edelweiss Liquid Fund - Retail Plan - Weekly Dividend Option,1231.6449
2023-09-22,140180,Edelweiss Liquid Fund - Retail Plan Monthly - IDCW Option,1249.8909
2023-09-22,140181,Edelweiss Liquid Fund - Regular Plan Daily - IDCW Option,1092.4244
2023-09-22,140182,Edelweiss Liquid Fund - Regular Plan - Growth Option,2950.3373
2023-09-22,140183,Edelweiss Liquid Fund - Regular Plan Monthly - IDCW Option,1055.8374
2023-09-22,140184,Edelweiss Liquid Fund - Regular Plan Fortnightly - IDCW Option,2155.8041
2023-09-22,140185,Edelweiss Liquid Fund - Regular Plan Weekly - IDCW Option,1107.2653
2023-09-22,140188,Edelweiss Liquid Fund - Regular Plan Annual - IDCW Option,2041.3811
2023-09-22,140189,Edelweiss Liquid Fund - Regular Plan - Bonus Option,1718.4486
2023-09-22,140190,Edelweiss Liquid Fund - Regular Plan - IDCW Option,2950.339
2023-09-22,140192,Edelweiss Liquid Fund - Direct Plan Annual - IDCW Option,3002.2175
2023-09-22,140193,Edelweiss Liquid Fund - Direct Plan daily - IDCW Option,1031.0535
2023-09-22,140194,Edelweiss Liquid Fund - Direct Plan - Bonus Option,1746.6488
2023-09-22,140195,Edelweiss Liquid Fund - Direct Plan weekly - IDCW Option,2174.0827
2023-09-22,140196,Edelweiss Liquid Fund - Direct Plan - Growth Option,3002.2381
2023-09-22,140197,Edelweiss Liquid Fund - Direct Plan Monthly - IDCW Option,1009.5546
2023-09-22,140198,Edelweiss Liquid Fund - Direct Plan - IDCW Option,3002.2422
2023-09-22,140199,Edelweiss Liquid Fund - Direct Plan Fortnightly - IDCW Option,2372.7893
2023-09-22,140225,Edelweiss Mid Cap Fund - Regular Plan - Growth Option,62.541
2023-09-22,140226,Edelweiss Mid Cap Fund - Regular Plan - IDCW Option,36.057
2023-09-22,140227,Edelweiss Mid Cap Fund - Direct Plan - IDCW Option,51.941
2023-09-22,140228,Edelweiss Mid Cap Fund - Direct Plan - Growth Option,71.234
2023-09-22,140229,Edelweiss Money Market Fund - Regular Plan - Growth Option,25.2076
2023-09-22,140230,Edelweiss Money Market Fund - Institutional Plan - Growth Option,21.5718
2023-09-22,140232,Edelweiss Money Market Fund - Regular Plan - IDCW Option,23.7114
2023-09-22,140233,Edelweiss Money Market Fund - Regular Plan - Annual - IDCW Option,24.9983
2023-09-22,140235,Edelweiss Money Market Fund - Direct Plan - IDCW Option,25.6063
2023-09-22,140236,Edelweiss Money Market Fund - Direct Plan - Annual - IDCW Option,27.4554
2023-09-22,140237,Edelweiss Money Market Fund - Direct Plan - Growth Option,27.459
2023-09-22,140242,Edelweiss Greater China Equity Off-shore Fund - Regular Plan - Growth Option,33.839
2023-09-22,140243,Edelweiss Greater China Equity Off-shore Fund - Direct Plan - Growth Option,37.402
2023-09-22,140255,Edelweiss ASEAN Equity Off-shore Fund - Regular Plan - Growth Option,23.705
2023-09-22,140256,Edelweiss ASEAN Equity Off-shore Fund - Direct Plan - Growth Option,26.121
2023-09-22,140273,Edelweiss US Value Equity Offshore Fund - Regular Plan - Growth Option,25.4636
2023-09-22,140274,Edelweiss US Value Equity Offshore Fund - Direct Plan - Growth Option,27.6929
2023-09-22,140283,Edelweiss Banking and PSU Debt Fund - Regular Plan - Growth Option,21.4498
2023-09-22,140284,Edelweiss Banking and PSU Debt Fund - Regular Plan - IDCW Option,17.6564
2023-09-22,140286,Edelweiss Banking and PSU Debt Fund - Direct Plan - Growth Option,22.1048
2023-09-22,140288,Edelweiss Banking and PSU Debt Fund - Direct Plan - IDCW Option,18.2923
2023-09-22,140289,Edelweiss Banking and PSU Debt Fund - Regular Plan Weekly - IDCW Option,10.1504
2023-09-22,140290,Edelweiss Banking and PSU Debt Fund - Direct Plan weekly - IDCW Option,10.5552
2023-09-22,140291,Edelweiss Banking and PSU Debt Fund - Direct Plan Fortnightly - IDCW Option,14.5574
2023-09-22,140292,Edelweiss Banking and PSU Debt Fund - Regular Plan Monthly - IDCW Option,11.215
2023-09-22,140293,Edelweiss Banking and PSU Debt Fund - Direct Plan Monthly - IDCW Option,10.971
2023-09-22,140294,Edelweiss Banking and PSU Debt Fund - Regular Plan Fortnightly - IDCW Option,14.1751
2023-09-22,140295,Edelweiss Europe Dynamic Equity Offshore Fund - Growth Option - Regular Plan,15.9386
2023-09-22,140296,Edelweiss Europe Dynamic Equity Offshore Fund - Growth Option - Direct Plan,17.3195
2023-09-22,140297,Edelweiss Government Securities Fund - Regular Plan - Growth Option,21.2526
2023-09-22,140298,Edelweiss Government Securities Fund - Direct Plan - Growth Option,22.348
2023-09-22,140301,Edelweiss Government Securities Fund - Regular Plan - IDCW Option,21.2666
2023-09-22,140302,Edelweiss Government Securities Fund - Direct Plan - IDCW Option,22.259
2023-09-22,140303,Edelweiss Government Securities Fund - Regular Plan Weekly - IDCW Option,10.2939
2023-09-22,140304,Edelweiss Government Securities Fund - Direct Plan weekly - IDCW Option,15.8401
2023-09-22,140307,Edelweiss Government Securities Fund - Regular Plan Monthly - IDCW Option,10.4272
2023-09-22,140308,Edelweiss Government Securities Fund - Direct Plan Monthly - IDCW Option,16.7306
2023-09-22,140310,Edelweiss Government Securities Fund - Regular Plan - Annual - IDCW Option,21.262
2023-09-22,140327,Edelweiss Emerging Markets Opportunities Equity Offshore Fund - Direct Plan - Growth Option,14.3179
2023-09-22,140328,Edelweiss Emerging Markets Opportunities Equity Offshore Fund - Regular Plan - Growth Option,13.3889
2023-09-22,140347,Edelweiss Equity Savings Fund - Direct Plan - Growth Option,22.1268
2023-09-22,140348,Edelweiss Equity Savings Fund - Direct Plan - IDCW Option,16.0843
2023-09-22,140349,Edelweiss Equity Savings Fund - Regular Plan - IDCW Option,14.1056
2023-09-22,140350,Edelweiss Equity Savings Fund - Direct Plan - Bonus Option,22.1356
2023-09-22,140351,Edelweiss Equity Savings Fund - Regular Plan - Growth Option,20.4094
2023-09-22,140352,Edelweiss Equity Savings Fund - Regular Plan - Bonus Option,20.4218
2023-09-22,140353,Edelweiss Flexi Cap Fund - Direct Plan - Growth Option,29.802
2023-09-22,140354,Edelweiss Flexi Cap Fund - Direct Plan - IDCW Option,24.467
2023-09-22,140355,Edelweiss Flexi Cap Fund - Regular Plan - Growth Option,26.502
2023-09-22,140356,Edelweiss Flexi Cap Fund - Regular - IDCW Option,21.76
2023-09-22,140381,Bandhan Aggressive Hybrid Fund-Regular Plan Growth,19.219
2023-09-22,140382,Bandhan Aggressive Hybrid Fund-Direct Plan Growth,21.201
2023-09-22,140383,Bandhan Aggressive Hybrid Fund-Direct Plan IDCW,17.946
2023-09-22,140384,Bandhan Aggressive Hybrid Fund-Regular Plan IDCW,16.274
2023-09-22,140437,Navi Liquid Fund-Unclaimed Redemption and Dividend Plan greater than 3 years,10.0
2023-09-22,140442,Mahindra Manulife Equity Savings Fund -Direct Plan -Quarterly IDCW,15.3787
2023-09-22,140444,Mahindra Manulife Equity Savings Fund - Direct Plan -Growth,19.5405
2023-09-22,140446,Mahindra Manulife Equity Savings Fund -Regular Plan -Quarterly IDCW,13.2548
2023-09-22,140447,Mahindra Manulife Equity Savings Fund - Regular Plan - Growth,17.2563
2023-09-22,140463,Baroda BNP Paribas Short Duration Fund - Direct Plan - Quarterly IDCW,11.137
2023-09-22,140465,Baroda BNP Paribas Short Duration Fund - Regular Plan - Quarterly IDCW,10.6929
2023-09-22,140486,SBI Long Term Advantage Fund - Series IV - Direct Plan - Income Distribution cum Capital Withdrawal Option (IDCW),32.2722
2023-09-22,140487,SBI Long Term Advantage Fund - Series IV - Direct Plan - Growth,38.0333
2023-09-22,140488,SBI Long Term Advantage Fund - Series IV - Regular Plan - Growth,36.5218
2023-09-22,140489,SBI Long Term Advantage Fund - Series IV - Regular Plan - Income Distribution cum Capital Withdrawal Option (IDCW),30.9412
2023-09-22,140504,UTI Liquid Fund - Direct Plan - Half-Yearly IDCW,1309.5753
2023-09-22,140517,UTI Liquid Fund - Regular Plan - Flexi IDCW,1375.0527
2023-09-22,140530,CANARA ROBECO ULTRA SHORT TERM FUND- REGULAR PLAN - IDCW (Payout),1388.1413
2023-09-22,140603,BANDHAN Credit Risk Fund-Direct Plan-Growth,15.4474
2023-09-22,140604,BANDHAN Credit Risk Fund-Direct Plan-Quarterly IDCW,10.6005
2023-09-22,140606,BANDHAN Credit Risk Fund-Direct Plan-Periodic IDCW,11.3059
2023-09-22,140607,BANDHAN Credit Risk Fund - Regular Plan Quarterly IDCW,10.424
2023-09-22,140608,BANDHAN Credit Risk Fund - Regular Plan Annual IDCW,10.3973
2023-09-22,140609,BANDHAN Credit Risk Fund - Regular Plan Growth,14.485
2023-09-22,140610,BANDHAN Credit Risk Fund-Direct Plan-Annual IDCW,10.5002
2023-09-22,140611,BANDHAN Credit Risk Fund - Regular Plan Half Yearly IDCW,10.1458
2023-09-22,140612,BANDHAN Credit Risk Fund - Regular Plan Periodic IDCW,11.2482
2023-09-22,140613,Mahindra Manulife Low Duration Fund - Direct Plan -Growth,1529.1955
2023-09-22,140614,Mahindra Manulife Low Duration Fund - Regular Plan - Daily IDCW,1000.0214
2023-09-22,140615,Mahindra Manulife Low Duration Fund - Regular Plan - Weekly IDCW,1053.4214
2023-09-22,140616,Mahindra Manulife Low Duration Fund - Regular Plan - Monthly IDCW,1117.8201
2023-09-22,140617,Mahindra Manulife Low Duration Fund - Direct Plan - Daily IDCW,1109.2508
2023-09-22,140618,Mahindra Manulife Low Duration Fund - Direct Plan - Weekly IDCW,1031.1184
2023-09-22,140619,Mahindra Manulife Low Duration Fund - Direct Plan - Monthly IDCW,1137.9114
2023-09-22,140620,Mahindra Manulife Low Duration Fund - Regular Plan - Growth,1445.6797
2023-09-22,140769,Mirae Asset Dynamic Bond Fund -Direct Plan -Growth,15.3598
2023-09-22,140770,Mirae Asset Dynamic Bond Fund Direct IDCW,15.3569
2023-09-22,140771,Mirae Asset Dynamic Bond Fund-Regular Plan Growth,14.2726
2023-09-22,140772,Mirae Asset Dynamic Bond Fund Regular IDCW,14.273
2023-09-22,140801,Groww Arbitrage Fund (formerly known as Indiabulls Arbitrage Fund)- Direct Plan- Monthly - Income Distribution cum capital withdrawal Option (Payout & Reinvestment),11.9773
2023-09-22,140802,Groww Arbitrage Fund (formerly known as Indiabulls Arbitrage Fund)- Regular Plan- Monthly - Income Distribution cum capital withdrawal Option (Payout & Reinvestment),11.5667
2023-09-22,140803,Groww Arbitrage Fund (formerly known as Indiabulls Arbitrage Fund)- Direct Plan- Quarterly - Income Distribution cum capital withdrawal Option (Payout & Reinvestment),12.9131
2023-09-22,140804,Groww Arbitrage Fund (formerly known as Indiabulls Arbitrage Fund)- Regular Plan- Quarterly - Income Distribution cum capital withdrawal Option (Payout & Reinvestment),12.5038
2023-09-22,140805,Groww Arbitrage Fund (formerly known as Indiabulls Arbitrage Fund) - Direct Plan- Half Yearly - Income Distribution cum capital withdrawal Option (Payout & Reinvestment),12.9955
2023-09-22,140806,Groww Arbitrage Fund (formerly known as Indiabulls Arbitrage Fund)- Regular Plan- Half Yearly - Income Distribution cum capital withdrawal Option (Payout & Reinvestment),12.4297
2023-09-22,140807,Groww Arbitrage Fund (formerly known as Indiabulls Arbitrage Fund) - Direct Plan- Yearly Income Distribution cum capital withdrawal Option (Payout & Reinvestment),12.8805
2023-09-22,140808,Groww Arbitrage Fund (formerly known as Indiabulls Arbitrage Fund)- Regular Plan- Yearly - Income Distribution cum capital withdrawal Option (Payout & Reinvestment),12.4968
2023-09-22,140809,Groww Largecap Fund (formerly known as Indiabulls Bluechip Fund)- Direct Plan- Monthly - Income Distribution cum capital withdrawal Option (Payout & Reinvestment),16.83
2023-09-22,140810,Groww Largecap Fund (formerly known as Indiabulls Bluechip Fund)- Regular Plan- Monthly - Income Distribution cum capital withdrawal Option (Payout & Reinvestment),18.55
2023-09-22,140811,Groww Largecap Fund (formerly known as Indiabulls Bluechip Fund)- Direct Plan- Quarterly - Income Distribution cum capital withdrawal Option (Payout & Reinvestment),21.03
2023-09-22,140812,Groww Largecap Fund (formerly known as Indiabulls Bluechip Fund)- Regular Plan- Quarterly - Income Distribution cum capital withdrawal Option (Payout & Reinvestment),19.23
2023-09-22,140813,Groww Largecap Fund (formerly known as Indiabulls Bluechip Fund)- Regular Plan- Half Yearly - Income Distribution cum capital withdrawal Option (Payout & Reinvestment),19.34
2023-09-22,140814,Groww Largecap Fund (formerly known as Indiabulls Bluechip Fund)- Direct Plan- Half Yearly -Income Distribution cum capital withdrawal Option (Payout & Reinvestment),21.19
2023-09-22,140815,Groww Value Fund (formerly known as Indiabulls Value Fund)- Direct Plan- Monthly - Income Distribution cum capital withdrawal Option (Payout & Reinvestment),16.7396
2023-09-22,140816,Groww Value Fund (formerly known as Indiabulls Value Fund)- Regular Plan- Monthly - Income Distribution cum capital withdrawal Option (Payout & Reinvestment.,15.222
2023-09-22,140817,Groww Value Fund (formerly known as Indiabulls Value Fund)- Direct Plan- Quarterly - Income Distribution cum capital withdrawal Option (Payout & Reinvestment),18.2594
2023-09-22,140818,Groww Value Fund (formerly known as Indiabulls Value Fund)- Regular Plan- Quarterly - Income Distribution cum capital withdrawal Option (Payout & Reinvestment),14.828
2023-09-22,140819,Groww Value Fund (formerly known as Indiabulls Value Fund)- Direct Plan- Half Yearly - Income Distribution cum capital withdrawal Option (Payout & Reinvestment),18.2741
2023-09-22,140820,Groww Value Fund (formerly known as Indiabulls Value Fund)- Regular Plan- Half Yearly -Income Distribution cum capital withdrawal Option (Payout & Reinvestment),16.0669
2023-09-22,140913,UTI Liquid Fund - Direct Plan - Fortnightly IDCW,1157.2142
2023-09-22,141060,Quantum Dynamic Bond Fund - Regular Plan Monthly IDCW,10.3402
2023-09-22,141061,Quantum Dynamic Bond Fund - Regular Plan Growth Option,18.5001
2023-09-22,141062,Quantum Diversified Equity All Cap Active FOF - Regular Plan IDCW,61.047
2023-09-22,141063,Quantum Diversified Equity All Cap Active FOF - Regular Plan Growth Option,61.047
2023-09-22,141064,Quantum Gold Savings Fund - Regular Plan Growth Option,22.9708
2023-09-22,141065,Quantum Liquid Fund - Regular Plan Daily IDCW,10.0002
2023-09-22,141066,Quantum Liquid Fund - Regular Plan Growth Option,31.0964
2023-09-22,141067,Quantum Liquid Fund - Regular Plan Monthly IDCW,10.0569
2023-09-22,141068,Quantum Value Fund - Regular Plan Growth Option,90.71
2023-09-22,141069,Quantum Value Fund - Regular Plan IDCW,91.22
2023-09-22,141070,Quantum ELSS Tax Saver Fund - Regular Plan Growth Option,90.34
2023-09-22,141071,Quantum ELSS Tax Saver Fund - Regular Plan IDCW,90.34
2023-09-22,141072,Quantum Multi Asset Active FOF - Regular Plan Growth Option,26.6445
2023-09-22,141139,Sundaram Long Term Micro Cap Tax Advantage Fund Series V Regular Plan - Growth,21.0199
2023-09-22,141140,Sundaram Long Term Micro Cap Tax Advantage Fund Series V Regular Plan - Payout of Income Distribution cum Capital Withdrawal (IDCW),21.0199
2023-09-22,141141,Sundaram Long Term Micro Cap Tax Advantage Fund Series V Direct Plan - Growth,21.5319
2023-09-22,141142,Sundaram Long Term Micro Cap Tax Advantage Fund Series V Direct Plan - Payout of Income Distribution cum Capital Withdrawal (IDCW),21.5319
2023-09-22,141223,Mahindra Manulife Multi Cap Fund - Direct Plan - IDCW,23.0292
2023-09-22,141224,Mahindra Manulife Multi Cap Fund - Regular Plan - Growth,25.0996
2023-09-22,141225,Mahindra Manulife Multi Cap Fund - Regular Plan - IDCW,19.9121
2023-09-22,141226,Mahindra Manulife Multi Cap Fund - Direct Plan -Growth,28.3641
2023-09-22,141247,Union Largecap Fund - Regular Plan - Growth Option,18.55
2023-09-22,141248,Union Largecap Fund - Direct Plan - Growth Option,19.39
2023-09-22,141249,Union Largecap Fund - Direct Plan - IDCW Option,19.39
2023-09-22,141250,Union Largecap Fund - Regular Plan - IDCW Option,18.55
2023-09-22,141375,UTI Banking & PSU Fund - Direct Plan - Half-Yearly IDCW,12.8738
2023-09-22,141410,NAVI Large & Midcap Fund - Regular Half Yearly IDCW Payout,28.3985
2023-09-22,141411,Navi Large & Midcap Fund - Regular Annual IDCW payout,29.2006
2023-09-22,141414,Navi Large & Midcap Fund - Direct Annual IDCW Payout,32.2911
2023-09-22,141415,Navi Large & Midcap Fund - Direct Half Yearly IDCW Payout,32.3205
2023-09-22,141545,Axis Nifty 50 ETF,210.8188
2023-09-22,141564,Sundaram Long Term Micro Cap Tax Advantage Fund Series VI Direct Plan - Growth,21.0222
2023-09-22,141565,Sundaram Long Term Micro Cap Tax Advantage Fund Series VI Regular Plan - Growth,20.1439
2023-09-22,141566,Sundaram Long Term Micro Cap Tax Advantage Fund Series VI Regular Plan - Payout of Income Distribution cum Capital Withdrawal (IDCW),20.1438
2023-09-22,141567,Sundaram Long Term Micro Cap Tax Advantage Fund Series VI Direct Plan - Payout of Income Distribution cum Capital Withdrawal (IDCW),21.0222
2023-09-22,141586,Axis Corporate Bond Fund - Direct Plan - Daily IDCW,10.2348
2023-09-22,141587,Axis Corporate Bond Fund - Direct Plan - Weekly IDCW,10.3736
2023-09-22,141588,Axis Corporate Bond Fund - Direct Plan Growth,15.5378
2023-09-22,141589,Axis Corporate Bond Fund - Regular Plan - Daily IDCW,10.2347
2023-09-22,141590,Axis Corporate Bond Fund - Direct Plan - Monthly IDCW,10.2488
2023-09-22,141591,Axis Corporate Bond Fund - Direct Plan - Regular IDCW,13.1849
2023-09-22,141592,Axis Corporate Bond Fund - Regular Plan - Weekly IDCW,10.2548
2023-09-22,141593,Axis Corporate Bond Fund - Regular Plan Growth,14.8361
2023-09-22,141594,Axis Corporate Bond Fund - Regular Plan - Monthly IDCW,10.2411
2023-09-22,141595,Axis Corporate Bond Fund - Regular Plan - Regular IDCW,12.5209
2023-09-22,141596,ICICI Prudential Nifty 100 Low Volatility 30 ETF,163.8555
2023-09-22,141605,Edelweiss Arbitrage Fund - Monthly  Regular Plan - IDCW Option,13.971
2023-09-22,141606,Edelweiss Arbitrage Fund - Monthly  Direct Plan - IDCW Option,14.8935
2023-09-22,141615,IIFCL MUTUAL FUND INFRASTRUCTURE DEBT FUND SERIES II,924023.6736
2023-09-22,141642,Axis Balanced Advantage Fund - Direct Plan - Growth,17.19
2023-09-22,141643,Axis Balanced Advantage Fund - Direct Plan - IDCW,12.66
2023-09-22,141644,Axis Balanced Advantage Fund - Regular Plan - Growth,15.77
2023-09-22,141645,Axis Balanced Advantage Fund - Regular Plan - IDCW,11.97
2023-09-22,141665,UTI Nifty Next 50 Exchange Traded Fund,47.721
2023-09-22,141766,Edelweiss Balanced Advantage Fund - Regular Plan - Monthly - IDCW Option,20.47
2023-09-22,141767,Edelweiss Balanced Advantage Fund - Direct Plan - Monthly - IDCW Option,23.97
2023-09-22,141768,UTI Liquid Fund - Direct Plan - Flexi IDCW,1380.8509
2023-09-22,141807,Groww ELSS Tax Saver Fund (formerly known as Indiabulls Tax Savings Fund)- Direct Plan- Dividend Option,16.31
2023-09-22,141808,Groww ELSS Tax Saver Fund (formerly known as Indiabulls Tax Savings Fund)- Direct Plan- Growth Option,16.33
2023-09-22,141810,Groww ELSS Tax Saver Fund (formerly known as Indiabulls Tax Savings Fund)- Regular Plan- - Income Distribution cum capital withdrawal Option (Payout),14.82
2023-09-22,141839,ICICI Prudential BSE Sensex Index Fund - Cumulative Option,21.2085
2023-09-22,141840,ICICI Prudential BSE Sensex Index Fund - IDCW Option,21.2091
2023-09-22,141841,ICICI Prudential BSE Sensex Index Fund - Direct Plan - Cumulative Option,21.4557
2023-09-22,141842,ICICI Prudential BSE Sensex Index Fund - Direct Plan - IDCW Option,21.4556
2023-09-22,141862,Groww ELSS Tax Saver Fund (formerly known as Indiabulls Tax Savings Fund)-Regular Plan-Growth Option,14.82
2023-09-22,141875,DSP Nifty 50 Equal Weight Index Fund - Regular Plan - Growth,18.8515
2023-09-22,141876,DSP Nifty 50 Equal Weight Index Fund - Regular Plan - IDCW,17.9183
2023-09-22,141877,DSP Nifty 50 Equal Weight Index Fund - Direct Plan - Growth,19.3857
2023-09-22,141878,DSP Nifty 50 Equal Weight Index Fund - Direct Plan - IDCW,18.4498
2023-09-22,141921,HDFC Housing Opportunities Fund  - IDCW Option - Direct Plan,14.615
2023-09-22,141922,HDFC Housing Opportunities Fund  - IDCW Option,13.635
2023-09-22,141923,HDFC Housing Opportunities Fund  - Growth Option,16.215
2023-09-22,141924,HDFC Housing Opportunities Fund  - Growth Option - Direct Plan,17.214
2023-09-22,141925,Axis Flexi Cap Fund - Direct Plan - Growth,21.0
2023-09-22,141926,Axis Flexi Cap fund - Direct Plan - IDCW,14.52
2023-09-22,141927,Axis Flexi Cap Fund - Regular Plan - Growth,19.37
2023-09-22,141928,Axis Flexi Cap Fund - Regular Plan - IDCW,13.53
2023-09-22,141933,Edelweiss Equity Savings Fund - Direct Plan - Monthly - IDCW Option,14.5718
2023-09-22,141934,Edelweiss Equity Savings Fund - Regular Plan - Monthly - IDCW Option,13.2743
2023-09-22,141949,BANK OF INDIA Mid Cap Tax Fund Series 1 Direct Plan IDCW,20.5
2023-09-22,141950,BANK OF INDIA Mid Cap Tax Fund Series 1 Direct Plan Growth,20.5
2023-09-22,141951,BANK OF INDIA Mid Cap Tax Fund Series 1 Regular Plan IDCW,19.91
2023-09-22,141952,BANK OF INDIA Mid Cap Tax Fund Series 1 Regular Plan Growth,19.91
2023-09-22,141957,BHARAT 22 ETF,74.5279
2023-09-22,141958,UTI Low Duration Fund - Direct Plan - Annual IDCW,1167.3023
2023-09-22,142035,Union Balanced Advantage Fund - Regular Plan - Growth Option,16.53
2023-09-22,142036,Union Balanced Advantage Fund - Regular Plan - IDCW Option,16.53
2023-09-22,142037,Union Balanced Advantage Fund - Direct Plan - IDCW Option,17.45
2023-09-22,142038,Union Balanced Advantage Fund - Direct Plan - Growth Option,17.45
2023-09-22,142107,Mahindra Manulife Mid Cap Fund- Regular Plan - IDCW,19.2662
2023-09-22,142108,Mahindra Manulife Mid Cap Fund - Direct Plan - IDCW,21.5122
2023-09-22,142109,Mahindra Manulife Mid Cap Fund - Regular Plan - Growth,22.5966
2023-09-22,142110,Mahindra Manulife Mid Cap Fund - Direct Plan -Growth,24.9024
2023-09-22,142133,ICICI Prudential Long Term Wealth Enhancement Fund - Direct Plan IDCW Option,20.72
2023-09-22,142134,ICICI Prudential Long Term Wealth Enhancement Fund - Direct Plan Cumulative Option,20.72
2023-09-22,142135,ICICI Prudential Long Term Wealth Enhancement Fund - IDCW Option,19.99
2023-09-22,142136,ICICI Prudential Long Term Wealth Enhancement Fund - Cumulative Option,19.99
2023-09-22,142137,SBI Long Term Advantage Fund - Series V - Regular Plan - Income Distribution cum Capital Withdrawal Option (IDCW),18.4177
2023-09-22,142138,SBI Long Term Advantage Fund - Series V - Direct Plan - Growth,19.0223
2023-09-22,142139,SBI Long Term Advantage Fund Series V - Regular Plan - Growth,18.426
2023-09-22,142140,SBI Long Term Advantage Fund - Series V - Direct Plan - Income Distribution cum Capital Withdrawal Option (IDCW),19.023
2023-09-22,142151,Sundaram Long Term Tax Advantage Fund Series III Regular Plan - Growth,21.4801
2023-09-22,142152,Sundaram Long Term Tax Advantage Fund Series III Regular Plan - Payout of Income Distribution cum Capital Withdrawal (IDCW),21.4802
2023-09-22,142153,Sundaram Long Term Tax Advantage Fund Series III Direct Plan - Growth,22.0801
2023-09-22,142154,Sundaram Long Term Tax Advantage Fund Series III Direct Plan - Payout of Income Distribution cum Capital Withdrawal (IDCW),22.0801
2023-09-22,142249,UTI Money Market Fund - Direct Plan - Quarterly IDCW,1448.1568
2023-09-22,142278,DSP Arbitrage Fund - Regular - IDCW - Monthly,11.077
2023-09-22,142279,DSP Arbitrage Fund - Direct - IDCW,11.383
2023-09-22,142280,DSP Arbitrage Fund - Regular - IDCW,11.052
2023-09-22,142281,DSP Arbitrage Fund - Direct - IDCW - Monthly,12.023
2023-09-22,142282,DSP Arbitrage Fund - Regular - Growth,13.224
2023-09-22,142283,DSP Arbitrage Fund - Direct - Growth,13.684
2023-09-22,142383,Edelweiss Recently Listed IPO Fund Regular Plan Growth,20.523
2023-09-22,142384,Edelweiss Recently Listed IPO Fund REGULAR PLAN - IDCW Option,20.5219
2023-09-22,142386,Edelweiss Recently Listed IPO Fund - DIRECT PLAN - IDCW Option,21.4717
2023-09-22,142388,Edelweiss Recently Listed IPO Fund Direct Plan Growth,21.4716
2023-09-22,142415,Kotak India Growth Fund Series 4-Direct Plan-ayout of Income Distribution cum capital withdrawal option,25.554
2023-09-22,142416,Kotak India Growth Fund Series 4-Regular Plan-ayout of Income Distribution cum capital withdrawal option,24.273
2023-09-22,142417,Kotak India Growth Fund Series 4 - Regular Plan- Growth option,24.272
2023-09-22,142418,Kotak India Growth Fund Series 4-Direct Plan - Growth Option,25.73
2023-09-22,142589,DSP NIFTY 1D Rate Liquid ETF,1000.0
2023-09-22,142640,Mirae Asset Short Duration Fund - Direct Plan - IDCW,14.3938
2023-09-22,142641,Mirae Asset Short Duration Fund - Direct Plan - Growth,14.4152
2023-09-22,142642,Mirae Asset Short Duration Fund - Regular Plan - Growth,13.7933
2023-09-22,142643,Mirae Asset Short Duration Fund - Regular Plan - IDCW,13.7962
2023-09-22,143077,Sundaram Long Term Tax Advantage Fund Series IV Regular Plan - Growth,24.8388
2023-09-22,143078,Sundaram Long Term Tax Advantage Fund Series IV Regular Plan - Payout of Income Distribution cum Capital Withdrawal (IDCW),23.977
2023-09-22,143079,Sundaram Long Term Tax Advantage Fund Series IV Direct Plan - Growth,25.2333
2023-09-22,143080,Sundaram Long Term Tax Advantage Fund Series IV Direct Plan - Payout of Income Distribution cum Capital Withdrawal (IDCW),24.3667
2023-09-22,143125,UTI Money Market Fund - Direct Plan - Flexi IDCW,1398.7557
2023-09-22,143162,Navi Aggressive Hybrid Fund - Regular Plan - Growth,16.4093
2023-09-22,143163,Navi Aggressive Hybrid Fund - Direct Plan - Growth,18.0691
2023-09-22,143166,Navi Aggressive Hybrid Fund - Regular Plan Normal IDCW,16.41
2023-09-22,143167,Navi Aggressive Hybrid Fund - Direct Plan Normal IDCW,17.9977
2023-09-22,143176,SBI Long Term Advantage Fund - Series VI - Regular Plan - Growth,23.3425
2023-09-22,143177,SBI Long Term Advantage Fund - Series VI - Regular Plan - Income Distribution cum Capital Withdrawal Option (IDCW),23.3475
2023-09-22,143178,SBI Long Term Advantage Fund - Series VI - Direct Plan - Growth,24.09
2023-09-22,143179,SBI Long Term Advantage Fund - Series VI - Direct Plan - Income Distribution cum Capital Withdrawal Option (IDCW),24.0696
2023-09-22,143185,Navi Aggressive Hybrid Fund - Direct Plan Quarterly IDCW,17.9976
2023-09-22,143186,Navi Aggressive Hybrid Fund - Direct Plan Half Yearly IDCW,17.998
2023-09-22,143189,Navi Aggressive Hybrid Fund - Regular Plan Half Yearly IDCW,16.4103
2023-09-22,143192,Navi Aggressive Hybrid Fund - Direct Plan Monthly IDCW,17.9969
2023-09-22,143195,Navi Aggressive Hybrid Fund - Direct Plan Annual IDCW,18.0005
2023-09-22,143197,Navi Aggressive Hybrid Fund - Regular Plan Monthly IDCW,16.4087
2023-09-22,143198,Navi Aggressive Hybrid Fund - Regular Plan Annual IDCW,16.4071
2023-09-22,143199,Navi Aggressive Hybrid Fund - Regular Plan Quarterly IDCW,16.4092
2023-09-22,143239,Union Corporate Bond Fund - Regular Plan - Growth Option,13.2903
2023-09-22,143240,Union Corporate Bond Fund - Regular Plan - IDCW Option,13.2903
2023-09-22,143241,Union Corporate Bond Fund - Direct Plan - Growth Option,13.5194
2023-09-22,143242,Union Corporate Bond Fund - Direct Plan - IDCW Option,13.5194
2023-09-22,143247,ICICI Prudential BSE 500 ETF,28.9428
2023-09-22,143258,BANDHAN Equity Savings Fund-Direct Plan -Quarterly IDCW,12.935
2023-09-22,143259,BANDHAN Equity Savings Fund- Regular Plan -Quarterly IDCW,12.583
2023-09-22,143260,Parag Parikh Liquid Fund- Regular Plan- Growth,1287.9372
2023-09-22,143261,Parag Parikh Liquid Fund- Regular Plan- Monthly IDCW,1007.4374
2023-09-22,143262,Parag Parikh Liquid Fund- Direct Plan- Monthly IDCW,1007.5007
2023-09-22,143263,Parag Parikh Liquid Fund- Direct Plan- Daily Reinvestment of IDCW,1000.5405
2023-09-22,143264,Parag Parikh Liquid Fund- Regular Plan- Daily Reinvestment of IDCW,1000.5404
2023-09-22,143265,Parag Parikh Liquid Fund- Direct Plan- Weekly Reinvestment of IDCW,1001.7608
2023-09-22,143266,Parag Parikh Liquid Fund- Regular Plan- Weekly Reinvestment of IDCW,1001.7498
2023-09-22,143269,Parag Parikh Liquid Fund- Direct Plan- Growth,1294.9776
2023-09-22,143340,UTI Nifty Next 50 Index Fund - Regular Plan - Growth Option,16.0891
2023-09-22,143341,UTI Nifty Next 50 Index Fund - Direct Plan - Growth Option,16.5408
2023-09-22,143366,Bandhan Short Duration Fund - Regular Plan - Quarterly IDCW,10.6452
2023-09-22,143367,Bandhan Short Duration Fund - Direct Plan - Quarterly IDCW,10.5651
2023-09-22,143368,Bandhan Short Duration Fund - Regular Plan - Annual IDCW,10.8141
2023-09-22,143369,Bandhan Short Duration Fund - Direct Plan - Annual IDCW,11.0419
2023-09-22,143464,Baroda BNP Paribas Ultra Short Duration Fund - Regular Plan - Growth,1357.5815
2023-09-22,143493,Nippon India Ultra Short Duration Fund- Growth Option,3562.1644
2023-09-22,143494,Nippon India Ultra Short Duration Fund- Direct Plan- Growth Option,3877.0796
2023-09-22,143495,NIPPON INDIA ULTRA SHORT DURATION FUND - WEEKLY IDCW OPTION,1091.69
2023-09-22,143496,NIPPON INDIA ULTRA SHORT DURATION FUND - QUARTERLY IDCW Option,1010.5609
2023-09-22,143497,NIPPON INDIA ULTRA SHORT DURATION FUND - DIRECT Plan - MONTHLY IDCW Option,1027.226
2023-09-22,143498,NIPPON INDIA ULTRA SHORT DURATION FUND - DAILY IDCW OPTION,1114.15
2023-09-22,143499,NIPPON INDIA ULTRA SHORT DURATION FUND - MONTHLY IDCW Option,1017.5398
2023-09-22,143500,NIPPON INDIA ULTRA SHORT DURATION FUND - DIRECT Plan - DAILY IDCW OPTION,1114.15
2023-09-22,143501,NIPPON INDIA ULTRA SHORT DURATION FUND - DIRECT Plan - WEEKLY IDCW OPTION,1091.69
2023-09-22,143502,NIPPON INDIA ULTRA SHORT DURATION FUND - DIRECT Plan - QUARTERLY IDCW Option,1016.8988
2023-09-22,143507,Baroda BNP Paribas Ultra Short Duration Fund - Regular Plan - Daily IDCW,1006.2583
2023-09-22,143508,Baroda BNP Paribas Ultra Short Duration Fund- Direct Plan- Growth,1370.8487
2023-09-22,143509,Baroda BNP Paribas Ultra Short Duration Fund- Direct Plan- Weekly IDCW,1000.8933
2023-09-22,143510,Baroda BNP Paribas Ultra Short Duratio Fund- Regular Plan- Weekly IDCW,1000.8447
2023-09-22,143511,Baroda BNP Paribas Ultra Short Duration Fund- Direct Plan- Daily IDCW,1007.0751
2023-09-22,143532,Invesco India Aggressive Hybrid Fund - Direct Plan - IDCW (Payout / Reinvestment),17.459
2023-09-22,143534,Invesco India Aggressive Hybrid Fund - Regular Plan - IDCW (Payout / Reinvestment),16.1354
2023-09-22,143536,Invesco India Aggressive Hybrid Fund - Regular Plan - Growth,16.1345
2023-09-22,143537,Invesco India Aggressive Hybrid Fund - Direct Plan - Growth,17.5115
2023-09-22,143603,JM Low Duration Fund (Regular) - Daily IDCW,10.82
2023-09-22,143604,JM Low Duration Fund (Direct) - Daily IDCW,10.85
2023-09-22,143605,JM Low Duration Fund (Regular) - Fortnightly IDCW,11.0993
2023-09-22,143606,JM Low Duration Fund (Direct) - Fortnightly IDCW,11.1407
2023-09-22,143607,JM Low Duration Fund (Regular) - Growth Option,32.6544
2023-09-22,143608,JM Low Duration Fund (Regular) - Weekly IDCW,11.4144
2023-09-22,143609,JM Low Duration Fund - Bonus Option - Principal Units,19.6732
2023-09-22,143610,JM Low Duration Fund (Direct) - Bonus Option - Principal Units,20.0509
2023-09-22,143611,JM Low Duration Fund (Direct) - Weekly IDCW,11.4547
2023-09-22,143612,JM Low Duration Fund (Direct) - Growth,33.3012
2023-09-22,143613,BANK OF INDIA Arbitrage Fund Direct Plan Annual IDCW,11.4835
2023-09-22,143614,BANK OF INDIA Arbitrage Fund Direct Plan Growth,12.6929
2023-09-22,143615,BANK OF INDIA Arbitrage Fund Direct Plan Monthly IDCW,11.4486
2023-09-22,143616,BANK OF INDIA Arbitrage Fund Direct Plan Quarterly IDCW,12.0657
2023-09-22,143617,BANK OF INDIA Arbitrage Fund Regular Plan IDCW Annual IDCW,11.3676
2023-09-22,143618,BANK OF INDIA Arbitrage Fund Regular Plan IDCW Monthly IDCW,11.1495
2023-09-22,143619,BANK OF INDIA Arbitrage Fund Regular Plan IDCW Quarterly IDCW,11.7693
2023-09-22,143620,BANK OF INDIA Arbitrage Fund Regular Growth,12.3034
2023-09-22,143701,NIPPON INDIA NIVESH LAKSHYA LONG DURATION FUND - DIRECT Plan - HALF YEARLY IDCW Option,11.9988
2023-09-22,143702,Nippon India Nivesh Lakshya Long Duration Fund- Growth Option,15.3471
2023-09-22,143703,NIPPON INDIA NIVESH LAKSHYA LONG DURATION FUND - ANNUAL IDCW Option,12.1992
2023-09-22,143704,Nippon India Nivesh Lakshya Long Duration Fund- Direct Plan- Growth Option,15.6042
2023-09-22,143705,NIPPON INDIA NIVESH LAKSHYA LONG DURATION FUND - DIRECT Plan - MONTHLY IDCW Option,11.687
2023-09-22,143706,NIPPON INDIA NIVESH LAKSHYA LONG DURATION FUND - IDCW Option,15.3464
2023-09-22,143707,NIPPON INDIA NIVESH LAKSHYA LONG DURATION FUND - DIRECT Plan - IDCW Option,15.6043
2023-09-22,143708,NIPPON INDIA NIVESH LAKSHYA LONG DURATION FUND - QUARTERLY IDCW Option,11.3191
2023-09-22,143709,NIPPON INDIA NIVESH LAKSHYA LONG DURATION  FUND - DIRECT Plan - QUARTERLY IDCW Option,11.3633
2023-09-22,143710,NIPPON INDIA NIVESH LAKSHYA LONG DURATION FUND LONG DURATION - HALF YEARLY IDCW Option,11.9719
2023-09-22,143711,NIPPON INDIA NIVESH LAKSHYA LONG DURATION FUND - DIRECT Plan - ANNUAL IDCW Option,12.2225
2023-09-22,143712,NIPPON INDIA NIVESH LAKSHYA LONG DURATION FUND - MONTHLY IDCW Option,11.6756
2023-09-22,143783,Mirae Asset Healthcare Fund Direct Growth,27.616
2023-09-22,143784,Mirae Asset Healthcare Fund Direct IDCW,21.34
2023-09-22,143785,Mirae Asset Healthcare Fund -Regular Growth,25.438
2023-09-22,143786,Mirae Asset Healthcare Fund Regular IDCW,19.202
2023-09-22,143787,Navi Flexi Cap Fund - Regular Plan - Growth,18.7356
2023-09-22,143788,NAVI FLEXI CAP FUND - REGULAR PLAN QUARTERLY IDCW PAYOUT,18.7378
2023-09-22,143789,NAVI FLEXI CAP FUND - REGULAR PLAN NORMAL IDCW PAYOUT,18.7383
2023-09-22,143790,NAVI FLEXI CAP FUND - REGULAR PLAN MONTHLY IDCW PAYOUT,18.7427
2023-09-22,143791,NAVI FLEXI CAP FUND - DIRECT PLAN QUARTERLY IDCW PAYOUT,20.6749
2023-09-22,143792,NAVI FLEXI CAP FUND - DIRECT PLAN NORMAL IDCW PAYOUT,20.6335
2023-09-22,143793,Navi Flexi Cap Fund - Direct Plan - Growth,20.8097
2023-09-22,143794,NAVI FLEXI CAP FUND - REGULAR PLAN HALF YEARLY IDCW PAYOUT,18.7381
2023-09-22,143795,NAVI FLEXI CAP FUND - REGULAR PLAN ANNUAL IDCW PAYOUT,18.7358
2023-09-22,143796,NAVI FLEXI CAP FUND - DIRECT PLAN MONTHLY IDCW PAYOUT,20.6565
2023-09-22,143797,NAVI FLEXI CAP FUND - DIRECT PLAN HALF YEARLY IDCW PAYOUT,20.6598
2023-09-22,143798,NAVI FLEXI CAP FUND - DIRECT PLAN ANNUAL IDCW PAYOUT,20.6593
2023-09-22,143873,ICICI Prudential Pharma Healthcare and Diagnostics (P.H.D) Fund - Cumulative Option,23.79
2023-09-22,143874,ICICI Prudential Pharma Healthcare and Diagnostics (P.H.D) Fund - Direct Plan - Cumulative Option,25.24
2023-09-22,143875,ICICI Prudential Pharma Healthcare and Diagnostics (P.H.D) Fund - IDCW Option,16.45
2023-09-22,143876,ICICI Prudential Pharma Healthcare and Diagnostics (P.H.D) Fund - Direct Plan - IDCW Option,17.78
2023-09-22,143903,ICICI Prudential BHARAT 22 FOF - Direct Plan Cumulative Option,21.9069
2023-09-22,143904,ICICI Prudential BHARAT 22 FOF - Cumulative Option,21.9025
2023-09-22,144171,BANDHAN ULTRA SHORT DURATION FUND - REGULAR PLAN GROWTH,13.4122
2023-09-22,144172,BANDHAN ULTRA SHORT DURATION FUND - REGULAR PLAN DAILY IDCW,10.0519
2023-09-22,144173,BANDHAN ULTRA SHORT DURATION FUND - DIRECT PLAN GROWTH,13.531
2023-09-22,144174,BANDHAN ULTRA SHORT DURATION FUND - DIRECT PLAN-DAILY IDCW,10.0367
2023-09-22,144189,BANDHAN ULTRA SHORT DURATION FUND - REGULAR PLAN WEEKLY IDCW,10.0827
2023-09-22,144190,BANDHAN ULTRA SHORT DURATION FUND - REGULAR PLAN QUARTERLY IDCW,10.364
2023-09-22,144191,BANDHAN ULTRA SHORT DURATION FUND - DIRECT PLAN- WEEKLY IDCW,10.0813
2023-09-22,144192,BANDHAN ULTRA SHORT DURATION FUND - DIRECT PLAN QUARTERLY IDCW,10.3772
2023-09-22,144193,BANDHAN ULTRA SHORT DURATION FUND - REGULAR PLAN PERIODIC IDCW,11.2821
2023-09-22,144194,BANDHAN ULTRA SHORT DURATION FUND - REGULAR PLAN MONTHLY IDCW,10.0809
2023-09-22,144195,BANDHAN ULTRA SHORT DURATION FUND - DIRECT PLAN -MONTHLY IDCW,10.0763
2023-09-22,144196,BANDHAN ULTRA SHORT DURATION FUND - DIRECT PLAN PERIODIC IDCW,11.4718
2023-09-22,144309,BANK OF INDIA Midcap Tax Fund Series 2 Direct Plan IDCW,24.4
2023-09-22,144310,Union Equity Savings Fund - Regular Plan - Growth Option,14.41
2023-09-22,144311,Union Equity Savings Fund - Regular Plan - IDCW Option,14.41
2023-09-22,144312,Union Equity Savings Fund - Direct Plan - Growth Option,14.85
2023-09-22,144313,Union Equity Savings Fund - Direct Plan - IDCW Option,14.85
2023-09-22,144314,BANK OF INDIA Midcap Tax Fund Series 2 Regular Plan Growth,23.58
2023-09-22,144315,BANK OF INDIA Midcap Tax Fund Series 2 Direct Plan Growth,24.4
2023-09-22,144316,BANK OF INDIA Midcap Tax Fund Series 2 Regular Plan IDCW,23.59
2023-09-22,144333,Kotak Balanced Advantage Fund -Regular Plan - Growth Option,16.367
2023-09-22,144334,Kotak Balanced Advantage Fund -Direct Plan  -Payout of Income Distribution cum capital withdrawal option,17.395
2023-09-22,144335,Kotak Balanced Advantage Fund  - Direct Plan -Growth Option,17.395
2023-09-22,144336,Kotak Balanced Advantage Fund - Regular Plan - Payout of Income Distribution cum capital withdrawal option Option,16.367
2023-09-22,144337,UTI Corporate Bond Fund - Regular Plan - Annual IDCW,12.3294
2023-09-22,144338,UTI Corporate Bond Fund - Regular Plan - Flexi IDCW,12.5629
2023-09-22,144339,UTI Corporate Bond Fund - Direct Plan - Growth Option,14.5013
2023-09-22,144340,UTI Corporate Bond Fund - Direct Plan - Half-Yearly IDCW,12.391
2023-09-22,144341,UTI Corporate Bond Fund - Direct Plan - Flexi IDCW,12.7812
2023-09-22,144342,UTI Corporate Bond Fund - Regular Plan - Quarterly IDCW,12.4061
2023-09-22,144343,UTI Corporate Bond Fund - Regular Plan - Half-Yearly IDCW,12.0546
2023-09-22,144344,UTI Corporate Bond Fund - Direct Plan - Annual IDCW,12.5474
2023-09-22,144345,UTI Corporate Bond Fund - Regular Plan - Growth Option,14.2671
2023-09-22,144346,UTI Corporate Bond Fund - Direct Plan - Quarterly IDCW,12.6828
2023-09-22,144393,Axis Aggressive Hybrid Fund - Regular Plan - Growth Option,16.07
2023-09-22,144394,Axis Aggressive Hybrid Fund - Direct Plan - Growth Option,17.26
2023-09-22,144395,Axis Aggressive Hybrid Fund - Direct Plan - Regular IDCW,13.32
2023-09-22,144396,Axis Aggressive Hybrid Fund - Regular Plan - Regular IDCW,12.37
2023-09-22,144397,Axis Aggressive Hybrid Fund - Direct Plan - Monthly IDCW,14.66
2023-09-22,144398,Axis Aggressive Hybrid Fund - Direct Plan - Quarterly IDCW,14.07
2023-09-22,144399,Axis Aggressive Hybrid Fund - Regular Plan - Monthly IDCW,12.45
2023-09-22,144400,Axis Aggressive Hybrid Fund - Regular Plan - Quarterly IDCW,12.92
2023-09-22,144401,Mahindra Manulife Dynamic Bond Fund - Regular Plan - Growth,12.4866
2023-09-22,144402,Mahindra Manulife Dynamic Bond Fund - Regular Plan - Quarterly IDCW,10.2726
2023-09-22,144403,Mahindra Manulife Dynamic Bond Fund - Direct Plan - Growth,13.206
2023-09-22,144404,Mahindra Manulife Dynamic Bond Fund - Direct Plan - Quarterly IDCW,10.9306
2023-09-22,144405,Mahindra Manulife Dynamic Bond Fund - Regular Plan - IDCW,11.8043
2023-09-22,144406,Mahindra Manulife Dynamic Bond Fund - Direct Plan - IDCW,12.4991
2023-09-22,144461,Franklin India Equity Savings Fund- Growth,14.0792
2023-09-22,144462,Franklin India Equity Savings Fund - Direct - IDCW,13.1882
2023-09-22,144463,Franklin India Equity Savings Fund - Quarterly - IDCW,11.4908
2023-09-22,144464,Franklin India Equity Savings Fund - Monthly - IDCW,12.1004
2023-09-22,144465,Franklin India Equity Savings Fund - Direct - Monthly - IDCW,12.7432
2023-09-22,144466,Franklin India Equity Savings Fund- Growth Direct,15.1725
2023-09-22,144467,Franklin India Equity Savings Fund - Direct - Quarterly - IDCW,12.491
2023-09-22,144468,Franklin India Equity Savings Fund - IDCW,12.1812
2023-09-22,144475,UTI Liquid Fund - Regular Plan - Half-Yearly IDCW,1161.6331
2023-09-22,144484,UTI Equity Savings Fund - Regular Plan - Growth Option,15.2151
2023-09-22,144485,UTI Equity Savings Fund - Regular Plan - IDCW,15.2151
2023-09-22,144486,UTI Equity Savings Fund - Regular Plan - Monthly IDCW,15.2152
2023-09-22,144487,UTI Equity Savings Fund - Regular Plan - Quarterly IDCW,15.2151
2023-09-22,144488,UTI Equity Savings Fund - Direct Plan - Quarterly IDCW,15.9161
2023-09-22,144489,UTI Equity Savings Fund - Direct Plan - Monthly IDCW,15.9171
2023-09-22,144490,UTI Equity Savings Fund - Direct Plan - Growth Option,15.9162
2023-09-22,144491,UTI Equity Savings Fund - Direct Plan - IDCW,15.9162
2023-09-22,144543,TATA Flexi Cap Fund Direct Plan - Reinvestment of Income Distribution cum capital withdrawal option,19.4739
2023-09-22,144544,TATA Flexi Cap Fund Regular Plan - Payout of Income Distribution cum capital withdrawal option,17.9528
2023-09-22,144545,TATA Flexi Cap Fund Regular Plan - Reinvestment of Income Distribution cum capital withdrawal option,17.9528
2023-09-22,144546,Tata Flexi Cap Fund-Direct Plan-Growth,19.4739
2023-09-22,144547,TATA Flexi Cap Fund - Direct Plan - Payout of Income Distribution cum capital withdrawal option,19.4739
2023-09-22,144548,Tata Flexi Cap Fund -Regular Plan-Growth,17.9528
2023-09-22,144587,ICICI Prudential Nifty Next 50 ETF,46.7204
2023-09-22,144644,DSP Corporate Bond Fund - Regular - Growth,13.9612
2023-09-22,144645,DSP Corporate Bond Fund - Regular - IDCW - Monthly,10.4529
2023-09-22,144646,DSP Corporate Bond Fund - Direct - Growth,14.1398
2023-09-22,144647,DSP Corporate Bond Fund - Direct - IDCW,11.5454
2023-09-22,144648,DSP Corporate Bond Fund - Direct - IDCW - Quarterly,11.2785
2023-09-22,144649,DSP Corporate Bond Fund - Regular - IDCW - Quarterly,10.6354
2023-09-22,144650,DSP Corporate Bond Fund - Regular - IDCW,11.5114
2023-09-22,144651,DSP Corporate Bond Fund - Direct - IDCW - Monthly,10.4732
2023-09-22,144681,Motilal Oswal Equity Hybrid Fund (MOFEH) - Direct Plan Growth Option,18.6753
2023-09-22,144730,Motilal Oswal Equity Hybrid Fund (MOFEH) - Regular Plan Growth Option,17.2485
2023-09-22,144753,Axis Ultra Short Duration Fund - Direct Plan - Daily IDCW,10.0338
2023-09-22,144754,Axis Ultra Short Duration Fund - Direct Plan Growth,13.661
2023-09-22,144755,Axis Ultra Short Duration Fund - Direct Plan - Monthly IDCW,10.087
2023-09-22,144756,Axis Ultra Short Duration Fund - Direct Plan - Regular IDCW,13.6645
2023-09-22,144757,Axis Ultra Short Duration Fund - Direct Plan - Weekly IDCW,10.0577
2023-09-22,144758,Axis Ultra Short Duration Fund - Regular Plan - Daily IDCW,10.0689
2023-09-22,144759,Axis Ultra Short Duration Fund - Regular Plan Growth,13.0651
2023-09-22,144760,Axis Ultra Short Duration Fund - Regular Plan - Monthly IDCW,10.0816
2023-09-22,144761,Axis Ultra Short Duration Fund - Regular Plan - Regular IDCW,13.065
2023-09-22,144762,Axis Ultra Short Duration Fund - Regular Plan - Weekly IDCW,10.0738
2023-09-22,144834,Sundaram Services Fund Regular Plan - Reinvestment of Income Distribution cum Capital Withdrawal (IDCW),19.8294
2023-09-22,144835,Sundaram Services Fund Direct Plan - Growth,26.4528
2023-09-22,144836,Sundaram Services Fund Direct Plan - Payout of Income Distribution cum Capital Withdrawal (IDCW),21.0411
2023-09-22,144837,Sundaram Services Fund Direct Plan - Reinvestment of Income Distribution cum Capital Withdrawal (IDCW),21.0411
2023-09-22,144838,Sundaram Services Fund Regular Plan - Growth,24.9546
2023-09-22,144839,Sundaram Services Fund Regular Plan - Payout of Income Distribution cum Capital Withdrawal (IDCW),19.8294
2023-09-22,144902,Shriram Flexi Cap Fund - Regular Growth,16.2433
2023-09-22,144903,Shriram Flexi Cap Fund - Regular-IDCW,16.2358
2023-09-22,144905,Shriram Flexi Cap Fund - Direct Growth,17.7796
2023-09-22,144906,Shriram Flexi Cap Fund - Direct-IDCW,17.6607
2023-09-22,144916,SBI BSE Sensex Next 50 ETF,597.9311
2023-09-22,144947,ICICI Prudential BSE Liquid Rate ETF - IDCW,1000.0
2023-09-22,144986,Sundaram Emerging Small Cap Series VII Regular Plan - Payout of Income Distribution cum Capital Withdrawal (IDCW),23.2588
2023-09-22,144987,Sundaram Emerging Small Cap Series VII Regular Plan - Growth,24.8011
2023-09-22,144988,Sundaram Emerging Small Cap VII Direct Plan - Growth,25.3656
2023-09-22,144989,Sundaram Emerging Small Cap Series VII Direct Plan - Payout of Income Distribution cum Capital Withdrawal (IDCW),23.8081
2023-09-22,145034,HDFC Ultra Short Term Fund - Direct Plan-Growth Option,13.5634
2023-09-22,145035,HDFC Ultra Short Term Fund - Direct Plan-Weekly IDCW Option,10.057
2023-09-22,145036,HDFC Ultra Short Term Fund - Direct Plan-Monthly IDCW Option,10.0965
2023-09-22,145037,HDFC Ultra Short Term Fund - Monthly IDCW Option,10.1946
2023-09-22,145038,HDFC Ultra Short Term Fund - Weekly IDCW Option,10.0566
2023-09-22,145039,HDFC Ultra Short Term Fund - Direct Plan-Daily IDCW Option,10.092
2023-09-22,145040,HDFC Ultra Short Term Fund - Growth Option,13.3511
2023-09-22,145041,HDFC Ultra Short Term Fund - Daily IDCW Option,10.103
2023-09-22,145042,Sundaram Money Market Fund Regular Plan - Growth,13.1689
2023-09-22,145043,Sundaram Money Market Fund Regular Plan - Daily Reinvestment of Income Distribution cum Capital Withdrawal (IDCW),10.062
2023-09-22,145044,Sundaram Money Market Fund Regular Plan- Income Distribution cum Capital Withdrawal (IDCW),11.1468
2023-09-22,145045,Sundaram Money Market Fund Regular Plan - Income Distribution cum Capital Withdrawal (IDCW ),11.6871
2023-09-22,145046,Sundaram Money Market Fund Regular Plan -Income Distribution cum Capital Withdrawal (IDCW ),11.6871
2023-09-22,145047,Sundaram Money Market Fund Regular Plan - Weekly Reinvestment of Income Distribution cum Capital Withdrawal (IDCW),10.4934
2023-09-22,145049,Sundaram Money Market Fund Regular Plan -Income Distribution cum Capital Withdrawal(IDCW),11.1468
2023-09-22,145050,Sundaram Money Market Fund Direct Plan - Growth,13.2284
2023-09-22,145051,Sundaram Money Market Fund Direct Plan - Income Distribution cum Capital Withdrawal (IDCW),11.1663
2023-09-22,145052,Sundaram Money Market Fund Direct Plan- Income Distribution cum Capital Withdrawal(IDCW),11.7414
2023-09-22,145054,Sundaram Money Market Fund Direct Plan - Daily Reinvestment of Income Distribution cum Capital Withdrawal (IDCW),10.062
2023-09-22,145056,Sundaram Money Market Fund Direct Plan - Income Distribution cum Capital Withdrawal(IDCW),11.1663
2023-09-22,145057,Sundaram Money Market Fund Direct Plan-Income Distribution cum Capital Withdrawal(IDCW),11.7414
2023-09-22,145075,ICICI Prudential Manufacturing Fund - Direct Plan - Cumulative Option,24.27
2023-09-22,145076,ICICI Prudential Manufacturing Fund - Direct Plan - IDCW Option,18.77
2023-09-22,145077,ICICI Prudential Manufacturing Fund - Cumulative Option,23.0
2023-09-22,145078,ICICI Prudential Manufacturing Fund - IDCW Option,17.57
2023-09-22,145109,Axis Large & Mid Cap Fund - Direct Plan - IDCW,21.12
2023-09-22,145110,Axis Large & Mid Cap Fund - Direct Plan - Growth,24.92
2023-09-22,145111,Axis Large & Mid Cap Fund - Regular Plan - IDCW,17.01
2023-09-22,145112,Axis Large & Mid Cap Fund - Regular Plan - Growth,23.08
2023-09-22,145137,Invesco India Smallcap Fund - Direct Plan - Growth,28.64
2023-09-22,145138,Invesco India Smallcap Fund - Direct Plan - IDCW (Payout / Reinvestment),28.7
2023-09-22,145139,Invesco India Smallcap Fund - Regular Plan - Growth,26.52
2023-09-22,145140,Invesco India Smallcap Fund - Regular Plan - IDCW (Payout / Reinvestment),26.52
2023-09-22,145205,TATA SmallCap Fund Regular Plan - Payout of Income Distribution cum capital withdrawal option,28.7875
2023-09-22,145206,Tata Small Cap Fund-Direct Plan-Growth,31.5139
2023-09-22,145207,TATA SmallCap Fund - Direct Plan - Payout of Income Distribution cum capital withdrawal option,31.5139
2023-09-22,145208,Tata Small Cap Fund-Regular Plan-Growth,28.7875
2023-09-22,145209,TATA Small Cap Fund Direct Plan - Reinvestment of Income Distribution cum capital withdrawal option,31.5139
2023-09-22,145210,TATA Small Cap Fund Regular Plan - Reinvestment of Income Distribution cum capital withdrawal option,28.7875
2023-09-22,145287,UTI - Floater Fund - Regular Plan  - Growth Option,1321.9357
2023-09-22,145288,UTI Floater Fund - Regular Plan - Half-Yearly IDCW,1167.4729
2023-09-22,145289,UTI Floater Fund - Regular Plan - Annual IDCW,1255.4314
2023-09-22,145290,UTI Floater Fund - Direct Plan - Quarterly IDCW,1247.9049
2023-09-22,145291,UTI Floater Fund - Direct Plan - Flexi IDCW,1292.7453
2023-09-22,145292,UTI Floater Fund - Regular Plan - Flexi IDCW,1208.4839
2023-09-22,145293,UTI Floater Fund - Direct Plan - Annual IDCW,1256.1671
2023-09-22,145294,UTI Floater Fund - Regular Plan - Quarterly IDCW,1150.5703
2023-09-22,145295,UTI - Floater Fund - Direct Plan - Growth Option,1372.2319
2023-09-22,145296,UTI Floater Fund - Direct Plan - Half-Yearly IDCW,1250.8215
2023-09-22,145355,Mahindra Manulife Consumption Fund- Regular Plan - Growth,16.9214
2023-09-22,145356,Mahindra Manulife Consumption Fund - Direct Plan -Growth,18.3878
2023-09-22,145357,Mahindra Manulife Consumption Fund - Direct Plan - IDCW,15.9089
2023-09-22,145358,Mahindra Manulife Consumption Fund - Regular Plan - IDCW,14.4847
2023-09-22,145387,Baroda BNP Paribas Balanced Advantage Fund-Regular Plan -Growth Option,18.7319
2023-09-22,145389,Baroda BNP Paribas Balanced Advantage Fund-Regular Plan-IDCW Option,14.9488
2023-09-22,145396,Baroda BNP Paribas Balanced Advantage Fund-Direct Plan-Growth Option,20.0383
2023-09-22,145397,Baroda BNP Paribas Balanced Advantage Fund-Direct Plan-IDCW Option,16.0253
2023-09-22,145399,ICICI Prudential Ultra Short Term Fund - Daily IDCW,10.0596
2023-09-22,145400,ICICI Prudential Ultra Short Term Fund - Direct Plan - Weekly IDCW,10.0911
2023-09-22,145402,ICICI Prudential Ultra Short Term Fund - Weekly IDCW,10.0746
2023-09-22,145404,ICICI Prudential Ultra Short Term Fund - Direct Plan - Daily IDCW,10.0103
2023-09-22,145453,DSP Healthcare Fund - Regular Plan - IDCW,19.131
2023-09-22,145454,DSP Healthcare Fund - Direct Plan - Growth,27.538
2023-09-22,145455,DSP Healthcare Fund - Direct Plan - IDCW,20.591
2023-09-22,145456,DSP Healthcare Fund - Regular Plan - Growth,25.567
2023-09-22,145471,Union Value Fund - Regular Plan - Growth Option,20.67
2023-09-22,145472,Union Value Fund - Regular Plan - IDCW Option,20.67
2023-09-22,145473,Union Value Fund - Direct Plan - Growth Option,21.5
2023-09-22,145474,Union Value Fund - Direct Plan - IDCW Option,21.5
2023-09-22,145481,ADITYA BIRLA SUNLIFE OVERNIGHT FUND-REGULAR PLAN-GROWTH,1243.5377
2023-09-22,145482,ADITYA BIRLA SUN LIFE OVERNIGHT FUND-  Regular - Weekly Reinvestment of IDCW option,1000.02
2023-09-22,145483,ADITYA BIRLA SUN LIFE OVERNIGHT FUND- Regular - Daily Reinvestment of IDCW,1000.02
2023-09-22,145485,ADITYA BIRLA SUN LIFE OVERNIGHT FUND- Regular- Monthly Payout of IDCW option,1004.9966
2023-09-22,145486,ADITYA BIRLA SUN LIFE OVERNIGHT FUND-DIRECT PLAN-GROWTH,1250.7178
2023-09-22,145487,ADITYA BIRLA SUN LIFE OVERNIGHT FUND- Direct - Daily Reinvestment of IDCW,1000.02
2023-09-22,145488,ADITYA BIRLA SUN LIFE OVERNIGHT FUND-  Direct - Monthly Payout of IDCW,1005.0817
2023-09-22,145489,ADITYA BIRLA SUN LIFE OVERNIGHT FUND-  Direct - Weekly Reinvestment of IDCW,1000.0204
2023-09-22,145535,ICICI Prudential Overnight Fund - Growth,1240.6716
2023-09-22,145536,ICICI Prudential Overnight Fund - Direct Plan - Growth,1246.5014
2023-09-22,145537,ICICI Prudential Overnight Fund - Direct Plan - Daily IDCW,1000.005
2023-09-22,145538,ICICI Prudential Overnight Fund - Weekly IDCW,1000.7326
2023-09-22,145539,ICICI Prudential Overnight Fund - Direct Plan - Weekly IDCW,1000.7418
2023-09-22,145547,ICICI Prudential Overnight Fund - Daily IDCW,1000.005
2023-09-22,145551,Motilal Oswal Nasdaq 100 Fund of Fund- Regular Plan Growth,25.2198
2023-09-22,145552,Motilal Oswal Nasdaq 100 Fund of Fund- Direct Plan Growth,25.7096
2023-09-22,145589,Groww Dynamic Term Fund (formerly known as Indiabulls Dynamic Bond Fund) - Direct Plan - Growth option,1335.3751
2023-09-22,145590,Groww Dynamic Term Fund (formerly known as Indiabulls Dynamic Bond Fund) - Regular Plan - Growth option,1301.6423
2023-09-22,145591,Groww Dynamic Term Fund (formerly known as Indiabulls Dynamic Bond Fund)- Direct Plan- Monthly - Income Distribution cum capital withdrawal Option (Payout & Reinvestment),1010.3086
2023-09-22,145592,Groww Dynamic Term Fund (formerly known as Indiabulls Dynamic Bond Fund)- Regular Plan- Monthly - Income Distribution cum capital withdrawal Option (Payout & Reinvestment),1009.6596
2023-09-22,145593,Groww Dynamic Term Fund (formerly known as Indiabulls Dynamic Bond Fund)- Regular Plan- - Income Distribution cum capital withdrawal Option ( Reinvestment),1007.9059
2023-09-22,145594,Groww Dynamic Term Fund (formerly known as Indiabulls Dynamic Bond Fund)- Regular Plan- Weekly - Income Distribution cum capital withdrawal Option (Payout & Reinvestment),1007.8867
2023-09-22,145595,Groww Dynamic Term Fund (formerly known as Indiabulls Dynamic Bond Fund)- Direct Plan- Fortnightly - Income Distribution cum capital withdrawal Option (Payout & Reinvestment),1012.4754
2023-09-22,145596,Groww Dynamic Term Fund (formerly known as Indiabulls Dynamic Bond Fund)- Direct Plan- - Income Distribution cum capital withdrawal Option ( Reinvestment),1007.4392
2023-09-22,145597,Groww Dynamic Term Fund (formerly known as Indiabulls Dynamic Bond Fund)- Direct Plan- Weekly - Income Distribution cum capital withdrawal Option (Payout & Reinvestment),1007.9609
2023-09-22,145598,Groww Dynamic Term Fund (formerly known as Indiabulls Dynamic Bond Fund)- Regular Plan- Fortnightly - Income Distribution cum capital withdrawal Option (Payout & Reinvestment),1011.9135
2023-09-22,145599,Groww Aggressive Hybrid Fund (formerly known as Indiabulls Equity Hybrid Fund) - Direct Plan - Growth option,17.6837
2023-09-22,145600,Groww Aggressive Hybrid Fund (formerly known as Indiabulls Equity Hybrid Fund)- Direct Plan- - Income Distribution cum capital withdrawal Option (Payout & Reinvestment),17.5453
2023-09-22,145601,Groww Aggressive Hybrid Fund (formerly known as Indiabulls Equity Hybrid Fund)- Direct Plan- Quarterly - Income Distribution cum capital withdrawal Option (Payout & Reinvestment),17.3371
2023-09-22,145602,Groww Aggressive Hybrid Fund (formerly known as Indiabulls Equity Hybrid Fund)- Direct Plan- Half Yearly - Income Distribution cum capital withdrawal Option (Payout & Reinvestment),17.0154
2023-09-22,145603,Groww Aggressive Hybrid Fund (formerly known as Indiabulls Equity Hybrid Fund)- Regular Plan- - Income Distribution cum capital withdrawal Option (Payout & Reinvestment),16.2329
2023-09-22,145604,Groww Aggressive Hybrid Fund (formerly known as Indiabulls Equity Hybrid Fund)- Regular Plan- Monthly - Income Distribution cum capital withdrawal Option (Payout & Reinvestment.,16.2339
2023-09-22,145605,Groww Aggressive Hybrid Fund (formerly known as Indiabulls Equity Hybrid Fund) - Regular Plan - Growth option,16.2358
2023-09-22,145606,Groww Aggressive Hybrid Fund (formerly known as Indiabulls Equity Hybrid Fund)- Direct Plan- Monthly - Income Distribution cum capital withdrawal Option (Payout & Reinvestment),17.5171
2023-09-22,145607,Groww Aggressive Hybrid Fund (formerly known as Indiabulls Equity Hybrid Fund)- Regular Plan- Quarterly - Income Distribution cum capital withdrawal Option (Payout & Reinvestment),17.2084
2023-09-22,145608,Groww Aggressive Hybrid Fund (formerly known as Indiabulls Equity Hybrid Fund)- Regular Plan- Half Yearly - Income Distribution cum capital withdrawal Option (Payout & Reinvestment),16.1972
2023-09-22,145633,Mirae Asset Nifty 50 ETF,207.2196
2023-09-22,145648,SBI Nifty 200 Quality 30 ETF,175.2005
2023-09-22,145675,BANK OF INDIA Small Cap Fund Direct Plan IDCW,26.9
2023-09-22,145676,BANK OF INDIA Small Cap Fund Regular Plan IDCW,24.12
2023-09-22,145677,BANK OF INDIA Small Cap Fund Regular Plan Growth,33.08
2023-09-22,145678,BANK OF INDIA Small Cap Fund Direct Plan Growth,35.92
2023-09-22,145693,Mirae Asset Equity Savings Fund- Direct Plan- Growth,17.268
2023-09-22,145694,Mirae Asset Equity Savings Fund Direct IDCW,13.496
2023-09-22,145695,Mirae Asset Equity Savings Fund- Regular Plan- Growth,16.421
2023-09-22,145696,Mirae Asset Equity Savings Fund Regular IDCW,12.708
2023-09-22,145723,Tata Arbitrage Fund-Regular Plan-Growth,12.69
2023-09-22,145724,Tata Arbitrage Fund-Direct Plan-Growth,13.1656
2023-09-22,145725,TATA Arbitrage Fund Direct Plan - Monthly Reinvestment of Income Distribution cum capital withdrawal option,12.6469
2023-09-22,145726,TATA Arbitrage Fund Regular Plan - Monthly Reinvestment of Income Distribution cum capital withdrawal option,12.1293
2023-09-22,145727,TATA Arbitrage Fund Direct Plan - Monthly Payout of Income Distribution cum capital withdrawal option,12.6469
2023-09-22,145728,TATA Arbitrage Fund Regular Plan - Monthly Payout of Income Distribution cum capital withdrawal option,12.1293
2023-09-22,145801,Tata Nifty 50 Exchange Traded Fund,207.6231
2023-09-22,145810,Nippon India Overnight Fund - Direct Plan - Growth Option,124.166
2023-09-22,145811,Nippon India Overnight Fund - Regular Plan - Growth Option,123.5949
2023-09-22,145812,NIPPON INDIA OVERNIGHT FUND - DIRECT Plan - DAILY IDCW Option,100.005
2023-09-22,145819,Shriram ELSS Tax Saver Fund - Direct Growth,18.6617
2023-09-22,145820,Shriram ELSS Tax Saver Fund - Regular Growth,17.1167
2023-09-22,145821,Shriram ELSS Tax Saver Fund - Regular-IDCW,17.1066
2023-09-22,145822,Shriram ELSS Tax Saver Fund - Direct- IDCW,18.5666
2023-09-22,145823,NIPPON INDIA OVERNIGHT FUND - DIRECT Plan - WEEKLY IDCW Option,100.005
2023-09-22,145824,NIPPON INDIA OVERNIGHT FUND - DIRECT Plan - MONTHLY IDCW Option,100.6292
2023-09-22,145825,NIPPON INDIA OVERNIGHT FUND - DIRECT Plan - QUARTERLY IDCW Option,100.2954
2023-09-22,145826,NIPPON INDIA OVERNIGHT FUND - WEEKLY IDCW Option,100.005
2023-09-22,145827,NIPPON INDIA OVERNIGHT FUND - MONTHLY IDCW Option,100.6133
2023-09-22,145830,NIPPON INDIA OVERNIGHT FUND - DAILY IDCW Option,100.005
2023-09-22,145833,NIPPON INDIA OVERNIGHT FUND - QUARTERLY IDCW Option,100.2933
2023-09-22,145834,Motilal Oswal Liquid Fund - Direct Growth,12.3753
2023-09-22,145881,Aditya Birla Sunlife Nifty Next 50 ETF,46.5401
2023-09-22,145890,LIC MF Arbitrage Fund-Regular Plan-Growth,12.2852
2023-09-22,145891,LIC MF Arbitrage Fund-Direct Plan-Weekly IDCW,11.9277
2023-09-22,145892,LIC MF Arbitrage Fund-Regular Plan-Monthly IDCW,12.0026
2023-09-22,145893,LIC MF Arbitrage Fund-Regular Plan-Weekly IDCW,11.926
2023-09-22,145894,LIC MF Arbitrage Fund-Direct Plan-Monthly IDCW,11.5401
2023-09-22,145895,LIC MF Arbitrage Fund-Direct Plan-Growth,12.6935
2023-09-22,145896,ICICI Prudential India Opportunities Fund - Cumulative Option,24.78
2023-09-22,145897,ICICI Prudential India Opportunities Fund - Direct Plan - Cumulative Option,26.5
2023-09-22,145898,ICICI Prudential India Opportunities Fund - Direct Plan - IDCW Option,21.12
2023-09-22,145899,ICICI Prudential India Opportunities Fund - IDCW Option,19.49
2023-09-22,145946,Motilal Oswal Liquid Fund - Regular Growth,12.2871
2023-09-22,145951,LIC MF Short Duration Fund-Regular Plan-IDCW,12.7881
2023-09-22,145952,LIC MF Short Duration Fund-Regular Plan-Growth,12.7881
2023-09-22,145953,LIC MF Short Duration Fund-Direct Plan-IDCW,13.4279
2023-09-22,145954,LIC MF Short Duration Fund-Direct Plan-Growth,13.4279
2023-09-22,145963,WhiteOak Capital Liquid Fund- Regular plan-Daily Reinvestment of Income Distribution cum capital withdrawal option (IDCW),1000.9587
2023-09-22,145964,WhiteOak Capital Liquid Fund- Regular plan-Weekly Payout/ Reinvestment of Income Distribution cum capital withdrawal option (IDCW),1001.8923
2023-09-22,145965,WhiteOak Capital Liquid Fund- Regular plan-Fortnightly Payout/ Reinvestment of Income Distribution cum capital withdrawal option (IDCW),1004.6507
2023-09-22,145966,WhiteOak Capital Liquid Fund- Direct plan-Fortnightly Payout/ Reinvestment of Income Distribution cum capital withdrawal option (IDCW),1002.6799
2023-09-22,145967,WhiteOak Capital Liquid Fund- Direct plan-Monthly  Payout/ Reinvestment of Income Distribution cum capital withdrawal option (IDCW),1001.7969
2023-09-22,145968,WhiteOak Capital Liquid Fund- Regular plan-Growth Option,1242.7104
2023-09-22,145969,WhiteOak Capital Liquid Fund- Direct plan-Daily Reinvestment of Income Distribution cum capital withdrawal option (IDCW),1000.9853
2023-09-22,145970,WhiteOak Capital Liquid Fund- Direct plan-Weekly Payout/ Reinvestment of Income Distribution cum capital withdrawal option (IDCW),1001.8979
2023-09-22,145971,WhiteOak Capital Liquid Fund- Direct plan-Growth Option,1248.0043
2023-09-22,145972,WhiteOak Capital Liquid Fund- Regular plan-Monthly Payout/ Reinvestment of Income Distribution cum capital withdrawal option (IDCW),1002.3129
2023-09-22,146005,TATA Balanced Advantage Fund Regular Plan - Payout of Income Distribution cum capital withdrawal option,16.8116
2023-09-22,146006,TATA Balanced Advantage Fund Direct Plan - Payout of Income Distribution cum capital withdrawal option,18.1728
2023-09-22,146007,Tata Balanced Advantage Fund-Regular Plan-Growth,16.8116
2023-09-22,146008,TATA Balanced Advantage Fund Direct Plan - Reinvestment of Income Distribution cum capital withdrawal option,18.1728
2023-09-22,146009,TATA Balanced Advantage Fund Regular Plan - Reinvestment of Income Distribution cum capital withdrawal option,16.8116
2023-09-22,146010,Tata Balanced Advantage Fund-Direct Plan-Growth,18.1728
2023-09-22,146061,DSP Overnight Fund - Regular Plan - Growth,1233.7557
2023-09-22,146062,DSP Overnight Fund - Direct Plan - Growth,1238.6365
2023-09-22,146063,DSP Overnight Fund - Regular Plan - IDCW - Weekly,1000.9533
2023-09-22,146065,DSP Overnight Fund - Direct Plan - IDCW - Daily,1000.004
2023-09-22,146066,DSP Overnight Fund - Regular Plan - IDCW - Daily,1000.0039
2023-09-22,146067,TATA Ultra Short Term Fund-Direct Plan - Weekly Payout of Income Distribution cum capital withdrawal option,10.4057
2023-09-22,146068,TATA Ultra Short Term Fund Direct Plan - Weekly Reinvestment of Income Distribution cum capital withdrawal option,10.4057
2023-09-22,146069,TATA Ultra Short Term Fund-Direct Plan - Monthly Payout of Income Distribution cum capital withdrawal option,13.1044
2023-09-22,146070,Tata Ultra Short Term Fund-Regular Plan-Growth,12.5735
2023-09-22,146071,TATA Ultra Short Term Fund-Regular Plan - Weekly Payout of Income Distribution cum capital withdrawal option,10.3787
2023-09-22,146072,TATA Ultra Short Term Fund-Regular Plan - Monthly Payout of Income Distribution cum capital withdrawal option,12.5774
2023-09-22,146073,TATA Ultra Short Term Fund Regular Plan - Monthly Reinvestment of Income Distribution cum capital withdrawal option,12.5774
2023-09-22,146074,TATA Ultra Short Term Fund Regular Plan -Weekly Reinvestment of Income Distribution cum capital withdrawal option,10.3787
2023-09-22,146075,Tata Ultra Short Term Fund-Direct Plan-Growth,13.0224
2023-09-22,146076,TATA Ultra Short Term Fund Direct Plan - Monthly Reinvestment of Income Distribution cum capital withdrawal option,13.1044
2023-09-22,146127,CANARA ROBECO SMALL CAP FUND - REGULAR PLAN - GROWTH OPTION,29.1
2023-09-22,146128,CANARA ROBECO SMALL CAP FUND - REGULAR PLAN - IDCW (Payout/Reinvestment),27.03
2023-09-22,146130,CANARA ROBECO SMALL CAP FUND - DIRECT PLAN - GROWTH OPTION,31.44
2023-09-22,146131,CANARA ROBECO SMALL CAP FUND - DIRECT PLAN - IDCW (Payout/Reinvestment),29.55
2023-09-22,146138,Kotak Overnight Fund-Regular Plan- Daily Reinvestment of Income Distribution cum capital withdrawal option,1004.7568
2023-09-22,146140,Kotak Overnight Fund-Direct Plan- Daily Reinvestment of Income Distribution cum capital withdrawal option,1003.6055
2023-09-22,146141,Kotak Overnight Fund -Direct Plan-Growth Option,1233.5367
2023-09-22,146142,Kotak Overnight Fund -Regular plan-Growth Option,1228.1781
2023-09-22,146183,BANDHAN Overnight Fund - Direct Plan - Monthly IDCW,1004.1428
2023-09-22,146184,BANDHAN Overnight Fund - Direct Plan - Periodic IDCW,1123.4202
2023-09-22,146185,BANDHAN Overnight Fund - Regular Plan - Monthly IDCW,1004.1066
2023-09-22,146186,BANDHAN Overnight Fund - REGULAR PLAN PERIODIC IDCW,1122.4765
2023-09-22,146187,BANDHAN Overnight Fund - Regular Plan - Growth,1226.766
2023-09-22,146188,BANDHAN Overnight Fund - Regular Plan - Daily IDCW,1000.003
2023-09-22,146189,BANDHAN Overnight Fund - Regular Plan - Weekly IDCW,1002.2012
2023-09-22,146190,BANDHAN Overnight Fund - Direct Plan - Daily IDCW,1000.003
2023-09-22,146191,BANDHAN Overnight Fund - Direct Plan - Growth,1233.1957
2023-09-22,146192,BANDHAN Overnight Fund - Direct Plan - Weekly IDCW,1001.2857
2023-09-22,146193,Edelweiss Small Cap Fund - Regular Plan - Growth,31.516
2023-09-22,146194,Edelweiss Small Cap Fund - Regular Plan - IDCW Option,27.386
2023-09-22,146196,Edelweiss Small Cap Fund - Direct Plan - Growth,33.93
2023-09-22,146197,Edelweiss Small Cap Fund - Direct Plan - IDCW Option,29.683
2023-09-22,146207,SBI Corporate Bond Fund - Regular Plan - Growth,13.5125
2023-09-22,146208,SBI Corporate Bond Fund - Regular Plan - Monthly Income Distribution cum Capital Withdrawal Option (IDCW),12.7533
2023-09-22,146210,SBI Corporate Bond Fund - Regular Plan - Quarterly Income Distribution cum Capital Withdrawal Option (IDCW),13.1289
2023-09-22,146212,SBI Corporate Bond Fund - Direct Plan - Monthly Income Distribution cum Capital Withdrawal Option (IDCW),13.0384
2023-09-22,146215,SBI Corporate Bond Fund - Direct Plan - Growth,13.8134
2023-09-22,146216,SBI Corporate Bond Fund - Direct Plan - Quarterly Income Distribution cum Capital Withdrawal Option (IDCW),13.4285
2023-09-22,146218,Motilal Oswal Liquid Fund Direct - IDCW  Quarterly Payout/Reinvestment,10.1524
2023-09-22,146220,Motilal Oswal Liquid Fund Regular - IDCW Monthly Payout/Reinvestment,10.0794
2023-09-22,146222,Motilal Oswal Liquid Fund Regular - IDCW Quarterly Payout/Reinvestment,10.1495
2023-09-22,146223,Motilal Oswal Liquid Fund Direct - IDCW Monthly Payout/Reinvestment,10.0806
2023-09-22,146224,Motilal Oswal Liquid Fund Regular - IDCW Weekly Reinvestment,10.013
2023-09-22,146226,Motilal Oswal Liquid Fund Direct - IDCW Fortnightly Reinvestment,10.0043
2023-09-22,146227,Motilal Oswal Liquid Fund Regular - IDCW Daily Reinvestment,10.0055
2023-09-22,146228,Motilal Oswal Liquid Fund Direct - IDCW Reinvestment,10.0077
2023-09-22,146229,Motilal Oswal Liquid Fund Direct - IDCW Weekly Reinvestment,10.0058
2023-09-22,146230,Motilal Oswal Liquid Fund Regular - IDCW Fortnightly Reinvestment,10.0042
2023-09-22,146271,Nippon India ETF Nifty Midcap 150,153.2344
2023-09-22,146294,Union Arbitrage Fund - Regular Plan - Growth Option,12.4134
2023-09-22,146295,Union Arbitrage Fund - Regular Plan - IDCW Option,12.1208
2023-09-22,146296,Union Arbitrage Fund - Direct Plan - IDCW Option,12.4102
2023-09-22,146297,Union Arbitrage Fund - Direct Plan - Growth Option,12.712
2023-09-22,146346,ICICI Prudential Retirement Fund - Pure Equity - Growth Option,20.84
2023-09-22,146347,ICICI Prudential Retirement Fund - Pure Equity - IDCW Option,20.84
2023-09-22,146348,ICICI Prudential Retirement Fund - Pure Equity - Direct Plan - IDCW Option,22.39
2023-09-22,146349,ICICI Prudential Retirement Fund - Pure Equity - Direct Plan - Growth Option,22.39
2023-09-22,146376,DSP Nifty 50 Index Fund - Direct Plan - Growth,18.8817
2023-09-22,146377,DSP Nifty 50 Index Fund - Direct Plan - IDCW,17.883
2023-09-22,146378,DSP Nifty 50 Index Fund - Regular Plan - IDCW,17.8312
2023-09-22,146379,DSP Nifty 50 Index Fund - Regular Plan - Growth,18.7179
2023-09-22,146380,DSP Nifty Next 50 Index Fund - Regular Plan - Growth,17.448
2023-09-22,146381,DSP Nifty Next 50 Index Fund - Direct Plan - Growth,17.6864
2023-09-22,146382,DSP Nifty Next 50 Index Fund - Direct Plan - IDCW,16.8669
2023-09-22,146383,DSP Nifty Next 50 Index Fund - Regular Plan - IDCW,16.6299
2023-09-22,146388,UTI - BSE Sensex Next 50 Exchange Traded Fund,59.5602
2023-09-22,146405,ADITYA BIRLA SUN LIFE BAL BHAVISHYA YOJNA- Regular - IDCW,15.58
2023-09-22,146407,ADITYA BIRLA SUN LIFE BAL BHAVISHYA YOJNA DIRECT GROWTH,16.91
2023-09-22,146408,ADITYA BIRLA SUN LIFE BAL BHAVISHYA YOJNA- Direct - IDCW,16.91
2023-09-22,146409,ADITYA BIRLA SUN LIFE BAL BHAVISHYA YOJNA REGULAR GROWTH,15.57
2023-09-22,146455,Invesco India Equity Savings Fund - Regular Plan - IDCW (Payout / Reinvestment),13.5635
2023-09-22,146456,Invesco India Equity Savings Fund - Regular Plan - Growth,13.5642
2023-09-22,146457,Invesco India Equity Savings Fund - Direct Plan - Growth,14.6652
2023-09-22,146458,Invesco India Equity Savings Fund - Direct Plan - IDCW (Payout / Reinvestment),14.6155
2023-09-22,146512,NIPPON INDIA NIFTY NEXT 50 JUNIOR BEES FOF - IDCW Option,16.6378
2023-09-22,146513,Nippon India Nifty Next 50 Junior BeES FoF - Direct Plan - Growth Plan - Growth Option,16.8353
2023-09-22,146514,Nippon India Nifty Next 50 Junior BeES FoF - Growth Plan - Growth Option,16.6378
2023-09-22,146515,NIPPON INDIA NIFTY NEXT 50 JUNIOR BEES FOF - DIRECT Plan - IDCW Option,16.8353
2023-09-22,146548,Mahindra Manulife Large Cap Fund - Regular Plan - IDCW,14.7784
2023-09-22,146549,Mahindra Manulife Large Cap Fund - Direct Plan -Growth,19.2289
2023-09-22,146550,Mahindra Manulife Large Cap Fund - Direct Plan - IDCW,16.2751
2023-09-22,146551,Mahindra Manulife Large Cap Fund - Regular Plan - Growth,17.6668
2023-09-22,146574,Aditya Birla Sun Life Retirement Fund-The 30s Plan-Regular - Payout of IDCW,14.802
2023-09-22,146575,Aditya Birla Sun Life Retirement Fund-The 30s Plan-Direct Growth,15.95
2023-09-22,146576,Aditya Birla Sun Life Retirement Fund-The 30s Plan-Direct - Payout of IDCW,15.94
2023-09-22,146577,Aditya Birla Sun Life Retirement Fund-The 30s Plan-Regular Growth,14.809
2023-09-22,146641,SBI Equity Minimum Variance Fund - Regular Plan - Income Distribution cum Capital Withdrawal Option (IDCW),19.0386
2023-09-22,146642,SBI Equity Minimum Variance Fund - Direct Plan - Income Distribution cum Capital Withdrawal Option (IDCW),19.3615
2023-09-22,146643,SBI Equity Minimum Variance Fund - Direct Plan - Growth,19.3627
2023-09-22,146644,SBI Equity Minimum Variance Fund - Regular Plan - Growth,19.0339
2023-09-22,146675,Axis Overnight Fund - Direct Plan - Growth Option,1223.0413
2023-09-22,146676,Axis Overnight Fund - Direct Plan - Weekly IDCW,1001.4295
2023-09-22,146677,Axis Overnight Fund - Direct Plan - Monthly IDCW,1005.9201
2023-09-22,146678,Axis Overnight Fund - Regular Plan - Growth Option,1219.7522
2023-09-22,146679,Axis Overnight Fund - Direct Plan - Daily IDCW,1000.5073
2023-09-22,146680,Axis Overnight Fund - Regular Plan - Weekly IDCW,1001.392
2023-09-22,146681,Axis Overnight Fund - Regular Plan - Monthly IDCW,1005.8681
2023-09-22,146682,Axis Overnight Fund - Regular Plan - Daily IDCW,1000.5032
2023-09-22,146695,BANDHAN Fixed Term Plan Series 179 REGULAR PLAN-GROWTH (3652 days),14.4255
2023-09-22,146699,BANDHAN Fixed Term Plan Series 179 DIRECT PLAN HALF YEARLY-IDCW (3652 days),11.6789
2023-09-22,146701,BANDHAN Fixed Term Plan Series 179 DIRECT PLAN-GROWTH (3652 days),14.5897
2023-09-22,146702,BANDHAN Fixed Term Plan Series 179 REGULAR PLAN PERIODIC-IDCW (3652 days),12.4145
2023-09-22,146716,ICICI Prudential Retirement Fund - Hybrid Conservative - Direct Plan - Growth Option,15.1728
2023-09-22,146717,ICICI Prudential Retirement Fund - Hybrid Conservative - Growth Option,14.2138
2023-09-22,146718,ICICI Prudential Retirement Fund - Hybrid Conservative - Direct Plan - IDCW Option,15.1725
2023-09-22,146719,ICICI Prudential Retirement Fund - Hybrid Conservative - IDCW Option,14.2137
2023-09-22,146720,ICICI Prudential Retirement Fund - Hybrid Aggressive - Direct Plan - IDCW Option,19.02
2023-09-22,146721,ICICI Prudential Retirement Fund - Hybrid Aggressive - Direct Plan - Growth Option,19.02
2023-09-22,146722,ICICI Prudential Retirement Fund - Hybrid Aggressive - Growth Option,17.68
2023-09-22,146723,ICICI Prudential Retirement Fund - Hybrid Aggressive - IDCW Option,17.68
2023-09-22,146724,ICICI Prudential Retirement Fund - Pure Debt - IDCW Option,13.3278
2023-09-22,146725,ICICI Prudential Retirement Fund - Pure Debt - Direct Plan - IDCW Option,14.2131
2023-09-22,146726,ICICI Prudential Retirement Fund - Pure Debt - Growth Option,13.3276
2023-09-22,146727,ICICI Prudential Retirement Fund - Pure Debt - Direct Plan - Growth Option,14.2132
2023-09-22,146769,HSBC Large & Mid Cap Fund - Regular IDCW,16.9472
2023-09-22,146770,HSBC Large & Mid Cap Fund - Direct IDCW,18.2438
2023-09-22,146771,HSBC Large & Mid Cap Fund - Regular Growth,18.562
2023-09-22,146772,HSBC Large & Mid Cap Fund - Direct Growth,19.907
2023-09-22,146795,ICICI Prudential Fixed Maturity Plan - Series 85 - 10 Years Plan I - Direct Plan Cumulative Option,14.5642
2023-09-22,146797,ICICI Prudential Fixed Maturity Plan - Series 85 - 10 Years Plan I - Cumulative Option,14.3979
2023-09-22,146800,ICICI Prudential Fixed Maturity Plan - Series 85 - 10 Years Plan I - Quarterly IDCW Option,14.3977
2023-09-22,146927,Aditya Birla Sun Life Retirement Fund-The 40s Plan- Direct - Payout of IDCW,15.565
2023-09-22,146928,Aditya Birla Sun Life Retirement Fund-The 40s Plan-Regular - Payout of IDCW,14.512
2023-09-22,146929,Aditya Birla Sun Life Retirement Fund-The 40s Plan-Regular Plan-Growth,14.513
2023-09-22,146930,Aditya Birla Sun Life Retirement Fund-The 40s Plan-Direct Plan-Growth,15.567
2023-09-22,146937,Aditya Birla Sun Life Retirement Fund-The 50s Plan- Direct - Payout of IDCW,13.2628
2023-09-22,146938,Aditya Birla Sun Life Retirement Fund-The 50s Plan-Regular Plan-Growth,12.4508
2023-09-22,146939,Aditya Birla Sun Life Retirement Fund-The 50s Plan- Regular - Payout of IDCW,12.4497
2023-09-22,146940,Aditya Birla Sun Life Retirement Fund-The 50s Plan-Direct Plan-Growth,13.2631
2023-09-22,146941,Aditya Birla Sun Life Retirement Fund-The 50s Plus-Debt Plan-Regular Plan-Growth,11.8517
2023-09-22,146942,Aditya Birla Sun Life Retirement Fund-The 50s Plus-Debt Plan - Regular - Payout of IDCW,11.8526
2023-09-22,146943,Aditya Birla Sun Life Retirement Fund-The 50s Plus-Debt Plan-Direct Plan-Growth,12.5977
2023-09-22,146944,Aditya Birla Sun Life Retirement Fund-The 50s Plus-Debt Plan - Direct - Payout of IDCW,12.5976
2023-09-22,146949,ICICI Prudential Bharat Consumption Fund - Direct Plan - IDCW Option,16.87
2023-09-22,146950,ICICI Prudential Bharat Consumption Fund - Growth Option,19.0
2023-09-22,146951,ICICI Prudential Bharat Consumption Fund - Direct Plan - Growth Option,20.08
2023-09-22,146952,ICICI Prudential Bharat Consumption Fund - IDCW Option,15.83
2023-09-22,146953,Sundaram Overnight Fund Regular Plan - Daily Reinvestment of Income Distribution cum Capital Withdrawal (IDCW),1000.03
2023-09-22,146954,Sundaram Overnight Fund Regular Plan - Weekly Payout of Income Distribution cum Capital Withdrawal (IDCW),1048.4545
2023-09-22,146955,Sundaram Overnight Fund Direct Plan - Weekly Reinvestment of Income Distribution cum Capital Withdrawal (IDCW),1049.6545
2023-09-22,146956,Sundaram Overnight Fund Direct Plan - Fortnightly Reinvestment of Income Distribution cum Capital Withdrawal (IDCW),1066.3002
2023-09-22,146957,Sundaram Overnight Fund Direct Plan - Monthly Reinvestment of Income Distribution cum Capital Withdrawal (IDCW),1043.6503
2023-09-22,146958,Sundaram Overnight Fund Regular Plan - Fortnightly Reinvestment of Income Distribution cum Capital Withdrawal (IDCW),1067.6817
2023-09-22,146959,Sundaram Overnight Fund Regular Plan - Growth,1223.3657
2023-09-22,146960,Sundaram Overnight Fund Regular Plan - Monthly Payout of Income Distribution cum Capital Withdrawal (IDCW),1040.0757
2023-09-22,146961,Sundaram Overnight Fund Regular Plan - Monthly Reinvestment of Income Distribution cum Capital Withdrawal (IDCW),1040.0757
2023-09-22,146962,Sundaram Overnight Fund Direct Plan - Monthly Payout of Income Distribution cum Capital Withdrawal (IDCW),1043.6503
2023-09-22,146963,Sundaram Overnight Fund Direct Plan - Growth,1228.7315
2023-09-22,146964,Sundaram Overnight Fund Direct Plan - Daily Reinvestment of Income Distribution cum Capital Withdrawal (IDCW),1000.03
2023-09-22,146973,SBI Fixed Maturity Plan (FMP) - Series 1 (3668 Days) - Regular Plan - Income Distribution cum Capital Withdrawal Option (IDCW),14.1219
2023-09-22,146974,SBI Fixed Maturity Plan (FMP) - Series 1 (3668 Days) - Direct Plan - Growth,14.2776
2023-09-22,146975,SBI Fixed Maturity Plan (FMP) - Series 1 (3668 Days) - Direct Plan - Income Distribution cum Capital Withdrawal Option (IDCW),14.2814
2023-09-22,146976,SBI Fixed Maturity Plan (FMP) - Series 1 (3668 Days) - Regular Plan - Growth,14.1222
2023-09-22,146977,Tata Overnight Fund-Regular Plan-Growth,1213.9212
2023-09-22,146978,TATA Overnight Fund Direct Plan - Daily Reinvestment of Income Distribution cum capital withdrawal option,1000.0
2023-09-22,146979,TATA Overnight Fund Regular Plan - Daily Reinvestment of Income Distribution cum capital withdrawal option,1000.0
2023-09-22,146980,Tata Overnight Fund-Direct Plan-Growth,1219.8329
2023-09-22,146997,Union Overnight Fund - Regular Plan - Growth Option,1211.9832
2023-09-22,146998,Union Overnight Fund - Regular Plan - Daily IDCW Option,1001.2517
2023-09-22,147000,Union Overnight Fund - Regular Plan - Monthly IDCW Option,1005.5778
2023-09-22,147002,Union Overnight Fund - Direct Plan - Daily IDCW Option,1000.763
2023-09-22,147003,Union Overnight Fund - Direct Plan - Growth Option,1217.3517
2023-09-22,147006,Union Overnight Fund - Direct Plan - Monthly IDCW Option,1005.6512
2023-09-22,147095,NIPPON INDIA FIXED MATURITY  PLAN - XLI - SERIES 8 - DIRECT Plan - IDCW Option,14.309
2023-09-22,147096,NIPPON INDIA FIXED MATURITY PLAN  - XLI - SERIES 8 - IDCW Option,14.1209
2023-09-22,147097,Nippon India Fixed Maturity Plan XLI - Series 8 - Growth Option,14.1209
2023-09-22,147098,Nippon India Fixed Maturity Plan XLI - Series 8 - Direct Plan - Growth Option,14.309
2023-09-22,147113,Groww Nifty50 Exchange Traded Fund (formerly known as Indiabulls Nifty50 Exchange Traded) Fund,206.9519
2023-09-22,147128,UTI Ultra Short Duration Fund - Direct Plan - Half-Yearly IDCW,1262.6278
2023-09-22,147153,ITI Liquid Fund - Regular Plan - Growth Option,1208.0117
2023-09-22,147154,ITI Liquid Fund - Regular Plan - Daily IDCW Option,1001.0
2023-09-22,147155,ITI Liquid Fund - Regular Plan - Fortnightly Income Distribution cum capital withdrawal option Option,1005.814
2023-09-22,147156,ITI Liquid Fund - Regular Plan - Monthly IDCW Option,1005.8319
2023-09-22,147157,ITI Liquid Fund - Direct Plan - Growth Option,1214.8733
2023-09-22,147158,ITI Liquid Fund - Direct Plan - Daily IDCW Option,1001.0
2023-09-22,147159,ITI Liquid Fund - Direct Plan - Weekly IDCW Option,1001.5448
2023-09-22,147161,ITI Liquid Fund - Direct Plan - Annually IDCW Option,1215.8655
2023-09-22,147162,ITI Liquid Fund - Regular Plan - Annually IDCW Option,1212.2886
2023-09-22,147163,ITI Liquid Fund - Direct Plan - Monthly IDCW Option,1005.9316
2023-09-22,147164,ITI Liquid Fund - Regular Plan - Weekly IDCW Option,1001.5308
2023-09-22,147183,ITI Multi Cap Fund - Direct Plan - Growth Option,18.4486
2023-09-22,147184,ITI Multi Cap Fund - Regular Plan - Growth Option,16.8326
2023-09-22,147185,ITI Multi Cap Fund - Regular Plan - IDCW Option,16.0788
2023-09-22,147186,ITI Multi Cap Fund - Direct Plan - IDCW Option,17.6503
2023-09-22,147193,Baroda BNP Paribas Overnight Fund - Regular Plan - Growth,1211.2765
2023-09-22,147194,Baroda BNP Paribas Overnight Fund - Regular Plan - Daily IDCW,1000.0018
2023-09-22,147195,Baroda BNP Paribas Overnight Fund - Direct Plan - Weekly IDCW,1000.6521
2023-09-22,147196,Baroda BNP Paribas Overnight Fund - Direct Plan - Growth,1214.4198
2023-09-22,147197,Baroda BNP Paribas Overnight Fund - Direct Plan - Daily IDCW,1000.0028
2023-09-22,147198,Baroda BNP Paribas Overnight Fund - Regular Plan - Weekly IDCW,1000.6281
2023-09-22,147203,Mirae Asset Focused Fund Regular Plan Growth,20.597
2023-09-22,147204,Mirae Asset Focused Fund Regular IDCW,20.601
2023-09-22,147205,Mirae Asset Focused Fund Direct IDCW,21.927
2023-09-22,147206,Mirae Asset Focused Fund Direct Plan Growth,21.933
2023-09-22,147211,Franklin India Overnight Fund - Direct Weekly Dividend Plan - Weekly - IDCW,1000.9118
2023-09-22,147212,Franklin India Overnight Fund - Direct Daily Dividend Plan - Daily - IDCW,1000.0007
2023-09-22,147213,Franklin India Overnight fund- Growth,1203.8008
2023-09-22,147214,Franklin India Overnight Fund- Growth - Direct,1206.629
2023-09-22,147215,Franklin India Overnight Fund - Daily Dividend Plan - Daily - IDCW,1000.0
2023-09-22,147216,Franklin India Overnight Fund - Weekly Dividend Plan - Weekly - IDCW,1000.9087
2023-09-22,147247,SBI Fixed Maturity Plan (FMP) - Series 6 (3668 Days) - Regular Plan - Growth,13.7679
2023-09-22,147248,SBI Fixed Maturity Plan (FMP) - Series 6 (3668 Days) - Direct Plan - Growth,13.9187
2023-09-22,147249,SBI Fixed Maturity Plan (FMP) - Series 6 (3668 Days) - Direct Plan - Income Distribution cum Capital Withdrawal Option (IDCW),13.9187
2023-09-22,147250,SBI Fixed Maturity Plan (FMP) - Series 6 (3668 Days) - Regular Plan - Income Distribution cum Capital Withdrawal Option (IDCW),13.7703
2023-09-22,147265,KOTAK FLOATING RATE FUND-REGULAR PLAN-STANDARD Reinvestment of Income Distribution cum capital withdrawal option,1169.3046
2023-09-22,147266,KOTAK FLOATING RATE FUND-REGULAR PLAN-GROWTH OPTION,1313.8397
2023-09-22,147267,KOTAK FLOATING RATE FUND-DIRECT PLAN-Standard Reinvestment of Income Distribution cum capital withdrawal option,1163.2825
2023-09-22,147269,KOTAK FLOATING RATE FUND-DIRECT PLAN-GROWTH OPTION,1335.3374
2023-09-22,147287,HSBC Overnight Fund - Direct Growth,1209.9908
2023-09-22,147288,HSBC Overnight Fund - Regular Weekly IDCW,1000.5747
2023-09-22,147289,HSBC Overnight Fund - Regular Daily IDCW,1000.0092
2023-09-22,147290,HSBC Overnight Fund - Regular Growth,1202.5577
2023-09-22,147291,HSBC Overnight Fund - Direct Daily IDCW,1000.0092
2023-09-22,147296,HSBC Overnight Fund - Direct Weekly IDCW,1000.5522
2023-09-22,147300,HSBC Overnight Fund - Direct Monthly IDCW,1005.0384
2023-09-22,147301,HSBC Overnight Fund - Regular Monthly IDCW,1004.9611
2023-09-22,147303,DSP Quant Fund - Regular Plan - Growth,17.417
2023-09-22,147304,DSP Quant Fund - Direct Plan - IDCW,17.093
2023-09-22,147305,DSP Quant Fund - Regular Plan - IDCW,16.533
2023-09-22,147306,DSP Quant Fund - Direct Plan - Growth,17.981
2023-09-22,147307,WhiteOak Capital Ultra Short Duration Fund- Regular plan-Growth Option,1210.5535
2023-09-22,147308,WhiteOak Capital Ultra Short Duration Fund- Regular plan-Daily Reinvestment of Income Distribution cum capital withdrawal option (IDCW),1001.6478
2023-09-22,147309,WhiteOak Capital Ultra Short Duration Fund- Regular plan-Fortnightly Payout/ Reinvestment of Income Distribution cum capital withdrawal option (IDCW),1003.2088
2023-09-22,147310,WhiteOak Capital Ultra Short Duration Fund- Regular plan-Weekly Payout/ Reinvestment of Income Distribution cum capital withdrawal option (IDCW),1002.9002
2023-09-22,147311,WhiteOak Capital Ultra Short Duration Fund- Direct plan-Growth Option,1241.145
2023-09-22,147312,WhiteOak Capital Ultra Short Duration Fund- Direct plan-Monthly Payout/ Reinvestment of Income Distribution cum capital withdrawal option (IDCW),1002.8208
2023-09-22,147313,WhiteOak Capital Ultra Short Duration Fund- Direct plan-Weekly Payout/ Reinvestment of Income Distribution cum capital withdrawal option (IDCW),1002.3377
2023-09-22,147314,WhiteOak Capital Ultra Short Duration Fund- Regular plan-Monthly Payout/ Reinvestment of Income Distribution cum capital withdrawal option (IDCW),1002.227
2023-09-22,147315,WhiteOak Capital Ultra Short Duration Fund- Direct plan-Fortnightly Payout/ Reinvestment of Income Distribution cum capital withdrawal option (IDCW),1003.3846
2023-09-22,147316,WhiteOak Capital Ultra Short Duration Fund- Direct plan-Daily Reinvestment of Income Distribution cum capital withdrawal option (IDCW),1001.6552
2023-09-22,147345,ICICI Prudential MNC Fund - Growth Option,22.72
2023-09-22,147346,ICICI Prudential MNC Fund - Direct Plan - Growth Option,24.11
2023-09-22,147347,ICICI Prudential MNC Fund - Direct Plan - IDCW Option,18.82
2023-09-22,147348,ICICI Prudential MNC Fund - IDCW Option,17.53
2023-09-22,147371,QUANTUM ESG BEST IN CLASS STRATEGY FUND - REGULAR PLAN - GROWTH OPTION,18.9
2023-09-22,147372,QUANTUM ESG BEST IN CLASS STRATEGY FUND - DIRECT PLAN - GROWTH OPTION,19.47
2023-09-22,147373,Baroda BNP Paribas Money Market Fund - Direct Plan - Monthly IDCW,1000.0
2023-09-22,147376,Baroda BNP Paribas Money Market Fund - Regular Plan - Monthly IDCW,1015.1682
2023-09-22,147377,Baroda BNP Paribas Money Market Fund- Direct Plan - Growth,1227.6919
2023-09-22,147378,Baroda BNP Paribas Money Market Fund - Direct Plan-Daily IDCW,1000.0
2023-09-22,147379,Baroda BNP Paribas Money Market Fund -Direct Plan - Weekly IDCW,1000.4545
2023-09-22,147380,Baroda BNP Paribas Money Market Fund-Regular Plan- Daily IDCW,1005.9766
2023-09-22,147381,Baroda BNP Paribas Money Market Fund-Regular Plan-Weekly IDCW,1000.5846
2023-09-22,147382,Baroda BNP Paribas Money Market Fund-Regular Plan - Growth,1214.2374
2023-09-22,147403,Shriram Balanced Advantage Fund - Direct- IDCW,15.3522
2023-09-22,147404,Shriram Balanced Advantage Fund - Regular-IDCW,14.2347
2023-09-22,147405,Shriram Balanced Advantage Fund - Regular Growth,14.2334
2023-09-22,147406,Shriram Balanced Advantage Fund - Direct Growth,15.4193
2023-09-22,147407,Aditya Birla Sun Life Pharma and Healthcare Fund-Regular-Growth,20.73
2023-09-22,147408,Aditya Birla Sun Life Pharma and Healthcare Fund-Regular - Payout of IDCW,15.65
2023-09-22,147409,Aditya Birla Sun Life Pharma and Healthcare Fund-Direct-Growth,22.21
2023-09-22,147410,Aditya Birla Sun Life Pharma and Healthcare Fund-Direct - Payout of IDCW,16.52
2023-09-22,147441,Motilal Oswal Liquid Fund - Unclaimed Dividend- Upto 3 years,12.0269
2023-09-22,147442,Motilal Oswal Liquid Fund - Unclaimed Dividend - Greater than 3 years,10.0
2023-09-22,147443,Motilal Oswal Liquid Fund - Unclaimed Redemption - Greater than 3 years,10.0
2023-09-22,147444,Motilal Oswal Liquid Fund - Unclaimed Redemption - Upto 3 years,11.8056
2023-09-22,147445,Mirae Asset Midcap Fund- Direct Growth Option,27.846
2023-09-22,147446,Mahindra Manulife Aggressive Hybrid Fund - Direct Plan -Growth,21.3689
2023-09-22,147447,Mahindra Manulife Aggressive Hybrid Fund - Regular Plan - Growth,19.7513
2023-09-22,147448,Mahindra Manulife Aggressive Hybrid Fund - Direct Plan - Monthly IDCW,17.5505
2023-09-22,147449,Mahindra Manulife Aggressive Hybrid Fund - Regular Plan - Monthly IDCW,16.0411
2023-09-22,147450,Groww Overnight Fund (formerly known as Indiabulls Overnight Fund)- Direct Plan- Growth Option,1193.3579
2023-09-22,147453,Groww Overnight Fund (formerly known as Indiabulls Overnight Fund)- Direct Plan- Monthly - Income Distribution cum capital withdrawal Option (Payout & Reinvestment),1005.3841
2023-09-22,147454,Groww Overnight Fund (formerly known as Indiabulls Overnight Fund)- Regular Plan- Growth Option,1188.9081
2023-09-22,147455,Groww Overnight Fund (formerly known as Indiabulls Overnight Fund)- Regular Plan- - Income Distribution cum capital withdrawal Option ( Reinvestment),1001.0125
2023-09-22,147456,Groww Overnight Fund (formerly known as Indiabulls Overnight Fund)- Regular Plan- Weekly - Income Distribution cum capital withdrawal Option (Payout & Reinvestment),1001.6177
2023-09-22,147457,Groww Overnight Fund (formerly known as Indiabulls Overnight Fund)- Regular Plan- Fortnightly - Income Distribution cum capital withdrawal Option (Payout & Reinvestment),1002.8705
2023-09-22,147458,Groww Overnight Fund (formerly known as Indiabulls Overnight Fund)- Direct Plan- - Income Distribution cum capital withdrawal Option ( Reinvestment),1001.0158
2023-09-22,147459,Groww Overnight Fund (formerly known as Indiabulls Overnight Fund)- Regular Plan- Monthly - Income Distribution cum capital withdrawal Option (Payout & Reinvestment),1005.4491
2023-09-22,147472,Kotak Focused Fund- Regular Plan-Income Distribution cum capital withdrawal option,18.44
2023-09-22,147473,Kotak Focused Fund- Direct Plan- Growth option,19.766
2023-09-22,147475,Kotak Focused Fund-Direct Plan- Income Distribution cum capital withdrawal option,19.767
2023-09-22,147477,Kotak Focused Fund- Regular plan _ Growth Option,18.44
2023-09-22,147478,Mirae Asset Midcap Fund Direct IDCW,23.452
2023-09-22,147479,Mirae Asset Midcap Fund - Regular Plan-Growth Option,26.26
2023-09-22,147480,Mirae Asset Midcap Fund Regular IDCW,21.978
2023-09-22,147481,Parag Parikh ELSS Tax Saver Fund- Direct Growth,24.3316
2023-09-22,147482,Parag Parikh ELSS Tax Saver Fund- Regular Growth,23.0961
2023-09-22,147483,ICICI Prudential Nifty Bank ETF,45.0482
2023-09-22,147490,Union Focused Fund - Regular Plan - Growth Option,20.15
2023-09-22,147491,Union Focused Fund - Direct Plan - IDCW Option,20.94
2023-09-22,147492,Union Focused Fund - Direct Plan - Growth Option,20.94
2023-09-22,147493,Union Focused Fund - Regular Plan - IDCW Option,20.15
2023-09-22,147494,Baroda BNP Paribas Equity Savings Fund - Regular Plan - Growth,13.6157
2023-09-22,147495,Baroda BNP Paribas Equity Savings Fund - Regular Plan - IDCW,11.8882
2023-09-22,147496,Baroda BNP Paribas Equity Savings Fund - Direct Plan - Growth,14.2381
2023-09-22,147498,Baroda BNP Paribas Equity Savings Fund - Direct Plan - IDCW,12.4377
2023-09-22,147512,LIC MF Overnight Fund-Regular Plan-IDCW,1054.0482
2023-09-22,147513,LIC MF Overnight Fund-Direct Plan-IDCW,1198.3663
2023-09-22,147514,LIC MF Overnight Fund-Direct Plan-Weekly IDCW,1000.9493
2023-09-22,147515,LIC MF Overnight Fund-Direct Plan-Growth,1198.6426
2023-09-22,147517,LIC MF Overnight Fund-Regular Plan-Daily IDCW,1044.7352
2023-09-22,147518,LIC MF Overnight Fund-Regular Plan-Weekly IDCW,1047.2914
2023-09-22,147519,LIC MF Overnight Fund-Regular Plan-Growth,1192.138
2023-09-22,147530,ICICI Prudential Nifty Private Bank ETF,229.9879
2023-09-22,147531,CANARA ROBECO OVERNIGHT FUND - DIRECT PLAN - GROWTH OPTION,1196.2884
2023-09-22,147532,CANARA ROBECO OVERNIGHT FUND - DIRECT PLAN - DAILY IDCW (Reinvestment),1001.0007
2023-09-22,147533,CANARA ROBECO OVERNIGHT FUND - REGULAR PLAN - DAILY IDCW (Reinvestment),1001.0
2023-09-22,147534,CANARA ROBECO OVERNIGHT FUND - REGULAR PLAN - GROWTH OPTION,1195.3388
2023-09-22,147541,ITI ELSS Tax Saver Fund - Direct Plan - Growth Option,17.7566
2023-09-22,147542,ITI ELSS Tax Saver Fund - Direct Plan - IDCW Option,16.9999
2023-09-22,147543,ITI ELSS Tax Saver Fund - Regular Plan - IDCW Option,15.6404
2023-09-22,147544,ITI ELSS Tax Saver Fund - Regular Plan - Growth Option,16.3557
2023-09-22,147549,Edelweiss Overnight Fund - Regular Plan - Fortnightly - IDCW Option,1096.6486
2023-09-22,147551,Edelweiss Overnight Fund - Direct Plan - Annual - IDCW Option,1198.202
2023-09-22,147552,Edelweiss Overnight Fund - Regular Plan - Daily - IDCW Option,1008.1494
2023-09-22,147553,Edelweiss Overnight Fund - Regular Plan - Weekly - IDCW Option,1016.8678
2023-09-22,147554,Edelweiss Overnight Fund - Direct Plan - Monthly - IDCW Option,1062.812
2023-09-22,147555,Edelweiss Overnight Fund - Regular Plan - Monthly - IDCW Option,1008.9621
2023-09-22,147556,Edelweiss Overnight Fund - Regular Plan - Annual - IDCW Option,1194.9354
2023-09-22,147557,Edelweiss Overnight Fund - Direct Plan - Daily - IDCW Option,1000.0311
2023-09-22,147563,Mahindra Manulife Overnight Fund - Direct Plan - Daily IDCW,1200.134
2023-09-22,147564,Mahindra Manulife Overnight Fund - Direct Plan -Growth,1197.01
2023-09-22,147565,Mahindra Manulife Overnight Fund - Regular Plan - Growth,1191.9652
2023-09-22,147566,Mahindra Manulife Overnight Fund - Regular Plan - Daily IDCW,1131.1206
2023-09-22,147567,Axis Money Market Fund - Direct Plan - Growth Option,1261.3442
2023-09-22,147568,Axis Money Market Fund - Regular Plan - Growth Option,1253.3727
2023-09-22,147569,Edelweiss Overnight Fund - Regular Plan - Growth,1194.9345
2023-09-22,147570,Edelweiss Overnight Fund - Direct Plan - Growth,1197.7736
2023-09-22,147571,Axis Money Market Fund - Direct Plan - Daily IDCW,1005.6132
2023-09-22,147572,Axis Money Market Fund - Direct Plan - Monthly IDCW,1012.7768
2023-09-22,147573,Axis Money Market Fund - Direct Plan - Quarterly IDCW,1085.9517
2023-09-22,147574,Axis Money Market Fund - Regular Plan - Quarterly IDCW,1078.0118
2023-09-22,147575,Axis Money Market Fund - Regular Plan - Annual IDCW,1168.1598
2023-09-22,147576,Axis Money Market Fund - Direct Plan - Annual IDCW,1175.9253
2023-09-22,147577,Axis Money Market Fund - Regular Plan - Daily IDCW,1005.6127
2023-09-22,147578,Axis Money Market Fund - Regular Plan - Monthly IDCW,1010.7369
2023-09-22,147579,Nippon India ETF BSE Sensex Next 50,58.5727
2023-09-22,147600,PGIM India Overnight Fund - Regular Plan- Growth Option,1189.4867
2023-09-22,147605,PGIM India Overnight Fund - Direct Plan - Daily Dividend Option,1000.0064
2023-09-22,147606,PGIM India Overnight Fund - Direct Plan - Growth Option,1193.4302
2023-09-22,147607,PGIM India Overnight Fund - Regular Plan - Weekly Dividend Option,1001.2984
2023-09-22,147608,PGIM India Overnight Fund - Direct Plan - Weekly Dividend Option,1001.5509
2023-09-22,147609,PGIM India Overnight Fund - Regular Plan - Daily Dividend Option,1000.0
2023-09-22,147614,Tata Nifty Private Bank Exchange Traded Fund,235.415
2023-09-22,147615,ITI Arbitrage Fund - Direct Plan - IDCW Option,11.8203
2023-09-22,147616,ITI Arbitrage Fund - Regular Plan - IDCW Option,11.4654
2023-09-22,147617,ITI Arbitrage Fund - Direct Plan - Growth Option,11.8203
2023-09-22,147618,ITI Arbitrage Fund - Regular Plan - Growth Option,11.4654
2023-09-22,147619,Motilal Oswal Nifty Bank Index - Regular Plan,15.9016
2023-09-22,147620,Motilal Oswal Nifty Bank Index Fund - Direct Plan,16.3575
2023-09-22,147621,Motilal Oswal Nifty Midcap 150 Index Fund - Regular Plan,26.0898
2023-09-22,147622,Motilal Oswal Nifty Midcap 150 Index Fund - Direct Plan,26.8725
2023-09-22,147623,Motilal Oswal Nifty Smallcap 250 Index Fund- Direct Plan,26.854
2023-09-22,147624,Motilal Oswal Nifty Smallcap 250 Index - Regular Plan,26.1159
2023-09-22,147625,Motilal Oswal Nifty 500 Index Fund - Direct Plan,19.7663
2023-09-22,147626,Motilal Oswal Nifty 500 Index Fund - Regular Plan,19.2483
2023-09-22,147633,Tata Banking & PSU Debt Fund Regular Plan - Reinvestment of Income Distribution cum capital withdrawal option,12.5531
2023-09-22,147634,Tata Banking & PSU Debt Fund Regular Plan - Payout of Income Distribution cum capital withdrawal option,12.5531
2023-09-22,147635,Tata Banking & PSU Debt Fund-Regular Plan-Growth,12.5531
2023-09-22,147636,Tata Banking & PSU Debt Fund-Direct Plan-Growth,12.8042
2023-09-22,147637,Tata Banking & PSU Debt Fund  Direct Plan - Payout of Income Distribution cum capital withdrawal option,12.8042
2023-09-22,147638,Tata Banking & PSU Debt Fund  Direct Plan - Reinvestment of Income Distribution cum capital withdrawal option,12.8042
2023-09-22,147645,ICICI Prudential Global Advantage Fund (FOF) - Direct Plan - IDCW,13.1466
2023-09-22,147646,ICICI Prudential Global Advantage Fund (FOF) - IDCW,12.8043
2023-09-22,147647,ICICI Prudential Global Advantage Fund (FOF) - Growth Option,12.8046
2023-09-22,147648,ICICI Prudential Global Advantage Fund (FOF) - Direct Plan - Growth Option,13.1466
2023-09-22,147661,ICICI Prudential Commodities Fund - Growth Option,30.85
2023-09-22,147662,ICICI Prudential Commodities Fund - Direct Plan - Growth Option,32.69
2023-09-22,147663,ICICI Prudential Commodities Fund - IDCW Option,25.66
2023-09-22,147664,ICICI Prudential Commodities Fund - Direct Plan - IDCW Option,27.42
2023-09-22,147665,Axis Nifty 100 Index Fund - Regular Plan - Growth Option,16.6111
2023-09-22,147666,Axis Nifty 100 Index Fund - Direct Plan - Growth Option,17.1639
2023-09-22,147667,Axis Nifty 100 Index Fund - Regular Plan - IDCW,16.6121
2023-09-22,147668,Axis Nifty 100 Index Fund - Direct Plan - IDCW,17.1884
2023-09-22,147683,NIPPON INDIA AGGRESSIVE HYBRID FUND -  SEGREGATED PORTFOLIO 1 - Direct Plan - QUARTERLY IDCW Option,0.0142
2023-09-22,147684,NIPPON INDIA AGGRESSIVE HYBRID FUND -  SEGREGATED PORTFOLIO 1 - Direct Plan - MONTHLY IDCW Option,0.0104
2023-09-22,147685,Nippon India Aggressive Hybrid Fund - Segregated Portfolio 1 - Growth Plan,0.0518
2023-09-22,147686,NIPPON INDIA AGGRESSIVE HYBRID FUND -  SEGREGATED PORTFOLIO 1 - IDCW Option,0.0159
2023-09-22,147687,NIPPON INDIA AGGRESSIVE HYBRID FUND -  SEGREGATED PORTFOLIO 1 - MONTHLY IDCW Option,0.0099
2023-09-22,147688,NIPPON INDIA AGGRESSIVE HYBRID FUND -  SEGREGATED PORTFOLIO 1 - QUARTERLY IDCW Option,0.0137
2023-09-22,147689,Nippon India Aggressive Hybrid Fund - Segregated Portfolio 1 - Direct Plan - Growth Plan,0.0558
2023-09-22,147690,NIPPON INDIA AGGRESSIVE HYBRID FUND -  SEGREGATED PORTFOLIO 1 - Direct Plan - IDCW Option,0.0206
2023-09-22,147691,Nippon India Equity Savings Fund - Segregated Portfolio 1 - Direct Plan - Growth Plan - Bonus Option,0.3021
2023-09-22,147692,NIPPON INDIA EQUITY SAVINGS FUND - SEGREGATED PORTFOLIO 1 - Direct Plan - IDCW Option,0.2604
2023-09-22,147693,NIPPON INDIA EQUITY SAVINGS FUND - SEGREGATED PORTFOLIO 1 - Direct Plan - MONTHLY IDCW Option,0.2566
2023-09-22,147694,NIPPON INDIA EQUITY SAVINGS FUND - SEGREGATED PORTFOLIO 1 - IDCW Option,0.2471
2023-09-22,147695,Nippon India Equity Savings Fund - Segregated Portfolio 1 - Growth Plan - Bonus Option,0.2885
2023-09-22,147696,NIPPON INDIA EQUITY SAVINGS FUND - SEGREGATED PORTFOLIO 1 - QUARTERLY IDCW Option,0.2436
2023-09-22,147697,Nippon India Equity Savings Fund - Segregated Portfolio 1 - Direct Plan - Growth Plan - Growth Option,0.3021
2023-09-22,147698,NIPPON INDIA EQUITY SAVINGS FUND - SEGREGATED PORTFOLIO 1 - Direct Plan - QUARTERLY IDCW Option,0.2564
2023-09-22,147699,NIPPON INDIA EQUITY SAVINGS FUND - SEGREGATED PORTFOLIO 1 - MONTHLY IDCW Option,0.2437
2023-09-22,147700,Nippon India Equity Savings Fund - Segregated Portfolio 1 - Growth Plan - Growth Option,0.2885
2023-09-22,147701,Motilal Oswal Large and Midcap Fund - Regular Plan Growth,20.917
2023-09-22,147703,Motilal Oswal Large and Midcap Fund Regular - IDCW Payout/Reinvestment,18.3696
2023-09-22,147704,Motilal Oswal Large and Midcap Fund - Direct Plan Growth,22.2923
2023-09-22,147706,Motilal Oswal Large and Midcap Fund Direct - IDCW Payout/Reinvestment,19.3098
2023-09-22,147707,ITI Overnight Fund - Direct Plan - Annual IDCW Option,1169.9946
2023-09-22,147709,ITI Overnight Fund - Regular Plan - Daily IDCW Option,1001.0
2023-09-22,147712,ITI Overnight Fund - Regular Plan - Weekly IDCW Option,1001.529
2023-09-22,147713,ITI Overnight Fund - Direct Plan - Growth Option,1176.8748
2023-09-22,147714,ITI Overnight Fund - Regular Plan - Growth Option,1172.1754
2023-09-22,147715,ITI Overnight Fund - Regular Plan - Annual IDCW Option,1099.1404
2023-09-22,147716,ITI Overnight Fund - Regular Plan - Fortnightly IDCW Option,1005.8786
2023-09-22,147717,ITI Overnight Fund - Direct Plan - Monthly IDCW Option,1005.784
2023-09-22,147718,ITI Overnight Fund - Regular Plan - Monthly IDCW Option,1013.5714
2023-09-22,147724,Kotak Pioneer Fund- Regular Plan- Growth Option,20.9
2023-09-22,147725,Kotak Pioneer Fund-Direct Plan-Reinvestment of Income Distribution cum capital withdrawal option,22.299
2023-09-22,147727,Kotak Pioneer Fund- Direct Plan- Growth Option,22.301
2023-09-22,147728,Kotak Pioneer Fund- Regular Plan- Reinvestment of Income Distribution cum capital withdrawal option,20.91
2023-09-22,147729,Mahindra Manulife Ultra Short Duration Fund - Regular Plan - Daily IDCW,1043.6307
2023-09-22,147730,Mahindra Manulife Ultra Short Duration Fund - Regular Plan - Weekly IDCW,1001.4103
2023-09-22,147731,Mahindra Manulife Ultra Short Duration Fund - Direct Plan -Growth,1234.8687
2023-09-22,147732,Mahindra Manulife Ultra Short Duration Fund - Direct Plan - Weekly IDCW,1001.3241
2023-09-22,147733,Mahindra Manulife Ultra Short Duration Fund - Direct Plan - Daily IDCW,1103.7075
2023-09-22,147734,Mahindra Manulife Ultra Short Duration Fund - Regular Plan - Growth,1214.6228
2023-09-22,147735,Aditya Birla Sun Life Nifty Bank ETF,45.0049
2023-09-22,147736,Mirae Asset Overnight Fund Direct Plan Growth,1185.4901
2023-09-22,147737,Mirae Asset Overnight Fund Direct Daily IDCW,1000.0004
2023-09-22,147738,Mirae Asset Overnight Fund Direct Monthly IDCW,1005.2519
2023-09-22,147739,Mirae Asset Overnight Fund Regular Plan Growth,1181.0412
2023-09-22,147740,Mirae Asset Overnight Fund Direct Weekly IDCW,1000.3692
2023-09-22,147741,Mirae Asset Overnight Fund Regular Weekly IDCW,1000.3628
2023-09-22,147742,Mirae Asset Overnight Fund Regular Monthly IDCW,1005.1783
2023-09-22,147743,Mirae Asset Overnight Fund Regular Daily  IDCW,1000.0005
2023-09-22,147748,Union Large & Midcap Fund - Regular Plan - Growth Option,19.24
2023-09-22,147749,Union Large & Midcap Fund - Regular Plan - IDCW Option,19.24
2023-09-22,147750,Union Large & Midcap Fund - Direct Plan - Growth Option,20.1
2023-09-22,147751,Union Large & Midcap Fund - Direct Plan - IDCW Option,20.1
2023-09-22,147756,TATA Focused Fund Regular Plan - Reinvestment of Income Distribution cum capital withdrawal option,17.5558
2023-09-22,147757,Tata Focused Fund-Direct Plan-Growth,18.7863
2023-09-22,147758,TATA Focused Fund Direct Plan - Reinvestment of Income Distribution cum capital withdrawal option,18.7863
2023-09-22,147759,TATA Focused Fund Direct Plan - Payout of Income Distribution cum capital withdrawal option,18.7863
2023-09-22,147760,Tata Focused Fund-Regular Plan-Growth,17.5558
2023-09-22,147761,TATA Focused Fund Regular Plan - Payout of Income Distribution cum capital withdrawal option,17.5558
2023-09-22,147766,LIC MF Ultra Short Duration Fund-Regular Plan-Daily IDCW,1093.4116
2023-09-22,147767,LIC MF Ultra Short Duration Fund-Regular Plan-Weekly IDCW,1030.4292
2023-09-22,147768,LIC MF Ultra Short Duration Fund-Regular Plan-Monthly IDCW,1175.8407
2023-09-22,147769,LIC MF Ultra Short Duration Fund-Direct Plan-Weekly IDCW,1102.0847
2023-09-22,147770,LIC MF Ultra Short Duration Fund-Regular Plan-Growth,1175.6648
2023-09-22,147771,LIC MF Ultra Short Duration Fund-Direct Plan-Daily IDCW,1102.1311
2023-09-22,147772,LIC MF Ultra Short Duration Fund-Direct Plan-Growth,1186.2453
2023-09-22,147773,LIC MF Ultra Short Duration Fund-Direct Plan-Monthly IDCW,1186.3343
2023-09-22,147786,ITI Balanced Advantage Fund - Regular Plan - IDCW Option,11.481
2023-09-22,147787,ITI Balanced Advantage Fund - Regular Plan - Growth Option,11.481
2023-09-22,147788,ITI Balanced Advantage Fund - Direct Plan - IDCW Option,12.4105
2023-09-22,147789,ITI Balanced Advantage Fund - Direct Plan - Growth Option,12.4105
2023-09-22,147794,Motilal Oswal Nifty 50 Index Fund - Direct plan - Growth,16.6728
2023-09-22,147795,Motilal Oswal Nifty 50 Index Fund - Regular plan - Growth,16.4154
2023-09-22,147796,Motilal Oswal Nifty Next 50 Index Fund - Direct plan - Growth,16.0191
2023-09-22,147797,Motilal Oswal Nifty Next 50 Index Fund - Regular plan - Growth,15.6213
2023-09-22,147822,Axis Retirement Fund - Aggressive Plan - Direct Plan - IDCW,14.53
2023-09-22,147823,Axis Retirement Fund - Aggressive Plan - Regular Growth,13.68
2023-09-22,147824,Axis Retirement Fund - Aggressive Plan - Regular Plan - IDCW,13.68
2023-09-22,147825,Axis Retirement Fund - Aggressive Plan - Direct Growth,14.57
2023-09-22,147826,Axis Retirement Fund - Dynamic Plan - Direct Growth,15.23
2023-09-22,147827,Axis Retirement Fund - Dynamic Plan - Direct Plan - IDCW,15.06
2023-09-22,147828,Axis Retirement Fund - Dynamic Plan - Regular Growth,14.24
2023-09-22,147829,Axis Retirement Fund - Dynamic Plan - Regular Plan - IDCW,14.24
2023-09-22,147830,Axis Retirement Fund - Conservative Plan - Direct Growth,14.0664
2023-09-22,147831,Axis Retirement Fund - Conservative Plan - Direct Plan - IDCW,13.9367
2023-09-22,147832,Axis Retirement Fund - Conservative Plan - Regular Growth,13.1914
2023-09-22,147833,Axis Retirement Fund - Conservative Plan - Regular Plan - IDCW,13.1906
2023-09-22,147834,JM Overnight Fund (Regular) - Weekly IDCW,1000.5451
2023-09-22,147835,JM Overnight Fund (Direct) - Weekly IDCW,1000.5497
2023-09-22,147836,JM Overnight Fund (Regular) - Growth,1171.7147
2023-09-22,147837,JM Overnight Fund - (Direct) - Growth,1174.8221
2023-09-22,147838,JM Overnight Fund (Direct) - Daily IDCW,1000.0
2023-09-22,147839,JM Overnight Fund (Regular) - Daily IDCW,1000.0
2023-09-22,147840,Mahindra Manulife Large & Mid Cap Fund - Direct Plan -Growth,21.8202
2023-09-22,147841,Mahindra Manulife Large & Mid Cap Fund - Direct Plan - IDCW,18.6648
2023-09-22,147842,Mahindra Manulife Large & Mid Cap Fund - Regular Plan - IDCW,17.27
2023-09-22,147843,Mahindra Manulife Large & Mid Cap Fund - Regular Plan - Growth,20.3651
2023-09-22,147844,Aditya Birla Sun Life PSU Equity Fund-Direct Plan-Growth,23.24
2023-09-22,147845,Aditya Birla Sun Life PSU Equity Fund-Direct - Payout of IDCW,21.8
2023-09-22,147846,Aditya Birla Sun Life PSU Equity Fund-Regular Plan-Growth,21.79
2023-09-22,147847,Aditya Birla Sun Life PSU Equity Fund-Regular - Payout of IDCW,19.29
2023-09-22,147849,Bharat Bond ETF - April 2030,1299.2832
2023-09-22,147854,Bharat Bond FOF - April 2030 - Regular Plan - Growth Option,12.9597
2023-09-22,147855,BHARAT Bond FOF - April 2030 - Direct Plan - IDCW Option,12.9597
2023-09-22,147856,BHARAT Bond FOF - April 2030 - Regular Plan - IDCW Option,12.9597
2023-09-22,147857,Bharat Bond FOF - April 2030 - Direct Plan - Growth Option,12.9597
2023-09-22,147864,Tata Quant Fund-Direct Plan-Growth,13.3098
2023-09-22,147865,TATA Quant Fund Direct Plan - Reinvestment of Income Distribution cum capital withdrawal option,13.3098
2023-09-22,147866,TATA Quant Fund Regular Plan - Reinvestment of Income Distribution cum capital withdrawal option,12.5134
2023-09-22,147867,Tata Quant Fund-Regular Plan-Growth,12.5134
2023-09-22,147868,TATA Quant Equity Fund Regular Plan - Payout of Income Distribution cum capital withdrawal option,12.5134
2023-09-22,147869,TATA Quant Equity Fund Direct Plan - Payout of Income Distribution cum capital withdrawal option,13.3098
2023-09-22,147878,Invesco India Overnight Fund - Regular Plan - Growth,1165.7623
2023-09-22,147879,Invesco India Overnight Fund - Regular Plan - Monthly IDCW (Payout / Reinvestment),1004.1725
2023-09-22,147880,Invesco India Overnight Fund - Regular Plan - Daily IDCW (Reinvestment),1000.1316
2023-09-22,147881,Invesco India Overnight Fund - Regular Plan - Weekly IDCW (Reinvestment),1000.7292
2023-09-22,147883,Invesco India Overnight Fund - Direct Plan - Growth,1168.3647
2023-09-22,147884,Invesco India Overnight Fund - Direct Plan - Daily IDCW (Reinvestment),1000.5109
2023-09-22,147885,Invesco India Overnight Fund - Direct Plan - Weekly IDCW (Reinvestment),1000.7689
2023-09-22,147886,Invesco India Overnight Fund - Direct Plan - Monthly IDCW (Payout / Reinvestment),1004.2167
2023-09-22,147888,Axis Income Plus Arbitrage Active FOF - Regular Plan - IDCW,12.4231
2023-09-22,147889,Axis Income Plus Arbitrage Active FOF - Direct Plan - Growth Option,12.5782
2023-09-22,147890,Axis Income Plus Arbitrage Active FOF - Regular Plan - Growth Option,12.4233
2023-09-22,147891,Axis Income Plus Arbitrage Active FOF - Direct Plan - IDCW,12.587
2023-09-22,147892,Axis Income Plus Arbitrage Active FOF - Direct Plan - Monthly IDCW,12.5888
2023-09-22,147893,Axis Income Plus Arbitrage Active FOF - Direct Plan - Quarterly IDCW,10.9955
2023-09-22,147894,Axis Income Plus Arbitrage Active FOF - Direct Plan - Half Yearly Dividend Option,11.1406
2023-09-22,147895,Axis Income Plus Arbitrage Active FOF - Direct Plan - Annual IDCW,12.0567
2023-09-22,147896,Axis Income Plus Arbitrage Active FOF - Regular Plan - Monthly IDCW,12.4226
2023-09-22,147897,Axis Income Plus Arbitrage Active FOF - Regular Plan - Half Yearly IDCW,12.0675
2023-09-22,147898,Axis Income Plus Arbitrage Active FOF - Regular Plan - Annual IDCW,11.9269
2023-09-22,147905,Axis Income Plus Arbitrage Active FOF - Regular Plan - Quarterly IDCW,10.9969
2023-09-22,147906,Mirae Asset Nifty Next 50 ETF,456.9293
2023-09-22,147907,HSBC Ultra Short Duration Fund - Regular Growth,1192.717
2023-09-22,147908,HSBC Ultra Short Duration Fund - Direct Growth,1204.0644
2023-09-22,147909,HSBC Ultra Short Duration Fund - Regular Daily IDCW,1031.7278
2023-09-22,147910,HSBC Ultra Short Duration Fund - Direct Daily IDCW,1079.9409
2023-09-22,147911,HSBC Ultra Short Duration Fund - Regular Weekly IDCW,1041.6472
2023-09-22,147912,HSBC Ultra Short Duration Fund - Direct Weekly IDCW,1007.554
2023-09-22,147915,HSBC Ultra Short Duration Fund - Direct Monthly IDCW,1016.6463
2023-09-22,147916,HSBC Ultra Short Duration Fund - Regular Monthly IDCW,1032.124
2023-09-22,147917,ITI Small Cap Fund - Direct Plan - IDCW Option,19.5185
2023-09-22,147918,ITI Small Cap Fund - Regular Plan - IDCW Option,18.1116
2023-09-22,147919,ITI Small Cap Fund - Direct Plan - Growth Option,19.5185
2023-09-22,147920,ITI Small Cap Fund - Regular Plan - Growth Option,18.1116
2023-09-22,147921,ICICI Prudential Nifty Midcap 150 ETF,152.9861
2023-09-22,147928,Axis ESG Integration Strategy Fund - Direct Plan - Growth Option,17.22
2023-09-22,147929,Axis ESG Integration Strategy Fund - Regular Plan - Growth Option,16.32
2023-09-22,147930,Axis ESG Integration Strategy Fund - Regular Plan - IDCW,13.83
2023-09-22,147931,Axis ESG Integration Strategy Fund - Direct Plan - IDCW,14.61
2023-09-22,147936,BANK OF INDIA Overnight Fund Regular Plan Growth,1169.2056
2023-09-22,147943,BANDHAN SMALL CAP FUND - DIRECT PLAN IDCW,25.067
2023-09-22,147944,BANDHAN SMALL CAP FUND - REGULAR PLAN GROWTH,27.489
2023-09-22,147945,BANDHAN SMALL CAP FUND - REGULAR PLAN IDCW,23.569
2023-09-22,147946,BANDHAN SMALL CAP FUND - DIRECT PLAN GROWTH,29.242
2023-09-22,147947,BANK OF INDIA Overnight Fund Regular Plan- Weekly IDCW,1000.7392
2023-09-22,147948,BANK OF INDIA Overnight Fund Direct Plan- Monthly IDCW,1004.5491
2023-09-22,147949,BANK OF INDIA Overnight Fund Regular Plan- Monthly IDCW,1004.5469
2023-09-22,147950,BANK OF INDIA Overnight Fund Direct Plan- Weekly IDCW,1000.7422
2023-09-22,147951,BANK OF INDIA Overnight Fund Direct Plan Growth,1171.9795
2023-09-22,147952,BANK OF INDIA Overnight Fund Direct Plan- Daily IDCW,1000.0037
2023-09-22,148033,ICICI Prudential Diversified Equity All Cap Omni FOF - Growth,20.8667
2023-09-22,148034,ICICI Prudential Diversified Equity All Cap Omni FOF - IDCW,17.3799
2023-09-22,148035,ICICI Prudential Diversified Equity All Cap Omni FOF - Direct Plan - Growth,21.4984
2023-09-22,148036,ICICI Prudential Diversified Equity All Cap Omni FOF - Direct Plan - IDCW,17.9867
2023-09-22,148049,Tata Multi Asset Allocation Fund-Direct Plan-Dividend Payout,19.2243
2023-09-22,148050,Tata Multi Asset Allocation Fund-Regular Plan-Growth,18.0351
2023-09-22,148051,Tata Multi Asset Allocation Fund-Regular Plan-Dividend Reinvestment,18.0351
2023-09-22,148052,Tata Multi Asset Allocation Fund-Direct Plan-Dividend Reinvestment,19.2243
2023-09-22,148053,Tata Multi Asset Allocation Fund-Direct Plan-Growth,19.2243
2023-09-22,148054,Tata Multi Asset Allocation Fund-Regular Plan-Dividend Payout,18.0351
2023-09-22,148063,Edelweiss US Technology Equity Fund of Fund- Direct Plan- Growth,17.7568
2023-09-22,148064,Edelweiss US Technology Equity Fund of Fund- Regular Plan- Growth,17.142
2023-09-22,148071,Union Midcap Fund - Regular Plan - Growth Option,33.51
2023-09-22,148072,Union Midcap Fund - Regular Plan - IDCW Option,33.51
2023-09-22,148073,Union Midcap Fund - Direct Plan - Growth Option,35.12
2023-09-22,148074,Union Midcap Fund - Direct Plan - IDCW Option,35.12
2023-09-22,148157,PGIM India Money Market Fund - Regular Plan - Monthly Dividend Option,1031.7068
2023-09-22,148159,PGIM India Money Market Fund - Regular Plan - Growth Option,1170.6387
2023-09-22,148160,PGIM India Money Market Fund - Regular Plan - Daily Dividend Option,1006.0777
2023-09-22,148161,PGIM India Money Market Fund - Direct Plan - Growth Option,1199.399
2023-09-22,148162,PGIM India Money Market Fund - Direct Plan - Daily Dividend Option,1006.0804
2023-09-22,148163,PGIM India Money Market Fund - Direct Plan - Monthly Dividend Option,1038.7221
2023-09-22,148164,PGIM India Money Market Fund - Direct Plan - Weekly Dividend Option,1002.2353
2023-09-22,148173,UTI Nifty Bank ETF,45.3532
2023-09-22,148351,ITI Large Cap Fund - Regular Plan - Growth Option,13.4303
2023-09-22,148352,ITI Large Cap Fund - Direct Plan - IDCW Option,14.2528
2023-09-22,148353,ITI Large Cap Fund - Direct Plan - Growth Option,14.2528
2023-09-22,148354,ITI Large Cap Fund - Regular Plan - IDCW Option,13.4303
2023-09-22,148381,Motilal Oswal S&P 500 Index Fund - Direct Plan Growth,16.4288
2023-09-22,148382,Motilal Oswal S&P 500 Index Fund - Regular Plan Growth,16.0901
2023-09-22,148387,SBI Fixed Maturity Plan (FMP) - Series 34 (3682 Days) - Direct Plan - Growth,12.013
2023-09-22,148388,SBI Fixed Maturity Plan (FMP) - Series 34 (3682 Days) - Direct Plan - Income Distribution cum Capital Withdrawal Option (IDCW),12.013
2023-09-22,148389,SBI Fixed Maturity Plan (FMP) - Series 34 (3682 Days) - Regular Plan - Growth,11.9118
2023-09-22,148390,SBI Fixed Maturity Plan (FMP) - Series 34 (3682 Days) - Regular Plan - Income Distribution cum Capital Withdrawal Option (IDCW),11.9118
2023-09-22,148400,Mirae Asset Arbitrage Fund Regular Growth,11.525
2023-09-22,148401,Mirae Asset Arbitrage Fund Direct Growth,11.792
2023-09-22,148402,Mirae Asset Arbitrage Fund Direct IDCW,11.777
2023-09-22,148403,Mirae Asset Arbitrage Fund Regular IDCW,11.525
2023-09-22,148404,BANK OF INDIA Flexi Cap Fund Direct Plan -Growth,24.71
2023-09-22,148405,BANK OF INDIA Flexi Cap Fund Regular Plan -Growth,23.44
2023-09-22,148406,BANK OF INDIA Flexi Cap Fund Direct Plan -IDCW,21.13
2023-09-22,148407,BANK OF INDIA Flexi Cap Fund Regular Plan -IDCW,21.29
2023-09-22,148408,Nippon India ETF Nifty IT,34.5735
2023-09-22,148409,HSBC Focused Fund - Regular Growth,18.4077
2023-09-22,148410,HSBC Focused Fund - Regular IDCW,15.3258
2023-09-22,148411,HSBC Focused Fund - Direct Growth,19.3278
2023-09-22,148412,HSBC Focused Fund - Direct IDCW,17.1501
2023-09-22,148413,JM Liquid Fund - Unclaimed Brokerage I.E.F. (Direct) - Growth Plan,41.4437
2023-09-22,148414,JM Liquid Fund - Unclaimed Application Refund Amount I.E.F. (Direct) - Growth Plan,41.4437
2023-09-22,148415,JM Liquid Fund - Withheld Brokerage I.E.F. (Direct) - Growth Plan,41.4437
2023-09-22,148416,Mirae Asset Banking and PSU Fund - Regular Plan - Growth,11.3456
2023-09-22,148417,Mirae Asset Banking and PSU Fund - Direct Plan - IDCW,11.5052
2023-09-22,148418,Mirae Asset Banking and PSU Fund - Regular plan - IDCW,11.3466
2023-09-22,148419,Mirae Asset Banking and PSU Fund - Direct Plan - Growth,11.5057
2023-09-22,148444,BHARAT Bond ETF April 2025,1154.1933
2023-09-22,148445,BHARAT Bond ETF- April 2031,1159.6985
2023-09-22,148446,BHARAT Bond FOF- April 2025- Direct Pan- Growth Option,11.5207
2023-09-22,148447,BHARAT Bond FOF - April 2025 - Regular Plan - IDCW Option,11.5207
2023-09-22,148448,BHARAT Bond FOF- April 2025- Regular Plan- Growth Option,11.5207
2023-09-22,148449,BHARAT Bond FOF - April 2025 - Direct Plan - IDCW Option,11.5207
2023-09-22,148450,BHARAT Bond FOF- April 2031- Direct Plan- Growth Option,11.5521
2023-09-22,148451,BHARAT Bond FOF - April 2031 - Regular Plan - IDCW Option,11.5521
2023-09-22,148452,BHARAT Bond FOF- April 2031- Regular Plan- Growth Option,11.5521
2023-09-22,148453,BHARAT Bond FOF - April 2031 - Direct Plan - IDCW Option,11.5521
2023-09-22,148454,Motilal Oswal Multi Asset Fund - Direct Plan - Growth Option,12.9115
2023-09-22,148455,Motilal Oswal Multi Asset Fund - Regular Plan - Growth Option,12.3722
2023-09-22,148456,ICICI Prudential Nifty Alpha Low- Volatility 30 ETF,202.3761
2023-09-22,148457,Nippon India Multi Asset Allocation Fund - Direct Plan - Growth Option,15.9277
2023-09-22,148458,NIPPON INDIA MULTI ASSET ALLOCATION FUND - DIRECT Plan - IDCW Option,15.9277
2023-09-22,148459,Nippon India Multi Asset Allocation Fund - Regular Plan - Growth Option,15.2331
2023-09-22,148460,NIPPON INDIA MULTI ASSET ALLOCATION FUND - IDCW Option,15.2331
2023-09-22,148461,HDFC NIFTY Bank ETF - GROWTH,451.9663
2023-09-22,148466,ICICI Prudential Nifty IT ETF,34.5051
2023-09-22,148467,Mahindra Manulife Arbitrage Fund - Regular Plan - Growth,11.1596
2023-09-22,148468,Mahindra Manulife Arbitrage Fund - Direct Plan -Growth,11.4522
2023-09-22,148469,Mahindra Manulife Arbitrage Fund - Regular Plan - IDCW,11.1596
2023-09-22,148470,Mahindra Manulife Arbitrage Fund - Direct Plan - IDCW,11.4521
2023-09-22,148471,Baroda BNP Paribas Large and Mid Cap Fund-Regular Plan-Growth Option,18.9846
2023-09-22,148472,Baroda BNP Paribas Large and Mid Cap Fund-Regular plan-IDCW Option,16.4154
2023-09-22,148474,Baroda BNP Paribas Large and Mid Cap Fund- Direct Plan -Growth Option,19.9276
2023-09-22,148475,Baroda BNP Paribas Large and Mid Cap Fund-Direct Plan-IDCW Option,18.326
2023-09-22,148477,Union Medium Duration Fund - Regular Plan -  Growth Option,11.2716
2023-09-22,148478,Union Medium Duration Fund - Regular Plan - IDCW Option,11.2716
2023-09-22,148479,Union Medium Duration Fund - Direct Plan -  Growth Option,11.3837
2023-09-22,148480,Union Medium Duration Fund - Direct Plan - IDCW Option,11.3837
2023-09-22,148481,Invesco India Focused Fund - Direct Plan - Growth,17.68
2023-09-22,148482,Invesco India Focused Fund - Direct Plan - IDCW (Payout / Reinvestment),15.96
2023-09-22,148483,Invesco India Focused Fund - Regular Plan - Growth,16.83
2023-09-22,148484,Invesco India Focused Fund - Regular Plan - IDCW (Payout / Reinvestment),15.15
2023-09-22,148485,Axis Global Equity Alpha Fund of Fund - Direct Plan - Growth Option,13.8043
2023-09-22,148486,Axis Global Equity Alpha Fund of Fund - Regular Plan - Growth Option,13.3178
2023-09-22,148487,Axis Global Equity Alpha Fund of Fund - Direct Plan - IDCW,13.8037
2023-09-22,148488,Axis Global Equity Alpha Fund of Fund - Regular Plan - IDCW,13.3179
2023-09-22,148489,SBI Children's Fund - Investment Plan - Regular Plan - Growth,28.8384
2023-09-22,148490,SBI Children's Fund - Investment Plan - Direct Plan - Growth,30.0753
2023-09-22,148500,Mirae Asset Diversified Equity Allocator Passive FOF - Direct Plan - Growth,18.607
2023-09-22,148501,Mirae Asset Diversified Equity Allocator Passive FOF - Direct Plan - IDCW,18.621
2023-09-22,148502,Mirae Asset Diversified Equity Allocator Passive FOF - Regular Plan - Growth,18.557
2023-09-22,148503,Mirae Asset Diversified Equity Allocator Passive FOF - Regular Plan - IDCW,18.559
2023-09-22,148504,Sundaram Large Cap Fund(Formerly Known as Sundaram Blue Chip Fund) Regular Plan - Growth,16.9476
2023-09-22,148505,Sundaram Large Cap Fund (Formerly Known as Sundaram Blue Chip Fund)  Regular Plan - Payout of Income Distribution cum Capital Withdrawal (IDCW),14.898
2023-09-22,148506,Sundaram Large Cap Fund (Formerly Known as Sundaram Blue Chip Fund) Regular Plan - Reinvestment of Income Distribution cum Capital Withdrawal (IDCW),14.898
2023-09-22,148507,Sundaram Large Cap Fund (Formerly Known as Sundaram Blue Chip Fund)Direct Plan - Growth,17.7756
2023-09-22,148508,Sundaram Large Cap Fund (Formerly Known as Sundaram Blue Chip Fund) Direct Plan - Payout of Income Distribution cum Capital Withdrawal (IDCW),15.6397
2023-09-22,148509,Sundaram Large Cap Fund (Formerly Known as Sundaram Blue Chip  Fund)  Direct Plan - Reinvestment of Income Distribution cum Capital Withdrawal (IDCW),15.6397
2023-09-22,148510,quant Liquid Fund-Unclaimed Dividend-Growth Option,11.6404
2023-09-22,148511,quant Liquid Fund-Unclaimed Redemption Investor Education Plan-Growth Option,11.6399
2023-09-22,148512,quant Liquid Fund-Unclaimed Redemption Plan-Growth Option,11.6696
2023-09-22,148513,quant Liquid Fund-Unclaimed Dividend Investor Education Plan-Growth Option,11.6399
2023-09-22,148514,ICICI Prudential ESG Exclusionary Strategy Fund - IDCW,14.15
2023-09-22,148515,ICICI Prudential ESG Exclusionary Strategy Fund - Direct Plan - IDCW,14.8
2023-09-22,148516,ICICI Prudential ESG Exclusionary Strategy Fund - Direct Plan - Growth,16.21
2023-09-22,148517,ICICI Prudential ESG Exclusionary Strategy Fund - Growth,15.54
2023-09-22,148518,Nippon India Nifty Smallcap 250 Index Fund - Regular Plan - Growth Option,23.5102
2023-09-22,148519,Nippon India Nifty Smallcap 250 Index Fund - Direct Plan - Growth Option,24.0265
2023-09-22,148520,NIPPON INDIA NIFTY SMALLCAP 250 INDEX FUND - IDCW Option,23.5102
2023-09-22,148521,NIPPON INDIA NIFTY SMALLCAP 250 INDEX FUND - DIRECT Plan - IDCW Option,24.0265
2023-09-22,148529,Mirae Asset Ultra Short Duration Fund Direct Growth,1155.6195
2023-09-22,148530,Mirae Asset Ultra Short Duration Fund Regular Growth,1148.4633
2023-09-22,148531,Mirae Asset Ultra Short Duration Fund Regular IDCW,1148.0485
2023-09-22,148532,Mirae Asset Ultra Short Duration Fund Direct IDCW,1155.7777
2023-09-22,148533,ITI Banking & PSU Debt Fund - Regular Plan - IDCW Option,11.4296
2023-09-22,148534,ITI Banking & PSU Debt Fund - Direct Plan - Growth Option,11.6142
2023-09-22,148535,ITI Banking & PSU Debt Fund - Regular Plan - Growth Option,11.4296
2023-09-22,148536,ITI Banking & PSU Debt Fund - Direct Plan - IDCW Option,11.6142
2023-09-22,148537,Aditya Birla Sun Life Special Opportunities Fund-Regular Plan-Growth,17.36
2023-09-22,148538,Aditya Birla Sun Life Special Opportunities Fund-Regular - IDCW,15.43
2023-09-22,148539,Aditya Birla Sun Life Special Opportunities Fund-Direct-Growth,18.2
2023-09-22,148540,Aditya Birla Sun Life Special Opportunities Fund-Direct - IDCW,16.19
2023-09-22,148541,SBI Nifty Private Bank ETF,232.5735
2023-09-22,148542,SBI Nifty IT ETF,345.1078
2023-09-22,148543,SBI Floating Rate Debt Fund - Regular Plan - Growth,11.6174
2023-09-22,148544,SBI Floating Rate DEBT Fund - Regular Plan - Monthly Income Distribution cum Capital Withdrawal Option (IDCW),11.6181
2023-09-22,148546,SBI Floating Rate DEBT Fund - Regular Plan - Quarterly Income Distribution cum Capital Withdrawal Option (IDCW),11.6183
2023-09-22,148549,SBI Floating Rate DEBT Fund - Direct Plan - Quarterly Income Distribution cum Capital Withdrawal Option (IDCW),11.686
2023-09-22,148550,SBI Floating Rate Debt Fund - Direct Plan - Growth,11.6859
2023-09-22,148551,SBI Floating Rate DEBT Fund - Direct Plan - Monthly Income Distribution cum Capital Withdrawal Option (IDCW),11.6852
2023-09-22,148555,Edelweiss MSCI India Domestic & World Healthcare 45 Index Fund Direct Plan - Growth,14.2491
2023-09-22,148556,Edelweiss MSCI India Domestic & World Healthcare 45 Index Fund - Direct Plan - IDCW Option,14.2491
2023-09-22,148557,Edelweiss MSCI India Domestic & World Healthcare 45 index Fund Regular Plan - Growth,14.0077
2023-09-22,148558,Edelweiss MSCI India Domestic & World Healthcare 45 Index Fund - Regular Plan - IDCW Option,14.0077
2023-09-22,148559,Axis NIFTY Bank ETF,452.9746
2023-09-22,148560,quant ESG Integration Strategy Fund - Growth Option - Regular Plan,24.7666
2023-09-22,148561,quant ESG Integration Strategy Fund - IDCW Option - Regular Plan,24.6498
2023-09-22,148563,quant ESG Integration Strategy Fund - IDCW Option - Direct Plan,25.8513
2023-09-22,148564,quant ESG Integration Strategy Fund - Growth Option - Direct Plan,25.8793
2023-09-22,148566,Mahindra Manulife Focused Fund - Regular Plan - IDCW,15.1434
2023-09-22,148567,Mahindra Manulife Focused Fund - Direct Plan -Growth,19.8796
2023-09-22,148569,Mahindra Manulife Focused Fund - Direct Plan - IDCW,16.1549
2023-09-22,148571,Mahindra Manulife Focused Fund - Regular Plan - Growth,18.7516
2023-09-22,148572,Mirae Asset Nifty 100 ESG Sector Leaders ETF,32.4605
2023-09-22,148573,Mirae Asset Nifty 100 ESG Sector Leaders Fund  of Fund Regular IDCW,14.265
2023-09-22,148574,Mirae Asset Nifty 100 ESG Sector Leaders Fund of Fund Direct Growth,14.43
2023-09-22,148575,Mirae Asset Nifty 100 ESG Sector Leaders Fund  of Fund Direct IDCW,14.427
2023-09-22,148576,Mirae Asset Nifty 100 ESG Sector Leaders Fund of Fund Regular Growth,14.294
2023-09-22,148585,Nippon India ETF Nifty CPSE Bond Plus SDL Sep2024 50:50,115.9526
2023-09-22,148590,Union Aggressive Hybrid Fund - Regular Plan - IDCW Option,14.02
2023-09-22,148591,Union Aggressive Hybrid Fund - Regular Plan - Growth Option,14.02
2023-09-22,148592,Union Aggressive Hybrid Fund - Direct Plan - Growth Option,14.46
2023-09-22,148593,Union Aggressive Hybrid Fund - Direct Plan - IDCW Option,14.46
2023-09-22,148594,DSP Value Fund - Regular Plan - Growth,15.103
2023-09-22,148595,DSP Value Fund - Direct Plan - Growth,15.426
2023-09-22,148596,DSP Value Fund - Direct Plan - IDCW,13.866
2023-09-22,148597,DSP Value Fund - Regular Plan - IDCW,13.561
2023-09-22,148598,ICICI Prudential Quant Fund Growth,16.59
2023-09-22,148599,ICICI Prudential Quant Fund IDCW,13.79
2023-09-22,148600,ICICI Prudential Quant Fund Direct Plan Growth,16.91
2023-09-22,148601,ICICI Prudential Quant Fund Direct Plan IDCW,14.09
2023-09-22,148602,Kotak ESG Exclusionary Strategy Fund - Regular Plan - Growth Option,13.286
2023-09-22,148603,Kotak ESG Exclusionary Strategy Fund - Regular Plan - Payout of Income Distribution cum capital withdrawal option,13.286
2023-09-22,148605,Kotak ESG Exclusionary Strategy Fund - Direct Plan - Payout of Income Distribution cum capital withdrawal option,13.938
2023-09-22,148606,Kotak ESG Exclusionary Strategy Fund - Direct Plan - Growth Option,13.938
2023-09-22,148608,HDFC Dividend Yield Fund - IDCW Option Direct Plan,18.056
2023-09-22,148609,HDFC Dividend Yield Fund - Growth Option Direct Plan,19.36
2023-09-22,148610,HDFC Dividend Yield Fund - Growth Plan,18.539
2023-09-22,148611,HDFC Dividend Yield Fund - IDCW Plan,17.199
2023-09-22,148612,Invesco India - Invesco Global Consumer Trends Fund of Fund - Regular Plan - IDCW (Payout / Reinvestment),6.6295
2023-09-22,148613,Invesco India - Invesco Global Consumer Trends Fund of Fund - Regular Plan - Growth,6.6298
2023-09-22,148614,Invesco India - Invesco Global Consumer Trends Fund of Fund - Direct Plan - Growth,6.8278
2023-09-22,148615,Invesco India - Invesco Global Consumer Trends Fund of Fund - Direct Plan - IDCW (Payout / Reinvestment),6.8288
2023-09-22,148616,UTI Small Cap Fund - Regular Plan - IDCW (Payout),18.9009
2023-09-22,148617,UTI Small Cap Fund - Regular Plan - Growth Option,18.9011
2023-09-22,148618,UTI Small Cap Fund - Direct Plan - Growth Option,19.8564
2023-09-22,148619,UTI Small Cap Fund - Direct Plan - IDCW (Payout),19.8564
2023-09-22,148620,Motilal Oswal Nifty 5 year Benchmark G-sec ETF,52.804
2023-09-22,148621,Mirae Asset Banking and Financial Services Fund Regular Growth,15.328
2023-09-22,148622,Mirae Asset Banking and Financial Services Fund Regular IDCW,15.347
2023-09-22,148623,Mirae Asset Banking and Financial Services Fund Direct Growth,16.048
2023-09-22,148624,Mirae Asset Banking and Financial Services Fund Direct  IDCW,15.998
2023-09-22,148625,Baroda BNP Paribas Banking and PSU Bond Fund-Regular Plan -Growth Option,11.0374
2023-09-22,148626,Baroda BNP Paribas Banking and PSU Bond Fund-Regular Plan -Monthly IDCW Option,10.1513
2023-09-22,148627,Baroda BNP Paribas Banking and PSU Bond Fund-Regular Plan-Quarterly IDCW Option,10.2612
2023-09-22,148628,Baroda BNP Paribas Banking and PSU Bond Fund- Direct Plan -Growth Option,11.2019
2023-09-22,148629,Baroda BNP Paribas Banking and PSU Bond Fund -Direct Plan-Monthly IDCW Option,10.2344
2023-09-22,148630,Baroda BNP Paribas Banking and PSU Bond Fund-Direct plan-Quarterly IDCW Option,10.4048
2023-09-22,148631,Axis Innovation Fund - Regular Plan - Growth Option,13.27
2023-09-22,148632,Axis Innovation Fund - Direct Plan - IDCW,13.84
2023-09-22,148633,Axis Innovation Fund - Regular Plan - IDCW,13.28
2023-09-22,148634,Axis Innovation Fund - Direct Plan - Growth Option,13.84
2023-09-22,148635,Aditya Birla Sun Life ESG Integration Strategy Fund-Regular Plan-Growth,13.36
2023-09-22,148636,Aditya Birla Sun Life ESG Integration Strategy Fund-Regular - Payout of IDCW,13.36
2023-09-22,148637,Aditya Birla Sun Life ESG Integration Strategy Fund-Direct Plan-Growth,13.99
2023-09-22,148640,Aditya Birla Sun Life ESG Integration Strategy Fund-Direct - Payout of IDCW,13.99
2023-09-22,148641,Nippon India Diversified Equity Flexicap Passive FoF - Regular Plan - Growth Option,15.6109
2023-09-22,148642,Nippon India Diversified Equity Flexicap Passive FoF - Direct Plan - Growth Option,15.8452
2023-09-22,148643,Nippon India Diversified Equity Flexicap Passive FoF - IDCW Option,15.6109
2023-09-22,148644,Nippon India Diversified Equity Flexicap Passive FoF- DIRECT Plan - IDCW Option,15.8452
2023-09-22,148645,Kotak International REIT Overseas Equity Omni FOF - Regular Plan - Growth,8.6627
2023-09-22,148646,Kotak International REIT Overseas Equity Omni FOF - Direct Plan - Growth,8.8843
2023-09-22,148647,Kotak International REIT Overseas Equity Omni FOF - Regular Plan - Payout of Income Distribution cum capital withdrawal option,8.6627
2023-09-22,148649,Kotak International REIT Overseas Equity Omni FOF - Direct Plan - Payout of Income Distribution cum capital withdrawal option,8.8842
2023-09-22,148651,ICICI Prudential Business Cycle Fund Direct Plan Growth,16.88
2023-09-22,148652,ICICI Prudential Business Cycle Fund Direct Plan IDCW,16.88
2023-09-22,148653,ICICI Prudential Business Cycle Fund Growth,16.27
2023-09-22,148654,ICICI Prudential Business Cycle Fund IDCW,16.27
2023-09-22,148655,TRUSTMF BANKING & PSU FUND - REGULAR GROWTH,1113.1695
2023-09-22,148656,TRUSTMF BANKING & PSU FUND - DIRECT GROWTH,1127.969
2023-09-22,148657,PGIM India Balanced Advantage Fund - Regular Plan - Growth Option,12.59
2023-09-22,148658,PGIM India Balanced Advantage Fund -  Direct Plan - Growth Option,13.19
2023-09-22,148659,PGIM India Balanced Advantage Fund - Direct Plan - Dividend Option,11.42
2023-09-22,148660,PGIM India Balanced Advantage Fund - Regular Plan - Dividend Option,11.44
2023-09-22,148661,Kotak US Specific Equity Passive FOF - Regular Plan - Growth,12.3726
2023-09-22,148662,Kotak US Specific Equity Passive FOF- Direct Plan - Growth,12.5046
2023-09-22,148663,Nippon India Multi - Asset Omni FoF - Regular Plan - Growth Option,15.3645
2023-09-22,148664,Nippon India Multi - Asset Omni FoF - DIRECT Plan - IDCW Option,15.7966
2023-09-22,148665,Nippon India Multi - Asset Omni FoF - IDCW Option,15.3645
2023-09-22,148666,Nippon India Multi - Asset Omni FoF - Direct Plan - Growth Option,15.7966
2023-09-22,148667,TRUSTMF BANKING & PSU FUND REGULAR PLAN DAILY INCOME DISTRIBUTION CUM CAPITAL WITHDRAWAL,1115.7322
2023-09-22,148668,TRUSTMF BANKING & PSU FUND REGULAR PLAN QUARTERLY INCOME DISTRIBUTION CUM CAPITAL WITHDRAWAL,1048.0
2023-09-22,148669,TRUSTMF BANKING & PSU FUND REGULAR PLAN ANNUAL INCOME DISTRIBUTION CUM CAPITAL WITHDRAWAL,1041.8139
2023-09-22,148670,TRUSTMF BANKING & PSU FUND DIRECT PLAN QUARTERLY INCOME DISTRIBUTION CUM CAPITAL WITHDRAWAL,1061.277
2023-09-22,148672,TRUSTMF BANKING & PSU FUND DIRECT PLAN ANNUAL INCOME DISTRIBUTION CUM CAPITAL WITHDRAWAL OPTION,1056.2428
2023-09-22,148674,TRUSTMF BANKING & PSU FUND REGULAR PLAN MONTHLY INCOME DISTRIBUTION CUM CAPITAL WITHDRAWAL,1037.1583
2023-09-22,148675,TRUSTMF BANKING & PSU FUND DIRECT PLAN WEEKLY INCOME DISTRIBUTION CUM CAPITAL WITHDRAWAL,1035.7004
2023-09-22,148678,TRUSTMF BANKING & PSU FUND DIRECT PLAN DAILY INCOME DISTRIBUTION CUM CAPITAL WITHDRAWAL,1131.3574
2023-09-22,148679,TRUSTMF BANKING & PSU FUND REGULAR PLAN WEEKLY INCOME DISTRIBUTION CUM CAPITAL WITHDRAWAL,1029.3615
2023-09-22,148681,TRUSTMF BANKING & PSU FUND DIRECT PLAN MONTHLY INCOME DISTRIBUTION CUM CAPITAL WITHDRAWAL OPTION,1046.0359
2023-09-22,148683,SBI Retirement Benefit Fund - Aggressive Plan - Direct Plan - Growth,16.6505
2023-09-22,148684,SBI Retirement Benefit Fund - Aggressive Hybrid Plan - Regular Plan - Income Distribution cum Capital Withdrawal Option (IDCW),15.1738
2023-09-22,148685,SBI Retirement Benefit Fund - Aggressive Hybrid Plan - Direct Plan - Growth,15.6833
2023-09-22,148686,SBI Retirement Benefit Fund - Aggressive Hybrid Plan - Direct Plan - Income Distribution cum Capital Withdrawal Option (IDCW),15.685
2023-09-22,148687,SBI Retirement Benefit Fund - Conservative Plan - Regular Plan - Income Distribution cum Capital Withdrawal Option (IDCW),12.2081
2023-09-22,148688,SBI Retirement Benefit Fund - Conservative Plan - Direct Plan - Growth,12.3772
2023-09-22,148689,SBI Retirement Benefit Fund - Conservative Plan - Direct Plan - Income Distribution cum Capital Withdrawal Option (IDCW),12.3754
2023-09-22,148690,SBI Retirement Benefit Fund - Conservative Hybrid Plan - Direct Plan - Growth,13.307
2023-09-22,148691,SBI Retirement Benefit Fund - Aggressive Plan - Regular Plan - Income Distribution cum Capital Withdrawal Option (IDCW),16.0491
2023-09-22,148692,SBI Retirement Benefit Fund - Conservative Hybrid Plan - Regular Plan - Growth,13.0693
2023-09-22,148693,SBI Retirement Benefit Fund - Conservative Hybrid Plan - Direct Plan - Income Distribution cum Capital Withdrawal Option (IDCW),13.3055
2023-09-22,148694,SBI Retirement Benefit Fund - Aggressive Plan - Direct Plan - Income Distribution cum Capital Withdrawal Option (IDCW),16.6415
2023-09-22,148695,SBI Retirement Benefit Fund - Aggressive Hybrid Plan - Regular Plan - Growth,15.174
2023-09-22,148696,SBI Retirement Benefit Fund - Conservative Plan - Regular Plan - Growth,12.2082
2023-09-22,148697,SBI Retirement Benefit Fund - Conservative Hybrid Plan - Regular Plan - Income Distribution cum Capital Withdrawal Option (IDCW),13.0707
2023-09-22,148698,SBI Retirement Benefit Fund - Aggressive Plan - Regular Plan - Growth,16.0484
2023-09-22,148699,Axis Greater China Equity Fund of Fund - Direct Plan - Growth Option,6.88
2023-09-22,148700,Axis Greater China Equity Fund of Fund - Direct Plan - IDCW,6.88
2023-09-22,148701,Axis Greater China Equity Fund of Fund - Regular Plan - Growth Option,6.67
2023-09-22,148702,Axis Greater China Equity Fund of Fund - Regular Plan - IDCW,6.67
2023-09-22,148703,UTI Nifty 200 Momentum 30 Index Fund - Direct Plan - Growth Option,15.5861
2023-09-22,148704,UTI Nifty 200 Momentum 30 Index Fund - Regular Plan - Growth Option,15.3863
2023-09-22,148705,BANDHAN FLOATER FUND  - REGULAR PLAN GROWTH,11.2274
2023-09-22,148706,BANDHAN FLOATER FUND  - REGULAR PLAN QUARTERLY IDCW,10.235
2023-09-22,148707,BANDHAN FLOATER FUND  - REGULAR PLAN MONTHLY IDCW,10.0634
2023-09-22,148708,BANDHAN FLOATER FUND  - REGULAR PLAN WEEKLY IDCW,10.0359
2023-09-22,148709,BANDHAN FLOATER FUND  - REGULAR PLAN PERIODIC IDCW,11.2276
2023-09-22,148710,BANDHAN FLOATER FUND  - REGULAR PLAN DAILY IDCW,10.0258
2023-09-22,148711,BANDHAN FLOATER FUND  - DIRECT PLAN GROWTH,11.369
2023-09-22,148712,BANDHAN FLOATER FUND  - DIRECT PLAN QUARTERLY IDCW,10.2713
2023-09-22,148713,BANDHAN FLOATER FUND  - DIRECT PLAN MONTHLY IDCW,10.0849
2023-09-22,148714,BANDHAN FLOATER FUND  - DIRECT PLAN DAILY IDCW,10.0258
2023-09-22,148715,BANDHAN FLOATER FUND  - DIRECT PLAN PERIODIC IDCW,11.2697
2023-09-22,148716,BANDHAN FLOATER FUND  - DIRECT PLAN WEEKLY IDCW,10.0369
2023-09-22,148717,BANDHAN FLOATER FUND- DIRECT PLAN ANNUAL IDCW,10.4189
2023-09-22,148718,BANDHAN FLOATER FUND  - REGULAR PLAN ANNUAL IDCW,10.3905
2023-09-22,148719,Nippon India Nifty 50 Value 20 Index Fund - Regular Plan - Growth Option,14.765
2023-09-22,148720,NIPPON INDIA NIFTY 50 VALUE 20 INDEX FUND - IDCW Option,14.765
2023-09-22,148721,Nippon India Nifty 50 Value 20 Index Fund - Direct Plan - Growth Option,15.0
2023-09-22,148722,NIPPON INDIA NIFTY 50 VALUE 20 INDEX FUND - DIRECT Plan - IDCW Option,15.0
2023-09-22,148723,Nippon India Nifty Midcap 150 Index Fund - Regular Plan - Growth Option,16.9926
2023-09-22,148724,NIPPON INDIA NIFTY MIDCAP 150 INDEX FUND - IDCW Option,16.9926
2023-09-22,148725,NIPPON INDIA NIFTY MIDCAP 150 INDEX FUND - DIRECT Plan - IDCW Option,17.2547
2023-09-22,148726,Nippon India Nifty Midcap 150 Index Fund - Direct Plan - Growth Option,17.2547
2023-09-22,148727,Mahindra Manulife Short Duration Fund - Regular Plan - Growth,11.1674
2023-09-22,148728,Mahindra Manulife Short Duration Fund - Regular Plan - IDCW,10.7506
2023-09-22,148729,Mahindra Manulife Short Duration Fund - Direct Plan -Growth,11.4476
2023-09-22,148730,Mahindra Manulife Short Duration Fund - Direct Plan - IDCW,11.0296
2023-09-22,148731,ITI Mid Cap Fund - Direct Plan - IDCW Option,14.6501
2023-09-22,148732,ITI Mid Cap Fund - Regular Plan - Growth Option,13.8505
2023-09-22,148733,ITI Mid Cap Fund - Direct Plan - Growth Option,14.6501
2023-09-22,148734,ITI Mid Cap Fund - Regular Plan - IDCW Option,13.8505
2023-09-22,148735,HSBC Global Equity Climate Change Fund of Fund - Regular - Growth,8.6301
2023-09-22,148736,HSBC Global Equity Climate Change Fund of Fund IDCW,8.6301
2023-09-22,148737,HSBC Global Equity Climate Change Fund of Fund - Direct - Growth,8.8014
2023-09-22,148738,HSBC Global Equity  Climate Change Fund of Fund Direct Plan IDCW,8.8014
2023-09-22,148743,Kotak Nifty Next 50 Index Fund - Regular Plan - Growth Option,12.8782
2023-09-22,148744,Kotak Nifty Next 50 Index Fund - Regular Plan - Payout of Income Distribution cum capital withdrawal option,12.8785
2023-09-22,148745,Kotak Nifty Next 50 Index Fund - Direct Plan - Growth Option,13.051
2023-09-22,148746,Kotak Nifty Next 50 Index Fund - Direct Plan -Payout of Income Distribution cum capital withdrawal option,13.0508
2023-09-22,148747,Motilal Oswal Asset Allocation FOF- A- Direct Growth,13.0541
2023-09-22,148748,Motilal Oswal Asset Allocation FOF- A- Regular Growth,12.8685
2023-09-22,148749,Motilal Oswal Asset Allocation FOF- C- Regular Growth,12.2053
2023-09-22,148750,Motilal Oswal Asset Allocation FOF- C- Direct Growth,12.3782
2023-09-22,148751,Invesco India ESG Integration Strategy Fund - Direct Plan - Growth,14.03
2023-09-22,148752,Invesco India ESG Integration Strategy Fund - Direct Plan - IDCW (Payout / Reinvestment),14.02
2023-09-22,148753,Invesco India ESG Integration Strategy Fund - Regular Plan - Growth,13.43
2023-09-22,148754,Invesco India ESG Integration Strategy Fund - Regular Plan - IDCW (Payout / Reinvestment),13.43
2023-09-22,148755,Mirae Asset Corporate Bond Fund Direct Growth Plan,11.2833
2023-09-22,148756,Mirae Asset Corporate Bond Fund Direct IDCW,11.2816
2023-09-22,148757,Mirae Asset Corporate Bond Fund Regular Growth,11.1578
2023-09-22,148758,Mirae Asset Corporate Bond Fund Regular IDCW,11.1577
2023-09-22,148759,SBI US Specific Equity Active FoF- Regular Plan - Income Distribution cum Capital Withdrawal Option (IDCW),11.8017
2023-09-22,148760,SBI US Specific Equity Active FoF - Direct Plan - Growth,12.0372
2023-09-22,148761,SBI US Specific Equity Active FoF- Direct Plan - Income Distribution cum Capital Withdrawal Option (IDCW),12.0376
2023-09-22,148762,SBI US Specific Equity Active FoF- Regular Plan - Growth,11.8019
2023-09-22,148763,Kotak Nifty IT ETF,34.3454
2023-09-22,148768,DSP Floater Fund - Regular Plan - Growth,11.3939
2023-09-22,148769,DSP Floater Fund - Direct Plan - IDCW,11.4715
2023-09-22,148770,DSP Floater Fund - Regular Plan - IDCW,11.3939
2023-09-22,148771,DSP Floater Fund - Direct Plan - Growth,11.4715
2023-09-22,148786,BANDHAN CRISIL IBX Gilt June 2027 Index Fund Regular Plan-Growth,11.2106
2023-09-22,148787,BANDHAN CRISIL IBX Gilt June 2027 Index Fund Regular Plan-IDCW,10.7288
2023-09-22,148788,BANDHAN CRISIL IBX Gilt June 2027 Index Fund Direct Plan-IDCW,10.7549
2023-09-22,148789,BANDHAN CRISIL IBX Gilt June 2027 Index Fund Direct Plan-Growth,11.2808
2023-09-22,148790,BANDHAN CRISIL IBX Gilt April 2028 Index Fund Regular Plan-Growth,11.2347
2023-09-22,148791,BANDHAN CRISIL IBX Gilt April 2028 Index Fund Direct Plan-IDCW,10.8002
2023-09-22,148792,BANDHAN CRISIL IBX Gilt April 2028 Index Fund Direct Plan-Growth,11.3049
2023-09-22,148793,BANDHAN CRISIL IBX Gilt April 2028 Index Fund Regular Plan-IDCW,10.7735
2023-09-22,148794,Edelweiss NIFTY PSU Bond Plus SDL Apr 2026 50: 50 Index Fund - Regular Plan - IDCW Option,11.3896
2023-09-22,148795,Edelweiss NIFTY PSU Bond Plus SDL Apr 2026 50:50 Index Fund - Direct Plan - Growth,11.437
2023-09-22,148796,Edelweiss NIFTY PSU Bond Plus SDL Apr 2026 50:50 Index Fund - Direct Plan - IDCW Option,11.4377
2023-09-22,148797,Edelweiss NIFTY PSU Bond Plus SDL Apr 2026 50:50 Index Fund - Regular Plan - Growth,11.3885
2023-09-22,148798,Nippon India ETF Nifty SDL Apr 2026 Top 20 Equal Weight,115.3073
2023-09-22,148799,Axis IT ETF,343.067
2023-09-22,148800,Nippon India ETF Nifty 5 yr Benchmark G-Sec,53.0365
2023-09-22,148805,Aditya Birla Sun Life Nifty Midcap 150 Index Fund-Regular Growth,16.5297
2023-09-22,148806,Aditya Birla Sun Life Nifty Midcap 150 Index Fund - Regular - Payout of IDCW,16.5274
2023-09-22,148807,Aditya Birla Sun Life Nifty Midcap 150 Index Fund-Direct Growth,16.8032
2023-09-22,148809,Aditya Birla Sun Life Nifty Midcap 150 Index Fund - Direct - Payout of IDCW,16.8029
2023-09-22,148811,Aditya Birla Sun Life Nifty Smallcap 50 Index Fund-Regular Growth,13.8493
2023-09-22,148812,Aditya Birla Sun Life Nifty Smallcap 50 Index Fund-Regular - Payout of IDCW,13.8493
2023-09-22,148814,Aditya Birla Sun Life Nifty Smallcap 50 Index Fund-Direct - Payout of IDCW,14.077
2023-09-22,148815,Aditya Birla Sun Life Nifty Smallcap 50 Index Fund-Direct Growth,14.0795
2023-09-22,148821,ICICI Prudential Nifty 100 Low Volatility 30 ETF FOF - Growth,13.5808
2023-09-22,148822,ICICI Prudential Nifty 100 Low Volatility 30 ETF FOF - Direct Plan - Growth,13.7613
2023-09-22,148823,ICICI Prudential Nifty 100 Low Volatility 30 ETF FOF - Direct Plan - IDCW,13.7613
2023-09-22,148824,ICICI Prudential Nifty 100 Low Volatility 30 ETF FOF - IDCW,13.5809
2023-09-22,148825,SBI Fixed Maturity Plan (FMP) - Series 41 (1498 Days) - Regular Plan - Growth,11.2432
2023-09-22,148826,SBI Fixed Maturity Plan (FMP) - Series 41 (1498 Days) Regular Plan - Income Distribution cum Capital Withdrawal Option (IDCW),11.2432
2023-09-22,148827,SBI Fixed Maturity Plan (FMP) - Series 41 (1498 Days) - Direct Plan - Growth,11.2967
2023-09-22,148828,SBI Fixed Maturity Plan (FMP) - Series 41 (1498 Days) Direct Plan - Income Distribution cum Capital Withdrawal Option (IDCW),11.2967
2023-09-22,148833,TRUSTMF Liquid Fund-Regular Plan-Growth,1123.399
2023-09-22,148834,TRUSTMF Liquid Fund-Regular Plan-Daily Income Distribution cum Capital Withdrawal,1076.2781
2023-09-22,148836,TRUSTMF Liquid Fund-Regular Plan-Weekly Income Distribution cum Capital Withdrawal,1057.2842
2023-09-22,148837,TRUSTMF Liquid Fund-Direct Plan-Weekly Income Distribution cum Capital Withdrawal,1082.2735
2023-09-22,148839,TRUSTMF Liquid Fund-Direct Plan-Monthly Income Distribution cum Capital Withdrawal,1069.5951
2023-09-22,148841,TRUSTMF Liquid Fund-Direct Plan-Growth,1127.4872
2023-09-22,148842,TRUSTMF Liquid Fund-Direct Plan-Daily Income Distribution cum Capital Withdrawal,1100.0148
2023-09-22,148843,TRUSTMF Liquid Fund-Regular Plan-Monthly Income Distribution cum Capital Withdrawal,1066.5208
2023-09-22,148845,SBI Fixed Maturity Plan (FMP) - Series 42 (1857 Days) Regular Plan - Income Distribution cum Capital Withdrawal Option (IDCW),11.2968
2023-09-22,148846,SBI Fixed Maturity Plan (FMP) Series 42 (1857 Days) - Direct Plan - Growth,11.3452
2023-09-22,148847,SBI Fixed Maturity Plan (FMP) Series 42 (1857 Days) - Regular Plan - Growth,11.2968
2023-09-22,148848,SBI Fixed Maturity Plan (FMP) - Series 42 (1857 Days) Direct Plan - Income Distribution cum Capital Withdrawal Option (IDCW),11.3453
2023-09-22,148882,Canara Robeco Focused Fund - Direct Plan - IDCW (Payout/Reinvestment),13.93
2023-09-22,148883,Canara Robeco Focused Fund - Direct Plan - Growth Option,14.65
2023-09-22,148884,Canara Robeco Focused Fund - Regular Plan - Growth Option,14.09
2023-09-22,148885,Canara Robeco Focused Fund - Regular Plan - IDCW (Payout/Reinvestment),13.34
2023-09-22,148900,HDFC Multi-Asset Active FOF - IDCW Option,13.76
2023-09-22,148901,HDFC Multi-Asset Active FOF - Growth Option,13.76
2023-09-22,148902,HDFC Multi-Asset Active FOF - IDCW Option - Direct Plan,14.17
2023-09-22,148903,HDFC Multi-Asset Active FOF - Growth Option -Direct Plan,14.17
2023-09-22,148906,ITI Ultra Short Duration Fund - Regular Plan - Growth Option,1103.1899
2023-09-22,148907,ITI Ultra Short Duration Fund - Regular Plan - Weekly IDCW Option,1001.3711
2023-09-22,148909,ITI Ultra Short Duration Fund - Direct Plan - Annually IDCW Option,1126.7858
2023-09-22,148911,ITI Ultra Short Duration Fund - Regular Plan - Fortnightly IDCW Option,1005.0916
2023-09-22,148912,ITI Ultra Short Duration Fund - Regular Plan - Daily IDCW Option,1001.0
2023-09-22,148913,ITI Ultra Short Duration Fund - Direct Plan - Growth Option,1125.7815
2023-09-22,148914,ITI Ultra Short Duration Fund - Regular Plan - Monthly IDCW Option,1005.0898
2023-09-22,148917,ITI Ultra Short Duration Fund - Regular Plan - Annually IDCW Option,1103.2098
2023-09-22,148918,Aditya Birla Sun Life Multi-Cap Fund-Regular Growth,14.44
2023-09-22,148919,Aditya Birla Sun Life Multi-Cap Fund-Regular-IDCW Payout,14.44
2023-09-22,148920,Aditya Birla Sun Life Multi-Cap Fund-Direct IDCW Payout,15.01
2023-09-22,148921,Aditya Birla Sun Life Multi-Cap Fund-Direct Growth,15.01
2023-09-22,148922,quant Quantamental Fund - IDCW Option - Regular Plan,16.3127
2023-09-22,148923,quant Quantamental Fund - Growth Option - Regular Plan,16.2952
2023-09-22,148924,quant Quantamental Fund - IDCW Option - Direct Plan,17.0735
2023-09-22,148925,quant Quantamental Fund - Growth Option - Direct Plan,16.9844
2023-09-22,148926,Axis Nifty AAA Bond Plus SDL Apr 2026 50:50 ETF,11.2049
2023-09-22,148927,Mirae Asset NYSE FANG + ETF,60.4455
2023-09-22,148928,Mirae Asset NYSE FANG + ETF Fund of Fund Direct Growth,13.013
2023-09-22,148929,Mirae Asset NYSE FANG + ETF Fund of Fund Regular Growth,12.892
2023-09-22,148934,Axis NIFTY Healthcare ETF,95.6775
2023-09-22,148939,SBI Fixed Maturity Plan (FMP) Series 43 (1616 Days) - Regular Plan - Growth,11.228
2023-09-22,148940,SBI Fixed Maturity Plan (FMP) Series 43 (1616 Days) - Regular Plan - Income Distribution cum Capital Withdrawal Option (IDCW),11.2281
2023-09-22,148941,SBI Fixed Maturity Plan (FMP) Series 43 (1616 Days) - Direct Plan - Growth,11.2713
2023-09-22,148942,SBI Fixed Maturity Plan (FMP) Series 43 (1616 Days) - Direct Plan - Income Distribution cum Capital Withdrawal Option (IDCW),11.2712
2023-09-22,148943,SBI Nifty Next 50 Index Fund - Regular Plan - Growth,12.2271
2023-09-22,148944,SBI Nifty Next 50 Index Fund - Regular Plan - Income Distribution cum Capital Withdrawal Option (IDCW),12.2274
2023-09-22,148945,SBI Nifty Next 50 Index Fund - Direct Plan - Growth,12.3717
2023-09-22,148946,SBI Nifty Next 50 Index Fund - Direct Plan - Income Distribution cum Capital Withdrawal Option (IDCW),12.3715
2023-09-22,148947,Tata Dividend Yield Fund-Direct Plan-Growth,14.2499
2023-09-22,148948,Tata Dividend Yield Fund-Regular Plan-Growth,13.6467
2023-09-22,148949,Tata Dividend Yield Fund-Regular Plan-IDCW Reinvestment,13.6467
2023-09-22,148950,Tata Dividend Yield Fund-Regular Plan-IDCW Payout,13.6467
2023-09-22,148951,Tata Dividend Yield Fund-Direct Plan-IDCW Reinvestment,14.2499
2023-09-22,148952,Tata Dividend Yield Fund-Direct Plan-IDCW Payout,14.2499
2023-09-22,148953,Axis Global Innovation Fund of Fund - Regular Plan - Growth,9.63
2023-09-22,148954,Axis Global Innovation Fund of Fund - Direct Plan - Growth,9.9
2023-09-22,148955,Axis Global Innovation Fund of Fund - Direct Plan - IDCW,9.9
2023-09-22,148956,Axis Global Innovation Fund of Fund - Regular Plan - IDCW,9.63
2023-09-22,148957,ICICI Prudential Nifty Healthcare ETF,95.8602
2023-09-22,148958,Parag Parikh Conservative Hybrid Fund - Direct Plan - Growth,12.3383
2023-09-22,148959,Parag Parikh Conservative Hybrid Fund - Regular Plan - Growth,12.2527
2023-09-22,148960,Parag Parikh Conservative Hybrid Fund - Regular Plan - Monthly IDCW,10.7072
2023-09-22,148961,Parag Parikh Conservative Hybrid Fund - Direct Plan - Monthly IDCW,10.6202
2023-09-22,148962,Aditya Birla Sun Life Nifty 50 Equal Weight Index Fund-Direct Growth,13.4609
2023-09-22,148963,Aditya Birla Sun Life Nifty 50 Equal Weight Index Fund-Direct-IDCW,13.4609
2023-09-22,148964,Aditya Birla Sun Life Nifty 50 Equal Weight Index Fund-Regular IDCW,13.2625
2023-09-22,148965,Aditya Birla Sun Life Nifty 50 Equal Weight Index Fund-Regular Growth,13.2625
2023-09-22,148966,SBI Fixed Maturity Plan (FMP) - Series 44 (1855 Days) - Regular Plan - Growth,11.1272
2023-09-22,148967,SBI Fixed Maturity Plan (FMP) - Series 44 (1855 Days) - Direct Plan - Growth,11.1684
2023-09-22,148968,SBI Fixed Maturity Plan (FMP) - Series 44 (1855 Days) - Direct Plan - Income Distribution cum Capital Withdrawal Option (IDCW),11.1684
2023-09-22,148969,SBI Fixed Maturity Plan (FMP) Series 44 (1855 Days) - Regular Plan - Income Distribution cum Capital Withdrawal Option (IDCW),11.1272
2023-09-22,148970,ITI Value Fund - Direct Plan - IDCW Option,12.8442
2023-09-22,148971,ITI Value Fund - Regular Plan - IDCW Option,12.2271
2023-09-22,148972,ITI Value Fund - Direct Plan - Growth Option,12.8442
2023-09-22,148973,ITI Value Fund - Regular Plan - Growth Option,12.2271
2023-09-22,148974,Kotak Nifty 50 Index Fund - Regular Plan-Growth,12.644
2023-09-22,148976,Kotak Nifty 50 Index Fund - Direct Plan-IDCW Payout,12.738
2023-09-22,148978,Kotak Nifty 50 Index Fund - Direct Plan-Growth,12.738
2023-09-22,148979,Kotak Nifty 50 Index Fund - Regular Plan-IDCW Payout,12.644
2023-09-22,148980,BANK OF INDIA Large Cap Fund Direct Plan Growth,12.26
2023-09-22,148981,BANK OF INDIA Large Cap Fund Direct Plan IDCW,12.25
2023-09-22,148982,BANK OF INDIA Large Cap Fund Regular Plan Growth,11.92
2023-09-22,148983,BANK OF INDIA Large Cap Fund Regular Plan IDCW,11.92
2023-09-22,148984,HDFC Banking & Financial Services Fund - IDCW Option,12.739
2023-09-22,148985,HDFC Banking & Financial Services Fund - IDCW Option - Direct Plan,13.225
2023-09-22,148986,HDFC Banking & Financial Services Fund - Growth Option - Direct Plan,13.225
2023-09-22,148987,HDFC Banking & Financial Services Fund - Growth Option,12.739
2023-09-22,148988,ICICI Prudential Flexicap Fund - IDCW,13.31
2023-09-22,148989,ICICI Prudential Flexicap Fund - Growth,13.31
2023-09-22,148990,ICICI Prudential Flexicap Fund - Direct Plan - Growth,13.72
2023-09-22,148991,ICICI Prudential Flexicap Fund - Direct Plan - IDCW,13.72
2023-09-22,148992,Axis Quant Fund - Regular Plan - Growth,12.46
2023-09-22,148993,Axis Quant Fund - Direct Plan - Growth,12.93
2023-09-22,148994,Axis Quant Fund - Direct Plan - IDCW,12.93
2023-09-22,148995,Axis Quant Fund - Regular Plan - IDCW,12.46
2023-09-22,148996,SBI Fixed Maturity Plan (FMP) Series 45 (1840 Days) - Regular Plan - Growth,11.1247
2023-09-22,148997,SBI Fixed Maturity Plan (FMP) Series 45 (1840Days) - Regular Plan - Income Distribution cum Capital Withdrawal Option (IDCW),11.1247
2023-09-22,148998,SBI Fixed Maturity Plan (FMP) Series 45 (1840 Days) - Direct Plan - Income Distribution cum Capital Withdrawal Option (IDCW),11.1651
2023-09-22,148999,SBI Fixed Maturity Plan (FMP) Series 45 (1840 Days) - Direct Plan - Growth,11.1651
2023-09-22,149000,Tata Floating Rate Fund-Direct Plan-IDCW Monthly Payout,11.2781
2023-09-22,149001,Tata Floating Rate Fund-Direct Plan-IDCW Quarterly Payout,11.2781
2023-09-22,149002,Tata Floating Rate Fund-Direct Plan-IDCW Periodic Payout,11.2781
2023-09-22,149003,Tata Floating Rate Fund-Regular Plan-Growth,11.1695
2023-09-22,149004,Tata Floating Rate Fund-Regular Plan-IDCW Monthly Payout,11.1695
2023-09-22,149005,Tata Floating Rate Fund-Regular Plan-IDCW Quarterly Payout,11.1695
2023-09-22,149006,Tata Floating Rate Fund-Regular Plan-IDCW Periodic Payout,11.1695
2023-09-22,149007,Tata Floating Rate Fund -Direct Plan-Growth,11.2781
2023-09-22,149008,Nippon India Nifty Pharma ETF,15.3079
2023-09-22,149009,Invesco India Medium Duration Fund - Regular Plan - Quarterly IDCW (Payout / Reinvestment),1032.5711
2023-09-22,149010,Invesco India Medium Duration Fund - Regular Plan - Discretionary IDCW(Payout / Reinvestment)),1082.2355
2023-09-22,149011,Invesco India Medium Duration Fund - Direct Plan - Growth,1104.9749
2023-09-22,149012,Invesco India Medium Duration Fund - Regular Plan - Growth,1082.2362
2023-09-22,149013,Invesco India Medium Duration Fund - Direct Plan - Discretionary IDCW (Payout/Reinvestment),1105.0002
2023-09-22,149014,Invesco India Medium Duration Fund - Direct Plan - Quarterly IDCW (Payout / Reinvestment)),1047.8331
2023-09-22,149015,Aditya Birla Sun Life Fixed Term Plan - Series TI (1837 days) - Regular Plan - Growth Option,11.1185
2023-09-22,149016,Aditya Birla Sun Life Fixed Term Plan - Series TI (1837 days) - Regular Plan - Payout of IDCW option,11.1185
2023-09-22,149017,Aditya Birla Sun Life Fixed Term Plan - Series TI (1837 days) - Direct Plan - Growth Option,11.1433
2023-09-22,149018,Aditya Birla Sun Life Fixed Term Plan - Series TI (1837 days) - Direct Plan - Payout of IDCW option,11.1441
2023-09-22,149019,PGIM India Small Cap Fund - Direct Plan- Growth Option,12.52
2023-09-22,149020,PGIM India Small Cap Fund - Regular Plan - Growth Option,12.03
2023-09-22,149021,ITI Dynamic Bond Fund - Regular Plan - Growth Option,10.992
2023-09-22,149022,ITI Dynamic Bond Fund - Regular Plan - Monthly IDCW Option,10.0427
2023-09-22,149023,ITI Dynamic Bond Fund - Direct Plan - Monthly IDCWOption,10.05
2023-09-22,149024,ITI Dynamic Bond Fund - Regular Plan - Quarterly IDCW Option,10.9922
2023-09-22,149025,ITI Dynamic Bond Fund - Direct Plan - Quarterly IDCW Option,11.2615
2023-09-22,149026,ITI Dynamic Bond Fund - Regular Plan - Half Yearly IDCW Option,10.9929
2023-09-22,149027,ITI Dynamic Bond Fund - Regular Plan - Annually IDCWOption,10.992
2023-09-22,149028,ITI Dynamic Bond Fund - Direct Plan - Half Yearly IDCW Option,11.2615
2023-09-22,149029,ITI Dynamic Bond Fund - Direct Plan - Growth Option,11.2532
2023-09-22,149030,ITI Dynamic Bond Fund - Direct Plan - Annually IDCW Option,11.2532
2023-09-22,149031,PGIM India Small Cap Fund - Direct Plan - IDCW Option,12.09
2023-09-22,149032,PGIM India Small Cap Fund - Regular Plan - IDCW Option,12.03
2023-09-22,149033,Tata Floating Rate Fund-Direct Plan-IDCW Periodic Dividend Reinvestment,11.2781
2023-09-22,149034,Tata Floating Rate Fund-Direct Plan-IDCW Quarterly Dividend Reinvestment,11.2781
2023-09-22,149035,Tata Floating Rate Fund-Regular Plan-IDCW Monthly Dividend Reinvestment,11.1695
2023-09-22,149036,Tata Floating Rate Fund-Regular Plan-IDCW Periodic Dividend Reinvestment,11.1695
2023-09-22,149037,Tata Floating Rate Fund-Direct Plan-IDCW Monthly Dividend Reinvestment,11.2781
2023-09-22,149038,Tata Floating Rate Fund-Regular Plan-IDCW Quarterly Dividend Reinvestment,11.1695
2023-09-22,149039,Navi Nifty 50 Index Fund-Direct Plan-Growth,12.6167
2023-09-22,149040,Navi Nifty 50 Index Fund-Regular Plan-Growth,12.5601
2023-09-22,149041,SBI Nifty Consumption ETF,86.2856
2023-09-22,149042,SBI Fixed Maturity Plan (FMP) - Series 46 (1850 Days) - Regular Plan - Income Distribution cum Capital Withdrawal Option (IDCW),11.1175
2023-09-22,149043,SBI Fixed Maturity Plan (FMP) - Series 46 (1850 Days) - Direct Plan - Growth,11.1594
2023-09-22,149044,SBI Fixed Maturity Plan (FMP) - Series 46 (1850 Days) - Direct Plan - Income Distribution cum Capital Withdrawal Option (IDCW),11.1594
2023-09-22,149045,SBI Fixed Maturity Plan (FMP) - Series 46 (1850 Days) - Regular Plan - Growth,11.1175
2023-09-22,149046,Axis Floater Fund - Regular Plan - Quarterly IDCW,1084.4327
2023-09-22,149047,Axis Floater Fund - Regular Plan - Annual IDCW,1101.7606
2023-09-22,149048,Axis Floater Fund - Regular Plan - Growth,1114.5132
2023-09-22,149049,Axis Floater Fund - Direct Plan - Growth,1124.2039
2023-09-22,149050,Axis Floater Fund - Direct Plan - Daily IDCW,1001.6253
2023-09-22,149051,Axis Floater Fund - Direct Plan - Monthly IDCW,1007.1112
2023-09-22,149052,Axis Floater Fund - Direct Plan - Quarterly IDCW,1093.4199
2023-09-22,149053,Axis Floater Fund - Regular Plan - Monthly IDCW,1006.8923
2023-09-22,149054,Axis Floater Fund - Regular Plan - Daily IDCW,1001.6984
2023-09-22,149055,Axis Floater Fund - Direct Plan - Annual IDCW,1110.8182
2023-09-22,149056,Kotak Global Innovation Overseas Equity Omni FOF - Regular Plan-Growth,7.6875
2023-09-22,149058,Kotak Global Innovation Overseas Equity Omni FOF - Regular Plan -IDCW Option,7.6876
2023-09-22,149059,Kotak Global Innovation Overseas Equity Omni FOF- Direct Plan -Growth,7.9001
2023-09-22,149060,Kotak Global Innovation Overseas Equity Omni FOF- Direct Plan - IDCW Option,7.9
2023-09-22,149062,Aditya Birla Sun Life Fixed Term Plan - Series TJ (1838 days) - Direct Plan - Growth Option,11.1367
2023-09-22,149063,Aditya Birla Sun Life Fixed Term Plan - Series TJ (1838 days) - Direct Plan - Payout of IDCW Option,11.1376
2023-09-22,149064,Aditya Birla Sun Life Fixed Term Plan - Series TJ (1838 days) - Regular Plan - Growth Option,11.1146
2023-09-22,149065,Aditya Birla Sun Life Fixed Term Plan - Series TJ (1838 days) - Regular Plan - Payout of IDCW Option,11.1146
2023-09-22,149066,Tata Business Cycle Fund-Direct Plan-IDCW Payout,14.4215
2023-09-22,149067,Tata Business Cycle Fund-Direct Plan-IDCW Reinvestment,14.4215
2023-09-22,149068,Tata Business Cycle Fund-Regular Plan-Growth,13.9064
2023-09-22,149069,Tata Business Cycle Fund-Regular Plan-IDCW Reinvestment,13.9064
2023-09-22,149070,Tata Business Cycle Fund-Regular Plan-IDCW Payout,13.9064
2023-09-22,149071,Tata Business Cycle Fund-Direct Plan-Growth,14.4215
2023-09-22,149072,ICICI Prudential Nifty FMCG ETF,531.8367
2023-09-22,149073,TRUSTMF Short Duration Fund-Regular Plan-Growth,1097.2707
2023-09-22,149074,TRUSTMF Short Duration Fund-Regular Plan-Weekly Income Distribution Cum Capital Withdrawal,1029.7656
2023-09-22,149075,TRUSTMF Short Duration Fund-Regular Plan-Quarterly Income Distribution Cum Capital Withdrawal,1040.5745
2023-09-22,149076,TRUSTMF Short Duration Fund-Direct Plan-Growth,1109.03
2023-09-22,149077,TRUSTMF Short Duration Fund-Direct Plan-Weekly Income Distribution Cum Capital Withdrawal,1033.7181
2023-09-22,149078,TRUSTMF Short Duration Fund-Direct Plan-Monthly Income Distribution Cum Capital Withdrawal,1043.5736
2023-09-22,149079,TRUSTMF Short Duration Fund-Direct Plan-Quarterly Income Distribution Cum Capital Withdrawal,1052.2893
2023-09-22,149080,TRUSTMF Short Duration Fund-Regular Plan-Monthly Income Distribution Cum Capital Withdrawal,1035.6066
2023-09-22,149081,SBI Fixed Maturity Plan (FMP) Series 47 (1434 Days) - Direct Plan - Income Distribution cum Capital Withdrawal Option (IDCW),11.0458
2023-09-22,149082,SBI Fixed Maturity Plan (FMP) Series 47 (1434 Days) - Direct Plan - Growth,11.0458
2023-09-22,149083,SBI Fixed Maturity Plan (FMP) Series 47 (1434 Days) - Regular Plan - Growth,11.0052
2023-09-22,149084,SBI Fixed Maturity Plan (FMP) Series 47 (1434 Days) - Regular Plan - Income Distribution cum Capital Withdrawal Option (IDCW),11.0052
2023-09-22,149085,Canara Robeco Value Fund - Direct Plan - Growth Option,13.78
2023-09-22,149086,Canara Robeco Value Fund - Direct Plan - IDCW (Payout/Reinvestment),13.77
2023-09-22,149087,Canara Robeco Value Fund - Regular Plan - IDCW (Payout/Reinvestment),13.31
2023-09-22,149088,Canara Robeco Value Fund - Regular Plan - Growth Option,13.32
2023-09-22,149089,Nippon India Flexi Cap Fund - Regular Plan - Growth Plan - Growth Option,12.6499
2023-09-22,149090,UTI Focused Fund - Regular Plan - Growth Option,11.8032
2023-09-22,149091,UTI Focused Fund - Direct Plan - Growth Option,12.2295
2023-09-22,149092,UTI Focused Fund - Regular Plan - IDCW Payout Option,11.8032
2023-09-22,149093,UTI Focused Fund - Direct Plan - IDCW Payout Option,12.2292
2023-09-22,149094,Nippon India Flexi Cap Fund - Direct Plan - Growth Plan - Growth Option,13.0647
2023-09-22,149095,Nippon India Flexi Cap Fund - Direct Plan - IDCW Option,13.0647
2023-09-22,149096,Nippon India Flexi Cap Fund - Regular Plan - IDCW Option,12.6499
2023-09-22,149097,Bandhan US specific Equity Active FOF - IDCW - REGULAR PLAN,10.146
2023-09-22,149098,Bandhan US specific Equity Active FOF - GROWTH - DIRECT PLAN,10.38
2023-09-22,149099,Bandhan US specific Equity Active FOF - IDCW - DIRECT PLAN,10.38
2023-09-22,149100,Bandhan US specific Equity Active FOF - GROWTH - REGULAR PLAN,10.146
2023-09-22,149101,Mahindra Manulife Flexi Cap Fund - Regular Plan -Growth,12.2737
2023-09-22,149102,Mahindra Manulife Flexi Cap Fund - Regular Plan -IDCW,12.2737
2023-09-22,149103,Mahindra Manulife Flexi Cap Fund - Direct Plan -IDCW,12.7917
2023-09-22,149104,Mahindra Manulife Flexi Cap Fund - Direct Plan -Growth,12.7917
2023-09-22,149105,Mirae Asset Nifty Financial Services ETF,20.0492
2023-09-22,149106,HDFC NIFTY50 Equal weight Index Fund - Growth Option,12.9938
2023-09-22,149107,HDFC NIFTY50 Equal weight Index Fund - Direct Plan - Growth Option,13.1599
2023-09-22,149108,SBI Fixed Maturity Plan (FMP) - Series 48 (1458 Days) - Direct Plan - Income Distribution cum Capital Withdrawal Option (IDCW),11.0235
2023-09-22,149109,SBI Fixed Maturity Plan (FMP) - Series 48 (1458 Days) - Regular Plan - Growth,10.9812
2023-09-22,149110,SBI Fixed Maturity Plan (FMP) - Series 48 (1458 Days) - Regular Plan - Income Distribution cum Capital Withdrawal Option (IDCW),10.9812
2023-09-22,149111,SBI Fixed Maturity Plan (FMP) - Series 48 (1458 Days) - Direct Plan - Growth,11.0235
2023-09-22,149112,Mirae Asset Money Market Fund Direct Growth,1115.893
2023-09-22,149113,Mirae Asset Money Market Fund Direct IDCW,1114.3308
2023-09-22,149114,Mirae Asset Money Market Fund Regular IDCW,1106.9662
2023-09-22,149115,Mirae Asset Money Market Fund Regular Growth,1106.9945
2023-09-22,149116,Union Money Market Fund - Regular Plan -  Growth Option,1097.5074
2023-09-22,149117,Union Money Market Fund - Direct Plan -  Growth Option,1113.5205
2023-09-22,149118,Union Money Market Fund - Regular Plan - Daily IDCW Option,1002.0063
2023-09-22,149122,Union Money Market Fund - Regular Plan -  Monthly IDCW Option,1005.4803
2023-09-22,149123,Union Money Market Fund - Direct Plan -  Monthly IDCW Option,1005.6319
2023-09-22,149128,Nippon India Fixed Maturity Plan - XLIII - Series 1 - Regular Plan - Income Distribution cum Capital Withdrawal Plan,10.9649
2023-09-22,149129,Nippon India Fixed Maturity Plan - XLIII - Series 1- Direct Plan - Growth Option,11.0224
2023-09-22,149130,Nippon India Fixed Maturity Plan - XLIII - Series 1 - Direct Plan - Income Distribution Cum Capital Withdrawal Plan,11.0225
2023-09-22,149131,Nippon India Fixed Maturity Plan - XLIII - Series 1 - Regular Plan - Growth Option,10.9649
2023-09-22,149132,SBI Balanced Advantage Fund - Regular Plan - Growth,12.1279
2023-09-22,149133,SBI Balanced Advantage Fund - Regular Plan - Income Distribution cum Capital Withdrawal Option (IDCW),12.128
2023-09-22,149134,SBI Balanced Advantage Fund - Direct Plan - Growth,12.3987
2023-09-22,149135,SBI Balanced Advantage Fund - Direct Plan - Income Distribution cum Capital Withdrawal Option (IDCW),12.3994
2023-09-22,149136,Kotak FMP Series 292 - Regular Plan - Growth,10.9771
2023-09-22,149137,Kotak FMP Series 292 - Regular Plan - IDCW Payout,10.9771
2023-09-22,149138,Kotak FMP Series 292 - Direct Plan - IDCW Payout,11.0469
2023-09-22,149139,Kotak FMP Series 292 - Direct Plan - Growth,11.0469
2023-09-22,149140,Baroda BNP Paribas Business Cycle Fund - Regular Plan - Growth,11.4096
2023-09-22,149141,Baroda BNP Paribas Business Cycle Fund - Direct Plan - Growth,11.7661
2023-09-22,149142,Baroda BNP Paribas Business Cycle Fund - Regular Plan - IDCW Option,11.4096
2023-09-22,149143,Baroda BNP Paribas Business Cycle Fund - Direct Plan - IDCW Option,11.7661
2023-09-22,149144,SBI Fixed Maturity Plan (FMP) - Series 49 (1823 Days) - Direct Plan - Income Distribution cum Capital Withdrawal Option (IDCW),11.008
2023-09-22,149145,SBI Fixed Maturity Plan (FMP) - Series 49 (1823 Days) - Regular Plan - Growth,10.9669
2023-09-22,149146,SBI Fixed Maturity Plan (FMP) - Series 49 (1823 Days) - Regular Plan - Income Distribution cum Capital Withdrawal Option (IDCW),10.9669
2023-09-22,149147,SBI Fixed Maturity Plan (FMP) - Series 49 (1823 Days) - Direct Plan - Growth,11.008
2023-09-22,149156,Axis NIFTY India Consumption ETF,86.3552
2023-09-22,149157,ICICI Prudential Nifty Alpha Low - Volatility 30 ETF FOF - Growth,10.9653
2023-09-22,149158,ICICI Prudential Nifty Alpha Low - Volatility 30 ETF FOF - Direct Plan - Growth,11.09
2023-09-22,149159,ICICI Prudential Nifty Alpha Low - Volatility 30 ETF FOF - IDCW,10.9652
2023-09-22,149160,ICICI Prudential Nifty Alpha Low - Volatility 30 ETF FOF - Direct Plan - IDCW,11.0898
2023-09-22,149165,Axis Value Fund - Regular Plan - IDCW,12.52
2023-09-22,149166,Axis Value Fund - Direct Plan - Growth,12.88
2023-09-22,149167,Axis Value Fund - Regular Plan - Growth,12.52
2023-09-22,149168,Axis Value Fund - Direct Plan - IDCW,12.88
2023-09-22,149169,Mirae Asset S&P 500 Top 50 ETF,31.7687
2023-09-22,149170,Mirae Asset S&P 500 Top 50 ETF Fund of Fund Direct Growth,11.618
2023-09-22,149171,Mirae Asset S&P 500 Top 50 ETF Fund of Fund Regular Growth,11.521
2023-09-22,149172,SBI Fixed Maturity Plan (FMP) - Series 50 (1843 Days) - Regular Plan - Growth,10.855
2023-09-22,149173,SBI Fixed Maturity Plan (FMP) - Series 50 (1843 Days) - Regular Plan -Income Distribution Capital Withdrawal Option (IDCW),10.855
2023-09-22,149174,SBI Fixed Maturity Plan (FMP) - Series 50 (1843 Days) - Direct Plan - Growth,10.8972
2023-09-22,149175,SBI Fixed Maturity Plan (FMP) - Series 50 (1843 Days) - Direct Plan - Income Distribution Capital Withdrawal Option (IDCW),10.8972
2023-09-22,149180,HDFC Developed World Overseas Equity Passive FOF - Direct Plan - Growth Option,10.911
2023-09-22,149181,HDFC Developed World Overseas Equity Passive FOF - Growth Option,10.796
2023-09-22,149182,Kotak Multicap Fund-Regular Plan-Growth,12.99
2023-09-22,149183,Kotak Multicap Fund- Regular Plan -IDCW Option,12.99
2023-09-22,149185,Kotak Multicap Fund-Direct Plan-Growth,13.427
2023-09-22,149187,Kotak Multicap Fund-Direct Plan-IDCW Option,13.427
2023-09-22,149188,DSP FMP Series - 264 - 60M - 17D - Regular Plan - Growth,10.863
2023-09-22,149189,DSP FMP Series - 264 - 60M - 17D - Regular - IDCW,10.863
2023-09-22,149190,DSP FMP Series - 264 - 60M - 17D - Direct - Growth,10.8961
2023-09-22,149191,DSP FMP Series - 264 - 60M - 17D - Direct - IDCW,10.896
2023-09-22,149194,SBI Fixed Maturity Plan (FMP) - Series 51 (1846 Days) - Direct Plan - Income Distribution Capital Withdrawal Option (IDCW),10.8793
2023-09-22,149195,SBI Fixed Maturity Plan (FMP) - Series 51 (1846 Days) - Direct Plan - Growth,10.8787
2023-09-22,149196,SBI Fixed Maturity Plan (FMP) - Series 51 (1846 Days) - Regular Plan - Income Distribution Capital Withdrawal Option (IDCW),10.8415
2023-09-22,149197,SBI Fixed Maturity Plan (FMP) - Series 51 (1846 Days) - Regular Plan - Growth,10.8415
2023-09-22,149198,Aditya Birla Sun Life Nifty SDL Plus PSU Bond SEP 2026 60:40 Index Fund-Regular Growth,10.7976
2023-09-22,149199,Aditya Birla Sun Life Nifty SDL Plus PSU Bond SEP 2026 60:40 Index Fund-Direct Growth,10.8322
2023-09-22,149200,Aditya Birla Sun Life Nifty SDL Plus PSU Bond SEP 2026 60:40 Index Fund-Direct IDCW,10.8324
2023-09-22,149201,Aditya Birla Sun Life Nifty SDL Plus PSU Bond SEP 2026 60:40 Index Fund-Regular IDCW,10.7984
2023-09-22,149208,ICICI Prudential Nifty PSU Bond Plus SDL Sep 2027 40:60 Index Fund - Growth,10.7608
2023-09-22,149210,ICICI Prudential Nifty PSU Bond Plus SDL Sep 2027 40:60 Index Fund - Direct Plan Growth,10.8033
2023-09-22,149218,ICICI Prudential NASDAQ 100 Index Fund - Growth,10.5006
2023-09-22,149219,ICICI Prudential NASDAQ 100 Index Fund - Direct Plan - Growth,10.603
2023-09-22,149220,ICICI Prudential NASDAQ 100 Index Fund - IDCW,10.5005
2023-09-22,149221,ICICI Prudential NASDAQ 100 Index Fund - Direct Plan - IDCW,10.6022
2023-09-22,149224,ICICI Prudential Nifty PSU Bond Plus SDL Sep 2027 40:60 Index Fund - Annual - IDCW,10.7606
2023-09-22,149227,ICICI Prudential Nifty PSU Bond Plus SDL Sep 2027 40:60 Index Fund - Direct Plan Annual - IDCW,10.8033
2023-09-22,149228,Mahindra Manulife Asia Pacific REITs FOF - Regular Plan - Growth,8.046
2023-09-22,149229,Mahindra Manulife Asia Pacific REITs FOF - Regular Plan - IDCW,8.0461
2023-09-22,149230,Mahindra Manulife Asia Pacific REITs FOF - Direct Plan - Growth,8.2056
2023-09-22,149231,Mahindra Manulife Asia Pacific REITs FOF - Direct Plan - IDCW,8.2056
2023-09-22,149232,SBI Fixed Maturity Plan (FMP) - Series 52 (1848 Days) - Direct Plan - Growth,10.8657
2023-09-22,149233,SBI Fixed Maturity Plan (FMP) - Series 52 (1848 Days) - Regular Plan - Income Distribution Cum Withdrawal (IDCW),10.8312
2023-09-22,149234,SBI Fixed Maturity Plan (FMP) - Series 52 (1848 Days) - Direct Plan - Income Distribution Cum Withdrawal (IDCW),10.8656
2023-09-22,149235,SBI Fixed Maturity Plan (FMP) - Series 52 (1848 Days) - Regular Plan - Growth,10.8312
2023-09-22,149240,Motilal Oswal 5 Year G-Sec Fund Of Fund Direct -Growth,10.809
2023-09-22,149241,Motilal Oswal 5 Year G-Sec Fund Of Fund Regular -Growth,10.7934
2023-09-22,149242,Axis Nifty AAA Bond Plus SDL Apr 2026 50:50 ETF FOF - Regular Plan - Growth Option,10.7901
2023-09-22,149243,Axis Nifty AAA Bond Plus SDL Apr 2026 50:50 ETF FOF - Direct Plan - Growth Option,10.8213
2023-09-22,149244,Axis Nifty AAA Bond Plus SDL April 2026 50:50 ETF FOF - Direct Plan - IDCW Option,10.8213
2023-09-22,149245,Axis Nifty AAA Bond Plus SDL Apr 2026 50:50 ETF FOF - Regular Plan - IDCW Option,10.7901
2023-09-22,149246,Edelweiss NIFTY PSU Bond Plus SDL Apr 2027 50:50 Index Fund - Direct Plan - IDCW,10.8399
2023-09-22,149247,Edelweiss NIFTY PSU Bond Plus SDL Apr 2027 50:50 Index Fund - Direct Plan Growth,10.8411
2023-09-22,149248,Edelweiss NIFTY PSU Bond Plus SDL Apr 2027 50:50 Index Fund - Regular Plan - IDCW,10.8039
2023-09-22,149249,Edelweiss NIFTY PSU Bond Plus SDL Apr 2027 50:50 Index Fund - Regular Plan - Growth,10.8034
2023-09-22,149250,Edelweiss Nifty 50 Index Fund Direct Plan Growth,11.3407
2023-09-22,149251,Edelweiss Nifty 50 Index Fund Direct Plan IDCW,11.1838
2023-09-22,149252,Edelweiss Nifty 50 Index Fund Regular Plan Growth,11.0839
2023-09-22,149253,Edelweiss Nifty 50 Index Fund Regular Plan IDCW,11.0838
2023-09-22,149254,Edelweiss Nifty 100 Quality 30 Index Fund Direct Plan Growth,11.4127
2023-09-22,149255,Edelweiss Nifty 100 Quality 30 Index Fund Direct Plan IDCW,11.253
2023-09-22,149256,Edelweiss Nifty 100 Quality 30 Index Fund Regular Plan Growth,11.2707
2023-09-22,149257,Edelweiss Nifty 100 Quality 30 Index Fund Regular Plan IDCW,11.2702
2023-09-22,149258,LIC MF Balanced Advantage Fund-Regular Plan-IDCW,11.0946
2023-09-22,149259,LIC MF Balanced Advantage Fund-Regular Plan-Growth,11.25
2023-09-22,149260,LIC MF Balanced Advantage Fund-Direct Plan-IDCW,11.2896
2023-09-22,149261,LIC MF Balanced Advantage Fund-Direct Plan-Growth,11.6289
2023-09-22,149262,Aditya Birla Sun Life Nifty Healthcare ETF,9.5771
2023-09-22,149263,NJ Balanced Advantage Fund - Regular Plan - IDCW Payout Option,11.08
2023-09-22,149264,NJ Balanced Advantage Fund - Direct Plan - Growth Option,11.36
2023-09-22,149265,NJ Balanced Advantage Fund - Direct Plan - IDCW Payout Option,11.36
2023-09-22,149266,NJ Balanced Advantage Fund - Regular Plan - Growth Option,11.08
2023-09-22,149268,ITI Pharma and Healthcare Fund - Direct Plan - Growth Option,11.2329
2023-09-22,149269,ITI Pharma and Healthcare Fund - Regular Plan - IDCW Option,10.7838
2023-09-22,149270,ITI Pharma and Healthcare Fund - Regular Plan - Growth Option,10.7838
2023-09-22,149271,ITI Pharma and Healthcare Fund - Direct Plan - IDCW Option,11.2329
2023-09-22,149277,SBI Fixed Maturity Plan (FMP) - Series 53 (1839 Days) - Direct Plan - Income Distribution Cum Withdrawal Option (IDCW),10.8625
2023-09-22,149278,SBI Fixed Maturity Plan (FMP) - Series 53 (1839 Days) - Regular Plan - Growth,10.8314
2023-09-22,149279,SBI Fixed Maturity Plan (FMP) - Series 53 (1839 Days) - Direct Plan - Growth,10.8625
2023-09-22,149280,SBI Fixed Maturity Plan (FMP) - Series 53 (1839 Days) - Regular Plan - Income  Distribution Cum Withdrawal Option (IDCW),10.8314
2023-09-22,149281,ICICI Prudential Nifty Smallcap 250 Index Fund - Growth,12.2177
2023-09-22,149282,ICICI Prudential Nifty Smallcap 250 Index Fund - IDCW,12.2182
2023-09-22,149283,ICICI Prudential Nifty Smallcap 250 Index Fund - Direct Plan - Growth,12.3809
2023-09-22,149284,ICICI Prudential Nifty Smallcap 250 Index Fund - Direct Plan - IDCW,12.3804
2023-09-22,149285,ICICI Prudential Nifty India Consumption ETF,86.4524
2023-09-22,149286,DSP Nifty 50 Equal Weight ETF,240.4547
2023-09-22,149287,HDFC NIFTY Next 50 Index Fund - Growth Option,10.498
2023-09-22,149288,HDFC NIFTY Next 50 Index Fund - Direct Plan - Growth Option,10.6077
2023-09-22,149289,Aditya Birla Sun Life US Equity Passive FOF-Direct IDCW,10.145
2023-09-22,149290,Aditya Birla Sun Life US Equity Passive FOF-Regular Growth,10.0638
2023-09-22,149291,Aditya Birla Sun Life US Equity Passive FOF-Direct-Growth,10.1436
2023-09-22,149292,Aditya Birla Sun Life US Equity Passive FOF-Regular IDCW,10.063
2023-09-22,149293,Aditya Birla Sun Life Nifty IT ETF,33.8103
2023-09-22,149294,Aditya Birla Sun Life Business Cycle Fund-Regular IDCW Payout,11.4
2023-09-22,149295,Aditya Birla Sun Life Business Cycle Fund-Direct Growth,11.72
2023-09-22,149296,Aditya Birla Sun Life Business Cycle Fund-Regular-Growth,11.4
2023-09-22,149297,Aditya Birla Sun Life Business Cycle Fund-Direct IDCW Payout,11.72
2023-09-22,149298,PGIM India Global Select Real Estate Securities Fund of Fund - Direct Plan - Growth Option,8.7
2023-09-22,149299,PGIM India Global Select Real Estate Securities Fund of Fund - Regular Plan - Growth Option,8.57
2023-09-22,149302,BANDHAN MULTI CAP FUND - IDCW - REGULAR PLAN,12.527
2023-09-22,149303,BANDHAN MULTI CAP FUND - GROWTH - DIRECT PLAN,12.911
2023-09-22,149304,BANDHAN MULTI CAP FUND - IDCW - DIRECT PLAN,12.904
2023-09-22,149305,BANDHAN MULTI CAP FUND - GROWTH - REGULAR PLAN,12.527
2023-09-22,149306,SBI Fixed Maturity Plan (FMP) - Series 54 (1842 Days) - Regular Plan - Income Distribution Cum Capital Withdrawal Option (IDCW),10.8099
2023-09-22,149307,SBI Fixed Maturity Plan (FMP) - Series 54 (1842 Days) - Direct Plan - Growth,10.8403
2023-09-22,149308,SBI Fixed Maturity Plan (FMP) - Series 54 (1842 Days) - Regular Plan - Growth,10.8099
2023-09-22,149309,SBI Fixed Maturity Plan (FMP) - Series 54 (1842 Days) - Direct Plan - Income Distribution Cum Withdrawal Option (IDCW),10.8407
2023-09-22,149310,Unclaimed Redemption - Upto 3 years (Invested in DSP Overnight Fund),11.0334
2023-09-22,149311,Unclaimed Redemption - Beyond 3 years (Invested in DSP Overnight Fund),10.0
2023-09-22,149312,Unclaimed IDCW - Upto 3 years (Invested in DSP Overnight Fund),11.0335
2023-09-22,149313,Unclaimed IDCW - Beyond 3 years (Invested in DSP Overnight Fund),10.0
2023-09-22,149316,360 ONE QUANT FUND REGULAR INCOME DISTRIBUTION CUM CAPITAL WITHDRAWAL,12.6815
2023-09-22,149317,360 ONE QUANT FUND REGULAR GROWTH,12.6815
2023-09-22,149318,360 ONE QUANT FUND DIRECT GROWTH,12.9489
2023-09-22,149319,360 ONE QUANT FUND DIRECT INCOME DISTRIBUTION CUM CAPITAL WITHDRAWAL,12.9489
2023-09-22,149321,ITI Banking and Financial Services Fund - Direct Plan - Growth Option,12.2292
2023-09-22,149322,ITI Banking and Financial Services Fund - Direct Plan - IDCW Option,12.2292
2023-09-22,149323,ITI Banking and Financial Services Fund - Regular Plan - IDCW Option,11.765
2023-09-22,149324,ITI Banking and Financial Services Fund -Regular Plan - Growth Option,11.765
2023-09-22,149325,Nippon India Taiwan Equity Fund- Regular Plan- IDCW option,8.4926
2023-09-22,149327,Nippon India Taiwan Equity Fund- Direct Plan- IDCW option,8.7316
2023-09-22,149328,Nippon India Taiwan Equity fund- Regular Plan- Growth Option,8.4926
2023-09-22,149329,Nippon India Taiwan Equity Fund- Direct Plan- Growth Option,8.7316
2023-09-22,149331,ICICI Prudential BSE 500 ETF FOF - Direct Plan - Growth,11.8429
2023-09-22,149332,ICICI Prudential BSE 500 ETF FOF - IDCW,11.7358
2023-09-22,149333,ICICI Prudential BSE 500 ETF FOF - Direct Plan - IDCW,11.8427
2023-09-22,149334,ICICI Prudential BSE 500 ETF FOF - Growth,11.7358
2023-09-22,149335,Quant Value Fund - Growth Option  - Direct Plan,13.3465
2023-09-22,149336,Quant Value Fund - IDCW Option- Regular Plan,12.8885
2023-09-22,149337,Quant Value Fund - Growth Option - Regular Plan,12.9135
2023-09-22,149338,Quant Value Fund - IDCW Option - Direct Plan,12.7004
2023-09-22,149339,Edelweiss NIFTY Large Midcap 250 Index Fund - Direct Plan Payout,12.171
2023-09-22,149341,Edelweiss NIFTY Large Midcap 250 Index Fund - Regular Plan Growth,12.0271
2023-09-22,149342,Edelweiss NIFTY Large Midcap 250 Index Fund - Regular Plan Payout,12.0266
2023-09-22,149343,Edelweiss NIFTY Large Midcap 250 Index Fund - Direct Plan Growth,12.171
2023-09-22,149345,SBI Fixed Maturity Plan (FMP) - Series 55 (1849 Days) - Direct Plan - Growth,10.8213
2023-09-22,149346,SBI Fixed Maturity Plan (FMP) - Series 55 (1849 Days) - Regular Plan - Income Distribution Cum Capital Withdrawal Option (IDCW),10.7916
2023-09-22,149347,SBI Fixed Maturity Plan (FMP) - Series 55 (1849 Days) - Regular Plan - Growth,10.7916
2023-09-22,149348,SBI Fixed Maturity Plan (FMP) - Series 55 (1849 Days) - Direct Plan - Income Distribution cum Capital Withdrawal Option (IDCW),10.8213
2023-09-22,149349,Motilal Oswal MSCI EAFE Top 100 Select Index Fund - Direct Plan Growth,11.0541
2023-09-22,149350,Motilal Oswal MSCI EAFE Top 100 Select Index Fund - Regular Plan Growth,10.9361
2023-09-22,149351,Tata Corporate Bond Fund-Regular Plan-Growth,10.7804
2023-09-22,149352,Tata Corporate Bond Fund-Regular Plan-IDCW Periodic Reinvestment,10.7804
2023-09-22,149353,Tata Corporate Bond Fund-Regular Plan-IDCW Monthly Payout,10.7804
2023-09-22,149354,Tata Corporate Bond Fund-Regular Plan-IDCW Quarterly Payout,10.7804
2023-09-22,149355,Tata Corporate Bond Fund-Direct Plan-IDCW Periodic Payout,10.9016
2023-09-22,149356,Tata Corporate Bond Fund-Direct Plan-IDCW Periodic Reinvestment,10.9016
2023-09-22,149357,Tata Corporate Bond Fund-Direct Plan-IDCW Monthly Reinvestment,10.9016
2023-09-22,149358,Tata Corporate Bond Fund-Direct Plan-IDCW Quarterly Reinvestment,10.9016
2023-09-22,149359,Tata Corporate Bond Fund-Regular Plan-IDCW Quarterly Reinvestment,10.7804
2023-09-22,149360,Tata Corporate Bond Fund-Regular Plan-IDCW Periodic Payout,10.7804
2023-09-22,149361,Tata Corporate Bond Fund-Direct Plan-Growth,10.9016
2023-09-22,149362,Tata Corporate Bond Fund-Direct Plan-IDCW Quarterly Payout,10.9016
2023-09-22,149363,Tata Corporate Bond Fund-Regular Plan-IDCW Monthly Reinvestment,10.7804
2023-09-22,149364,Tata Corporate Bond Fund-Direct Plan-IDCW Monthly Payout,10.9016
2023-09-22,149365,HDFC Multi Cap Fund - IDCW Option,13.541
2023-09-22,149366,HDFC Multi Cap Fund - Growth Option,13.601
2023-09-22,149367,HDFC Multi Cap Fund - IDCW Option - Direct Plan,13.949
2023-09-22,149368,HDFC Multi Cap Fund - Growth Option - Direct Plan,13.95
2023-09-22,149371,Axis Nifty 50 Index Fund - Regular Plan - Growth Option,11.5629
2023-09-22,149372,Axis Nifty 50 Index Fund - Regular Plan - IDCW,11.5629
2023-09-22,149373,Axis Nifty 50 Index Fund - Direct Plan - Growth,11.6257
2023-09-22,149374,Axis Nifty 50 Index Fund - Direct Plan - IDCW,11.6257
2023-09-22,149379,Mirae Asset Hang Seng TECH ETF,14.0829
2023-09-22,149380,Mirae Asset Hang Seng TECH ETF Fund of Fund Regular Plan - Growth Option,7.365
2023-09-22,149381,Mirae AssetHang Seng TECH ETF Fund of Fund Direct Plan - Growth Option,7.429
2023-09-22,149382,Axis Multicap Fund - Regular Plan - Growth,11.79
2023-09-22,149383,Axis Multicap Fund - Direct Growth,12.11
2023-09-22,149384,Axis Multicap Fund - Direct Plan - IDCW,12.11
2023-09-22,149387,Axis Multicap Fund - Regular Plan - IDCW,11.79
2023-09-22,149388,ICICI Prudential Nifty Midcap 150 Index Fund - IDCW,13.1602
2023-09-22,149389,ICICI Prudential Nifty Midcap 150 Index Fund - Direct Plan - Growth,13.3465
2023-09-22,149390,ICICI Prudential Nifty Midcap 150 Index Fund - Growth,13.1604
2023-09-22,149391,ICICI Prudential Nifty Midcap 150 Index Fund - Direct Plan - IDCW,13.3464
2023-09-22,149392,DSP Nifty 50 ETF,200.6257
2023-09-22,149393,Groww Overnight Fund (formerly known as Indiabulls Overnight Fund)- Unclaimed Dividend > 3 Years,1095.7298
2023-09-22,149394,Groww Overnight Fund (formerly known as Indiabulls Overnight Fund)- Unclaimed Dividend < 3 years,1098.1333
2023-09-22,149395,Groww Overnight Fund (formerly known as Indiabulls Overnight Fund)- Unclaimed Redemption > 3 Years,1096.4634
2023-09-22,149396,Groww Overnight Fund (formerly known as Indiabulls Overnight Fund)- Unclaimed Redemption < 3 Years,1094.2966
2023-09-22,149397,Kotak Nifty Alpha 50 ETF,34.4944
2023-09-22,149398,BHARAT Bond ETF - April 2032,1087.4044
2023-09-22,149399,BHARAT Bond ETF FOF - April 2032 Regular Plan Growth,10.8715
2023-09-22,149400,BHARAT Bond ETF FOF - April 2032 Regular Plan Dividend,10.8715
2023-09-22,149401,BHARAT Bond ETF FOF - April 2032 Direct Growth,10.8715
2023-09-22,149402,BHARAT Bond ETF FOF - April 2032 Direct Plan Dividend,10.8715
2023-09-22,149403,DSP Nifty Midcap 150 Quality 50 ETF,190.9068
2023-09-22,149404,Mahindra Manulife Balanced Advantage Fund - Regular Plan - Growth,11.2916
2023-09-22,149405,Mahindra Manulife Balanced Advantage Fund - Regular Plan - IDCW,11.2916
2023-09-22,149406,Mahindra Manulife Balanced Advantage Fund - Direct Plan - Growth,11.6652
2023-09-22,149407,Mahindra Manulife Balanced Advantage Fund - Direct Plan - IDCW,11.6652
2023-09-22,149408,ICICI Prudential Overnight fund - Direct Plan - Unclaimed IDCW Transitory Scheme,1099.8112
2023-09-22,149409,ICICI Prudential Overnight fund - Direct Plan - Unclaimed Redemption Stable Scheme,1000.0
2023-09-22,149410,ICICI Prudential Overnight fund - Direct Plan - Unclaimed Redemption Transitory Scheme,1099.8211
2023-09-22,149411,ICICI Prudential Overnight fund - Direct Plan - Unclaimed IDCW Stable Scheme,1000.0
2023-09-22,149412,BANK OF INDIA Overnight Fund Unclaimed IDCW Plan - Greater than 3 Years,1000.0
2023-09-22,149413,BANK OF INDIA Overnight Fund Unclaimed Redemption Plan - Upto 3 Years,1101.9016
2023-09-22,149414,BANK OF INDIA Overnight Fund Unclaimed IDCW Plan - Up to 3 Years,1101.9878
2023-09-22,149415,BANK OF INDIA Overnight Fund Unclaimed Redemption Plan - Greater than 3 Years,1000.0
2023-09-22,149420,SBI Fixed Maturity Plan (FMP) - Series 56 (1232 Days) - Direct Plan - Growth,10.7605
2023-09-22,149421,SBI Fixed Maturity Plan (FMP) - Series 56 (1232 Days) - Regular Plan - Income Distribution cum Capital Withdrawal Option (IDCW),10.7319
2023-09-22,149422,SBI Fixed Maturity Plan (FMP) - Series 56 (1232 Days) - Regular Plan - Growth,10.7319
2023-09-22,149423,SBI Fixed Maturity Plan (FMP) - Series 56 (1232 Days) - Direct Plan - Income Distribution cum Capital Withdrawal Option (IDCW),10.7604
2023-09-22,149430,SBI Fixed Maturity Plan (FMP) - Series 57 (1835 Days) - Direct Plan - Income Distribution cum Capital Withdrawal Option (IDCW),10.7432
2023-09-22,149431,SBI Fixed Maturity Plan (FMP) - Series 57 (1835 Days) - Direct Plan - Growth,10.7433
2023-09-22,149432,SBI Fixed Maturity Plan (FMP) - Series 57 (1835 Days) - Regular Plan - Growth,10.7148
2023-09-22,149433,SBI Fixed Maturity Plan (FMP) - Series 57 (1835 Days) - Regular Plan - Income Distribution cum Capital Withdrawal Option (IDCW),10.7149
2023-09-22,149438,Motilal Oswal Nasdaq Q50 ETF,51.6907
2023-09-22,149439,ICICI Prudential Passive Multi-Asset Fund of Funds - Growth,11.5828
2023-09-22,149440,ICICI Prudential Passive Multi-Asset Fund of Funds - IDCW,11.5829
2023-09-22,149441,ICICI Prudential Passive Multi-Asset Fund of Funds - Direct Plan - Growth,11.6747
2023-09-22,149442,ICICI Prudential Passive Multi-Asset Fund of Funds - Direct Plan - IDCW,11.6823
2023-09-22,149443,Franklin India Overnight Fund- Unclaimed IDCW Plan,10.9516
2023-09-22,149444,Franklin India Overnight Fund- Unclaimed Redemption Investor EducationPlan,10.0
2023-09-22,149445,Franklin India Overnight Fund- Unclaimed IDCW Investor Education Plan,10.0
2023-09-22,149446,Franklin India Overnight Fund- Unclaimed Redemption Plan,10.9516
2023-09-22,149447,Navi Nifty Next 50 Index Fund- Direct Plan- Growth,10.6471
2023-09-22,149448,Navi Nifty Next 50 Index Fund- Regular Plan- Growth,10.556
2023-09-22,149449,Samco Flexi Cap Fund - Regular Plan - Growth Option,10.79
2023-09-22,149450,Samco Flexi Cap Fund - Direct Plan - Growth Option,11.06
2023-09-22,149451,Union Overnight Fund - Unclaimed Amounts Plan - IDCW Beyond 3 years,1000.0
2023-09-22,149452,Union Overnight Fund - Unclaimed Amounts Plan - IDCW Upto 3 years,1097.519
2023-09-22,149453,Union Overnight Fund - Unclaimed Amounts Plan - Redemption Beyond 3 years,1000.0
2023-09-22,149454,Union Overnight Fund - Unclaimed Amounts Plan - Redemption Upto 3 years,1097.4962
2023-09-22,149455,ICICI Prudential Strategic Metal and Energy Equity Fund of Fund - Direct Plan Growth,13.417
2023-09-22,149456,ICICI Prudential Strategic Metal and Energy Equity Fund of Fund - Growth,13.1907
2023-09-22,149457,ICICI Prudential Strategic Metal and Energy Equity Fund of Fund - IDCW,13.1903
2023-09-22,149458,ICICI Prudential Strategic Metal and Energy Equity Fund of Fund - Direct Plan IDCW,13.4174
2023-09-22,149459,SBI Fixed Maturity Plan (FMP) - Series 58 (1842 Days) - Regular Plan - Growth,10.8076
2023-09-22,149460,SBI Fixed Maturity Plan (FMP) - Series 58 (1842 Days) - Direct Plan - Growth,10.8354
2023-09-22,149461,SBI Fixed Maturity Plan (FMP) - Series 58 (1842 Days) - Direct Plan - Income Distribution cum Capital withdrawal option (IDCW),10.8354
2023-09-22,149462,SBI Fixed Maturity Plan (FMP) - Series 58 (1842 Days) - Regular Plan - Income Distribution cum Capital withdrawal option (IDCW),10.8076
2023-09-22,149463,ICICI Prudential Nifty Auto ETF,164.8392
2023-09-22,149464,ICICI PRUDENTIAL SILVER ETF,74.642
2023-09-22,149465,Nippon India Nifty Auto ETF,164.9022
2023-09-22,149466,Axis Nifty Next 50 Index Fund - Direct Plan - Growth,11.0658
2023-09-22,149467,Axis Nifty Next 50 Index Fund - Regular Plan - Growth,10.9567
2023-09-22,149468,Axis Nifty Next 50 Index Fund - Regular Plan - IDCW,10.9566
2023-09-22,149469,Axis Nifty Next 50 Index Fund - Direct Plan - IDCW,11.0657
2023-09-22,149470,Mahindra Manulife Overnight Fund - Unclaimed Redemption/IDCW upto 3 years,1097.6934
2023-09-22,149471,Mahindra Manulife Overnight Fund - Unclaimed Redemption/IDCW beyond 3 years,1000.0
2023-09-22,149472,SBI CPSE Bond Plus SDL Sep 2026 50:50 Index Fund - Regular Plan - Growth,10.7176
2023-09-22,149473,SBI CPSE Bond Plus SDL Sep 2026 50:50 Index Fund - Regular Plan - Income Distribution cum Capital Withdrawal Option (IDCW),10.7179
2023-09-22,149474,SBI CPSE Bond Plus SDL Sep 2026 50:50 Index Fund - Direct Plan - Growth,10.7532
2023-09-22,149475,SBI CPSE Bond Plus SDL Sep 2026 50:50 Index Fund - Direct Plan - Income Distribution cum Capital Withdrawal Option (IDCW),10.7997
2023-09-22,149476,Edelweiss Overnight Fund - Unclaimed IDCW Plan - Above 3 years,1000.0
2023-09-22,149477,Edelweiss Overnight Fund - Unclaimed IDCW Plan - Upto 3 years,1095.898
2023-09-22,149478,Edelweiss Overnight Fund - Unclaimed Redemption Plan - Upto 3 years,1095.8968
2023-09-22,149479,Edelweiss Overnight Fund - Unclaimed Redemption Plan - Above 3 years,1000.0
2023-09-22,149480,Sundaram Nifty 100 Equal Weight Fund (Formerly Known as Principal Nifty 100 Equal Weight Fund-Income Distribution CUM Capital Withdrawal,67.867
2023-09-22,149481,Sundaram Nifty 100 Equal Weight Fund (Formerly Known as Principal Nifty 100 Equal Weight Fund)-Growth,124.21
2023-09-22,149482,Sundaram Nifty 100 Equal Weight Fund (Formerly Known as Principal Nifty 100 Equal Weight Fund)- Direct Plan - Income Distribution CUM Capital Withdrawal Option,70.8631
2023-09-22,149483,Sundaram Nifty 100 Equal Weight Fund (Formerly Known as Principal Nifty 100 Equal Weight Fund) - Direct Plan - Growth Option,129.7002
2023-09-22,149519,Sundaram Low Duration Fund (Formerly Known as Principal Low Duration Fund)- Growth Option,3055.896
2023-09-22,149520,Sundaram Low Duration Fund (Formerly Known as Principal Low Duration Fund) - Weekly Income Distribution CUM Capital Withdrawal Option,1009.7917
2023-09-22,149521,Sundaram Low Duration Fund (Formerly Known as Principal Low Duration Fund)- Income Distribution CUM Capital Withdrawal Option (IDCW),1086.3957
2023-09-22,149522,Sundaram Low Duration Fund (Formerly Known as Principal Low Duration Fund) -Daily Income Distribution CUM Capital Withdrawal Option,1015.7943
2023-09-22,149523,Sundaram Low Duration Fund (Formerly Known as Principal Low Duration Fund) - Direct Plan - Daily Income Distribution CUM Capital Withdrawal Option,1009.6449
2023-09-22,149524,Sundaram Low Duration Fund (Formerly Known as Principal Low Duration Fund) - Direct Plan - Weekly Income Distribution CUM Capital Withdrawal Option,1006.2504
2023-09-22,149525,Sundaram Low Duration Fund (Formerly Known as Principal Low Duration Fund) - Direct Plan - Income Distribution CUM Capital Withdrawal Option (IDCW),1096.2938
2023-09-22,149526,Sundaram Low Duration Fund (Formerly Known as Principal Low Duration Fund) - Direct Plan - Growth Option,3236.9176
2023-09-22,149531,Sundaram Focused Fund (Formerly Known as Principal Focused Multicap Fund)- Income Distribution CUM Capital Withdrawal Option (IDCW),37.3675
2023-09-22,149532,Sundaram Focused Fund (Formerly Known as Principal Focused Multicap Fund)-Growth Option,124.6284
2023-09-22,149533,Sundaram Focused Fund (Formerly Known as Principal Focused Multicap Fund)- Direct Plan - Growth Option,135.5046
2023-09-22,149534,Sundaram Focused Fund (Formerly Known as Principal Focused Multicap Fund)- Direct Plan - Income Distribution CUM Capital Withdrawal Option (IDCW),39.8896
2023-09-22,149535,Sundaram Ultra Short Duration Fund (Formerly Known as Principal Ultra Short Term Fund)-Growth Option,2405.1623
2023-09-22,149536,Sundaram Ultra Short Duration Fund (Formerly Known as Principal Ultra Short Term Fund)-Daily Income Distribution CUM Capital Withdrawal Option,1005.43
2023-09-22,149537,Sundaram Ultra Short Duration Fund (Formerly Known as Principal Ultra Short Term Fund) - Income Distribution CUM Capital Withdrawal Option (IDCW),1061.1249
2023-09-22,149538,Sundaram Ultra Short Duration Fund (Formerly Known as Principal Ultra Short Term Fund)-Weekly Income Distribution CUM Capital Withdrawal Option,1020.2615
2023-09-22,149539,Sundaram Ultra Short Duration Fund (Formerly Known as Principal Ultra Short Term Fund)- Direct Plan -Growth Option,2566.1864
2023-09-22,149540,Sundaram Ultra Short Duration Fund (Formerly Known as Principal Ultra Short Term Fund)- Direct Plan Income Distribution CUM Capital Withdrawal Option (IDCW),1061.7631
2023-09-22,149549,Sundaram Arbitrage Fund( Formerly Known as Principal Arbitrage Fund) - Direct Plan- Monthly Income Distribution CUM Capital Withdrawal,11.5532
2023-09-22,149550,Sundaram Arbitrage Fund (Formerly Known as Prinicpal Arbitrage Fund) - Direct Plan - Growth,13.3603
2023-09-22,149551,Sundaram Arbitrage Fund (Formerly Known as Principal Arbitrage Fund)- Regular Plan - Monthly Income Distribution CUM Capital Withdrawal,11.2769
2023-09-22,149552,Sundaram Arbitrage Fund (Formerly Know as Principal Arbitrage Fund) - Regular Plan - Growth,12.8262
2023-09-22,149569,Sundaram ELSS Tax Saver Fund Regular Growth,386.3704
2023-09-22,149570,Sundaram ELSS Tax Saver Fund Direct Plan Growth,408.9696
2023-09-22,149571,Sundaram ELSS Tax Saver Fund Direct Plan - Income Distribution CUM Capital Withdrawal Option (IDCW),408.5748
2023-09-22,149572,Sundaram ELSS Tax Saver Fund Regular Plan - Income Distribution CUM Capital Withdrawal Option (IDCW),359.2792
2023-09-22,149585,Sundaram Short Duration Fund (Formerly Known as Principal Short Term Debt Fund)- Growth Plan,38.6508
2023-09-22,149586,Sundaram Short Duration Fund (Formerly Known as Principal Short Term Debt Fund)- Income Distribution CUM Capital Withdrawal Option (IDCW),12.8598
2023-09-22,149587,Sundaram Short Duration Fund (Formerly Known as Principal Short Term Debt Fund)- Direct Plan - Growth Option,41.4042
2023-09-22,149588,Sundaram Short Duration Fund (Formerly Known as Principal Short Term Debt Fund) - Direct Plan - Income Distribution CUM Capital Withdrawal Plan (IDCW),12.8959
2023-09-22,149599,Sundaram Aggressive Hybrid Fund (Formerly Known as Principal Hybrid Equity Fund)-Growth,124.9935
2023-09-22,149600,Sundaram Aggressive Hybrid Fund (Formerly Known as Principal Hybrid Equity Fund)- Monthly Income Distribution CUM Capital Withdrawal,26.2597
2023-09-22,149601,Sundaram Aggressive Hybrid Fund (Formerly Known as Principal Hybrid Equity Fund)- Direct Plan - Growth Option,140.3625
2023-09-22,149602,Sundaram Aggressive Hybrid Fund(Formerly Known as Principal Hybrid Equity Fund)-Direct Plan - Monthly Income Distribution CUM Capital Withdrawal Option,39.02
2023-09-22,149658,Sundaram Liquid Fund (Formerly Known as Principal Cash Management Fund) - Daily Income Distribution CUM Capital Withdrawal,1000.8893
2023-09-22,149659,Sundaram Liquid Fund (Formerly Principal Cash Management Fund) - Weekly Income Distribution CUM Capital Withdrawal Option,1007.8644
2023-09-22,149660,Sundaram Liquid Fund (Formerly Known as Principal Cash Management Fund) - Regular Plan IDCW,1025.438
2023-09-22,149661,Sundaram Liquid Fund (Formerly Known as Principal Cash Management Fund) -Growth Option,2035.9933
2023-09-22,149662,Sundaram Liquid Fund (Formerly Known as Principal Cash Management Fund) -Direct Plan - IDCW,1025.5168
2023-09-22,149663,Sundaram Liquid Fund (Formerly Known as Principal Cash Management Fund )- Direct Plan - Income Distribution CUM Capital Withdrawal Option - Daily,1000.6367
2023-09-22,149664,Sundaram Liquid Fund (Formerly Known as Principal Cash Management Fund) - Direct Plan - Growth Option,2053.7099
2023-09-22,149665,Sundaram Liquid Fund(Formerly Known as Principal Cash Management Fund)- Direct Plan - Income Distribution CUM Capital Withdrawal Option - Weekly,1008.3478
2023-09-22,149666,Sundaram Multi Cap Fund (Formerly Known as Principal Multi Cap Growth Fund)- Income Distribution CUM Capital Withdrawal Option (IDCW),56.3843
2023-09-22,149667,Sundaram Multi Cap Fund (Formerly Known as Principal Multi Cap Growth Fund)-Growth Option,276.6163
2023-09-22,149668,Sundaram Multi Cap Fund (Formerly Known as Principal Multi Cap Growth Fund) - Direct Plan - Income Distribution CUM Capital Withdrawal Option (IDCW),74.54
2023-09-22,149669,Sundaram Multi Cap Fund (Formerly Known as Principal Multi Cap Growth Fund)-Direct Plan - Growth Option,301.9046
2023-09-22,149674,Sundaram Equity Savings Fund (Formerly Known as Principal Equity Savings Fund) - Growth Option,57.0936
2023-09-22,149675,Sundaram Equity Savings Fund (Formerly Known as Principal Equity Savings Fund)- Income Distribution CUM Capital Withdrawal (IDCW),14.715
2023-09-22,149676,Sundaram Equity Savings Fund (Formerly Known as Principal Equity Savings Fund) - Income Distribution CUM Capital Withdrawal (IDCW),15.849
2023-09-22,149677,Sundaram Equity Savings Fund (Formerly Known as  Principal Equity Savings Fund) - Direct Plan - Income Distribution CUM Capital Withdrawal Option (IDCW),15.3299
2023-09-22,149678,Sundaram Equity Savings Fund (Formerly Known as Principal Equity Savings Fund)- Direct Plan - Income Distribution CUM Capital Withdrawal Option (IDCW),22.3521
2023-09-22,149679,Sundaram Equity Savings Fund (Formerly Known as Principal Equity Savings Fund) - Direct Plan - Growth Option,64.3714
2023-09-22,149697,Sundaram Dividend Yield Fund (Formerly Known as Principal Dividend Yield Fund)-Growth Plan,101.0588
2023-09-22,149698,Sundaram Dividend Yield Fund (Formerly Known as Principal Dividend Yield Fund)- Income Distribution CUM Capital Withdrawal Plan,33.95
2023-09-22,149699,Sundaram Dividend Yield Fund (Formerly Known as Principal Dividend Yield Fund)- Direct Plan - Income Distribution CUM Capital Withdrawal Option,55.5197
2023-09-22,149700,Sundaram Dividend Yield Fund (Formerly Known as Principal Dividend Yield Fund) - Direct Plan - Growth Option,107.7505
2023-09-22,149715,Sundaram Balanced Advantage Fund (Formerly Known as Principal Balanced Advantage Fund) - Growth Option,28.3773
2023-09-22,149716,Sundaram Balanced Advantage Fund (Formerly Known as Principal Balanced Advantage Fund) - Monthly Income Distribution CUM Capital Withdrawal Option,14.418
2023-09-22,149717,Sundaram Balanced Advantage Fund ( Formerly Known as Principal Balanced Advantage Fund) - Direct Plan - Growth Option,32.428
2023-09-22,149718,Sundaram Balanced Advantage Fund (Formerly Known as Principal Balanced Advantage Fund) - Direct Plan - Monthly Income Distribution CUM Capital Withdrawal Option,17.1609
2023-09-22,149720,Sundaram Ultra Short Duration Fund (Formerly Known as Principal Ultra Short Term Fund) Direct Plan Fortnightly IDCW,1063.3177
2023-09-22,149721,Sundaram Ultra Short Duration Fund (Formerly Known as Principal Ultra Short Term Fund) Direct Plan IDCW Daily,1006.1763
2023-09-22,149722,Sundaram Ultra Short Duration Fund (Formerly Known as Prinicpal Ultra Short Term Fund) Regular Plan Fortnightly IDCW,1062.2016
2023-09-22,149723,Sundaram Ultra Short Duration Fund (Formerly Known as Prinicpal Ultra Short Term Fund) Regular Plan -IDCW,1093.1581
2023-09-22,149724,Sundaram Ultra Short Duration Fund (Formerly Known as Principal Ultra Short Term Fund) Direct Plan -IDCW,1117.2637
2023-09-22,149726,Sundaram Short Duration Fund (Formerly Known as Principal Short Term Debt Fund) Direct Plan IDCW,13.5023
2023-09-22,149727,Sundaram Short Duration Fund (Formerly Known as Principal Short Term Debt Fund) Direct Plan Fortnightly IDCW,12.9147
2023-09-22,149728,Sundaram Short Duration Fund (Formerly Known as Principal Short Term Debt Fund) - Direct Plan - IDCW,13.6709
2023-09-22,149729,Sundaram Short Duration Fund (Formerly Known as Principal Short Term Debt Fund) Direct Weekly IDCW,12.8959
2023-09-22,149730,Sundaram Short Duration Fund (Formerly Known as Principal Short Term Debt Fund) Regular - IDCW,13.3338
2023-09-22,149731,Sundaram Short Duration Fund (Formerly Known as Principal Short Term Debt Fund) - Regular - IDCW,13.4939
2023-09-22,149732,Sundaram Short Duration Fund (Formerly Known as Principal Short Term Debt Fund) Regular Weekly IDCW,12.8598
2023-09-22,149733,Sundaram Short Duration Fund (Formerly Known as Principal Short Term Debt Fund) Direct Plan - IDCW,13.5112
2023-09-22,149734,Sundaram Short Duration Fund (Formerly Known as Principal Short Term Debt Fund) Regular Fortnightly IDCW,12.8771
2023-09-22,149735,Sundaram Short Duration Fund (Formerly Known as Principal Short Term Debt Fund) Regular Plan IDCW,13.3267
2023-09-22,149736,Sundaram Short Duration Fund (Formerly Known as Principal Short Term Debt Fund) Regular Principal Units,13.9616
2023-09-22,149737,Sundaram Liquid Fund (Formerly Known as Principal Cash Management Fund) Direct Principal Units,1129.3614
2023-09-22,149738,Sundaram Liquid Fund (Formerly Known as Principal Cash Management Fund) Direct Fortnightly IDCW,1026.8473
2023-09-22,149739,Sundaram Liquid Fund (Formerly Known as Principal Cash Management Fund) Regular Fortnightly IDCW,1026.7402
2023-09-22,149740,Sundaram Liquid Fund (Formerly Known as Principal Cash Management Fund) Regular IDCW,1071.9288
2023-09-22,149742,Sundaram Liquid Fund (Formerly Known as  Principal Cash Management Fund) Regular Plan Principal Units,1126.9836
2023-09-22,149744,Sundaram  Liquid Fund (Formerly Known as Principal Cash Management Fund) Direct IDCW,1074.2465
2023-09-22,149747,Sundaram Low Duration Fund (Formerly Know as Principal Low Duation Fund) Regular Principal Units,1183.4668
2023-09-22,149748,Sundaram Low Duration Fund (Formerly Known as Principal Low Duration Fund) Direct Fortnightly IDCW,1097.6934
2023-09-22,149750,Sundaram Low Duration Fund(Formerly Known as Principal Low Duration Fund) Direct Plan - IDCW,1155.1641
2023-09-22,149751,Sundaram Low Duration Fund (Formerly Known as Principal Low Duration Fund) Regular Fortnightly IDCW,1087.5858
2023-09-22,149752,Sundaram Low Duration Fund (Formerly Known as Principal Low Duration Fund) Regular Plan IDCW,1128.6129
2023-09-22,149753,Axis CRISIL IBX 70:30 CPSE Plus SDL April 2025 Index Fund - Direct Plan - Growth,10.7279
2023-09-22,149754,Axis CRISIL IBX 70:30 CPSE Plus SDL April 2025 Index Fund- Direct Plan - IDCW,10.7279
2023-09-22,149755,Axis CRISIL IBX 70:30 CPSE Plus SDL April 2025 Index Fund - Regular Plan - Growth,10.7013
2023-09-22,149756,Axis CRISIL IBX 70:30 CPSE Plus SDL April 2025 Index Fund - Regular Plan - IDCW,10.7014
2023-09-22,149757,Kotak Nifty Midcap 50 ETF,116.1419
2023-09-22,149758,Nippon India Silver ETF,72.1005
2023-09-22,149759,Nippon India Silver ETF FOF-Regular Plan- Growth Option,11.5438
2023-09-22,149760,Nippon India Silver ETF FOF- Direct Plan-Growth Option,11.6344
2023-09-22,149761,Nippon India Silver ETF FOF- Regular Plan-IDCW Option,11.5438
2023-09-22,149762,Nippon India Silver ETF FOF- Direct Plan-IDCW Option,11.6344
2023-09-22,149763,Invesco India Flexi Cap Fund - Direct Plan - Growth,12.55
2023-09-22,149764,Invesco India Flexi Cap Fund - Regular Plan - IDCW,12.21
2023-09-22,149765,Invesco India Flexi Cap Fund - Direct Plan - IDCW,12.56
2023-09-22,149766,Invesco India Flexi Cap Fund - Regular Plan - Growth,12.21
2023-09-22,149775,ICICI Prudential Silver ETF FOF - Direct Plan - Growth,11.622
2023-09-22,149776,ICICI Prudential Silver ETF FOF - Direct Plan - IDCW,11.622
2023-09-22,149777,ICICI Prudential Silver ETF FOF - Growth,11.5112
2023-09-22,149778,ICICI Prudential Silver ETF FOF - IDCW,11.5113
2023-09-22,149779,Aditya Birla Sun Life Silver ETF,74.6617
2023-09-22,149780,Aditya Birla Sun Life Silver ETF FOF-Direct Growth,11.8345
2023-09-22,149781,Aditya Birla Sun Life Silver ETF FOF-Direct IDCW,11.8316
2023-09-22,149783,Aditya Birla Sun Life Silver ETF FOF-Regular Growth,11.7313
2023-09-22,149784,Aditya Birla Sun Life Silver ETF FOF-Regular IDCW,11.7293
2023-09-22,149786,Mirae Asset Nifty India Manufacturing ETF,98.705
2023-09-22,149787,Mirae Asset Nifty India Manufacturing ETF FOF - Direct Plan- IDCW,12.447
2023-09-22,149788,Mirae Asset Nifty India Manufacturing ETF FOF - Regular Plan - Growth,12.364
2023-09-22,149789,Mirae Asset Nifty India Manufacturing ETF FOF - Regular Plan - IDCW,12.408
2023-09-22,149790,Mirae Asset Nifty India Manufacturing ETF FOF - Direct Plan - Growth,12.447
2023-09-22,149791,Aditya Birla Sun Life Nifty SDL Apr 2027 Index Fund-Regular-IDCW Payout,10.7477
2023-09-22,149792,Aditya Birla Sun Life Nifty SDL Apr 2027 Index Fund-Regular Growth,10.7477
2023-09-22,149793,Aditya Birla Sun Life Nifty SDL Apr 2027 Index Fund-Direct IDCW Payout,10.8029
2023-09-22,149794,Aditya Birla Sun Life Nifty SDL Apr 2027 Index Fund-Direct Growth,10.8031
2023-09-22,149795,TRUST MF OVERNIGHT FUND-REGULAR-GROWTH,1094.1764
2023-09-22,149796,TRUST MF OVERNIGHT FUND-DIRECT PLAN-DAILY IDCW REINVESTMENT,1095.11
2023-09-22,149797,TRUST MF OVERNIGHT FUND-DIRECT PLAN-GROWTH,1095.097
2023-09-22,149798,TRUST MF OVERNIGHT FUND-REGULAR PLAN-DAILY IDCW REINVESTMENT,1094.488
2023-09-22,149799,Motilal Oswal Nifty 200 Momentum 30 Index Fund-Regular Plan,11.1915
2023-09-22,149800,Motilal Oswal Nifty 200 Momentum 30 Index Fund-Direct Plan,11.3122
2023-09-22,149801,Motilal Oswal Nifty 200 Momentum 30 ETF,45.8558
2023-09-22,149802,UTI BSE Sensex Index Fund - Regular Plan  -Growth Option,11.6
2023-09-22,149803,UTI BSE Sensex Index Fund - Direct Plan - Growth Option,11.6191
2023-09-22,149804,Navi Nifty Bank Index Fund- Direct Plan- Growth,11.5913
2023-09-22,149805,Navi Nifty Bank Index Fund- Regular Plan- Growth,11.4576
2023-09-22,149814,DSP Global Innovation Overseas Equity Omni FoF - Regular - IDCW,10.457
2023-09-22,149815,DSP Global Innovation Overseas Equity Omni FoF - Direct - IDCW,10.6138
2023-09-22,149816,DSP Global Innovation Overseas Equity Omni FoF - Direct - Growth,10.6138
2023-09-22,149817,DSP Global Innovation Overseas Equity Omni FoF - Regular - Growth,10.457
2023-09-22,149818,Sundaram Overnight Fund Unclaimed Redemption upto three years,1094.4234
2023-09-22,149819,Sundaram Overnight Fund Unclaimed Redemption  beyond three years,1000.0
2023-09-22,149820,Sundaram Overnight Fund Unclaimed IDCW beyond three years,1000.0
2023-09-22,149821,Sundaram Overnight Fund Unclaimed IDCW upto three years,1094.4364
2023-09-22,149822,SBI Fixed Maturity Plan (FMP) - Series 59 (1618 Days) - Direct Plan - Growth,10.7735
2023-09-22,149823,SBI Fixed Maturity Plan (FMP) - Series 59 (1618 Days) - Direct Plan - Income Distribution cum Capital Withdrawal Option (IDCW),10.7721
2023-09-22,149824,SBI Fixed Maturity Plan (FMP) - Series 59 (1618 Days) - Regular Plan - Income Distribution cum Capital Withdrawal Option (IDCW),10.747
2023-09-22,149825,SBI Fixed Maturity Plan (FMP) - Series 59 (1618 Days) - Regular Plan - Growth,10.747
2023-09-22,149826,JM Overnight Fund - (Direct) - Unclaimed Redemption I.E.F. - Growth Plan,1073.9936
2023-09-22,149827,JM Overnight Fund - (Direct) - Unclaimed IDCW I.E.F. - Growth Plan,1073.9936
2023-09-22,149828,JM Overnight Fund - (Direct) - Unclaimed IDCW - Growth Plan,1176.1151
2023-09-22,149829,JM Overnight Fund - (Direct) - Unclaimed Redemption - Growth Plan,1174.8378
2023-09-22,149830,Navi Total Stock Market US Specific Equity Passive FoF- Direct Plan- Growth,11.0298
2023-09-22,149831,Navi Total Stock Market US Specific Equity Passive FoF- Regular Plan- Growth,11.0191
2023-09-22,149832,BANDHAN NIFTY 100 INDEX FUND - DIRECT PLAN - GROWTH,11.4718
2023-09-22,149833,BANDHAN NIFTY 100 INDEX FUND - REGULAR PLAN - GROWTH,11.3809
2023-09-22,149834,BANDHAN NIFTY 100 INDEX FUND - REGULAR PLAN - IDCW,11.3809
2023-09-22,149835,BANDHAN NIFTY 100 INDEX FUND - DIRECT PLAN - IDCW,11.4711
2023-09-22,149836,Aditya Birla Sun Life Nifty Next 50 Index Fund-Regular IDCW,11.023
2023-09-22,149837,Aditya Birla Sun Life Nifty Next 50 Index Fund-Regular Growth,11.0233
2023-09-22,149838,Aditya Birla Sun Life Nifty Next 50 Index Fund-Direct Growth,11.1379
2023-09-22,149839,Aditya Birla Sun Life Nifty Next 50 Index Fund-Direct IDCW,11.1371
2023-09-22,149840,Kotak Manufacture in India Fund - Regular Plan Growth,13.155
2023-09-22,149841,Kotak Manufacture in India Fund - Direct Plan Growth,13.514
2023-09-22,149842,Kotak Manufacture in India Fund - Direct Plan IDCW Option,13.514
2023-09-22,149843,Kotak Manufacture in India Fund - Regular Plan IDCW Option,13.155
2023-09-22,149844,Axis Multi Factor Passive FoF - Regular Plan - Growth Option,11.9837
2023-09-22,149845,Axis Multi Factor Passive FoF - Regular Plan - IDCW,11.9837
2023-09-22,149846,Axis Multi Factor Passive FoF - Direct Plan - IDCW,12.014
2023-09-22,149847,Axis Multi Factor Passive FoF - Direct Plan - Growth Option,12.014
2023-09-22,149852,Kotak Nifty SDL Apr  2027 Top 12 Equal Weight Index Fund-Regular Plan- Growth,10.6699
2023-09-22,149853,Kotak Nifty SDL Apr  2027 Top 12 Equal Weight Index Fund-Regular Plan-IDCW Option,10.6701
2023-09-22,149854,Kotak Nifty SDL Apr 2027 Top 12 Equal Weight Index Fund-Direct Plan-IDCW Option,10.6969
2023-09-22,149855,Kotak Nifty SDL Apr  2027 Top 12 Equal Weight Index Fund-Direct Plan-Growth,10.6969
2023-09-22,149858,ICICI Prudential Nifty Bank Index Fund - Direct Plan Growth,12.6854
2023-09-22,149859,ICICI Prudential Nifty Bank Index Fund - Growth,12.5282
2023-09-22,149860,ICICI Prudential Nifty Bank Index Fund - IDCW,12.5281
2023-09-22,149861,ICICI Prudential Nifty Bank Index Fund - Direct Plan IDCW,12.6854
2023-09-22,149862,Kotak Nifty SDL Apr 2032 Top 12 Equal Weight Index Fund-Regular Plan-Growth,10.9429
2023-09-22,149864,Kotak Nifty SDL Apr 2032 Top 12 Equal Weight Index Fund-Direct Plan-IDCW Option,10.9742
2023-09-22,149865,Kotak Nifty SDL Apr 2032 Top 12 Equal Weight Index Fund-Direct Plan- Growth,10.9746
2023-09-22,149866,Kotak Nifty SDL Apr 2032 Top 12 Equal Weight Index Fund-Regular Plan-IDCW Option,10.9463
2023-09-22,149868,HDFC NIFTY 100 Index Fund - Direct Plan - Growth Option,11.4728
2023-09-22,149869,HDFC NIFTY 100 Index Fund - Growth Option,11.3627
2023-09-22,149870,HDFC Nifty 100 Equal Weight Index Fund - Direct Plan - Growth Option,11.6883
2023-09-22,149871,HDFC Nifty 100 Equal Weight Index Fund - Growth Option,11.5807
2023-09-22,149872,Axis CRISIL IBX SDL May 2027 Index Fund - Regular Plan - Growth,10.6468
2023-09-22,149873,Axis CRISIL IBX SDL May 2027 Index Fund - Direct Plan - Growth,10.6721
2023-09-22,149874,Axis CRISIL IBX SDL May 2027 Index Fund - Direct Plan - IDCW,10.6718
2023-09-22,149875,Axis CRISIL IBX SDL May 2027 Index Fund - Regular Plan - IDCW,10.6468
2023-09-22,149876,SBI Fixed Maturity Plan (FMP) - Series 60 (1878 Days) - Regular Plan - Growth,10.7078
2023-09-22,149877,SBI Fixed Maturity Plan (FMP) - Series 60 (1878 Days) - Regular Plan - Income Distribution cum Capital Withdrawal Option (IDCW),10.7079
2023-09-22,149878,SBI Fixed Maturity Plan (FMP) - Series 60 (1878 Days) - Direct Plan - Growth,10.7336
2023-09-22,149879,SBI Fixed Maturity Plan (FMP) - Series 60 (1878 Days) - Direct Plan - Income Distribution cum Capital Withdrwal Option (IDCW),10.7341
2023-09-22,149880,UTI BSE Low Volatility Index Fund - Regular Plan - Growth Option,12.6961
2023-09-22,149881,UTI BSE Low Volatility Index Fund - Direct Plan  - Growth Option,12.7891
2023-09-22,149882,SBI Multicap Fund- Direct Plan- Growth option,12.2667
2023-09-22,149883,SBI Multicap Fund- Regular Plan- Income Distribution cum Capital Withdrawal Option (IDCW),12.0676
2023-09-22,149886,SBI Multicap Fund- Regular Plan- Growth Option,12.0662
2023-09-22,149887,SBI Multicap Fund- Direct Plan - Income Distribution cum Capital Withdrawal Option (IDCW),12.2667
2023-09-22,149892,Navi Nifty Midcap 150 Index Fund Direct Plan- Growth,14.1485
2023-09-22,149893,Navi Nifty Midcap 150 Index Fund Regular Plan- Growth,13.9455
2023-09-22,149894,Axis Nifty Smallcap 50 Index Fund - Direct Plan - Growth Option,12.2666
2023-09-22,149895,Axis Nifty Smallcap 50 Index Fund - Direct Plan - IDCW,12.2666
2023-09-22,149896,Axis Nifty Smallcap 50 Index Fund - Regular Plan - Growth Option,12.1259
2023-09-22,149897,Axis Nifty Smallcap 50 Index Fund - Regular Plan - IDCW,12.1259
2023-09-22,149898,ITI Conservative Hybrid Fund - Regular Plan -Growth,10.812
2023-09-22,149903,ITI Conservative Hybrid Fund- Regular Plan- Quarterly IDCW Option,10.8118
2023-09-22,149904,ITI Conservative Hybrid Fund- Regular  Plan- Half Yearly IDCW Option,10.812
2023-09-22,149905,ITI Conservative Hybrid Fund- Regular Plan-  Annually IDCW Option,10.812
2023-09-22,149906,ITI Conservative Hybrid Fund- Direct Plan- Quarterly IDCW Option,11.01
2023-09-22,149907,ITI Conservative Hybrid Fund- Direct Plan- Annually IDCW Option,11.0153
2023-09-22,149908,ITI Conservative Hybrid Fund- Direct Plan- Growth Option,11.0103
2023-09-22,149910,Navi NASDAQ100 US Specific Equity Passive FOF- Direct- Growth,10.8134
2023-09-22,149911,Navi NASDAQ100 US Specific Equity Passive FOF- Regular- Growth,10.7774
2023-09-22,149914,Nippon India Fixed Maturity Plan-XLIII-Series 5- Direct Plan-Payout of IDCW,10.8902
2023-09-22,149915,Nippon India Fixed Maturity Plan-XLIII-Series 5- Regular Plan-Growth Option,10.8563
2023-09-22,149916,Nippon India Fixed Maturity Plan-XLIII-Series 5- Regular Plan-Payout of IDCW,10.8563
2023-09-22,149917,Nippon India Fixed Maturity Plan-XLIII-Series 5- Direct Plan-Growth Option,10.8902
2023-09-22,149918,Mirae Asset Nifty Midcap 150 ETF,15.0951
2023-09-22,149919,Motilal Oswal BSE Low Volatility Index Fund-Direct plan,12.7266
2023-09-22,149920,Motilal Oswal BSE Low Volatility Index Fund-Regular plan,12.6086
2023-09-22,149921,Motilal Oswal BSE Low Volatility ETF,28.5213
2023-09-22,149922,HDFC FMP 1861D March 2022 - Growth Option,10.7401
2023-09-22,149923,HDFC FMP 1861D March 2022 - Quarterly Dividend Option - Direct Plan,10.1342
2023-09-22,149924,HDFC FMP 1861D March 2022 - Growth Option - Direct Plan,10.7686
2023-09-22,149925,HDFC FMP 1861D March 2022 - IDCW Option,10.7401
2023-09-22,149926,HDFC FMP 1861D March 2022 - IDCW Option - Direct Plan,10.7686
2023-09-22,149927,HDFC FMP 1861D March 2022 - Quarterly Dividend Option,10.1297
2023-09-22,149928,ICICI Prudential Nifty 5 yr Benchmark G-SEC ETF,53.1705
2023-09-22,149929,HDFC FMP 1162D March 2022 - Growth Option,10.6958
2023-09-22,149930,HDFC FMP 1162D March 2022 - IDCW Option,10.6958
2023-09-22,149931,HDFC FMP 1162D March 2022 - IDCW Option - Direct Plan,10.7204
2023-09-22,149932,HDFC FMP 1162D March 2022 - Quarterly Dividend Option,10.15
2023-09-22,149933,HDFC FMP 1162D March 2022 - Quarterly Dividend Option - Direct Plan,10.1539
2023-09-22,149934,HDFC FMP 1162D March 2022 - Growth Option - Direct Plan,10.7204
2023-09-22,149935,Axis Nifty Midcap 50 Index Fund - Direct Plan - IDCW Option,13.9355
2023-09-22,149936,Axis Nifty Midcap 50 Index Fund - Direct Plan - Growth Option,13.936
2023-09-22,149937,Axis Nifty Midcap 50 Index Fund - Regular Plan - IDCW Option,13.7808
2023-09-22,149938,Axis Nifty Midcap 50 Index Fund - Regular Plan - Growth Option,13.7807
2023-09-22,149945,Edelweiss CRISIL PSU Plus SDL 50:50 Oct 2025 Index Fund - Direct Plan - IDCW Payout,10.7086
2023-09-22,149947,Edelweiss CRISIL PSU Plus SDL 50:50 Oct 2025 Index Fund - Regular Plan - IDCW Payout,10.6766
2023-09-22,149949,Edelweiss CRISIL PSU Plus SDL 50:50 Oct 2025 Index Fund - Regular Plan Growth,10.6762
2023-09-22,149950,Edelweiss CRISIL PSU Plus SDL 50:50 Oct 2025 Index Fund - Direct Plan Growth,10.7081
2023-09-22,149959,Tata Nifty India Digital Exchange Traded Fund,66.4156
2023-09-22,149960,Invesco India - Invesco EQQQ Nasdaq-100 ETF Fund of Fund - Regular Plan - Growth,11.4934
2023-09-22,149961,Invesco India - Invesco EQQQ Nasdaq-100 ETF Fund of Fund - Direct Plan - Growth,11.5351
2023-09-22,149962,HSBC CRISIL IBX 50:50 Gilt Plus SDL Apr 2028 Index Fund - Direct - Payout of IDCW,10.7946
2023-09-22,149963,HSBC CRISIL IBX 50:50 Gilt Plus SDL Apr 2028 Index Fund - Regular - Growth,10.7624
2023-09-22,149964,HSBC CRISIL IBX 50:50 Gilt Plus SDL Apr 2028 Index Fund - Regular - payout of IDCW,10.7624
2023-09-22,149966,HSBC CRISIL IBX 50:50 Gilt Plus SDL Apr 2028 Index Fund - Direct - Growth,10.7946
2023-09-22,149968,DSP Nifty SDL Plus G-Sec Jun 2028 30:70 Index Fund - Regular - Growth,10.7644
2023-09-22,149969,DSP Nifty SDL Plus G-Sec Jun 2028 30:70 Index Fund - Regular - IDCW,10.7644
2023-09-22,149970,DSP Nifty SDL Plus G-Sec Jun 2028 30:70 Index Fund - Direct - Growth,10.7898
2023-09-22,149971,DSP Nifty SDL Plus G-Sec Jun 2028 30:70 Index Fund - Direct - IDCW,10.7898
2023-09-22,149988,Baroda BNP Paribas Overnight Fund - Plan C - Unclaimed IDCW - Greater than 3 years,1000.0
2023-09-22,149989,Baroda BNP Paribas Overnight Fund - Plan C - Unclaimed Redemption - Up to 3 years,1089.5848
2023-09-22,149990,Baroda BNP Paribas Overnight Fund - Plan C - Unclaimed Redemption - Greater than 3 years,1000.0
2023-09-22,149991,Baroda BNP Paribas Overnight Fund - Plan C - Unclaimed IDCW - Up to 3 years,1089.5849
2023-09-22,149992,SBI Fixed Maturity Plan (FMP)- Series 61 (1927 Days)- Regular Plan- Income Distribution Cum Capital withdrawal option,10.74
2023-09-22,149993,SBI Fixed Maturity Plan (FMP)- Series 61 (1927 Days)- Direct Plan- Growth option,10.7644
2023-09-22,149994,SBI Fixed Maturity Plan (FMP)- Series 61 (1927 Days)- Regular Plan- Growth option,10.7401
2023-09-22,149995,SBI Fixed Maturity Plan (FMP)- Series 61 (1927 Days)- Direct Plan- Income Distribution Cum Capital withdrawal option,10.7644
2023-09-22,149996,ICICI Prudential Nifty SDL Sep 2027 Index Fund - Annual IDCW,10.6728
2023-09-22,149997,ICICI Prudential Nifty SDL Sep 2027 Index Fund - Direct Plan - Annual IDCW,10.6968
2023-09-22,149998,ICICI Prudential Nifty SDL Sep 2027 Index Fund - Growth,10.6728
2023-09-22,149999,ICICI Prudential Nifty SDL Sep 2027 Index Fund - Direct Plan - Growth,10.6968
2023-09-22,150000,Kotak Nifty 100 Low Volatility 30 ETF,15.4615
2023-09-22,150001,HDFC FMP 1876D March 2022 - Growth Option,10.7083
2023-09-22,150002,HDFC FMP 1876D March 2022 - Growth Option - Direct Plan,10.7324
2023-09-22,150003,HDFC FMP 1876D March 2022 - IDCW Option - Direct Plan,10.7324
2023-09-22,150004,HDFC FMP 1876D March 2022 - IDCW Option,10.7083
2023-09-22,150005,HDFC FMP 1876D March 2022 - Quarterly Dividend Option,10.1282
2023-09-22,150006,HDFC FMP 1876D March 2022 - Quarterly Dividend Option - Direct Plan,10.1322
2023-09-22,150008,Nippon India Nifty AAA CPSE Bond Plus SDL - Apr 2027 Maturity 60:40 Index Fund - Direct Plan - IDCW Option,10.3606
2023-09-22,150009,Nippon India Nifty AAA CPSE Bond Plus SDL - Apr 2027 Maturity 60:40 Index Fund - Regular Plan - IDCW Option,10.3496
2023-09-22,150011,Nippon India Nifty AAA CPSE Bond Plus SDL - Apr 2027 Maturity 60:40 Index Fund - Regular Plan - Growth Option,10.6118
2023-09-22,150012,Nippon India Nifty AAA CPSE Bond Plus SDL - Apr 2027 Maturity 60:40 Index Fund - Direct Plan - Growth Option,10.6442
2023-09-22,150156,BARODA BNP PARIBAS ELSS Tax Saver Fund - Regular - Growth Option,66.2203
2023-09-22,150157,BARODA BNP PARIBAS ELSS Tax Saver Fund- Regular - IDCW Option,19.0929
2023-09-22,150158,BARODA BNP PARIBAS ELSS Tax Saver Fund - Direct Plan - IDCW Option,23.698
2023-09-22,150159,BARODA BNP PARIBAS ELSS Tax Saver Fund - Direct Plan - Growth Option,73.0222
2023-09-22,150160,BARODA BNP PARIBAS LOW DURATION Fund-Defunct Plan-Growth Option,35.519
2023-09-22,150161,BARODA BNP PARIBAS LOW DURATION Fund-Defunct Plan-Weekly IDCW Option,10.0137
2023-09-22,150162,BARODA BNP PARIBAS LOW DURATION Fund-Defunct Plan-Monthly IDCW Option,10.5264
2023-09-22,150163,BARODA BNP PARIBAS LOW DURATION Fund-Defunct Plan- Daily IDCW Option,10.0499
2023-09-22,150164,BARODA BNP PARIBAS LOW DURATION FUND - Regular Plan - DAILY IDCW OPTION,10.0604
2023-09-22,150165,BARODA BNP PARIBAS LOW DURATION FUND - Regular Plan - GROWTH OPTION,35.4796
2023-09-22,150166,BARODA BNP PARIBAS LOW DURATION FUND - Regular Plan - WEEKLY IDCW OPTION,10.0137
2023-09-22,150167,BARODA BNP PARIBAS LOW DURATION FUND - Regular Plan - MONTHLY IDCW OPTION,10.3405
2023-09-22,150168,BARODA BNP PARIBAS LOW DURATION Fund - Direct Plan - Daily IDCW Option,10.0835
2023-09-22,150169,BARODA BNP PARIBAS LOW DURATION Fund - Direct Plan - Growth Option,38.3306
2023-09-22,150170,BARODA BNP PARIBAS LOW DURATION Fund - Direct Plan - Monthly IDCW Option,10.2538
2023-09-22,150171,BARODA BNP PARIBAS LOW DURATION Fund - Direct Plan - Weekly IDCW Option,10.014
2023-09-22,150172,Baroda BNP Paribas Dynamic Bond Fund-Defunct Plan - Growth Option,28.1827
2023-09-22,150173,Baroda BNP Paribas Dynamic Bond Fund - Regular Plan - Growth Option,40.02
2023-09-22,150174,Baroda BNP Paribas Dynamic Bond Fund - Regular Plan - Daily IDCW Option,10.1129
2023-09-22,150175,Baroda BNP Paribas Dynamic Bond Fund - Regular Plan - Weekly IDCW Option,10.0852
2023-09-22,150176,Baroda BNP Paribas Dynamic Bond Fund - Regular Plan - Monthly IDCW Option,10.2731
2023-09-22,150177,Baroda BNP Paribas Dynamic Bond Fund - Regular Plan - Quarterly IDCW Option,10.3656
2023-09-22,150178,Baroda BNP Paribas Dynamic Bond Fund - Regular Plan - Half Yearly IDCW Option,10.4318
2023-09-22,150179,Baroda BNP Paribas Dynamic Bond Fund - Direct Plan - Daily IDCW Option,10.1131
2023-09-22,150180,Baroda BNP Paribas Dynamic Bond Fund - Direct Plan - Growth Option,43.8136
2023-09-22,150181,Baroda BNP Paribas Dynamic Bond Fund - Direct Plan - Half Yearly IDCW Option,10.0
2023-09-22,150182,Baroda BNP Paribas Dynamic Bond Fund - Direct Plan - Monthly IDCW Option,10.4925
2023-09-22,150183,Baroda BNP Paribas Dynamic Bond Fund - Direct Plan - Quarterly IDCW Option,10.6125
2023-09-22,150184,Baroda BNP Paribas Dynamic Bond Fund - Direct Plan - Weekly IDCW Option,10.0858
2023-09-22,150185,BARODA BNP PARIBAS LARGE CAP Fund- Regular Plan - Growth Option,161.3855
2023-09-22,150186,BARODA BNP PARIBAS LARGE CAP Fund - Regular Plan - IDCW Option,20.6608
2023-09-22,150187,BARODA BNP PARIBAS LARGE CAP Fund - Direct Plan - Growth Option,182.2094
2023-09-22,150188,BARODA BNP PARIBAS LARGE CAP Fund - Direct Plan - IDCW Option,24.2964
2023-09-22,150203,BARODA BNP PARIBAS Conservative Hybrid Fund-Regular Plan-Growth Option,37.9443
2023-09-22,150204,BARODA BNP PARIBAS Conservative hybrid Fund-Regular Plan-Monthly IDCW Option,10.8015
2023-09-22,150205,BARODA BNP PARIBAS Conservative Hybrid Fund-Regular Plan-Quarterly IDCW Option,11.1321
2023-09-22,150206,BARODA BNP PARIBAS Conservative Hybrid Fund - Direct Plan - Growth Option,45.0124
2023-09-22,150207,BARODA BNP PARIBAS Conservative Hybrid Fund - Direct Plan - Monthly IDCW Option,12.7575
2023-09-22,150208,BARODA BNP PARIBAS Conservative Hybrid Fund - Direct Plan - Quarterly IDCW Option,12.5485
2023-09-22,150209,BARODA BNP PARIBAS Mid Cap Fund - Regular Plan - Growth Option,71.5318
2023-09-22,150210,BARODA BNP PARIBAS Mid Cap Fund - Regular Plan - IDCW Option,48.8086
2023-09-22,150211,BARODA BNP PARIBAS Mid Cap Fund - Direct Plan - IDCW Option,60.0912
2023-09-22,150212,BARODA BNP PARIBAS Mid Cap Fund - Direct Plan - Growth Option,82.9233
2023-09-22,150228,BARODA BNP PARIBAS Corporate Bond Fund - Defunct Plan - Quarterly-IDCW Option,10.2949
2023-09-22,150229,BARODA BNP PARIBAS Corporate Bond Fund - Defunct Plan - Growth Option,27.5267
2023-09-22,150230,BARODA BNP PARIBAS Corporate Bond Fund - Defunct Plan - Annual-IDCW Option,10.65
2023-09-22,150231,BARODA BNP PARIBAS Corporate Bond Fund - Defunct Plan - Monthly-IDCW Option,10.1816
2023-09-22,150232,BARODA BNP PARIBAS CORPORATE BOND FUND - Regular Plan - QUARTERLY IDCW OPTION,10.3057
2023-09-22,150233,BARODA BNP PARIBAS CORPORATE BOND FUND - Regular Plan - ANNUAL IDCW OPTION,10.5859
2023-09-22,150234,BARODA BNP PARIBAS CORPORATE BOND FUND - Regular Plan - MONTHLY IDCW OPTION,10.2143
2023-09-22,150235,BARODA BNP PARIBAS CORPORATE BOND FUND - Regular Plan - GROWTH OPTION,23.7845
2023-09-22,150236,BARODA BNP PARIBAS Corporate Bond Fund - Direct Plan - Annual IDCW Option,10.8311
2023-09-22,150237,BARODA BNP PARIBAS Corporate Bond Fund - Direct Plan - Growth Option,25.1272
2023-09-22,150238,BARODA BNP PARIBAS Corporate Bond Fund - Direct Plan - Monthly IDCW Option,10.275
2023-09-22,150239,BARODA BNP PARIBAS Corporate Bond Fund - Direct Plan - Quarterly IDCW Option,10.4709
2023-09-22,150240,BARODA BNP PARIBAS Medium Duration Fund - Regular Plan - Growth Option,16.5768
2023-09-22,150241,BARODA BNP PARIBAS Medium Duration Fund - Direct Plan - Growth Option,17.6346
2023-09-22,150242,BARODA BNP PARIBAS Medium Duration Fund - Regular Plan - Calendar Quarterly IDCW Option,10.4347
2023-09-22,150243,BARODA BNP PARIBAS Medium Duration Fund - Regular Plan - Monthly IDCW Option,10.2593
2023-09-22,150244,BARODA BNP PARIBAS Medium Duration Fund - Direct Plan - Monthly IDCW Option,10.6138
2023-09-22,150245,BARODA BNP PARIBAS Medium Duration Fund - Direct Plan - Calendar Quarterly IDCW Option,10.3181
2023-09-22,150246,BARODA BNP PARIBAS Medium Duration Fund - Direct Plan - Half yearly IDCW Option,10.0
2023-09-22,150247,BARODA BNP PARIBAS Medium Duration Fund - Direct Plan - Annual IDCW Option,11.1233
2023-09-22,150248,BARODA BNP PARIBAS Medium Duration Fund - Regular Plan - Half Yearly IDCW Option,10.603
2023-09-22,150249,BARODA BNP PARIBAS Medium Duration Fund - Regular Plan - Annual IDCW Option,10.979
2023-09-22,150250,BARODA BNP PARIBAS ARBITRAGE FUND- REGULAR PLAN- GROWTH OPTION,14.2067
2023-09-22,150251,BARODA BNP PARIBAS ARBITRAGE FUND-DIRECT PLAN-GROWTH OPTION,14.8078
2023-09-22,150252,BARODA BNP PARIBAS ARBITRAGE FUND -DIRECT PLAN - ADHOC IDCW OPTION,10.8504
2023-09-22,150253,BARODA BNP PARIBAS ARBITRAGE FUND-REGULAR PLAN- ADHOC IDCW OPTION,10.6279
2023-09-22,150254,BARODA BNP PARIBAS ARBITRAGE FUND REGULAR PLAN MONTHLY IDCW Option,10.2805
2023-09-22,150255,BARODA BNP PARIBAS ARBITRAGE FUND DIRECT PLAN MONTHLY IDCW Option,10.6135
2023-09-22,150256,BARODA BNP PARIBAS ARBITRAGE FUND DIRECT PLAN QUARTERLY IDCW Option,10.8562
2023-09-22,150257,BARODA BNP PARIBAS ARBITRAGE FUND REGULAR PLAN QUARTERLY IDCW Option,10.4856
2023-09-22,150258,Baroda BNP Paribas Aggressive Hybrid Fund- REGULAT PLAN -GROWTH OPTION,21.0564
2023-09-22,150259,Baroda BNP Paribas Aggressive Hybrid Fund -DIRECT PLAN- IDCW OPTION,16.603
2023-09-22,150260,Baroda BNP Paribas Aggressive Hybrid Fund- DIRECT PLAN - GROWTH OPTION,23.37
2023-09-22,150261,Baroda BNP Paribas Aggressive Hybrid Fund- REGULAR PLAN- IDCW OPTION,15.0
2023-09-22,150262,BARODA BNP PARIBAS Focused Fund - Regular Plan - IDCW Option,14.6142
2023-09-22,150263,BARODA BNP PARIBAS Focused Fund - Regular Plan-Growth Option,16.9254
2023-09-22,150264,BARODA BNP PARIBAS Focused Fund - Direct Plan - Growth Option,18.5465
2023-09-22,150265,BARODA BNP PARIBAS Focused Fund - Direct Plan - IDCW Option,15.9694
2023-09-22,150266,BARODA BNP PARIBAS India Consumption Fund - Direct Plan - Growth Option,25.3819
2023-09-22,150267,BARODA BNP PARIBAS India Consumption Fund - Regular Plan - IDCW Option,19.0551
2023-09-22,150268,BARODA BNP PARIBAS India Consumption Fund - Regular Plan - Growth Option,23.5335
2023-09-22,150269,BARODA BNP PARIBAS India Consumption Fund - Direct Plan - IDCW Option,21.2124
2023-09-22,150284,Baroda BNP Paribas Aqua Fund of Fund - Regular Plan Growth,10.173
2023-09-22,150285,Baroda BNP Paribas Aqua Fund of Fund - Direct Plan - Growth Option,10.4444
2023-09-22,150286,Baroda BNP Paribas Aqua Fund of Fund - Regular Plan - IDCW Option,10.173
2023-09-22,150287,Baroda BNP Paribas Aqua Fund of Fund - Direct Plan - IDCW Option,10.4444
2023-09-22,150308,ICICI PRUDENTIAL HOUSING OPPORTUNITIES FUND - Growth,12.56
2023-09-22,150309,ICICI PRUDENTIAL HOUSING OPPORTUNITIES FUND - IDCW,12.56
2023-09-22,150310,ICICI PRUDENTIAL HOUSING OPPORTUNITIES FUND - Direct Plan Growth,12.84
2023-09-22,150311,ICICI PRUDENTIAL HOUSING OPPORTUNITIES FUND - Direct Plan IDCW,12.84
2023-09-22,150312,UTI Nifty Midcap 150 Quality 50 Index Fund - Regular Plan - Growth Option,10.9708
2023-09-22,150313,UTI Nifty Midcap 150 Quality 50 Index Fund - Direct Plan - Growth Option,11.0455
2023-09-22,150314,Aditya Birla Sun Life Fixed Term Plan - Series TQ (1879 days) - Regular Plan - Growth Option,10.727
2023-09-22,150315,Aditya Birla Sun Life Fixed Term Plan - Series TQ (1879 days) - Regular Plan - Payout of IDCW option,10.727
2023-09-22,150316,Aditya Birla Sun Life Fixed Term Plan - Series TQ (1879 days) - Direct Plan - Growth Option,10.733
2023-09-22,150326,Tata Nifty SDL Plus AAA PSU Bond Dec 6040 Index Fund- Direct Plan-Growth,10.8045
2023-09-22,150327,Tata Nifty SDL Plus AAA PSU Bond Dec 6040 Index Fund-Direct Plan-IDCW Payout,10.8045
2023-09-22,150328,Tata Nifty SDL Plus AAA PSU Bond Dec 6040 Index Fund-Direct Plan- IDCW Reinvestment,10.8045
2023-09-22,150329,Tata Nifty SDL Plus AAA PSU Bond Dec 6040 Index Fund-Regular Plan- IDCW Reinvestment,10.7547
2023-09-22,150330,Tata Nifty SDL Plus AAA PSU Bond Dec 6040 Index Fund-Regular Plan -Growth,10.7547
2023-09-22,150331,Tata Nifty SDL Plus AAA PSU Bond Dec 6040 Index Fund -Regular Plan-IDCW Payout,10.7547
2023-09-22,150340,Tata Nifty India Digital ETF Fund of Fund-Direct Plan-IDCW Payout,10.5442
2023-09-22,150341,Tata Nifty India Digital ETF Fund of Fund-Direct Plan- IDCW Reinvestment,10.5442
2023-09-22,150342,Tata Nifty India Digital ETF Fund of Fund-Regular Plan-IDCW Payout,10.4652
2023-09-22,150343,Tata Nifty India Digital ETF Fund of Fund-Regular Plan-IDCW Reinvestment,10.4652
2023-09-22,150344,Tata Nifty India Digital ETF Fund of Fund-Direct Plan-Growth,10.5442
2023-09-22,150345,Tata Nifty India Digital ETF Fund of Fund -Regular Plan-Growth,10.4652
2023-09-22,150346,WhiteOak Capital Flexi Cap Fund Direct Plan-Growth,12.491
2023-09-22,150347,WhiteOak Capital Flexi Cap Fund Regular Plan-Growth,12.263
2023-09-22,150348,WhiteOak Capital Flexi Cap Fund Regular Plan IDCW,12.263
2023-09-22,150349,WhiteOak Capital Flexi Cap Fund Direct Plan IDCW,12.491
2023-09-22,150350,Aditya Birla Sun Life Crisil IBX 60:40 SDL+AAA PSU-Apr 2027 Index Fund-Regular IDCW,10.6274
2023-09-22,150351,Aditya Birla Sun Life Crisil IBX 60:40 SDL+AAA PSU-Apr 2027 Index Fund-Regular Growth,10.6304
2023-09-22,150352,Aditya Birla Sun Life Crisil IBX 60:40 SDL+AAA PSU-Apr 2027 Index Fund-Direct IDCW,10.6631
2023-09-22,150353,Aditya Birla Sun Life Crisil IBX 60:40 SDL+AAA PSU-Apr 2027 Index Fund-Direct Growth,10.6614
2023-09-22,150354,Aditya Birla Sun Life Crisil IBX 60:40 SDL+AAA PSU-APR 2025 Index Fund-Regular Growth,10.6426
2023-09-22,150355,Aditya Birla Sun Life Crisil IBX 60:40 SDL+AAA PSU-APR 2025 Index Fund-Direct IDCW,10.6664
2023-09-22,150356,Aditya Birla Sun Life Crisil IBX 60:40 SDL+AAA PSU-APR 2025 Index Fund-Regular IDCW,10.6426
2023-09-22,150357,Aditya Birla Sun Life Crisil IBX 60:40 SDL+AAA PSU-APR 2025 Index Fund-Direct Growth,10.6656
2023-09-22,150358,Mirae Asset Nifty SDL Jun 2027 Index Fund -Direct Plan - Growth,10.6917
2023-09-22,150359,Mirae Asset Nifty SDL Jun 2027 Index Fund - Direct Plan - IDCW,10.6918
2023-09-22,150360,Mirae Asset Nifty SDL Jun 2027 Index Fund - Regular Plan - Growth,10.663
2023-09-22,150361,Mirae Asset Nifty SDL Jun 2027 Index Fund - Regular Plan - IDCW,10.6636
2023-09-22,150366,NJ Arbitrage Fund - Regular Plan - Growth Option,10.707
2023-09-22,150367,NJ Arbitrage Fund - Direct Plan - Growth Option,10.7875
2023-09-22,150368,NJ Overnight Fund - Regular Plan - Growth Option,1070.9301
2023-09-22,150369,NJ Overnight Fund - Direct Plan - Growth Option,1072.1638
2023-09-22,150376,Edelweiss Focused Fund - Direct Plan - Growth,12.055
2023-09-22,150377,SBI Fixed Maturity Plan (FMP) - Series 66 (1361 Days) - Regular Plan - Growth,10.8142
2023-09-22,150378,SBI Fixed Maturity Plan (FMP) - Series 66 (1361 Days) - Direct Plan - Income Distribution cum Capital Withdrawal Option (IDCW),10.8334
2023-09-22,150379,SBI Fixed Maturity Plan (FMP) - Series 66 (1361 Days) - Direct Plan - Growth,10.8334
2023-09-22,150380,SBI Fixed Maturity Plan (FMP) - Series 66 (1361 Days) - Regular Plan - Income Distribution cum Capital Withdrawal Option (IDCW),10.8142
2023-09-22,150382,Edelweiss Focused Fund - Regular Plan - Growth,11.818
2023-09-22,150383,Edelweiss Focused Fund - Direct Plan - IDCW,12.054
2023-09-22,150384,Edelweiss Focused Fund - Regular Plan - IDCW,11.817
2023-09-22,150385,Baroda BNP Paribas Flexi Cap Fund - Regular Plan - Growth Option,11.4166
2023-09-22,150386,Baroda BNP Paribas Flexi Cap Fund - Regular Plan - IDCW Option,11.4166
2023-09-22,150387,Baroda BNP Paribas Flexi Cap Fund - Direct Plan - Growth Option,11.6437
2023-09-22,150388,Baroda BNP Paribas Flexi Cap Fund - Direct Plan - IDCW Option,11.6437
2023-09-22,150389,Quantum Nifty 50 ETF Fund of Fund - Regular Plan - Growth,11.3982
2023-09-22,150390,Quantum Nifty 50 ETF Fund of Fund - Direct Plan - Growth,11.4138
2023-09-22,150392,LIC MF Money Market Fund-Direct Plan-Growth,1070.7503
2023-09-22,150393,LIC MF Money Market Fund-Regular Plan-Growth,1065.4749
2023-09-22,150394,LIC MF Money Market Fund-Regular Plan-IDCW,1065.4749
2023-09-22,150395,HDFC FMP 1158D July 2022 - Growth Option - Direct Plan,10.8039
2023-09-22,150396,HDFC FMP 1158D July 2022 - Growth Option,10.7672
2023-09-22,150397,HDFC FMP 1158D July 2022 - Quarterly IDCW Option - Direct Plan,10.1463
2023-09-22,150398,HDFC FMP 1158D July 2022 - IDCW Option,10.7672
2023-09-22,150399,HDFC FMP 1158D July 2022 - Quarterly IDCW Option,10.138
2023-09-22,150400,HDFC FMP 1158D July 2022 - IDCW Option - Direct Plan,10.8039
2023-09-22,150401,BANDHAN MIDCAP FUND - IDCW - DIRECT PLAN,12.194
2023-09-22,150402,BANDHAN MIDCAP FUND - GROWTH - REGULAR PLAN,11.974
2023-09-22,150403,BANDHAN MIDCAP FUND - IDCW - REGULAR PLAN,11.975
2023-09-22,150404,BANDHAN MIDCAP FUND - GROWTH - DIRECT PLAN,12.199
2023-09-22,150405,Union Gilt Fund - Regular Plan - Growth Option,10.6529
2023-09-22,150406,Union Gilt Fund - Regular Plan - Annual IDCW Option,10.6529
2023-09-22,150407,Union Gilt Fund - Direct Plan - Growth Option,10.7209
2023-09-22,150408,Union Gilt Fund - Direct Plan - Annual IDCW Option,10.7209
2023-09-22,150409,UTI Gilt Fund with 10 year Constant Duration - Regular Plan - Growth Option,10.8546
2023-09-22,150410,UTI Gilt Fund with 10 year Constant Duration - Direct Plan - Growth Option,10.916
2023-09-22,150411,UTI Gilt Fund with 10 year Constant Duration - Regular Plan - Quarterly IDCW Option,10.8547
2023-09-22,150412,UTI Gilt Fund with 10 year Constant Duration - Direct Plan - Quarterly IDCW Option,10.9161
2023-09-22,150416,UTI Gilt Fund with 10 year Constant Duration - Regular Plan - Half Yearly IDCW Option,10.8544
2023-09-22,150419,UTI Gilt Fund with 10 year Constant Duration - Regular Plan - Annual IDCW Option,10.6724
2023-09-22,150420,UTI Gilt Fund with 10 year Constant Duration - Regular Plan - Flexi IDCW Option,10.8543
2023-09-22,150423,UTI Gilt Fund with 10 year Constant Duration - Direct Plan - Annual IDCW Option,10.7339
2023-09-22,150424,UTI Gilt Fund with 10 year Constant Duration - Direct Plan - Flexi IDCW Option,10.9163
2023-09-22,150427,DSP Nifty Midcap 150 Quality 50 Index Fund - Regular - Growth,11.26
2023-09-22,150428,DSP Nifty Midcap 150 Quality 50 Index Fund - Direct - Growth,11.3505
2023-09-22,150429,DSP Nifty Midcap 150 Quality 50 Index Fund - Direct - IDCW,11.3505
2023-09-22,150430,DSP Nifty Midcap 150 Quality 50 Index Fund - Regular - IDCW,11.26
2023-09-22,150439,quant Large Cap Fund - IDCW Option - Direct Plan,11.2429
2023-09-22,150440,quant Large Cap Fund - Growth Option - Direct Plan,11.2396
2023-09-22,150441,quant Large Cap Fund - Growth Option - Regular Plan,11.0195
2023-09-22,150442,quant Large Cap Fund - IDCW Option - Regular Plan,11.0178
2023-09-22,150443,Motilal Oswal BSE Financials ex Bank 30 Index Fund Direct Growth,12.0792
2023-09-22,150444,Motilal Oswal BSE Financials ex Bank 30 Index Fund Regular Growth,11.979
2023-09-22,150445,Motilal Oswal BSE Healthcare ETF,27.9492
2023-09-22,150451,ICICI Prudential Nifty 200 Momentum 30 Index Fund - IDCW,12.2952
2023-09-22,150452,ICICI Prudential Nifty 200 Momentum 30 Index Fund - Direct Plan - Growth,12.3868
2023-09-22,150453,ICICI Prudential Nifty 200 Momentum 30 Index Fund - Direct Plan - IDCW,12.3856
2023-09-22,150454,ICICI Prudential Nifty 200 Momentum 30 Index Fund - Growth,12.2953
2023-09-22,150455,ICICI Prudential Nifty 200 Momentum 30 ETF,23.0647
2023-09-22,150456,Union Gilt Fund - Direct Plan - Half-yearly IDCW Option,10.7209
2023-09-22,150457,Union Gilt Fund - Regular Plan - Half-yearly IDCW Option,10.6529
2023-09-22,150458,SBI Fixed Maturity Plan (FMP) - Series 67 (1467 Days) - Direct Plan - IDCW Payout,10.7896
2023-09-22,150459,SBI Fixed Maturity Plan (FMP) - Series 67 (1467 Days) - Regular Plan - IDCW Payout,10.7713
2023-09-22,150460,SBI Fixed Maturity Plan (FMP) - Series 67 (1467 Days) - Direct Plan - Growth,10.7896
2023-09-22,150461,SBI Fixed Maturity Plan (FMP) - Series 67 (1467 Days) - Regular Plan - Growth,10.7709
2023-09-22,150466,ICICI Prudential Nifty IT Index Fund - Growth,11.0285
2023-09-22,150467,ICICI Prudential Nifty IT Index Fund - IDCW,11.0286
2023-09-22,150468,ICICI Prudential Nifty IT Index Fund - Direct Plan - Growth,11.1026
2023-09-22,150469,ICICI Prudential Nifty IT Index Fund - Direct Plan - IDCW,11.1079
2023-09-22,150470,Mirae Asset Balanced Advantage Fund Direct Plan- Growth,11.487
2023-09-22,150471,Mirae Asset Balanced Advantage Fund Direct Plan- IDCW,11.482
2023-09-22,150473,Mirae Asset Balanced Advantage Fund Regular Plan- Growth,11.302
2023-09-22,150474,Mirae Asset Balanced Advantage Fund Regular Plan IDCW,11.3
2023-09-22,150476,HDFC NIFTY 100 ETF - Growth Option,198.3198
2023-09-22,150477,HDFC NIFTY NEXT 50 ETF - Growth Option,453.9628
2023-09-22,150478,Franklin India Balanced Advantage Fund- IDCW,11.288
2023-09-22,150479,Franklin India Balanced Advantage Fund- IDCW- Direct,11.5129
2023-09-22,150480,Franklin India Balanced Advantage Fund- Growth,11.288
2023-09-22,150481,Franklin India Balanced Advantage Fund- Growth- Direct,11.5129
2023-09-22,150482,Aditya Birla Sun Life Long Duration Fund-Regular Growth,10.9938
2023-09-22,150483,Aditya Birla Sun Life Long Duration Fund-Regular IDCW Payout,10.9883
2023-09-22,150484,Aditya Birla Sun Life Long Duration Fund-Direct Growth,11.0701
2023-09-22,150485,Aditya Birla Sun Life Long Duration Fund-Direct IDCW Payout,11.0701
2023-09-22,150487,Nippon India Nifty Alpha Low Volatility 30 Index Fund - Direct Plan - Growth Option,11.8289
2023-09-22,150488,Nippon India Nifty Alpha Low Volatility 30 Index Fund - Direct Plan - IDCW Option,11.8289
2023-09-22,150490,Nippon India Nifty Alpha Low Volatility 30 Index Fund - Regular Plan - Growth Option,11.7385
2023-09-22,150491,Nippon India Nifty Alpha Low Volatility 30 Index Fund - Regular Plan - IDCW Option,11.7385
2023-09-22,150492,Kotak Nifty India Consumption ETF,85.5501
2023-09-22,150497,Aditya Birla Sun Life Nifty 200 Quality 30 ETF,16.7332
2023-09-22,150498,Aditya Birla Sun Life Nifty 200 Momentum 30 ETF,22.9186
2023-09-22,150499,HSBC Overnight Fund - Unclaimed IDCW Below three years,1073.8727
2023-09-22,150500,HSBC Overnight Fund - Unclaimed Redemption above three years,1000.0
2023-09-22,150501,HSBC Overnight Fund - Unclaimed IDCW Above three years,1000.0
2023-09-22,150502,HSBC Overnight Fund - Unclaimed Redemption Below three years,1073.8768
2023-09-22,150503,Canara Robeco Banking and PSU Debt Fund- Regular Plan- Growth Option,10.6209
2023-09-22,150504,Canara Robeco Banking and PSU Debt Fund- Regular Plan- IDCW (Payout/ Reinvestment),10.3576
2023-09-22,150505,Canara Robeco Banking and PSU Debt Fund- Direct Plan- Growth Option,10.6538
2023-09-22,150507,Canara Robeco Banking and PSU Debt Fund- Direct Plan- IDCW Payout,10.3899
2023-09-22,150511,TRUSTMF MONEY MARKET FUND-REGULAR PLAN-GROWTH,1074.6438
2023-09-22,150512,TRUSTMF MONEY MARKET FUND-REGULAR PLAN-MONTHLY IDCW,1046.9561
2023-09-22,150513,TRUSTMF MONEY MARKET FUND-DIRECT PLAN-GROWTH,1076.4137
2023-09-22,150514,TRUSTMF MONEY MARKET FUND-DIRECT PLAN-MONTHLY IDCW,1049.1529
2023-09-22,150515,Navi Nifty India Manufacturing Index Fund- Direct Plan- Growth,11.7944
2023-09-22,150516,Navi Nifty India Manufacturing Index Fund- Regular Plan- Growth,11.685
2023-09-22,150517,Motilal Oswal BSE Enhanced Value ETF,63.5161
2023-09-22,150518,Motilal Oswal BSE Enhanced Value Index Fund-Direct plan,15.5827
2023-09-22,150519,Motilal Oswal BSE Enhanced Value Index Fund-Regular plan,15.47
2023-09-22,150520,Motilal Oswal BSE Quality ETF,137.7377
2023-09-22,150521,Motilal Oswal BSE Quality Index Fund-Direct plan,12.1275
2023-09-22,150522,Motilal Oswal BSE Quality Index Fund-Regular plan,12.0346
2023-09-22,150523,DSP Silver ETF,72.3124
2023-09-22,150526,ICICI Prudential Nifty Infrastructure ETF,62.8895
2023-09-22,150531,Kotak Nifty MNC ETF,22.1999
2023-09-22,150532,Tata Housing Opportunities Fund - Direct Plan - Growth,12.3343
2023-09-22,150533,Tata Housing Opportunities Fund - Direct Plan - IDCW Reinvestment,12.3343
2023-09-22,150534,Tata Housing Opportunities Fund - Direct Plan - IDCW Payout,12.3343
2023-09-22,150535,Tata Housing Opportunities Fund - Regular Plan - IDCW Payout,12.0955
2023-09-22,150536,Tata Housing Opportunities Fund - Regular Plan - IDCW Reinvestment,12.0955
2023-09-22,150537,Tata Housing Opportunities Fund - Regular Plan - Growth,12.0955
2023-09-22,150538,ICICI Prudential PSU Equity Fund - Growth,12.86
2023-09-22,150539,ICICI Prudential PSU Equity Fund - Direct Plan - Growth,13.08
2023-09-22,150540,ICICI Prudential PSU Equity Fund - IDCW,12.86
2023-09-22,150541,ICICI Prudential PSU Equity Fund - Direct Plan - IDCW,13.08
2023-09-22,150542,JM Short Duration Fund (Regular) - Growth,10.5933
2023-09-22,150543,JM Short Duration Fund (Regular) - IDCW,10.5934
2023-09-22,150544,JM Short Duration Fund (Direct) - IDCW,10.6921
2023-09-22,150545,JM Short Duration Fund (Direct) - Growth,10.6921
2023-09-22,150546,HDFC FMP 1406D August 2022 - Growth Option,10.662
2023-09-22,150547,HDFC FMP 1406D August 2022 - Growth Option - Direct Plan,10.6937
2023-09-22,150548,HDFC FMP 1406D August 2022 - IDCW Option - Direct Plan,10.6937
2023-09-22,150549,HDFC FMP 1406D August 2022 - Quarterly IDCW Option - Direct Plan,10.1414
2023-09-22,150550,HDFC FMP 1406D August 2022 - IDCW Option,10.662
2023-09-22,150551,HDFC FMP 1406D August 2022 - Quarterly IDCW Option,10.1339
2023-09-22,150552,Union Retirement Fund - Regular Plan - Growth Option,11.61
2023-09-22,150553,Union Retirement Fund - Regular Plan - IDCW Option,11.61
2023-09-22,150554,Union Retirement Fund - Direct Plan - Growth Option,11.81
2023-09-22,150555,Union Retirement Fund - Direct Plan - IDCW Option,11.81
2023-09-22,150556,HDFC Silver ETF - Growth Option,71.3461
2023-09-22,150558,Shriram Overnight Fund - Regular Daily IDCW,10.0
2023-09-22,150559,Shriram Overnight Fund - Regular Weekly IDCW,10.0072
2023-09-22,150560,Shriram Overnight Fund - Regular Monthly IDCW,10.0126
2023-09-22,150561,Shriram Overnight Fund - Direct Daily IDCW,10.0
2023-09-22,150562,Shriram Overnight Fund -  Direct Growth,10.6982
2023-09-22,150565,Shriram Overnight Fund - Regular Growth,10.6869
2023-09-22,150568,Sundaram Flexicap Fund Regular Growth,11.2968
2023-09-22,150569,Sundaram Flexicap Fund Regular Plan IDCW Payout,11.2967
2023-09-22,150570,Sundaram Flexicap Fund Regular Plan IDCW Reinvestment,11.2967
2023-09-22,150571,Sundaram Flexicap Fund Direct Growth,11.5101
2023-09-22,150572,Sundaram Flexicap Fund Direct Plan IDCW Reinvestment,11.51
2023-09-22,150573,Sundaram Flexicap Fund Direct Plan IDCW Payout,11.51
2023-09-22,150578,Edelweiss Gold and Silver ETF FOF - Direct Plan - IDCW,12.217
2023-09-22,150579,Edelweiss Gold and Silver ETF FOF - Regular Plan - Growth,12.165
2023-09-22,150580,Edelweiss Gold and Silver ETF FOF - Regular Plan - IDCW,12.165
2023-09-22,150581,Edelweiss Gold and Silver ETF FOF - Direct Plan - Growth,12.217
2023-09-22,150582,WhiteOak Capital Mid Cap Fund Direct Plan IDCW,12.792
2023-09-22,150583,WhiteOak Capital Mid Cap Fund Regular Plan Growth,12.56
2023-09-22,150584,WhiteOak Capital Mid Cap Fund Direct Plan Growth,12.792
2023-09-22,150585,WhiteOak Capital Mid Cap Fund Regular Plan IDCW,12.56
2023-09-22,150586,WhiteOak Capital ELSS Tax Saver Fund Direct Plan IDCW,12.082
2023-09-22,150587,WhiteOak Capital ELSS Tax Saver Fund Direct Plan Growth,12.082
2023-09-22,150588,WhiteOak Capital ELSS Tax Saver Fund Regular Plan IDCW,11.872
2023-09-22,150589,WhiteOak Capital ELSS Tax Saver Fund Regular Plan Growth,11.872
2023-09-22,150590,BANDHAN NIFTY200 MOMENTUM 30 INDEX FUND - IDCW - DIRECT PLAN,11.6853
2023-09-22,150591,BANDHAN NIFTY200 MOMENTUM 30 INDEX FUND - GROWTH - DIRECT PLAN,11.6854
2023-09-22,150592,BANDHAN NIFTY200 MOMENTUM 30 INDEX FUND - GROWTH - REGULAR PLAN,11.6138
2023-09-22,150593,BANDHAN NIFTY200 MOMENTUM 30 INDEX FUND - IDCW - REGULAR PLAN,11.6139
2023-09-22,150594,Mirae Asset Global Electric & Autonomous Vehicles Equity Passive FOF - Regular Plan - Growth,9.785
2023-09-22,150595,Mirae Asset Global Electric & Autonomous Vehicles Equity Passive FOF - Direct Plan - Growth,9.825
2023-09-22,150596,Mirae Asset Global X Artificial Intelligence & Technology ETF Fund of Fund - Regular Plan - Growth,13.147
2023-09-22,150597,Mirae Asset Global X Artificial Intelligence & Technology ETF Fund of Fund - Direct Plan- Growth,13.176
2023-09-22,150602,SBI Fixed Maturity Plan (FMP) - Series 64 (1169 Days) - Direct Plan - Growth,10.6633
2023-09-22,150603,SBI Fixed Maturity Plan (FMP) - Series 64 (1169 Days) - Direct Plan - IDCW Payout,10.6633
2023-09-22,150604,SBI Fixed Maturity Plan (FMP) - Series 64 (1169 Days) - Regular Plan - Growth,10.6463
2023-09-22,150605,SBI Fixed Maturity Plan (FMP) - Series 64 (1169 Days) - Regular Plan - IDCW Payout,10.6463
2023-09-22,150610,Axis Silver ETF,73.9396
2023-09-22,150615,Axis Silver Fund of Fund- Direct Plan-Growth Option,12.9566
2023-09-22,150616,Axis Silver Fund of Fund- Direct Plan - IDCW Option,12.9566
2023-09-22,150617,Axis Silver Fund of Fund -Regular Plan- Growth Option,12.8852
2023-09-22,150618,Axis Silver Fund of Fund - Regular Plan - IDCW Option,12.8852
2023-09-22,150619,HDFC NIFTY 50 VALUE 20 ETF - Growth Option,106.0886
2023-09-22,150620,HDFC NIFTY100 QUALITY 30 ETF - Growth Option,45.1359
2023-09-22,150621,HDFC NIFTY GROWTH SECTORS 15 ETF - Growth Option,100.6822
2023-09-22,150622,Kotak Business Cycle Fund-Regular Plan-IDCW option,11.503
2023-09-22,150624,Kotak Business Cycle - Direct Plan - Growth,11.702
2023-09-22,150625,Kotak Business Cycle Fund-Direct Plan-IDCW option,11.701
2023-09-22,150626,Kotak Business Cycle Fund-Regular Plan--Growth,11.503
2023-09-22,150627,Nippon India Fixed Maturity Plan-XLIV-Series 1-Direct Plan-Growth Option,10.7838
2023-09-22,150628,Nippon India Fixed Maturity Plan-XLIV-Series 1-Direct Plan-Payout of IDCW,10.7838
2023-09-22,150629,Nippon India Fixed Maturity Plan-XLIV-Series 1-Regular Plan-Growth Option,10.7622
2023-09-22,150630,Nippon India Fixed Maturity Plan-XLIV-Series 1-Regular Plan-Payout of IDCW,10.7622
2023-09-22,150631,Samco Overnight Fund - Direct Plan - Growth Option,1061.7806
2023-09-22,150632,Samco Overnight Fund - Regular Plan - Growth Option,1059.3293
2023-09-22,150633,BANDHAN NIFTY100 LOW VOLATILITY 30 INDEX FUND - GROWTH - REGULAR PLAN,11.6936
2023-09-22,150634,BANDHAN NIFTY100 LOW VOLATILITY 30 INDEX FUND - IDCW - DIRECT PLAN,11.7593
2023-09-22,150635,BANDHAN NIFTY100 LOW VOLATILITY 30 INDEX FUND - IDCW - REGULAR PLAN,11.6937
2023-09-22,150636,BANDHAN NIFTY100 LOW VOLATILITY 30 INDEX FUND - GROWTH - DIRECT PLAN,11.7707
2023-09-22,150637,ICICI Prudential Nifty50 Equal Weight Index Fund- Growth,12.0563
2023-09-22,150638,ICICI Prudential Nifty50 Equal Weight Index Fund- IDCW,12.0563
2023-09-22,150639,ICICI Prudential Nifty50 Equal Weight Index Fund- Direct Plan - Growth,12.1326
2023-09-22,150640,ICICI Prudential Nifty50 Equal Weight Index Fund- Direct Plan - IDCW,12.1325
2023-09-22,150641,Motilal Oswal Gold and Silver Passive Fund of Funds(Regular Plan),11.7544
2023-09-22,150642,Motilal Oswal Gold and Silver Passive Fund of Funds(Direct Plan),11.7959
2023-09-22,150643,ICICI Prudential Nifty Auto Index Fund - Direct Plan - Growth,12.9496
2023-09-22,150644,ICICI Prudential Nifty Auto Index Fund - Direct Plan - IDCW,12.9496
2023-09-22,150645,ICICI Prudential Nifty Auto Index Fund - Growth,12.8763
2023-09-22,150646,ICICI Prudential Nifty Auto Index Fund - IDCW,12.8763
2023-09-22,150647,SBI Fixed Maturity Plan (FMP) - Series 68 (1302 Days) - Regular Plan - Growth,10.6983
2023-09-22,150648,SBI Fixed Maturity Plan (FMP) - Series 68 (1302 Days) - Regular Plan - IDCW Payout,10.6983
2023-09-22,150649,SBI Fixed Maturity Plan (FMP) - Series 68 (1302 Days) - Direct Plan - Growth,10.7144
2023-09-22,150650,SBI Fixed Maturity Plan (FMP) - Series 68 (1302 Days) - Direct Plan - IDCW Payout,10.7164
2023-09-22,150651,HDFC FMP 1359D September - Growth Option,10.7116
2023-09-22,150652,HDFC FMP 1359D September - IDCW Option,10.7116
2023-09-22,150653,HDFC FMP 1359D September - IDCW Option - Direct Plan,10.738
2023-09-22,150654,HDFC FMP 1359D September - Quarterly IDCW Option - Direct Plan,10.175
2023-09-22,150655,HDFC FMP 1359D September - Growth Option - Direct Plan,10.738
2023-09-22,150656,HDFC FMP 1359D September - Quarterly IDCW Option,10.1682
2023-09-22,150657,HDFC NIFTY200 MOMENTUM 30 ETF - Growth Option,228.1685
2023-09-22,150658,HDFC NIFTY100 Low Volatility 30 ETF - Growth Option,152.071
2023-09-22,150659,LIC MF Multi Cap Fund-Direct Plan-Growth,11.7393
2023-09-22,150660,LIC MF Multi Cap Fund-Direct Plan-IDCW,11.7393
2023-09-22,150661,LIC MF Multi Cap Fund-Regular Plan-Growth,11.5549
2023-09-22,150662,LIC MF Multi Cap Fund-Regular Plan-IDCW,11.5549
2023-09-22,150663,Aditya Birla Sun Life Nifty SDL Sep 2025 Index Fund-Direct Growth,10.7214
2023-09-22,150664,Aditya Birla Sun Life Nifty SDL Sep 2025 Index Fund-Direct IDCW,10.7213
2023-09-22,150665,Aditya Birla Sun Life Nifty SDL SEP 2025 Index Fund-Regular Growth,10.7048
2023-09-22,150667,Aditya Birla Sun Life Nifty SDL Sep 2025 Index Fund-Regular IDCW,10.7048
2023-09-22,150671,Edelweiss CRISIL IBX 50:50 Gilt Plus SDL April 2037 Index Fund - Direct Plan - Growth,10.9488
2023-09-22,150672,SBI Nifty Midcap 150 Index Fund - Regular Plan - Growth,12.9191
2023-09-22,150673,SBI Nifty Midcap 150 Index Fund - Direct Plan - Growth,12.9931
2023-09-22,150674,SBI Nifty Midcap 150 Index Fund - Regular Plan - Income Distribution cum Capital Withdrawal Option (IDCW),12.9192
2023-09-22,150675,SBI Nifty Midcap 150 Index Fund - Direct Plan - Income Distribution cum Capital Withdrawal Option (IDCW),12.9931
2023-09-22,150676,SBI Nifty Smallcap 250 Index Fund - Regular Plan - Growth,13.0729
2023-09-22,150677,SBI Nifty Smallcap 250 Index Fund - Direct Plan - Growth,13.1478
2023-09-22,150678,SBI Nifty Smallcap 250 Index Fund - Direct Plan - Income Distribution cum Capital Withdrawal Option (IDCW),13.1479
2023-09-22,150679,SBI Nifty Smallcap 250 Index Fund - Regular Plan - Income Distribution cum Capital Withdrawal Option (IDCW),13.073
2023-09-22,150680,SBI CRISIL IBX Gilt Index - June 2036 Fund - Regular Plan - Income Distribution cum Capital Withdrawal Option (IDCW),10.8708
2023-09-22,150681,SBI |CRISIL IBX Gilt Index - June 2036 Fund - Direct Plan - Growth,10.8981
2023-09-22,150682,SBI CRISIL IBX Gilt Index - June 2036 Fund - Direct Plan - Income Distribution cum Capital Withdrawal Option (IDCW),10.8981
2023-09-22,150683,SBI CRISIL IBX Gilt Index - June 2036 Fund - Regular Plan - Growth,10.8704
2023-09-22,150684,ICICI PRUDENTIAL TRANSPORTATION AND LOGISTICS FUND - Growth,12.41
2023-09-22,150685,ICICI PRUDENTIAL TRANSPORTATION AND LOGISTICS FUND - Direct Plan - Growth,12.59
2023-09-22,150686,ICICI PRUDENTIAL TRANSPORTATION AND LOGISTICS FUND - IDCW,12.41
2023-09-22,150687,ICICI PRUDENTIAL TRANSPORTATION AND LOGISTICS FUND - Direct Plan - IDCW,12.59
2023-09-22,150688,Aditya Birla Sun Life Multi-Asset Passive FOF-Direct Growth,11.369
2023-09-22,150689,Aditya Birla Sun Life Multi-Asset Passive FOF-Direct IDCW,11.3691
2023-09-22,150690,Aditya Birla Sun Life Multi-Asset Passive FOF-Regular Growth,11.3237
2023-09-22,150691,Aditya Birla Sun Life Multi-Asset Passive FOF-Regular IDCW,11.3236
2023-09-22,150692,TATA CRISIL-IBX GILT INDEX - APRIL 2026 INDEX FUND - DIRECT PLAN - GROWTH,10.7175
2023-09-22,150693,TATA CRISIL-IBX GILT INDEX - APRIL 2026 INDEX FUND - DIRECT PLAN - IDCW PAYOUT,10.7175
2023-09-22,150694,TATA CRISIL-IBX GILT INDEX - APRIL 2026 INDEX FUND - REGULAR PLAN - GROWTH,10.6868
2023-09-22,150695,TATA CRISIL-IBX GILT INDEX - APRIL 2026 INDEX FUND - REGULAR PLAN - IDCW PAYOUT,10.6868
2023-09-22,150696,TATA CRISIL-IBX GILT INDEX - APRIL 2026 INDEX FUND - REGULAR PLAN - IDCW REINVESTMENT,10.6868
2023-09-22,150697,TATA CRISIL-IBX GILT INDEX - APRIL 2026 INDEX FUND - DIRECT PLAN - IDCW REINVESTMENT,10.7175
2023-09-22,150698,Aditya Birla Sun Life Crisil IBX Gilt-April 2026 Index Fund-Direct Growth,10.717
2023-09-22,150699,Aditya Birla Sun Life Crisil IBX Gilt- April 2026 Index Fund-Direct IDCW,10.7177
2023-09-22,150700,Aditya Birla Sun Life Crisil IBX Gilt-April 2026 Index Fund-Regular IDCW,10.7011
2023-09-22,150701,Aditya Birla Sun Life Crisil IBX Gilt-April 2026 Index Fund-Regular Growth,10.7006
2023-09-22,150702,Aditya Birla Sun Life Crisil IBX 50:50 Gilt Plus SDL Apr 2028 Index Fund-Direct Growth,10.7928
2023-09-22,150703,Aditya Birla Sun Life Crisil IBX 50:50 Gilt Plus SDL Apr 2028 Index Fund-Regular Growth,10.7765
2023-09-22,150704,Aditya Birla Sun Life Crisil IBX 50:50 Gilt Plus SDL APR 2028 Index Fund-Direct IDCW,10.7927
2023-09-22,150705,Aditya Birla Sun Life Crisil IBX 50:50 Gilt Plus SDL Apr 2028 Index Fund-Regular IDCW,10.7774
2023-09-22,150706,SBI CRISIL IBX Gilt Index - April 2029 Fund - Direct Plan - Growth,10.7961
2023-09-22,150707,SBI CRISIL IBX Gilt Index - April 2029 Fund - Regular Plan - Growth,10.7709
2023-09-22,150708,SBI CRISIL IBX Gilt Index - April 2029 Fund - Direct Plan - Income Distribution cum Capital Withdrawal Option (IDCW),10.7961
2023-09-22,150709,SBI CRISIL IBX Gilt Index - April 2029 Fund - Regular Plan - Income Distribution cum Capital Withdrawal Option (IDCW),10.7717
2023-09-22,150710,SBI CRISIL IBX SDL Index - September 2027 Fund - Regular Plan - Income Distribution cum Capital Withdrawal Option (IDCW),10.6828
2023-09-22,150711,SBI CRISIL IBX SDL Index - September 2027 Fund - Direct Plan - Growth,10.7034
2023-09-22,150712,SBI CRISIL IBX SDL Index - September 2027 Fund - Regular Plan - Growth,10.6826
2023-09-22,150713,SBI CRISIL IBX SDL Index - September 2027 Fund - Direct Plan - Income Distribution cum Capital Withdrawal Option (IDCW),10.7037
2023-09-22,150714,UTI Gold ETF Fund of Fund - Direct Plan - Growth Option,11.5799
2023-09-22,150715,UTI Gold ETF Fund of Fund - Regular Plan - Growth Opton,11.531
2023-09-22,150716,BANDHAN TRANSPORTATION AND LOGISTICS FUND - GROWTH - DIRECT PLAN,12.575
2023-09-22,150717,BANDHAN TRANSPORTATION AND LOGISTICS FUND - GROWTH - REGULAR PLAN,12.387
2023-09-22,150718,BANDHAN TRANSPORTATION AND LOGISTICS FUND - IDCW - REGULAR PLAN,12.387
2023-09-22,150719,BANDHAN TRANSPORTATION AND LOGISTICS FUND - IDCW - DIRECT PLAN,12.568
2023-09-22,150720,Edelweiss CRISIL IBX 50:50 Gilt Plus SDL April 2037 Index Fund - Regular Plan - Growth,10.9194
2023-09-22,150721,Edelweiss CRISIL IBX 50:50 Gilt Plus SDL April 2037 Index Fund - Regular Plan - IDCW Option,10.9194
2023-09-22,150722,Edelweiss CRISIL IBX 50:50 Gilt Plus SDL April 2037 Index Fund - Direct Plan - IDCW Option,10.9487
2023-09-22,150723,Kotak Nifty SDL Plus AAA PSU Bond Jul 2028 60:40 Index Fund Regular Plan - Growth,10.7128
2023-09-22,150724,Kotak Nifty SDL Plus AAA PSU Bond Jul 2028 60:40 Index Fund Regular Plan - IDCW,10.7094
2023-09-22,150725,Kotak Nifty SDL Plus AAA PSU Bond Jul 2028 60:40 Index Fund Direct Plan - Growth,10.7328
2023-09-22,150726,Kotak Nifty SDL Plus AAA PSU Bond Jul 2028 60:40 Index Fund Direct Plan - IDCW,10.7329
2023-09-22,150727,Edelweiss CRISIL IBX 50:50 Gilt Plus SDL June 2027 Index Fund - Direct Plan - Growth,10.7229
2023-09-22,150728,ICICI Prudential Nifty SDL Dec 2028 Index Fund - Growth,10.7947
2023-09-22,150729,ICICI Prudential Nifty SDL Dec 2028 Index Fund - Direct Plan - Growth,10.8151
2023-09-22,150730,ICICI Prudential Nifty SDL Dec 2028 Index Fund - Direct Plan - Annual IDCW,10.8154
2023-09-22,150731,ICICI Prudential Nifty SDL Dec 2028 Index Fund - Annual IDCW,10.7947
2023-09-22,150732,ICICI Prudential Nifty G-Sec Dec 2030 Index Fund - Growth,10.7876
2023-09-22,150733,ICICI Prudential Nifty G-Sec Dec 2030 Index Fund - Direct Plan - Growth,10.808
2023-09-22,150734,ICICI Prudential Nifty G-Sec Dec 2030 Index Fund - Annual IDCW,10.7877
2023-09-22,150735,ICICI Prudential Nifty G-Sec Dec 2030 Index Fund - Direct Plan - Annual IDCW,10.8074
2023-09-22,150736,HDFC Silver ETF Fund of Fund - Growth Option,12.496
2023-09-22,150737,HDFC Silver ETF Fund of Fund - Growth Option - Direct Plan,12.547
2023-09-22,150738,Tata Nifty Midcap 150 Momentum 50 Index Fund - Growth - Direct Plan,12.3401
2023-09-22,150739,Tata Nifty Midcap 150 Momentum 50 Index Fund - IDCW Reinvestment - Direct Plan,12.3401
2023-09-22,150740,Tata Nifty Midcap 150 Momentum 50 Index Fund - IDCW Payout - Direct Plan,12.3401
2023-09-22,150741,Tata Nifty Midcap 150 Momentum 50 Index Fund - Growth - Regular Plan,12.238
2023-09-22,150742,Tata Nifty Midcap 150 Momentum 50 Index Fund - IDCW Payout - Regular Plan,12.238
2023-09-22,150743,Tata Nifty Midcap 150 Momentum 50 Index Fund - IDCW Reinvestment - Regular Plan,12.238
2023-09-22,150744,BANDHAN CRISIL IBX GILT APRIL 2026 INDEX FUND - REGULAR PLAN - GROWTH,10.6756
2023-09-22,150745,BANDHAN CRISIL IBX GILT APRIL 2026 INDEX FUND - REGULAR PLAN - IDCW,10.6761
2023-09-22,150746,BANDHAN CRISIL IBX GILT APRIL 2026 INDEX FUND - DIRECT PLAN - GROWTH,10.7005
2023-09-22,150747,BANDHAN CRISIL IBX GILT APRIL 2026 INDEX FUND - DIRECT PLAN - IDCW,10.7036
2023-09-22,150748,Axis NASDAQ 100 US Specific Equity Passive FOF - Regular Plan - IDCW,13.1534
2023-09-22,150749,Axis NASDAQ 100 US Specific Equity Passive FOF - Direct Plan - IDCW,13.2051
2023-09-22,150750,Axis NASDAQ 100 US Specific Equity Passive FOF - Regular Plan - Growth,13.1534
2023-09-22,150751,Axis NASDAQ 100 US Specific Equity Passive FOF - Direct Plan - Growth,13.2051
2023-09-22,150752,Nippon India Nifty AAA PSU Bond Plus SDL - Sep 2026 Maturity 50:50 Index Fund-Regular Plan-Growth Option,10.6441
2023-09-22,150753,Nippon India Nifty AAA PSU Bond Plus SDL - Sep 2026 Maturity 50:50 Index Fund-Direct Plan-IDCW Option,10.6633
2023-09-22,150754,Nippon India Nifty AAA PSU Bond Plus SDL - Sep 2026 Maturity 50:50 Index Fund-Direct Plan-Growth Option,10.6633
2023-09-22,150755,Nippon India Nifty AAA PSU Bond Plus SDL - Sep 2026 Maturity 50:50 Index Fund-Regular Plan-IDCW Option,10.6441
2023-09-22,150770,Edelweiss CRISIL IBX 50:50 Gilt Plus SDL June 2027 Index Fund - Direct Plan - IDCW,10.7222
2023-09-22,150771,Edelweiss CRISIL IBX 50:50 Gilt Plus SDL June 2027 Index Fund - Regular Plan - Growth,10.6986
2023-09-22,150772,Edelweiss CRISIL IBX 50:50 Gilt Plus SDL June 2027 Index Fund - Regular Plan - IDCW,10.6989
2023-09-22,150777,Aditya Birla Sun Life Crisil IBX Gilt-Apr 2029 Index Fund-Regular Growth,10.8123
2023-09-22,150778,Aditya Birla Sun Life Crisil IBX Gilt-Apr-2029 Index Fund-Direct Growth,10.828
2023-09-22,150779,Aditya Birla Sun Life Crisil IBX Gilt-Apr 2029 Index Fund-Regular IDCW,10.1742
2023-09-22,150780,Aditya Birla Sun Life Crisil IBX Gilt-Apr 2029 Index Fund-Direct IDCW,10.1994
2023-09-22,150785,Mirae Asset Nifty AAA PSU Bond Plus SDL Apr 2026 50:50 Index Fund - Regular Plan - IDCW,10.64
2023-09-22,150786,Mirae Asset Nifty AAA PSU Bond Plus SDL Apr 2026 50:50 Index Fund - Regular Plan - Growth,10.64
2023-09-22,150787,Mirae Asset Nifty AAA PSU Bond Plus SDL Apr 2026 50:50 Index Fund - Direct Plan - IDCW,10.6667
2023-09-22,150788,Mirae Asset Nifty AAA PSU Bond Plus SDL Apr 2026 50:50 Index Fund - Direct Plan - Growth,10.6667
2023-09-22,150789,Mirae Asset CRISIL IBX Gilt Index - April 2033 Index Fund - Direct Plan - IDCW,10.8699
2023-09-22,150790,Mirae Asset CRISIL IBX Gilt Index - April 2033 Index Fund - Regular Plan - Growth,10.8374
2023-09-22,150791,Mirae Asset CRISIL IBX Gilt Index - April 2033 Index Fund - Regular Plan - IDCW,10.8375
2023-09-22,150792,Mirae Asset CRISIL IBX Gilt Index - April 2033 Index Fund - Direct Plan - Growth,10.8718
2023-09-22,150797,WhiteOak Capital Large Cap Fund Direct Plan Growth,10.708
2023-09-22,150798,WhiteOak Capital Large Cap Fund Direct Plan IDCW,10.708
2023-09-22,150799,WhiteOak Capital Large Cap Fund Regular Plan Growth,10.561
2023-09-22,150800,WhiteOak Capital Large Cap Fund Regular Plan IDCW,10.561
2023-09-22,150801,HDFC NIFTY IT ETF - Growth option,332.1304
2023-09-22,150802,HDFC NIFTY Private Bank ETF - Growth Option,232.0108
2023-09-22,150803,HDFC Business Cycle Fund - Growth Option,11.299
2023-09-22,150804,HDFC Business Cycle Fund - IDCW Option - Direct Plan,11.433
2023-09-22,150805,HDFC Business Cycle Fund - Growth Option - Direct Plan,11.433
2023-09-22,150806,HDFC Business Cycle Fund - IDCW Option,11.299
2023-09-22,150807,Edelweiss CRISIL IBX 50:50 Gilt Plus SDL Sep 2028 Index Fund - Direct Plan - Growth,10.7185
2023-09-22,150808,SBI Fixed Maturity Plan (FMP) - Series 69 (367 Days) - Regular Plan - IDCW Payout,10.6633
2023-09-22,150809,SBI Fixed Maturity Plan (FMP) - Series 69 (367 Days) - Direct Plan - Growth,10.6738
2023-09-22,150810,SBI Fixed Maturity Plan (FMP) - Series 69 (367 Days) - Direct Plan - IDCW Payout,10.6738
2023-09-22,150811,SBI Fixed Maturity Plan (FMP) - Series 69 (367 Days) - Regular Plan - Growth,10.6633
2023-09-22,150812,JM Midcap Fund (Regular) - Growth,12.9822
2023-09-22,150813,JM Midcap Fund (Regular) - IDCW,12.9822
2023-09-22,150814,JM Midcap Fund (Direct) - IDCW,13.1972
2023-09-22,150815,JM Midcap Fund (Direct) - Growth,13.1972
2023-09-22,150816,Canara Robeco Mid Cap Fund- Regular Plan- Growth Option,11.67
2023-09-22,150817,Canara Robeco Mid Cap Fund- Direct Plan- Growth Option,11.82
2023-09-22,150818,Canara Robeco Mid Cap Fund- Direct Plan- IDCW,11.83
2023-09-22,150819,Canara Robeco Mid Cap Fund- Regular Plan- IDCW,11.67
2023-09-22,150820,Kotak Income Plus Arbitrage Omni  FOF-Regular Plan-Growth,10.6458
2023-09-22,150821,Kotak Income Plus Arbitrage Omni FOF-Regular Plan-IDCW,10.6458
2023-09-22,150822,Kotak Income Plus Arbitrage Omni FOF-Direct Plan-Growth,10.6524
2023-09-22,150823,Kotak Income Plus Arbitrage Omni FOF-Direct Plan-IDCW,10.6524
2023-09-22,150824,Nippon India Nifty SDL Plus G-Sec - Jun 2028 Maturity 70:30 Index Fund-Direct Plan-Growth Option,10.6115
2023-09-22,150825,Nippon India Nifty SDL Plus G-Sec - Jun 2028 Maturity 70:30 Index Fund-Regular Plan-Growth Option,10.5917
2023-09-22,150826,Nippon India Nifty SDL Plus G-Sec - Jun 2028 Maturity 70:30 Index Fund-Direct Plan-IDCW Option,10.6115
2023-09-22,150827,Nippon India Nifty SDL Plus G-Sec - Jun 2028 Maturity 70:30 Index Fund-Regular Plan IDCW Option,10.5917
2023-09-22,150828,UTI Fixed Term Income Fund - Series XXXV-I (1260 Days) - Regular Plan - Growth Option,10.5896
2023-09-22,150829,UTI Fixed Term Income Fund - Series XXXV-I (1260 Days) - Regular Plan - Maturity IDCW Option,10.5896
2023-09-22,150830,UTI Fixed Term Income Fund - Series XXXV-I (1260 Days) - Regular Plan - Quarterly IDCW Option,10.5896
2023-09-22,150831,UTI Fixed Term Income Fund - Series XXXV-I (1260 days) - Regular Plan - Annual IDCW Option,10.4861
2023-09-22,150832,UTI Fixed Term Income Fund - Series XXXV-I (1260 Days) - Regular Plan - Flexi IDCW Option,10.5895
2023-09-22,150833,UTI Fixed Term Income Fund - Series XXXV-I (1260 Days) - Direct Plan - Growth Option,10.6242
2023-09-22,150834,UTI Fixed Term Income Fund - Series XXXV-I (1260 Days) - Direct Plan - Quarterly IDCW Option,10.6241
2023-09-22,150835,UTI Fixed Term Income Fund - Series XXXV-I (1260 Days) - Direct Plan - Annual IDCW Option,10.6257
2023-09-22,150837,UTI Fixed Term Income Fund - Series XXXV-I (1260 Days) - Direct Plan - Maturity IDCW Option,10.6241
2023-09-22,150838,Samco ELSS Tax Saver Fund - Direct Plan - Growth Option,12.03
2023-09-22,150839,Samco ELSS Tax Saver Fund - Regular Plan - Growth Option,11.89
2023-09-22,150840,DSP FMP Series - 267 - 1172 Days - Direct - IDCW,10.6204
2023-09-22,150841,DSP FMP Series - 267 - 1172 Days - Regular - IDCW,10.6104
2023-09-22,150842,DSP FMP Series - 267 - 1172 Days - Direct - Growth,10.6204
2023-09-22,150843,DSP FMP Series - 267 - 1172 Days - Regular - Growth,10.6104
2023-09-22,150844,HDFC Nifty G-Sec Dec 2026 Index Fund - Growth Option,10.6146
2023-09-22,150845,HDFC Nifty G-Sec Dec 2026 Index Fund - Growth Option - Direct Plan,10.6289
2023-09-22,150846,HDFC Nifty G-Sec July 2031 Index Fund - Growth Option,10.6873
2023-09-22,150847,HDFC Nifty G-Sec July 2031 Index Fund - Growth Option - Direct Plan,10.704
2023-09-22,150848,Edelweiss CRISIL IBX 50:50 Gilt Plus SDL Sep 2028 Index Fund - Regular Plan - Growth,10.6941
2023-09-22,150849,Edelweiss CRISIL IBX 50:50 Gilt Plus SDL Sep 2028 Index Fund - Regular Plan - IDCW,10.6942
2023-09-22,150850,Edelweiss CRISIL IBX 50:50 Gilt Plus SDL Sep 2028 Index Fund - Direct Plan - IDCW,10.7187
2023-09-22,150851,Axis Nifty SDL September 2026 Debt Index Fund - Regular Plan - Growth,10.574
2023-09-22,150852,Axis Nifty SDL September 2026 Debt Index Fund - Direct Plan - IDCW,10.5872
2023-09-22,150853,Axis Nifty SDL September 2026 Debt Index Fund - Regular Plan -  IDCW,10.574
2023-09-22,150854,Axis Nifty SDL September 2026 Debt Index Fund - Direct Plan - Growth,10.5872
2023-09-22,150855,Union Multicap Fund - Regular Plan - Growth Option,11.76
2023-09-22,150856,Union Multicap Fund - Regular Plan - IDCW Option,11.76
2023-09-22,150857,Union Multicap Fund - Direct Plan - IDCW Option,11.88
2023-09-22,150858,Union Multicap Fund - Direct Plan - Growth Option,11.88
2023-09-22,150863,Baroda BNP Paribas Multi Asset Fund - Regular Plan - Growth Option,11.0029
2023-09-22,150864,Baroda BNP Paribas Multi Asset Fund - Regular Plan - IDCW Option,11.0029
2023-09-22,150865,Baroda BNP Paribas Multi Asset Fund - Direct Plan - Growth Option,11.1557
2023-09-22,150866,Baroda BNP Paribas Multi Asset Fund - Direct Plan - IDCW Option,11.1557
2023-09-22,150867,BANDHAN CRISIL IBX 90:10 SDL PLUS GILT - NOV 2026 INDEX FUND - DIRECT IDCW,10.5957
2023-09-22,150868,BANDHAN CRISIL IBX 90:10 SDL PLUS GILT - NOV 2026 INDEX FUND - DIRECT GROWTH,10.598
2023-09-22,150869,BANDHAN CRISIL IBX 90:10 SDL PLUS GILT - NOV 2026 INDEX FUND - REGULAR GROWTH,10.5754
2023-09-22,150870,BANDHAN CRISIL IBX 90:10 SDL PLUS GILT - NOV 2026 INDEX FUND - REGULAR IDCW,10.5757
2023-09-22,150871,BANDHAN CRISIL IBX 90:10 SDL PLUS GILT APRIL 2032 INDEX FUND - DIRECT GROWTH,10.7082
2023-09-22,150872,BANDHAN CRISIL IBX 90:10 SDL PLUS GILT APRIL 2032 INDEX FUND - DIRECT IDCW,10.71
2023-09-22,150873,BANDHAN CRISIL IBX 90:10 SDL PLUS GILT APRIL 2032 INDEX FUND - REGULAR GROWTH,10.6948
2023-09-22,150874,BANDHAN CRISIL IBX 90:10 SDL PLUS GILT APRIL 2032 INDEX FUND - REGULAR IDCW,10.6955
2023-09-22,150879,ICICI Prudential Nifty Financial Services Ex-BaNk ETF,20.2678
2023-09-22,150880,SBI Fixed Maturity Plan (FMP) - Series 71 (364 Days) - Direct Plan - Income Distribution cum Capital Withdrawal Option (IDCW),10.6421
2023-09-22,150881,SBI Fixed Maturity Plan (FMP) - Series 71 (364 Days) - Regular Plan - Growth,10.6288
2023-09-22,150882,SBI Fixed Maturity Plan (FMP) - Series 71 (364 Days) - Regular Plan - Income Distribution cun Capital Withdrawal Option (IDCW),10.6288
2023-09-22,150883,SBI Fixed Maturity Plan (FMP) - Series 71 (364 Days) - Direct Plan - Growth,10.642
2023-09-22,150884,DSP FMP Series - 268 - 1281 Days - Regular - Growth,10.5859
2023-09-22,150885,DSP FMP Series - 268 - 1281 Days - Direct - Growth,10.5991
2023-09-22,150886,DSP FMP Series - 268 - 1281 Days - Direct - IDCW,10.5986
2023-09-22,150887,DSP FMP Series - 268 - 1281 Days - Regular - IDCW,10.5859
2023-09-22,150888,BANDHAN CRISIL IBX 90:10 SDL PLUS GILT - SEP27 INDEX FUND - DIRECT GROWTH,10.593
2023-09-22,150889,BANDHAN CRISIL IBX 90:10 SDL PLUS GILT SEP27 INDEX FUND - DIRECT IDCW,10.593
2023-09-22,150890,BANDHAN CRISIL IBX 90:10 SDL PLUS GILT SEP27 INDEX FUND - REGULAR GROWTH,10.571
2023-09-22,150891,BANDHAN CRISIL IBX 90:10 SDL PLUS GILT SEP27 INDEX FUND - REGULAR IDCW,10.5711
2023-09-22,150892,Edelweiss Nifty Smallcap 250 Index Fund - Direct Plan - Growth,12.4626
2023-09-22,150893,Edelweiss Nifty Smallcap 250 Index Fund - Regular Plan - IDCW,12.3981
2023-09-22,150894,Edelweiss Nifty Smallcap 250 Index Fund - Regular Plan - Growth,12.3982
2023-09-22,150895,Edelweiss Nifty Smallcap 250 Index Fund - Direct Plan - IDCW,12.4628
2023-09-22,150896,Edelweiss Nifty Next 50 Index Fund - Direct Plan - IDCW,10.3994
2023-09-22,150897,Edelweiss Nifty Next 50 Index Fund - Regular Plan - Growth,10.3391
2023-09-22,150898,Edelweiss Nifty Next 50 Index Fund - Regular Plan - IDCW,10.3392
2023-09-22,150899,Edelweiss Nifty Next 50 Index Fund - Direct Plan - Growth,10.3993
2023-09-22,150900,Edelweiss Nifty Midcap150 Momentum 50 Index Fund - Regular Plan - Growth,12.1512
2023-09-22,150901,Edelweiss Nifty Midcap150 Momentum 50 Index Fund - Regular Plan - IDCW,12.1511
2023-09-22,150902,Edelweiss Nifty Midcap150 Momentum 50 Index Fund - Direct Plan - Growth,12.2215
2023-09-22,150903,Edelweiss Nifty Midcap150 Momentum 50 Index Fund - Direct Plan - IDCW,12.2234
2023-09-22,150904,Nippon India Nifty G-Sec Sep 2027 Maturity Index Fund-Regular Plan-Growth Option,10.5082
2023-09-22,150905,Nippon India Nifty G-Sec Sep 2027 Maturity Index Fund-Regular Plan-IDCW Option,10.5082
2023-09-22,150906,Nippon India Nifty G-Sec Sep 2027 Maturity Index Fund-Direct Plan-Growth Option,10.525
2023-09-22,150907,Nippon India Nifty G-Sec Sep 2027 Maturity Index Fund-Direct Plan-IDCW Option,10.525
2023-09-22,150912,Mahindra Manulife Small Cap Fund - Regular Plan - Growth,13.2838
2023-09-22,150913,Mahindra Manulife Small Cap Fund - Direct Plan - IDCW,13.4758
2023-09-22,150914,Mahindra Manulife Small Cap Fund - Regular Plan - IDCW,13.2837
2023-09-22,150915,Mahindra Manulife Small Cap Fund - Direct Plan - Growth,13.4758
2023-09-22,150916,SBI Fixed Maturity Plan (FMP)-Series 72 (1239 Days) Direct Plan- Income Distribution Cum Capital Withdrawal Payout,10.5575
2023-09-22,150917,SBI Fixed Maturity Plan (FMP)-Series 72 (1239 Days) Regular Plan- Growth,10.5444
2023-09-22,150918,SBI Fixed Maturity Plan (FMP)-Series 72 (1239 Days) Regular Plan- Income Distribution Cum Capital Withdrawal Payout,10.5443
2023-09-22,150919,SBI Fixed Maturity Plan (FMP)-Series 72 (1239 Days) Direct Plan- Growth,10.5576
2023-09-22,150920,Nippon India Nifty G-Sec Jun 2036 Maturity Index Fund-Direct Plan-Growth Option,10.6403
2023-09-22,150921,Nippon India Nifty G-Sec Jun 2036 Maturity Index fund-Direct Plan-IDCW Option,10.6403
2023-09-22,150922,Nippon India Nifty G-Sec Jun 2036 Maturity Index Fund-Regular Plan-IDCW Option,10.6214
2023-09-22,150923,Nippon India Nifty G-Sec Jun 2036 Maturity Index Fund-Regular Plan-Growth Option,10.6214
2023-09-22,150928,ICICI Prudential Nifty Pharma Index Fund - Direct Plan - IDCW,11.6564
2023-09-22,150929,ICICI Prudential Nifty Pharma Index Fund - Growth,11.5932
2023-09-22,150930,ICICI Prudential Nifty Pharma Index Fund - Direct Plan - Growth,11.6558
2023-09-22,150931,ICICI Prudential Nifty Pharma Index Fund - IDCW,11.5932
2023-09-22,150932,Nippon India Fixed Maturity Plan - XLIV - Series 4-Direct Plan-Growth Option,10.5016
2023-09-22,150934,Nippon India Fixed Maturity Plan - XLIV - Series 4-Regular Plan-Payout of IDCW,10.483
2023-09-22,150935,Nippon India Fixed Maturity Plan- XLIV - Series 4-Regular Plan-Growth Option,10.483
2023-09-22,150936,Aditya Birla Sun Life Crisil IBX 60:40 SDL+AAA PSU APR 2026 Index Fund-Regular Growth,10.5204
2023-09-22,150937,Aditya Birla Sun Life Crisil IBX 60:40 SDL+AAA PSU APR 2026 Index Fund-Regular IDCW Payout,10.5213
2023-09-22,150938,Aditya Birla Sun Life Crisil IBX 60:40 SDL + AAA PSU APR 2026 Index Fund-Direct Growth,10.5415
2023-09-22,150939,Aditya Birla Sun Life Crisil IBX 60:40 SDL+ AAA PSU APR 2026 Index Fund-Direct IDCW Payout,10.5415
2023-09-22,150948,Kotak Silver ETF,72.6387
2023-09-22,150949,ICICI Prudential Fixed Maturity Plan - Series 88 - 1226 Days Plan F - Growth,10.4988
2023-09-22,150950,ICICI Prudential Fixed Maturity Plan - Series 88 - 1226 Days Plan F - Direct Plan - Growth,10.5195
2023-09-22,150951,ICICI Prudential Fixed Maturity Plan - Series 88 - 1226 Days Plan F - Quarterly IDCW,10.4989
2023-09-22,150952,ICICI Prudential Fixed Maturity Plan - Series 88 - 1226 Days Plan F - Direct Plan - Quarterly IDCW,10.5185
2023-09-22,150953,ICICI Prudential Fixed Maturity Plan - Series 88 - 1226 Days Plan F - Direct Plan - Half Yearly IDCW,10.5195
2023-09-22,150954,ICICI Prudential Fixed Maturity Plan - Series 88 - 1226 Days Plan F - Half Yearly IDCW,10.4988
2023-09-22,150963,UTI Fixed Term Income Fund - Series XXXV-II (1223 Days) - Direct Plan - Growth Option,10.5143
2023-09-22,150964,UTI Fixed Term Income Fund - Series XXXV-II (1223 Days) - Direct Plan - Quarterly IDCW Option,10.5148
2023-09-22,150965,UTI Fixed Term Income Fund - Series XXXV-II (1223 Days) - Direct Plan - Annual IDCW Option,10.4884
2023-09-22,150966,UTI Fixed Term Income Fund - Series XXXV-II (1223 Days) - Direct Plan - Maturity IDCW Option,10.5143
2023-09-22,150967,UTI Fixed Term Income Fund - Series XXXV-II (1223 Days) - Regular Plan - Annual IDCW Option,10.4579
2023-09-22,150968,UTI Fixed Term Income Fund - Series XXXV-II (1223 Days) - Regular Plan - Flexi IDCW Option,10.4837
2023-09-22,150969,UTI Fixed Term Income Fund - Series XXXV-II (1223 Days) - Regular Plan - Maturity IDCW Option,10.4832
2023-09-22,150970,UTI Fixed Term Income Fund - Series XXXV-II (1223 Days) - Direct Plan - Flexi IDCW Option,10.5167
2023-09-22,150971,UTI Fixed Term Income Fund - Series XXXV-II (1223 Days) - Regular Plan - Growth Option,10.4836
2023-09-22,150972,UTI Fixed Term Income Fund - Series XXXV-II (1223 Days) - Regular Plan - Quarterly IDCW Option,10.4838
2023-09-22,150983,SBI Fixed Maturity Plan (FMP) - Series 73 (1226 Days) - Regular Plan - IDCW Payout,10.5211
2023-09-22,150984,SBI Fixed Maturity Plan (FMP) - Series 73 (1226 Days) - Direct Plan - Growth,10.5336
2023-09-22,150985,SBI Fixed Maturity Plan (FMP) - Series 73 (1226 Days) - Direct Plan - IDCW Payout,10.5335
2023-09-22,150986,SBI Fixed Maturity Plan (FMP) - Series 73 (1226 Days) - Regular Plan - Growth,10.5211
2023-09-22,150987,BHARAT Bond ETF - April 2033,1056.3541
2023-09-22,150988,BHARAT Bond ETF FOF - April 2033 - Regular Plan - IDCW,10.5729
2023-09-22,150989,BHARAT Bond ETF FOF - April 2033 - Direct Plan - Growth,10.5729
2023-09-22,150990,BHARAT Bond ETF FOF - April 2033 - Direct Plan - IDCW,10.5729
2023-09-22,150991,BHARAT Bond ETF FOF - April 2033 - Regular Plan - Growth,10.5729
2023-09-22,150992,HSBC Corporate Bond Fund - Regular Growth,63.606
2023-09-22,150993,HSBC Corporate Bond Fund - Regular Quarterly IDCW,11.1384
2023-09-22,150994,HSBC Corporate Bond Fund - Regular Semi Annual IDCW,17.2069
2023-09-22,150995,HSBC Corporate Bond Fund -Regular Plan - Bonus,24.161
2023-09-22,150996,HSBC Corporate Bond Fund - Direct Growth,67.348
2023-09-22,150997,HSBC Corporate Bond Fund - Direct Semi Annual IDCW,20.4073
2023-09-22,150998,HSBC Corporate Bond Fund - Direct Quarterly IDCW,11.4983
2023-09-22,151000,HSBC Corporate Bond Fund - Direct Annual IDCW,12.1207
2023-09-22,151001,HSBC Corporate Bond Fund - Regular Annual IDCW,11.9279
2023-09-22,151012,HSBC Gilt Fund - Regular Quarterly IDCW,11.0737
2023-09-22,151013,HSBC Gilt Fund - Regular Growth,58.03
2023-09-22,151014,HSBC Gilt Fund - Direct Growth,65.1267
2023-09-22,151015,HSBC Gilt Fund - Direct Quarterly IDCW,12.545
2023-09-22,151033,HSBC Midcap Fund - Regular IDCW,56.2294
2023-09-22,151034,HSBC Midcap Fund - Regular Growth,251.4912
2023-09-22,151035,HSBC Midcap Fund - Direct IDCW,62.4144
2023-09-22,151036,HSBC Midcap Fund - Direct Growth,278.7962
2023-09-22,151037,HSBC Infrastructure Fund - Regular Growth,33.0374
2023-09-22,151038,HSBC Infrastructure Fund - Regular IDCW,30.4006
2023-09-22,151039,HSBC Infrastructure Fund - Direct IDCW,33.4443
2023-09-22,151040,HSBC Infrastructure Fund - Direct Growth,36.4487
2023-09-22,151041,HSBC Credit Risk Fund- Regular Plan - Bonus,24.9694
2023-09-22,151042,HSBC Credit Risk Fund - Regular IDCW,10.3334
2023-09-22,151043,HSBC Credit Risk Fund - Regular Growth,25.3755
2023-09-22,151044,HSBC Credit Risk Fund - Direct IDCW,11.1482
2023-09-22,151045,HSBC Credit Risk Fund - Direct Growth,27.1228
2023-09-22,151046,HSBC Credit Risk Fund - Regular Annual IDCW,11.9885
2023-09-22,151047,HSBC Credit Risk Fund - Direct Annual IDCW,12.7216
2023-09-22,151048,HSBC Money Market Fund - Regular Growth,23.214
2023-09-22,151049,HSBC Money Market Fund - Regular Daily IDCW,10.8591
2023-09-22,151050,HSBC Money Market Fund - Regular Weekly IDCW,13.0961
2023-09-22,151051,HSBC Money Market Fund - Regular Monthly IDCW,11.5973
2023-09-22,151052,HSBC Money Market Fund - Direct Monthly IDCW,12.2527
2023-09-22,151053,HSBC Money Market Fund - Direct Weekly IDCW,13.1832
2023-09-22,151054,HSBC Money Market Fund - Direct Growth,24.2397
2023-09-22,151055,HSBC Money Market Fund - Direct Daily IDCW,10.8591
2023-09-22,151056,HSBC Equity Savings Fund - Regular Monthly IDCW,13.5842
2023-09-22,151057,HSBC Equity Savings Fund - Regular Quarterly IDCW,14.6241
2023-09-22,151058,HSBC Equity Savings Fund - Regular Growth,26.0297
2023-09-22,151059,HSBC Equity Savings Fund - Direct Quarterly IDCW,15.8841
2023-09-22,151060,HSBC Equity Savings Fund - Direct Growth,28.4105
2023-09-22,151061,HSBC Equity Savings Fund - Direct Monthly IDCW,15.171
2023-09-22,151062,HSBC Short Duration Fund - Bonus,23.0976
2023-09-22,151063,HSBC Short Duration Fund -  Regular Plan - Monthly IDCW,11.0978
2023-09-22,151064,HSBC Short Duration Fund - Regular Quarterly IDCW,10.701
2023-09-22,151065,HSBC Short Duration Fund - Regular Growth,23.0984
2023-09-22,151067,HSBC Short Duration Fund - Direct Growth,24.2835
2023-09-22,151068,HSBC Short Duration Fund - Direct Plan -  Monthly IDCW,11.7741
2023-09-22,151069,HSBC Short Duration Fund - Direct Quarterly IDCW,11.4887
2023-09-22,151070,HSBC Short Duration Fund - Direct Annual IDCW,12.6181
2023-09-22,151071,HSBC Short Duration Fund - Regular Annual IDCW,12.1379
2023-09-22,151076,HSBC ELSS Tax saver Fund - Regular Growth,91.5575
2023-09-22,151077,HSBC ELSS Tax saver Fund - Regular IDCW Payout,25.1259
2023-09-22,151078,HSBC ELSS Tax saver Fund - Direct Growth,98.3864
2023-09-22,151079,HSBC ELSS Tax saver Fund - Direct IDCW Payout,34.7115
2023-09-22,151084,HSBC Dynamic Bond Fund - Regular Growth,25.6676
2023-09-22,151085,HSBC Dynamic Bond Fund - Regular Monthly IDCW,10.7252
2023-09-22,151086,HSBC Dynamic Bond Fund - Direct Monthly IDCW,12.7772
2023-09-22,151087,HSBC Dynamic Bond Fund - Direct Growth,27.5299
2023-09-22,151088,HSBC Dynamic Bond Fund - Direct Annual IDCW,11.2195
2023-09-22,151089,HSBC Dynamic Bond Fund - Regular Annual IDCW,10.6839
2023-09-22,151102,HSBC Banking and PSU Debt Fund - Regular Daily IDCW,11.116
2023-09-22,151103,HSBC Banking and PSU Debt Fund - Regular Weekly IDCW,10.32
2023-09-22,151104,HSBC Banking and PSU Debt Fund - Regular Growth,21.2733
2023-09-22,151105,HSBC Banking and PSU Debt Fund - Regular Monthly IDCW,10.7341
2023-09-22,151106,HSBC Banking and PSU Debt Fund - Direct Monthly IDCW,11.3
2023-09-22,151107,HSBC Banking and PSU Debt Fund - Direct Growth,22.2576
2023-09-22,151108,HSBC Banking and PSU Debt Fund - Direct Daily IDCW,11.1907
2023-09-22,151109,HSBC Banking and PSU Debt Fund - Direct Weekly IDCW,10.3472
2023-09-22,151110,HSBC Value Fund - Regular Growth,74.3156
2023-09-22,151111,HSBC Value Fund - Regular IDCW,42.7449
2023-09-22,151112,HSBC Value Fund - Direct IDCW,51.2394
2023-09-22,151113,HSBC Value Fund - Direct Growth,81.5271
2023-09-22,151114,HSBC Low Duration Fund - Regular Growth,24.914
2023-09-22,151115,HSBC Low Duration Fund - Regular Monthly IDCW,10.3965
2023-09-22,151116,HSBC Low Duration Fund - Direct Monthly IDCW,11.1137
2023-09-22,151117,HSBC Low Duration Fund - Direct Growth,26.0784
2023-09-22,151118,HSBC Low Duration Fund - Direct Annual IDCW,10.9256
2023-09-22,151119,HSBC Low Duration Fund - Regular Annual IDCW,10.5565
2023-09-22,151120,HSBC Aggressive Hybrid Fund - Regular Growth,41.7556
2023-09-22,151121,HSBC Aggressive Hybrid Fund - Regular IDCW,25.075
2023-09-22,151122,HSBC Aggressive Hybrid Fund - Direct Growth,46.5536
2023-09-22,151123,HSBC Aggressive Hybrid Fund - Direct IDCW,29.0889
2023-09-22,151124,HSBC Aggressive Hybrid Fund - Regular Annual IDCW,15.9613
2023-09-22,151125,HSBC Aggressive Hybrid Fund - Direct Annual IDCW,17.6401
2023-09-22,151126,HSBC Balanced Advantage Fund - Regular IDCW,18.0032
2023-09-22,151127,HSBC Balanced Advantage Fund - Regular Growth,34.5497
2023-09-22,151128,HSBC Balanced Advantage Fund - Direct IDCW,20.7928
2023-09-22,151129,HSBC Balanced Advantage Fund - Direct Growth,39.0719
2023-09-22,151130,HSBC Small Cap Fund - Direct Growth,66.8538
2023-09-22,151131,HSBC Small Cap Fund - Regular IDCW,36.3826
2023-09-22,151132,HSBC Small Cap Fund - Direct IDCW,40.6584
2023-09-22,151133,HSBC Small Cap Fund - Regular Growth,61.2956
2023-09-22,151134,HSBC Arbitrage Fund - Regular Growth,16.8163
2023-09-22,151135,HSBC Arbitrage Fund - Direct Monthly IDCW,10.5359
2023-09-22,151136,HSBC Arbitrage Fund - Direct Quarterly IDCW,11.4789
2023-09-22,151137,HSBC Arbitrage Fund - Regular Quarterly IDCW,11.218
2023-09-22,151138,HSBC Arbitrage Fund - Direct Growth,17.7912
2023-09-22,151140,HSBC Arbitrage Fund - Regular Monthly IDCW,10.4459
2023-09-22,151142,HSBC Business Cycles Fund - Direct Growth,30.7283
2023-09-22,151143,HSBC Business Cycles Fund - Regular IDCW,19.644
2023-09-22,151144,HSBC Business Cycles Fund - Regular Growth,28.4783
2023-09-22,151145,HSBC Business Cycles Fund - Direct IDCW,20.8694
2023-09-22,151146,HSBC Medium Duration Fund - Direct Growth,19.1159
2023-09-22,151147,HSBC Medium Duration Fund - Regular IDCW,10.6341
2023-09-22,151148,HSBC Medium Duration Fund - Direct IDCW,11.5293
2023-09-22,151149,HSBC Medium Duration Fund - Regular Growth,17.7349
2023-09-22,151150,HSBC Medium Duration Fund - Direct Annual IDCW,12.0365
2023-09-22,151151,HSBC Medium Duration Fund - Regular Annual IDCW,11.1439
2023-09-22,151156,HSBC NIFTY 50 INDEX FUND - Direct IDCW,22.6627
2023-09-22,151157,HSBC NIFTY 50 INDEX FUND - Direct Growth,22.6628
2023-09-22,151158,HSBC NIFTY 50 INDEX FUND - Regular Growth,22.3781
2023-09-22,151159,HSBC NIFTY 50 INDEX FUND - Regular IDCW,22.3781
2023-09-22,151160,HSBC NIFTY NEXT 50 INDEX FUND - Direct Growth,19.7196
2023-09-22,151161,HSBC NIFTY NEXT 50 INDEX FUND - Regular IDCW,19.4167
2023-09-22,151162,HSBC NIFTY NEXT 50 INDEX FUND - Regular Growth,19.4166
2023-09-22,151163,HSBC NIFTY NEXT 50 INDEX FUND - Direct IDCW,19.7196
2023-09-22,151164,360 ONE ELSS Tax Saver Nifty 50 Index Fund - Regular Plan - Growth,10.8769
2023-09-22,151165,360 ONE ELSS Tax Saver Nifty 50 Index Fund - Direct Plan - Growth,10.8969
2023-09-22,151166,360 ONE ELSS Tax Saver Nifty 50 Index Fund - Direct Plan - IDCW Payout,10.8969
2023-09-22,151167,360 ONE ELSS Tax Saver Nifty 50 Index Fund - Regular Plan - IDCW Payout,10.8769
2023-09-22,151172,Kotak FMP Series 300 - Regular Plan - Growth,10.5055
2023-09-22,151173,Kotak FMP Series 300 - Regular Plan - IDCW Payout,10.5055
2023-09-22,151174,Kotak FMP Series 300 - Direct Plan - Growth,10.5138
2023-09-22,151175,Kotak FMP Series 300 - Direct Plan - IDCW Payout,10.5139
2023-09-22,151176,Axis Long Duration Fund - Direct Plan -Daily IDCW,999.36
2023-09-22,151177,Axis Long Duration Fund - Regular Plan - Daily IDCW,1006.613
2023-09-22,151178,Axis Long Duration Fund - Regular Plan - Growth,1061.1703
2023-09-22,151179,Axis Long Duration Fund - Direct Plan - Growth,1065.4689
2023-09-22,151180,HDFC Nifty G-Sec Jun 2027 Index Fund - Growth Option,10.5403
2023-09-22,151181,HDFC Nifty G-Sec Jun 2027 Index Fund - Growth Option - Direct Plan,10.5539
2023-09-22,151182,HDFC Nifty G-Sec Sep 2032 Index Fund - Growth Option,10.6255
2023-09-22,151183,HDFC Nifty G-Sec Sep 2032 Index Fund - Growth Option - Direct Plan,10.6392
2023-09-22,151184,UTI CRISIL SDL Maturity April 2033 Index Fund - Regular Plan - Growth Option,10.6324
2023-09-22,151185,UTI CRISIL SDL Maturity April 2033 Index Fund - Direct Plan - Growth Option,10.6537
2023-09-22,151186,Aditya Birla Sun Life Fixed Term Plan - Series UB (1224 days) - Direct Plan Growth Option,10.5116
2023-09-22,151188,Aditya Birla Sun Life Fixed Term Plan - Series UB (1224 days)- Regular Plan - Growth Option,10.5035
2023-09-22,151189,Aditya Birla Sun Life Fixed Term Plan - Series UB (1224 days) - Regular Plan - Payout of IDCW Option,10.5035
2023-09-22,151190,quant Overnight Fund - Growth Option - Direct Plan,10.543
2023-09-22,151191,quant Overnight Fund - IDCW Option - Regular Plan,10.5174
2023-09-22,151193,quant Overnight Fund - IDCW Option - Direct Plan,10.544
2023-09-22,151195,quant Overnight Fund - Growth Option - Regular Plan,10.5305
2023-09-22,151196,ICICI Prudential Nifty 10 yr Benchmark G-sec ETF,218.4082
2023-09-22,151201,Axis Long Duration Fund - Regular Plan - Monthly IDCW,1010.0477
2023-09-22,151202,Axis Long Duration Fund - Direct Plan - Monthly IDCW,1014.528
2023-09-22,151203,Axis Long Duration Fund - Regular Plan - Quarterly IDCW,1056.0345
2023-09-22,151204,Axis Long Duration Fund - Direct Plan - Quarterly IDCW,1060.3375
2023-09-22,151205,Axis Long Duration Fund - Direct Plan - Annual IDCW,1062.806
2023-09-22,151206,Axis Long Duration Fund - Regular Plan - Annual IDCW,1058.5847
2023-09-22,151207,ICICI Prudential Nifty Commodities ETF,64.5462
2023-09-22,151208,ICICI Prudential Nifty SDL Sep 2026 Index Fund - Growth,10.5003
2023-09-22,151209,ICICI Prudential Nifty SDL Sep 2026 Index Fund - Annual IDCW,10.5002
2023-09-22,151210,ICICI Prudential Nifty SDL Sep 2026 Index Fund - Direct Plan - Annual IDCW,10.516
2023-09-22,151211,ICICI Prudential Nifty SDL Sep 2026 Index Fund - Direct Plan - Growth,10.5161
2023-09-22,151212,SBI Long Duration Fund - Regular Plan - Growth,10.6342
2023-09-22,151213,SBI Long Duration Fund - Regular Plan - Income Distribution cum Capital Withdrawal Option (IDCW),10.6341
2023-09-22,151214,SBI Long Duration Fund - Direct Plan - Growth,10.6702
2023-09-22,151215,SBI Long Duration Fund - Direct Plan - Income Distribution cum Capital Withdrawal Option (IDCW),10.6704
2023-09-22,151216,Kotak Nifty SDL Jul 2026 Index Fund Regular Plan Growth,10.499
2023-09-22,151217,Kotak Nifty SDL Jul 2026 Index Fund Regular Plan IDCW,10.4991
2023-09-22,151218,Kotak Nifty SDL Jul 2026 Index Fund Direct Plan Growth,10.5151
2023-09-22,151219,Kotak Nifty SDL Jul 2026 Index Fund Direct Plan IDCW,10.1364
2023-09-22,151220,HDFC FMP 1204D December - IDCW Option,10.4885
2023-09-22,151221,HDFC FMP 1204D December - IDCW Option - Direct Plan,10.5078
2023-09-22,151222,HDFC FMP 1204D December - Quarterly IDCW Option,10.2169
2023-09-22,151223,HDFC FMP 1204D December - Quarterly IDCW Option - Direct Plan,10.2236
2023-09-22,151224,HDFC FMP 1204D December - Growth Option,10.4885
2023-09-22,151225,HDFC FMP 1204D December - Growth Option - Direct Plan,10.5078
2023-09-22,151228,quant Gilt Fund - Growth Option - Direct Plan,10.5743
2023-09-22,151229,quant Gilt Fund - IDCW Option - Direct Plan,10.5745
2023-09-22,151230,quant Gilt Fund - Growth Option - Regular Plan,10.503
2023-09-22,151231,quant Gilt Fund - IDCW Option - Regular Plan,10.5019
2023-09-22,151232,Tata Multicap Fund - Direct Plan - Growth,11.8029
2023-09-22,151233,Tata Multicap Fund - Direct Plan - IDCW Reinvestment,11.8029
2023-09-22,151234,Tata Multicap Fund - Direct Plan - IDCW Payout,11.8029
2023-09-22,151235,Tata Multicap Fund - Regular Plan - Growth,11.6804
2023-09-22,151236,Tata Multicap Fund - Regular Plan - IDCW Reinvestment,11.6804
2023-09-22,151237,Tata Multicap Fund - Regular Plan - IDCW Payout,11.6804
2023-09-22,151238,UTI CRISIL SDL Maturity June 2027 Index Fund - Regular Plan - Growth Option,10.463
2023-09-22,151239,UTI CRISIL SDL Maturity June 2027 Index Fund - Direct Plan - Growth Option,10.4818
2023-09-22,151252,SBI Fixed Maturity Plan (FMP)-Series 74 (1243 Days)- Direct Plan- Growth,10.5035
2023-09-22,151253,SBI Fixed Maturity Plan (FMP)-Series 74 (1243 Days)- Direct Plan- Income Distribution Cum Capital Withdrawal Payout,10.5035
2023-09-22,151254,SBI Fixed Maturity Plan (FMP)-Series 74 (1243 Days)- Regular Plan- Growth,10.4922
2023-09-22,151255,SBI Fixed Maturity Plan (FMP)-Series 74 (1243 Days)- Regular Plan- Income Distribution Cum Capital Withdrawal Payout,10.4922
2023-09-22,151262,DSP Nifty Bank ETF,44.9383
2023-09-22,151267,WhiteOak Capital Balanced Advantage Fund Direct Plan Growth,11.108
2023-09-22,151268,WhiteOak Capital Balanced Advantage Fund Regular Plan Growth,10.995
2023-09-22,151269,SBI Fixed Maturity Plan (FMP)-Series 75 (366 Days)- Direct Plan- Growth,10.5287
2023-09-22,151270,SBI Fixed Maturity Plan (FMP)-Series 75 (366 Days) - Direct Plan- Income Distribution Cum Capital Withdrawal Payout,10.5287
2023-09-22,151271,SBI Fixed Maturity Plan (FMP)-Series 75 (366 Days)- Regular  Plan- Growth,10.5214
2023-09-22,151272,SBI Fixed Maturity Plan (FMP)-Series 75 (366 Days)- Regular Plan- Income Distribution Cum Capital Withdrawal Payout,10.5213
2023-09-22,151273,Tata Nifty G-Sec Dec 2029 Index Fund - Direct Plan - Growth,10.5363
2023-09-22,151274,Tata Nifty G-Sec Dec 2029 Index Fund - Direct Plan - IDCW Payout,10.5363
2023-09-22,151275,Tata Nifty G-Sec Dec 2029 Index Fund - Regular Plan - Growth,10.5058
2023-09-22,151276,Tata Nifty G-Sec Dec 2029 Index Fund - Regular Plan - IDCW Reinvestment,10.5058
2023-09-22,151277,Tata Nifty G-Sec Dec 2029 Index Fund - Regular Plan - IDCW Payout,10.5058
2023-09-22,151278,Tata Nifty G-Sec Dec 2029 Index Fund - Direct Plan - IDCW Reinvestment,10.5363
2023-09-22,151279,Baroda BNP Paribas Nifty SDL December 2026 Index Fund - Regular Plan - Growth Option,10.4366
2023-09-22,151280,Baroda BNP Paribas Nifty SDL December 2026 Index Fund - Regular Plan - IDCW Option,10.4366
2023-09-22,151281,Baroda BNP Paribas Nifty SDL December 2026 Index Fund - Direct Plan - IDCW Option,10.0
2023-09-22,151283,Baroda BNP Paribas Nifty SDL December 2026 Index Fund - Direct Plan - Growth Option,10.4573
2023-09-22,151285,Kotak FMP Series 304-Regular Plan-Growth Option,10.5688
2023-09-22,151286,Kotak FMP Series 304-Direct Plan-Growth Option,10.5712
2023-09-22,151287,Kotak FMP Series 304-Direct Plan-Payout of IDCW,10.571
2023-09-22,151288,Kotak FMP Series 304-Regular Plan-Payout of IDCW,10.5686
2023-09-22,151289,HSBC Multi Cap Fund - Regular - Growth,12.4951
2023-09-22,151290,HSBC Multi Cap Fund - Direct - Growth,12.6056
2023-09-22,151291,HSBC Multi Cap Fund - Direct - IDCW,12.6056
2023-09-22,151292,HSBC Multi Cap Fund - Regular - IDCW,12.4951
2023-09-22,151297,Axis CRISIL IBX 50:50 Gilt Plus SDL June 2028 Index Fund - Regular Plan - Growth,10.451
2023-09-22,151298,Axis CRISIL IBX 50:50 Gilt Plus SDL June 2028 Index Fund - Regular Plan - IDCW,10.451
2023-09-22,151299,Axis CRISIL IBX 50:50 Gilt Plus SDL June 2028 Index Fund - Direct Plan - IDCW,10.4668
2023-09-22,151300,Axis CRISIL IBX 50:50 Gilt Plus SDL June 2028 Index Fund - Direct Plan - Growth,10.4662
2023-09-22,151301,Tata Nifty G Sec Dec 2026 Index Fund-Direct Plan-Growth,10.4654
2023-09-22,151302,Tata Nifty G Sec Dec 2026 Index Fund-Direct Plan-IDCW Payout,10.4654
2023-09-22,151303,Tata Nifty G SEc Dec 2026 Index Fund-Regular Plan-IDCW Reinvestment,10.4356
2023-09-22,151304,Tata Nifty G Sec Dec 2026 Index Fund-Regular Plan-IDCW Payout,10.4356
2023-09-22,151305,Tata Nifty G Sec Dec 2026 Index Fund-Direct Plan-IDCW Reinvestment,10.4654
2023-09-22,151306,Tata Nifty G Sec Dec 2026 Index Fund-Regular Plan-Growth,10.4356
2023-09-22,151307,Aditya Birla Sun Life Multi Asset Allocation Fund-Direct Growth,11.2371
2023-09-22,151308,Aditya Birla Sun Life Multi Asset Allocation Fund-Direct IDCW,11.2365
2023-09-22,151309,Aditya Birla Sun Life Multi Asset Allocation Fund-Regular Growth,11.1169
2023-09-22,151310,Aditya Birla Sun Life Multi Asset Allocation Fund-Regular IDCW,11.1174
2023-09-22,151311,HDFC Long Duration Debt Fund - IDCW Option,10.2885
2023-09-22,151312,HDFC Long Duration Debt Fund - IDCW Option - Direct Plan,10.3433
2023-09-22,151313,HDFC Long Duration Debt Fund - Growth Option - Direct Plan,10.5575
2023-09-22,151314,HDFC Long Duration Debt Fund - Growth Option,10.5313
2023-09-22,151315,Kotak FMP Series 305 - Regular Plan - Growth,10.4648
2023-09-22,151316,Kotak FMP Series 305 - Direct Plan - Growth,10.4754
2023-09-22,151317,Kotak FMP Series 305 - Direct Plan - IDCW,10.4754
2023-09-22,151318,Kotak FMP Series 305 - Regular Plan - IDCW,10.4648
2023-09-22,151319,TRUSTMF CORPORATE BOND FUND-REGULAR PLAN-MONTHLY IDCW,1046.0462
2023-09-22,151320,TRUSTMF CORPORATE BOND FUND-DIRECT PLAN-GROWTH,1048.8854
2023-09-22,151321,TRUSTMF CORPORATE BOND FUND-DIRECT PLAN-MONTHLY IDCW,1049.2794
2023-09-22,151322,TRUSTMF CORPORATE BOND FUND-REGULAR PLAN-GROWTH,1046.0654
2023-09-22,151327,DSP CRISIL-IBX 50:50 Gilt Plus SDL - April 2033 Index Fund - Regular - Growth,10.5896
2023-09-22,151328,DSP CRISIL-IBX 50:50 Gilt Plus SDL - April 2033 Index Fund - Direct - IDCW,10.6076
2023-09-22,151329,DSP CRISIL-IBX 50:50 Gilt Plus SDL - April 2033 Index Fund - Direct - Growth,10.6076
2023-09-22,151330,DSP CRISIL-IBX 50:50 Gilt Plus SDL - April 2033 Index Fund - Regular - IDCW,10.5896
2023-09-22,151331,UTI Fixed Term Income Fund - Series XXXV-III (1176 Days) - Regular Plan - Quarterly IDCW Option,10.4333
2023-09-22,151332,UTI Fixed Term Income Fund - Series XXXV-III (1176 Days) - Regular Plan - Flexi IDCW Option,10.4334
2023-09-22,151333,UTI Fixed Term Income Fund - Series XXXV-III (1176 Days) - Direct Plan - Quarterly IDCW Option,10.4603
2023-09-22,151334,UTI Fixed Term Income Fund - Series XXXV-III (1176 Days) - Direct Plan - Annual IDCW Option,10.4598
2023-09-22,151335,UTI Fixed Term Income Fund - Series XXXV-III (1176 Days) - Direct Plan - Maturity IDCW Option,10.4597
2023-09-22,151338,UTI Fixed Term Income Fund - Series XXXV-III (1176 Days) - Regular Plan - Growth Option,10.4334
2023-09-22,151339,UTI Fixed Term Income Fund - Series XXXV-III (1176 Days) - Regular Plan - Annual IDCW Option,10.4337
2023-09-22,151341,UTI Fixed Term Income Fund - Series XXXV-III (1176 Days) - Direct Plan - Growth Option,10.4598
2023-09-22,151348,SBI Fixed Maturity Plan (FMP) - Series 76 (1221 Days) - Regular Plan - Income Distribution Cum Capital Withdrawal Payout,10.4624
2023-09-22,151349,SBI Fixed Maturity Plan (FMP) - Series 76 (1221 Days) - Regular Plan - Growth,10.4624
2023-09-22,151350,SBI Fixed Maturity Plan (FMP) - Series 76 (1221 Days) - Direct Plan - Income Distribution Cum Capital Withdrawal Payout,10.4727
2023-09-22,151351,SBI Fixed Maturity Plan (FMP) - Series 76 (1221 Days) - Direct Plan - Growth,10.4727
2023-09-22,151358,Kotak Nifty 1D Rate Liquid ETF,1000.0
2023-09-22,151363,UTI NIFTY SDL Plus AAA PSU Bond Apr 2026 75:25 Index Fund - Regular Plan - Growth Option,10.4301
2023-09-22,151364,UTI NIFTY SDL Plus AAA PSU Bond Apr 2026 75:25 Index Fund - Direct Plan - Growth Option,10.4471
2023-09-22,151365,Edelweiss CRISIL IBX 50:50 Gilt Plus SDL Short Duration Index fund - Direct Plan - Growth,10.4725
2023-09-22,151366,Axis Business Cycles Fund - Regular Plan - Growth,12.01
2023-09-22,151367,Axis Business Cycles Fund - Regular Plan - IDCW,12.01
2023-09-22,151368,Axis Business Cycles Fund - Direct Plan - Growth,12.11
2023-09-22,151369,Axis Business Cycles Fund - Direct Plan - IDCW,12.11
2023-09-22,151370,DSP Nifty SDL Plus G-Sec Sep 2027 50:50 Index Fund - Regular - Growth,10.4717
2023-09-22,151371,DSP Nifty SDL Plus G-Sec Sep 2027 50:50 Index Fund - Direct - IDCW,10.4819
2023-09-22,151372,DSP Nifty SDL Plus G-Sec Sep 2027 50:50 Index Fund - Regular - IDCW,10.4717
2023-09-22,151373,DSP Nifty SDL Plus G-Sec Sep 2027 50:50 Index Fund - Direct - Growth,10.4819
2023-09-22,151374,HDFC NIFTY Midcap 150 ETF - Growth Option,150.1467
2023-09-22,151375,HDFC NIFTY Smallcap 250 ETF - Growth Option,120.7361
2023-09-22,151376,HDFC BSE 500 ETF - Growth Option,27.497
2023-09-22,151377,ITI Flexi Cap Fund- Regular Plan- Growth,12.2508
2023-09-22,151378,ITI Flexi Cap Fund- Regular Plan- IDCW,12.2508
2023-09-22,151379,ITI Flexi Cap Fund- Direct Plan- Growth,12.3978
2023-09-22,151380,ITI Flexi Cap Fund- Direct Plan- IDCW,12.3978
2023-09-22,151381,Kotak Banking & Financial Services Fund - Regular Plan - Growth,11.592
2023-09-22,151382,Kotak Banking & Financial Services Fund - Regular Plan - IDCW Payout,11.592
2023-09-22,151383,Kotak Banking & Financial Services Fund - Direct Plan - IDCW Payout,11.707
2023-09-22,151384,Kotak Banking & Financial Services Fund - Direct Plan - Growth,11.706
2023-09-22,151389,Nippon India Nifty SDL Plus G-Sec - Jun 2029 Maturity 70:30 Index Fund-Regular Plan-IDCW Option,10.4719
2023-09-22,151390,Nippon India Nifty SDL Plus G-Sec-Jun 2029 Maturity 70:30 Index Fund-Direct Plan-Growth Option,10.4859
2023-09-22,151391,Nippon India Nifty SDL Plus G-Sec-Jun 2029 Maturity 70:30 Index Fund-Direct Plan-IDCW Option,10.4859
2023-09-22,151392,Nippon India Nifty SDL Plus G-Sec-Jun 2029 Maturity 70:30 Index Fund-Regular Plan- Growth Option,10.4719
2023-09-22,151393,Aditya Birla Sun Life Crisil IBX AAA Mar 2024 Index Fund-Regular Growth,10.476
2023-09-22,151394,Aditya Birla Sun Life Crisil IBX AAA Mar 2024 Index Fund-Direct IDCW,10.4897
2023-09-22,151395,Aditya Birla Sun Life Crisil IBX AAA Mar 2024 Index Fund-Regular IDCW,10.476
2023-09-22,151396,Aditya Birla Sun Life Crisil IBX AAA Mar 2024 Index Fund-Direct Growth,10.4897
2023-09-22,151397,Edelweiss CRISIL IBX 50:50 Gilt Plus SDL Short Duration Index fund - Direct Plan - IDCW,10.4727
2023-09-22,151398,Edelweiss CRISIL IBX 50:50 Gilt Plus SDL Short Duration Index fund - Regular Plan - Growth,10.4433
2023-09-22,151399,Edelweiss CRISIL IBX 50:50 Gilt Plus SDL Short Duration Index fund - Regular Plan - IDCW,10.4433
2023-09-22,151400,SBI Fixed Maturity Plan (FMP)-Series 77 (366 Days) Direct Plan- Income Distribution Cum Capital Withdrawal Payout,10.4708
2023-09-22,151401,SBI Fixed Maturity Plan (FMP)-Series 77 (366 Days)- Regular Plan- Growth,10.4644
2023-09-22,151402,SBI Fixed Maturity Plan (FMP)-Series 77 (366 Days)- Regular Plan- Income Distribution Cum Capital Withdrawal Payout,10.4644
2023-09-22,151403,SBI Fixed Maturity Plan (FMP)-Series 77 (366 Days) Direct Plan- Growth,10.4708
2023-09-22,151404,"PGIM India CRISIL IBX Gilt Index - Apr 2028 Fund - Regular Plan, Growth Option",10.4638
2023-09-22,151405,"PGIM India CRISIL IBX Gilt Index - Apr 2028 Fund - Regular Plan, IDCW Option",10.4638
2023-09-22,151406,"PGIM India CRISIL IBX Gilt Index - Apr 2028 Fund - Direct Plan, IDCW Option",10.4774
2023-09-22,151407,"PGIM India CRISIL IBX Gilt Index - Apr 2028 Fund - Direct Plan, Growth Option",10.4774
2023-09-22,151408,BANDHAN CRISIL IBX GILT APRIL 2032 INDEX FUND - DIRECT GROWTH,10.5228
2023-09-22,151409,BANDHAN CRISIL IBX GILT APRIL 2032 INDEX FUND - REGULAR GROWTH,10.5087
2023-09-22,151410,BANDHAN CRISIL IBX GILT APRIL 2032 INDEX FUND - REGULAR IDCW,10.5092
2023-09-22,151411,BANDHAN CRISIL IBX GILT APRIL 2032 INDEX FUND - DIRECT IDCW,10.5263
2023-09-22,151412,Mirae Asset Flexi Cap Fund - Direct Plan - Growth,11.888
2023-09-22,151413,Mirae Asset Flexi Cap Fund - Direct Plan -  IDCW,11.887
2023-09-22,151414,Mirae Asset Flexi Cap Fund - Regular Plan - Growth,11.779
2023-09-22,151415,Mirae Asset Flexi Cap Fund - Regular Plan - IDCW,11.783
2023-09-22,151416,Mirae Asset Gold ETF,58.7659
2023-09-22,151417,Kotak Nifty SDL Jul 2033 Index Fund Regular Plan Growth Option,10.5978
2023-09-22,151418,Kotak Nifty SDL Jul 2033 Index Fund Direct Plan IDCW,10.3032
2023-09-22,151419,Kotak Nifty SDL Jul 2033 Index Fund Regular Plan IDCW,10.5978
2023-09-22,151420,Kotak Nifty SDL Jul 2033 Index Fund Direct Plan Growth Option,10.6141
2023-09-22,151425,Aditya Birla Sun Life CRISIL IBX SDL Jun 2032 INDEX FUND - Direct IDCW Payout,10.5977
2023-09-22,151426,Aditya Birla Sun Life CRISIL IBX SDL Jun 2032 INDEX FUND - Regular IDCW Payout,10.5741
2023-09-22,151427,Aditya Birla Sun Life CRISIL IBX SDL Jun 2032 INDEX FUND - Direct Growth,10.5963
2023-09-22,151428,Aditya Birla Sun Life CRISIL IBX SDL Jun 2032 INDEX FUND - Regular Growth,10.5739
2023-09-22,151433,AXIS CRISIL IBX 50:50 Gilt Plus SDL September 2027 Index Fund- REGULAR PLAN-GROWTH,10.4562
2023-09-22,151434,AXIS CRISIL IBX 50:50 Gilt Plus SDL September 2027 Index Fund- REGULAR PLAN-IDCW,10.4562
2023-09-22,151435,AXIS CRISIL IBX 50:50 Gilt Plus SDL September 2027 Index Fund- DIRECT PLAN-GROWTH,10.4711
2023-09-22,151436,AXIS CRISIL IBX 50:50 Gilt Plus SDL September 2027 Index Fund- DIRECT PLAN- IDCW,10.471
2023-09-22,151439,Nippon India Nifty G-Sec Oct 2028 Maturity Index Fund-Regular Plan-Growth Option,10.4753
2023-09-22,151440,Nippon India Nifty G-Sec Oct 2028 Maturity Index Fund-Direct Plan-Growth Option,10.4886
2023-09-22,151441,Nippon India Nifty G-Sec Oct 2028 Maturity Index Fund-Regular Plan-IDCW Option,10.4753
2023-09-22,151442,Nippon India Nifty G-Sec Oct 2028 Maturity Index Fund-Direct Plan-IDCW Option,10.4886
2023-09-22,151443,Bank of India Multi Cap Fund Direct Plan - Growth,12.49
2023-09-22,151444,Bank of India Multi Cap Fund Direct Plan - IDCW,12.49
2023-09-22,151445,Bank of India Multi Cap Fund Regular Plan - Growth,12.43
2023-09-22,151446,Bank of India Multi Cap Fund Regular Plan - IDCW,12.42
2023-09-22,151447,DSP FMP Series - 270 - 1172 Days - Regular - Growth,10.4201
2023-09-22,151448,DSP FMP Series - 270 - 1172 Days - Regular - IDCW,10.4201
2023-09-22,151449,DSP FMP Series - 270 - 1172 Days - Direct - Growth,10.4261
2023-09-22,151450,DSP FMP Series - 270 - 1172 Days - Direct - IDCW,10.4263
2023-09-22,151451,SBI Fixed Maturity Plan (FMP)-Series 78 (1170 Days) Direct Plan- Growth,10.4531
2023-09-22,151452,SBI Fixed Maturity Plan (FMP)-Series 78 (1170 Days) Direct Plan- Income Distribution Cum Capital Withdrawal Payout,10.4525
2023-09-22,151453,SBI Fixed Maturity Plan (FMP)-Series 78 (1170 Days) Regular Plan- Income Distribution Cum Capital Withdrawal Payout,10.4438
2023-09-22,151454,SBI Fixed Maturity Plan (FMP)-Series 78 (1170 Days) Regular Plan- Growth,10.4439
2023-09-22,151455,HDFC Nifty SDL Oct 2026 Index Fund - Growth Option,10.4564
2023-09-22,151456,HDFC Nifty SDL Oct 2026 Index Fund - Growth Option - Direct Plan,10.4684
2023-09-22,151457,HDFC MNC Fund - Growth Option,11.478
2023-09-22,151458,HDFC MNC Fund - Growth Option - Direct Plan,11.552
2023-09-22,151459,HDFC MNC Fund - IDCW Option,11.478
2023-09-22,151460,HDFC MNC Fund - IDCW Option - Direct Plan,11.552
2023-09-22,151465,HDFC FMP 2638D February 2023 - Growth Option,10.583
2023-09-22,151467,HDFC FMP 2638D February 2023 - Quarterly IDCW Option,10.298
2023-09-22,151468,HDFC FMP 2638D February 2023 - IDCW Option,10.583
2023-09-22,151469,HDFC FMP 2638D February 2023 - Quarterly IDCW Option - Direct Plan,10.305
2023-09-22,151470,HDFC FMP 2638D February 2023 - Growth Option - Direct Plan,10.5992
2023-09-22,151471,NAVI ELSS TAX SAVER NIFTY 50 INDEX FUND - DIRECT PLAN GROWTH,11.6538
2023-09-22,151472,NAVI ELSS TAX SAVER NIFTY 50 INDEX FUND - REGULAR PLAN GROWTH,11.6016
2023-09-22,151473,NAVI ELSS TAX SAVER NIFTY 50 INDEX FUND - DIRECT PLAN IDCW PAYOUT,11.6583
2023-09-22,151474,NAVI ELSS TAX SAVER NIFTY 50 INDEX FUND - REGULAR PLAN IDCW PAYOUT,11.6144
2023-09-22,151475,SBI Dividend Yield Fund - Direct Plan - Income Distribution cum Capital Withdrawal (IDCW) Option,11.6897
2023-09-22,151476,SBI Dividend Yield Fund - Regular Plan - Growth,11.6214
2023-09-22,151477,SBI Dividend Yield Fund - Regular Plan - Income Distribution cum Capital Withdrawal (IDCW) Option,11.6215
2023-09-22,151478,SBI Dividend Yield Fund - Direct Plan - Growth,11.6897
2023-09-22,151479,HSBC CRISIL IBX Gilt June 2027 Index Fund - Direct - Growth,10.3653
2023-09-22,151480,HSBC CRISIL IBX Gilt June 2027 Index Fund - Regular - Growth,10.3508
2023-09-22,151481,HSBC CRISIL IBX Gilt June 2027 Index Fund - Regular - IDCW,10.3508
2023-09-22,151482,HSBC CRISIL IBX Gilt June 2027 Index Fund - Direct - IDCW,10.3653
2023-09-22,151483,UTI Fixed Term Income Fund Series XXXVI - I (1574 Days) - Regular Plan - Growth Option,10.4649
2023-09-22,151484,UTI Fixed Term Income Fund Series XXXVI - I (1574 Days) - Direct Plan - Payout of IDCW Option,10.4892
2023-09-22,151485,UTI Fixed Term Income Fund Series XXXVI - I (1574 Days) - Direct Plan - Growth Option,10.4891
2023-09-22,151486,UTI Fixed Term Income Fund Series XXXVI - I (1574 Days) - Regular Plan - Payout of IDCW Option,10.4649
2023-09-22,151487,UTI NIFTY SDL Plus AAA PSU Bond Apr 2028- 75:25 Index Fund - Direct Plan - Growth Option,10.464
2023-09-22,151488,UTI NIFTY SDL Plus AAA PSU Bond Apr 2028- 75:25 Index Fund - Regular Plan - Growth Option,10.4494
2023-09-22,151489,HDFC Nifty G-Sec Jun 2036 Index Fund - Growth Option - Direct Plan,10.5555
2023-09-22,151490,HDFC Nifty G-Sec Jun 2036 Index Fund - Growth Option,10.5429
2023-09-22,151491,ICICI Prudential Fixed Maturity Plan - Series 88 - 1303 Days Plan S - Growth,10.3996
2023-09-22,151492,ICICI Prudential Fixed Maturity Plan - Series 88 - 1303 Days Plan S - Direct Plan - IDCW,10.4134
2023-09-22,151493,ICICI Prudential Fixed Maturity Plan - Series 88 - 1303 Days Plan S - Direct Plan - Growth,10.4133
2023-09-22,151494,ICICI Prudential Fixed Maturity Plan - Series 88 - 1303 Days Plan S - IDCW,10.3996
2023-09-22,151495,HDFC Nifty G-Sec Apr 2029 Index Fund - Growth Option - Direct Plan,10.5024
2023-09-22,151496,HDFC Nifty G-Sec Apr 2029 Index Fund - Growth Option,10.493
2023-09-22,151501,Axis Fixed Term Plan - Series 112 (1143 Days) - Direct Plan - Growth,10.4834
2023-09-22,151503,Axis Fixed Term Plan - Series 112 (1143 Days) - Regular Plan - Quarterly IDCW Payout,10.4687
2023-09-22,151504,Axis Fixed Term Plan - Series 112 (1143 Days) - Regular Plan -  Half Yearly IDCW Payout,10.4686
2023-09-22,151506,Axis Fixed Term Plan - Series 112 (1143 Days) - Regular  Plan - Growth,10.4686
2023-09-22,151523,UTI Long Duration Fund - Direct Plan - Growth Option,10.4662
2023-09-22,151524,UTI Long duration Fund - Direct Plan - Quarterly IDCW Option,10.4662
2023-09-22,151525,UTI Long Duration Fund - Direct Plan - Annual IDCW Option,10.4662
2023-09-22,151527,UTI Long Duration Fund - Regular Plan - Growth Option,10.4101
2023-09-22,151528,UTI Long Duration Fund - Regular Plan - Quarterly IDCW Option,10.4101
2023-09-22,151529,UTI Long Duration Fund - Regular Plan - Half Yearly IDCW Option,10.4101
2023-09-22,151530,UTI Long Duration Fund - Direct Plan - Half Yearly IDCW Option,10.4663
2023-09-22,151531,UTI Long Duration Fund - Regular Plan - Annual IDCW Option,10.4101
2023-09-22,151532,UTI Long Duration Fund - Regular Plan - Flexi IDCW Option,10.4101
2023-09-22,151533,Aditya Birla Sun Life CRISIL Liquid Overnight ETF - IDCW Daily Reinvestment with Weekly Payout,1000.0
2023-09-22,151546,Bandhan US Treasury Bond 0-1 year specific Debt Passive FOF - REGULAR PLAN - GROWTH,10.2871
2023-09-22,151547,Bandhan US Treasury Bond 0-1 year specific Debt Passive FOF- REGULAR PLAN- IDCW,10.2871
2023-09-22,151548,Bandhan US Treasury Bond 0-1 year specific Debt Passive FOF - DIRECT PLAN - GROWTH,10.291
2023-09-22,151549,Bandhan US Treasury Bond 0-1 year specific Debt Passive FOF - DIRECT PLAN - IDCW,10.291
2023-09-22,151556,SBI Fixed Maturity Plan (FMP) - Series 79 (1130 Days) - Regular Plan - Growth,10.4108
2023-09-22,151557,SBI Fixed Maturity Plan (FMP) - Series 79 (1130 Days) - Regular Plan - Income Distribution cum Capital Withdrawal Payout,10.4108
2023-09-22,151558,SBI Fixed Maturity Plan (FMP) - Series 79 (1130 Days) - Direct Plan - Income Distribution cum Capital Withdrawal Payout,10.4192
2023-09-22,151559,SBI Fixed Maturity Plan (FMP) - Series 79 (1130 Days) - Direct Plan - Growth,10.4191
2023-09-22,151560,Aditya Birla Sun Life Nifty SDL SEP 2027 Index Fund-Regular Growth,10.4386
2023-09-22,151561,Aditya Birla Sun Life Nifty SDL SEP 2027 Index Fund-Regular IDCW,10.4386
2023-09-22,151562,Aditya Birla Sun Life Nifty SDL SEP 2027 Index Fund-Direct Growth,10.4553
2023-09-22,151563,Aditya Birla Sun Life Nifty SDL SEP 2027 Index Fund-Direct IDCW,10.4551
2023-09-22,151564,HDFC FMP 1269D March 2023 - Growth Option,10.3119
2023-09-22,151565,HDFC FMP 1269D March 2023 - Growth Option - Direct Plan,10.3239
2023-09-22,151566,HDFC FMP 1269D March 2023 - IDCW Option,10.3119
2023-09-22,151567,HDFC FMP 1269D March 2023 - IDCW Option - Direct Plan,10.3239
2023-09-22,151568,HDFC FMP 1269D March 2023 - Quarterly IDCW Option,10.1214
2023-09-22,151569,HDFC FMP 1269D March 2023 - Quarterly IDCW Option - Direct Plan,10.128
2023-09-22,151570,HDFC NIFTY SDL Plus G-Sec Jun 2027 40:60 Index Fund - Growth Option - Direct Plan,10.3599
2023-09-22,151571,HDFC NIFTY SDL Plus G-Sec Jun 2027 40:60 Index Fund - Growth Option,10.352
2023-09-22,151572,ICICI Prudential Nifty PSU Bank ETF,52.3698
2023-09-22,151573,Baroda BNP Paribas NIFTY SDL December 2028 Index Fund - Regular Plan - IDCW Option,10.4196
2023-09-22,151574,Baroda BNP Paribas NIFTY SDL December 2028 Index Fund - Direct Plan - Growth Option,10.435
2023-09-22,151575,Baroda BNP Paribas NIFTY SDL December 2028 Index Fund - Direct Plan - IDCW Option,10.4351
2023-09-22,151576,Baroda BNP Paribas NIFTY SDL December 2028 Index Fund - Regular Plan - Growth Option,10.4193
2023-09-22,151577,Aditya Birla Sun Life Crisil IBX Gilt Apr 2028 Index Fund-Direct Growth,10.3645
2023-09-22,151578,ICICI Prudential Innovation Fund - Direct Plan - IDCW,11.85
2023-09-22,151579,ICICI Prudential Innovation Fund - Growth,11.79
2023-09-22,151580,ICICI Prudential Innovation Fund - Direct Plan - Growth,11.85
2023-09-22,151581,ICICI Prudential Innovation Fund - IDCW,11.79
2023-09-22,151582,Aditya Birla Sun Life Crisil IBX Gilt Apr 2028 Index Fund-Regular IDCW,10.3482
2023-09-22,151583,Aditya Birla Sun Life Crisil IBX Gilt Apr 2028 Index Fund-Regular Growth,10.348
2023-09-22,151584,Aditya Birla Sun Life Crisil IBX Gilt Apr 2028 Index Fund-Direct IDCW,10.3651
2023-09-22,151585,Axis BSE Sensex ETF,66.4168
2023-09-22,151586,Axis Fixed Term Plan - Series 113 (1228 Days) - Direct Plan - Growth,10.3806
2023-09-22,151587,Axis Fixed Term Plan - Series 113 (1228 Days) - Direct Plan - Quarterly IDCW,10.3806
2023-09-22,151588,Axis Fixed Term Plan - Series 113 (1228 Days) - Regular Plan - Growth,10.3674
2023-09-22,151589,Axis Fixed Term Plan - Series 113 (1228 Days) - Regular Plan - Quarterly IDCW,10.3671
2023-09-22,151590,Invesco India Nifty G-sec Jul 2027 Index Fund - Regular Plan - Growth,1034.9474
2023-09-22,151591,Invesco India Nifty G-sec Jul 2027 Index Fund - Regular Plan - IDCW Payout,1034.9564
2023-09-22,151592,Invesco India Nifty G-sec Jul 2027 Index Fund - Direct Plan - IDCW Payout,1035.7506
2023-09-22,151593,Invesco India Nifty G-sec Jul 2027 Index Fund - Direct Plan - Growth,1035.752
2023-09-22,151594,Invesco India Nifty G-sec Sep 2032 Index Fund - Regular Plan - Growth,1039.4869
2023-09-22,151595,Invesco India Nifty G-sec Sep 2032 Index Fund - Regular Plan - IDCW Payout,1039.5033
2023-09-22,151596,Invesco India Nifty G-sec Sep 2032 Index Fund - Direct Plan - IDCW Payout,1040.2614
2023-09-22,151597,Invesco India Nifty G-sec Sep 2032 Index Fund - Direct Plan - Growth,1040.2606
2023-09-22,151602,Kotak Silver ETF Fund of Fund - Regular Plan - Growth Option,10.1106
2023-09-22,151603,Kotak Silver ETF Fund of Fund - Direct Plan - Growth Option,10.1324
2023-09-22,151604,Mirae Asset Nifty 100 Low Volatility 30 ETF,152.129
2023-09-22,151605,Kotak Nifty SDL Jul 2028 Index Fund - Regular Plan - IDCW Payout,10.3909
2023-09-22,151606,Kotak Nifty SDL Jul 2028 Index Fund - Direct Plan - IDCW Payout,10.4035
2023-09-22,151607,Kotak Nifty SDL Jul 2028 Index Fund - Regular Plan - Growth,10.3909
2023-09-22,151608,Kotak Nifty SDL Jul 2028 Index Fund - Direct Plan - Growth,10.4036
2023-09-22,151609,NJ ELSS Tax Saver Scheme Regular Growth,11.1
2023-09-22,151610,NJ ELSS Tax Saver Scheme Regular IDCW,11.1
2023-09-22,151611,NJ ELSS Tax Saver Scheme Direct Growth,11.15
2023-09-22,151612,NJ ELSS Tax Saver Scheme Direct IDCW,11.15
2023-09-22,151613,SBI Fixed Maturity Plan (FMP)-Series 80 (366 Days) Direct Plan- Growth,10.3942
2023-09-22,151614,SBI Fixed Maturity Plan (FMP)-Series 80 (366 Days) Direct Plan- Income Distribution Cum Capital Withdrawal Payout Option,10.3944
2023-09-22,151615,SBI Fixed Maturity Plan (FMP)-Series 80 (366 Days)- Regular Plan- Income Distribution Cum Capital Withdrawal Payout Option,10.389
2023-09-22,151616,SBI Fixed Maturity Plan (FMP)-Series 80 (366 Days) Regular Plan- Growth,10.3889
2023-09-22,151617,TRUSTMF FIXED MATURITY PLAN -SERIES II (1196 DAYS)-REGULAR PLAN -GROWTH,1038.4339
2023-09-22,151618,TRUSTMF FIXED MATURITY PLAN -SERIES II (1196 DAYS)-REGULAR PLAN -IDCW PAYOUT,1038.434
2023-09-22,151620,TRUSTMF FIXED MATURITY PLAN -SERIES II (1196 DAYS)-DIRECT PLAN -GROWTH,1039.3006
2023-09-22,151622,Union Fixed Maturity Plan - Series 13 - Direct Plan - Growth Option,10.3272
2023-09-22,151623,Union Fixed Maturity Plan - Series 13 - Regular Plan - IDCW Payout Option,10.3121
2023-09-22,151624,Union Fixed Maturity Plan - Series 13 - Regular Plan - Growth Option,10.3121
2023-09-22,151629,Axis Fixed Term Plan - Series 113 (1228 Days) - Regular Plan - Half Yearly IDCW,10.3674
2023-09-22,151639,SBI Fixed Maturity Plan (FMP)-Series 81 (1157 Days) Direct Plan- Growth,10.3522
2023-09-22,151640,SBI Fixed Maturity Plan (FMP)-Series 81 (1157 Days) Direct Plan- Income Distribution Cum Capital Withdrawal Payout,10.352
2023-09-22,151641,SBI Fixed Maturity Plan (FMP)-Series 81 (1157 Days) Regular Plan- Growth,10.3447
2023-09-22,151642,SBI Fixed Maturity Plan (FMP)-Series 81 (1157 Days) Regular Plan- Income Distribution Cum Capital Withdrawal Payout,10.3447
2023-09-22,151647,Kotak Nifty Smallcap 50 Index Fund - Regular Plan - Growth,13.388
2023-09-22,151648,Kotak Nifty Smallcap 50 Index Fund - Regular Plan - IDCW,13.388
2023-09-22,151649,Kotak Nifty Smallcap 50 Index Fund - Direct Plan - Growth,13.427
2023-09-22,151650,Kotak Nifty Smallcap 50 Index Fund - Direct Plan - IDCW,13.434
2023-09-22,151671,Nippon India Fixed Maturity Plan-XLV-Series 4-Direct Plan-Payout of IDCW,10.3227
2023-09-22,151672,Nippon India Fixed Maturity Plan-XLV-Series 4-Regular Plan-Growth Option,10.3128
2023-09-22,151673,Nippon India Fixed Maturity Plan-XLV-Series 4-Regular Plan-Payout of IDCW,10.3128
2023-09-22,151674,Nippon India Fixed Maturity Plan-XLV-Series 4-Direct Plan-Growth Option,10.3227
2023-09-22,151679,Kotak FMP Series 308 - Regular Plan - Growth,10.3611
2023-09-22,151680,Kotak FMP Series 308 - Regular Plan - IDCW Payout,10.3611
2023-09-22,151681,Kotak FMP Series 308 - Direct Plan - Growth,10.3768
2023-09-22,151682,Kotak FMP Series 308 - Direct Plan - IDCW Payout,10.3766
2023-09-22,151683,Kotak FMP Series 310 - Regular Plan - Growth Option,10.3147
2023-09-22,151685,Kotak FMP Series 310 - Regular Plan - IDCW Payout option,10.3142
2023-09-22,151686,Kotak FMP Series 310 - Direct Plan - Growth Option,10.3276
2023-09-22,151691,Mirae Asset Nifty SDL June 2028 Index Fund - Direct Plan - Growth,10.3575
2023-09-22,151692,Mirae Asset Nifty SDL June 2028 Index Fund - Direct Plan - IDCW,10.3575
2023-09-22,151693,Mirae Asset Nifty SDL June 2028 Index Fund - Regular Plan - IDCW,10.3382
2023-09-22,151694,Mirae Asset Nifty SDL June 2028 Index Fund -Regular Plan - Growth,10.3381
2023-09-22,151695,Mirae Asset Nifty 8-13 yr Gsec ETF,24.7358
2023-09-22,151700,Aditya Birla Sun Life Fixed Term Plan - Series UJ (1110 days) - Direct Plan - Growth Option,10.3413
2023-09-22,151701,Aditya Birla Sun Life Fixed Term Plan - Series UJ (1110 days) - Regular Plan - Payout of IDCW Option,10.3364
2023-09-22,151702,Aditya Birla Sun Life Fixed Term Plan - Series UJ (1110 days) - Direct Plan - Payout of IDCW Option,10.3421
2023-09-22,151703,Aditya Birla Sun Life Fixed Term Plan - Series UJ (1110 days) - Regular Plan - Growth Option,10.3363
2023-09-22,151708,Nippon India Fixed Maturity Plan-XLV-Series 5-Direct Plan-Growth Option,10.4374
2023-09-22,151710,Nippon India Fixed Maturity Plan-XLV-Series 5-Regular Plan-Growth Option,10.4224
2023-09-22,151711,Nippon India Fixed Maturity Plan-XLV-Series 5-Regular Plan-Payout of IDCW,10.4224
2023-09-22,151712,quant Dynamic Asset Allocation Fund - IDCW Option - Direct Plan,11.5209
2023-09-22,151713,quant Dynamic Asset Allocation Fund - Growth Option - Direct Plan,11.5249
2023-09-22,151714,quant Dynamic Asset Allocation Fund - Growth Option - Regular Plan,11.4353
2023-09-22,151715,quant Dynamic Asset Allocation Fund - IDCW Option - Regular Plan,11.4359
2023-09-22,151724,HDFC NIFTY Midcap 150 Index Fund - Growth Option - Direct Plan,12.7623
2023-09-22,151725,HDFC NIFTY Midcap 150 Index Fund - Growth Option,12.7249
2023-09-22,151726,HDFC NIFTY Smallcap 250 Index Fund - Growth Option,13.1018
2023-09-22,151727,HDFC NIFTY Smallcap 250 Index Fund - Growth Option - Direct Plan,13.1402
2023-09-22,151728,HDFC BSE 500 Index Fund - Growth Option - Direct Plan,11.6374
2023-09-22,151729,HDFC BSE 500 Index Fund - Regular Plan - Growth Option,11.6025
2023-09-22,151730,UTI Silver Exchange Traded Fund,73.0687
2023-09-22,151731,UTI Silver ETF Fund of Fund - Direct Plan - Growth Option,9.6615
2023-09-22,151732,UTI Silver ETF Fund of Fund - Regular Plan - Growth Option,9.6451
2023-09-22,151733,Baroda BNP Paribas Floater Fund - Regular Plan - Weekly IDCW option,10.0431
2023-09-22,151734,Baroda BNP Paribas Floater Fund - Regular Plan - Growth option,10.3536
2023-09-22,151735,Baroda BNP Paribas Floater Fund - Direct Plan - Growth Option,10.3706
2023-09-22,151736,Baroda BNP Paribas Floater Fund - Direct Plan - Weekly IDCW Option,10.0383
2023-09-22,151737,DSP Gold ETF,58.7954
2023-09-22,151738,UTI Nifty 500 Value 50 Index Fund - Regular Plan - Growth Option,12.196
2023-09-22,151739,UTI Nifty 500 Value 50 Index Fund - Direct Plan - Growth Option,12.2211
2023-09-22,151745,WhiteOak Capital Multi Asset Allocation Fund Direct Plan Growth,10.442
2023-09-22,151746,WhiteOak Capital Multi Asset Allocation Fund Regular Plan Growth,10.4
2023-09-22,151747,Baroda BNP Paribas Value Fund - Regular Plan - Growth option,10.744
2023-09-22,151748,HDFC Defence Fund - IDCW Option,11.693
2023-09-22,151749,HDFC Defence Fund - IDCW Option - Direct Plan,11.738
2023-09-22,151750,HDFC Defence Fund - Growth Option - Direct Plan,11.738
2023-09-22,151751,HDFC Defence Fund - Growth Option,11.693
2023-09-22,151752,Samco Active Momentum Fund - Regular Plan - Growth Option,10.24
2023-09-22,151753,Samco Active Momentum Fund - Direct Plan - Growth Option,10.28
2023-09-22,151754,Baroda BNP Paribas Value Fund - Regular Plan - IDCW option,10.744
2023-09-22,151755,Baroda BNP Paribas Value Fund - Direct Plan - Growth option,10.7999
2023-09-22,151756,Baroda BNP Paribas Value Fund - Direct Plan - IDCW option,10.7999
2023-09-22,151757,quant Business Cycle Fund - Growth Option - Direct Plan,11.9177
2023-09-22,151758,quant Business Cycle Fund - Growth Option - Regular Plan,11.8533
2023-09-22,151759,quant Business Cycle Fund - IDCW Option - Direct Plan,11.9138
2023-09-22,151760,quant Business Cycle Fund - IDCW Option - Regular Plan,11.8535
2023-09-22,151761,UTI Nifty50 Equal Weight Index Fund - Regular Plan - Growth Option,10.7665
2023-09-22,151762,UTI Nifty50 Equal Weight Index Fund - Direct Plan - Growth Option,10.784
2023-09-22,151763,UTI BSE Housing Index Fund - Regular Plan - Growth Option,10.9195
2023-09-22,151764,UTI BSE Housing Index Fund - Direct Plan - Growth Option,10.9373
2023-09-22,151765,SBI BSE Sensex Index Fund - Regular Plan - Growth,10.6152
2023-09-22,151766,SBI BSE Sensex Index Fund - Regular Plan - IDCW,10.6153
2023-09-22,151769,SBI BSE Sensex Index Fund - Direct Plan - Growth,10.624
2023-09-22,151770,SBI BSE Sensex Index Fund - Direct Plan - IDCW,10.6239
2023-09-22,151775,ITI Focused Fund - Regular Plan - IDCW,10.3439
2023-09-22,151776,ITI Focused Fund - Direct Plan - IDCW,10.3977
2023-09-22,151777,ITI Focused Fund - Direct Plan - Growth,10.3977
2023-09-22,151778,ITI Focused Fund - Regular Plan - Growth,10.3439
2023-09-22,151779,Mirae Asset Silver ETF,73.1329
2023-09-22,151780,Kotak Nifty 200 Momentum 30 Index Fund - Regular Plan - IDCW Payout,10.785
2023-09-22,151781,Kotak Nifty 200 Momentum 30 Index Fund - Direct Plan - Growth Option,10.8
2023-09-22,151782,Kotak Nifty 200 Momentum 30 Index Fund - Direct Plan - IDCW Payout,10.8
2023-09-22,151783,Kotak Nifty 200 Momentum 30 Index Fund - Regular Plan - Growth Option,10.785
2023-09-22,151784,Axis Nifty IT Index Fund - Regular Plan - IDCW,10.9709
2023-09-22,151785,Axis Nifty IT Index Fund - Direct Plan - Growth,10.9853
2023-09-22,151786,Axis Nifty IT Index Fund - Direct Plan - IDCW,10.9853
2023-09-22,151787,Axis Nifty IT Index Fund - Regular Plan - Growth,10.9709
2023-09-22,151788,quant BFSI Fund - Growth Option - Regular Plan,11.7102
2023-09-22,151789,quant BFSI Fund - IDCW Option - Regular Plan,11.706
2023-09-22,151790,quant BFSI Fund - IDCW Option - Direct Plan,11.7714
2023-09-22,151791,quant BFSI Fund - Growth Option - Direct Plan,11.7627
2023-09-22,151792,Edelweiss Multi Asset Allocation Fund - Direct Plan - Growth,10.1869
2023-09-22,151793,Edelweiss Multi Asset Allocation Fund - Direct Plan - IDCW Option,10.1869
2023-09-22,151794,Edelweiss Multi Asset Allocation Fund - Regular Plan - IDCW Option,10.1788
2023-09-22,151795,Edelweiss Multi Asset Allocation Fund - Regular Plan - Growth,10.1788
2023-09-22,151796,360 ONE FLEXICAP FUND-DIRECT PLAN- GROWTH,10.4827
2023-09-22,151797,360 ONE FLEXICAP FUND-REGULAR PLAN- IDCW,10.4462
2023-09-22,151798,360 ONE FLEXICAP FUND-DIRECT PLAN- IDCW,10.4827
2023-09-22,151799,360 ONE FLEXICAP FUND-REGULAR PLAN- GROWTH,10.4462
2023-09-22,151802,HDFC Consumption Fund - IDCW Option,10.35
2023-09-22,151803,HDFC Consumption Fund - Growth Option,10.35
2023-09-22,151804,HDFC Consumption Fund - Growth Option - Direct Plan,10.375
2023-09-22,151805,HDFC Consumption Fund - IDCW Option - Direct Plan,10.375
2023-09-22,151810,Mirae Asset Multicap Fund - Direct Plan - Growth,10.345
2023-09-22,151811,Mirae Asset Multicap Fund - Direct Plan - IDCW,10.344
2023-09-22,151812,Mirae Asset Multicap Fund - Regular Plan - Growth,10.33
2023-09-22,151813,Mirae Asset Multicap Fund - Regular Plan - IDCW,10.327
2023-09-22,151814,Motilal Oswal Nifty Microcap 250 Index Fund- Direct- Growth Option,11.8543
2023-09-22,151815,Motilal Oswal Nifty Microcap 250 Index Fund- Regular- Growth Option,11.8362
2023-09-22,151816,BANDHAN FINANCIAL SERVICES FUND - DIRECT PLAN - GROWTH,10.133
2023-09-22,151817,BANDHAN FINANCIAL SERVICES FUND - DIRECT PLAN - IDCW,10.133
2023-09-22,151818,BANDHAN FINANCIAL SERVICES FUND - REGULAR PLAN - GROWTH,10.108
2023-09-22,151819,BANDHAN FINANCIAL SERVICES FUND - REGULAR PLAN - IDCW,10.108
2023-09-22,151820,DSP Nifty IT ETF,32.9232
2023-09-22,151821,Canara Robeco Multi Cap Fund - Regular Plan - Growth Option,10.15
2023-09-22,151822,Canara Robeco Multi Cap Fund - Direct Plan - IDCW Option,10.17
2023-09-22,151823,Canara Robeco Multi Cap Fund - Regular Plan - IDCW Option,10.15
2023-09-22,151824,Canara Robeco Multi Cap Fund - Direct Plan - Growth Option,10.17
2023-09-22,151833,Bajaj Finserv Liquid Fund - Direct Plan - Growth,1014.66
2023-09-22,151834,Bajaj Finserv Liquid Fund - Direct Plan - Weekly - IDCW,1014.66
2023-09-22,151835,Bajaj Finserv Liquid Fund - Direct Plan - Daily - IDCW,1014.66
2023-09-22,151836,Bajaj Finserv Liquid Fund - Direct Plan - Monthly - IDCW,1014.66
2023-09-22,151837,Bajaj Finserv Liquid Fund - Regular Plan - Growth,1014.2827
2023-09-22,151838,Bajaj Finserv Liquid Fund - Direct Plan - Fortnightly - IDCW,1014.66
2023-09-22,151839,Bajaj Finserv Liquid Fund - Regular Plan - Daily - IDCW,1014.2827
2023-09-22,151840,Bajaj Finserv Liquid Fund - Regular Plan - Weekly - IDCW,1014.2827
2023-09-22,151841,Bajaj Finserv Liquid Fund - Regular Plan - Fortnightly - IDCW,1014.2827
2023-09-22,151842,Bajaj Finserv Liquid Fund - Regular Plan - Monthly - IDCW,1014.2827
2023-09-22,151843,Bajaj Finserv Overnight Fund - Direct Plan - Daily - IDCW,1014.1719
2023-09-22,151844,Bajaj Finserv Overnight Fund - Direct Plan - Weekly - IDCW,1014.1719
2023-09-22,151845,Bajaj Finserv Overnight Fund - Direct Plan - Monthly - IDCW,1014.1719
2023-09-22,151846,Bajaj Finserv Overnight Fund - Regular Plan - Weekly - IDCW,1014.0609
2023-09-22,151847,Bajaj Finserv Overnight Fund - Regular Plan - Fortnightly - IDCW,1014.0609
2023-09-22,151848,Bajaj Finserv Overnight Fund - Regular Plan - Monthly - IDCW,1014.0609
2023-09-22,151849,Bajaj Finserv Overnight Fund - Direct Plan - Growth,1014.1719
2023-09-22,151850,Bajaj Finserv Overnight Fund - Direct Plan - Fortnightly - IDCW,1014.1719
2023-09-22,151851,Bajaj Finserv Overnight Fund - Regular Plan - Growth,1014.0609
2023-09-22,151852,Bajaj Finserv Overnight Fund - Regular Plan - Daily - IDCW,1014.0609
2023-09-22,151853,quant Healthcare Fund - Growth Option - Direct Plan,10.6475
2023-09-22,151854,quant Healthcare Fund - IDCW Option - Direct Plan,10.6478
2023-09-22,151855,quant Healthcare Fund - Growth Option - Regular Plan,10.6135
2023-09-22,151856,quant Healthcare Fund - IDCW Option - Regular Plan,10.615
2023-09-22,151857,Mirae Asset Nifty Bank ETF,446.4437
2023-09-22,151862,HDFC Charity Fund for Cancer Cure - IDCW Option - Direct Plan - 50% IDCW Donation Option,10.0878
2023-09-22,151863,HDFC Charity Fund for Cancer Cure - IDCW Option - 75% IDCW Donation Option,10.0891
2023-09-22,151864,HDFC Charity Fund for Cancer Cure - IDCW Option - Direct Plan - 75% IDCW Donation Option,10.0894
2023-09-22,151865,HDFC Charity Fund for Cancer Cure - IDCW Option - 50% IDCW Donation Option,10.0882
2023-09-22,151866,NAVI Overnight Fund Direct Plan Daily IDCW Reinvestment,10.0129
2023-09-22,151868,NAVI Overnight Fund Regular Plan Growth,10.1164
2023-09-22,151869,NAVI Overnight Fund Regular Plan Monthly IDCW Reinvestment,10.061
2023-09-22,151870,NAVI Overnight Fund Regular Plan Daily IDCW Reinvestment,10.0129
2023-09-22,151873,NAVI Overnight Fund Regular Plan Weekly IDCW Reinvestment,10.0116
2023-09-22,151874,NAVI Overnight Fund Direct Plan Monthly IDCW Reinvestment,10.0625
2023-09-22,151875,NAVI Overnight Fund Direct Plan Growth,10.1179
2023-09-22,151876,NAVI Overnight Fund Direct Plan Weekly IDCW Reinvestment,10.0114
2023-09-22,151878,Kotak Quant Fund - Regular Plan - Growth Option,10.23
2023-09-22,151879,Kotak Quant Fund - Regular Plan - IDCW Payout,10.23
2023-09-22,151880,Kotak Quant Fund - Direct plan - IDCW Payout,10.232
2023-09-22,151881,Kotak Quant Fund - Direct Plan - Growth Option,10.232
2023-09-22,151882,UTI Balanced Advantage Fund - Regular Plan - Growth Option,10.1167
2023-09-22,151883,UTI Balanced Advantage Fund - Direct Plan - Payout of IDCW Option,10.1344
2023-09-22,151884,UTI Balanced Advantage Fund - Regular Plan - Payout of IDCW Option,10.1168
2023-09-22,151885,UTI Balanced Advantage Fund - Direct Plan - Growth Option,10.1344
2023-09-22,151886,DSP BSE Sensex ETF,66.1026
2023-09-22,151887,DSP Nifty Private Bank ETF,23.1022
2023-09-22,151888,DSP Nifty PSU Bank ETF,52.0645
2023-09-22,151889,Bajaj Finserv Money Market Fund-Direct Plan-Growth,1015.1641
2023-09-22,151890,Bajaj Finserv Money Market Fund-Direct Plan-IDCW,1015.1641
2023-09-22,151891,Bajaj Finserv Money Market Fund-Regular Plan-IDCW,1014.2353
2023-09-22,151892,Bajaj Finserv Money Market Fund-Regular Plan-Monthly-IDCW,1014.2353
2023-09-22,151893,Bajaj Finserv Money Market Fund-Regular Plan-Growth,1014.2353
2023-09-22,151894,Bajaj Finserv Money Market Fund-Direct Plan-Monthly-IDCW,1015.1641
2023-09-22,151895,Bajaj Finserv Flexi Cap Fund-Direct Plan-Growth,10.057
2023-09-22,151896,Bajaj Finserv Flexi Cap Fund-Direct Plan-IDCW,10.057
2023-09-22,151897,Bajaj Finserv Flexi Cap Fund-Regular Plan-IDCW,10.043
2023-09-22,151898,Bajaj Finserv Flexi Cap Fund -Regular Plan-Growth,10.043
2023-09-22,151899,HDFC Transportation and Logistics Fund - IDCW Option - Direct Plan,10.265
2023-09-22,151900,HDFC Transportation and Logistics Fund - Growth Option,10.253
2023-09-22,151901,HDFC Transportation and Logistics Fund - Growth Option - Direct Plan,10.265
2023-09-22,151902,HDFC Transportation and Logistics Fund - IDCW Option,10.253
2023-09-22,151903,Union Innovation & Opportunities Fund - Regular Plan - Growth Option,9.82
2023-09-22,151904,Union Innovation & Opportunities Fund - Direct Plan - IDCW Option,9.83
2023-09-22,151905,Union Innovation & Opportunities Fund - Direct Plan - Growth Option,9.83
2023-09-22,151906,Union Innovation & Opportunities Fund - Regular Plan - IDCW Option,9.82
2023-09-22,151907,ICICI Prudential Nifty 200 Quality 30 ETF,165.9509
2023-09-22,151908,Mirae Asset Nifty 1D Rate Liquid ETF-IDCW,1000.0
2023-09-22,151909,Kotak Nifty Financial Services Ex-Bank Index Fund - Regular Plan - Growth option,10.542
2023-09-22,151910,Kotak Nifty Financial Services Ex-Bank Index Fund - Regular Plan - IDCW option,10.542
2023-09-22,151911,Kotak Nifty Financial Services Ex-Bank Index Fund - Direct Plan - Growth option,10.55
2023-09-22,151912,Kotak Nifty Financial Services Ex-Bank Index Fund - Direct Plan - IDCW option,10.55
2023-09-22,151913,quant Manufacturing Fund - Growth Option - Regular Plan,10.6997
2023-09-22,151914,quant Manufacturing Fund - IDCW Option - Direct Plan,10.7226
2023-09-22,151915,quant Manufacturing Fund - IDCW Option - Regular Plan,10.7036
2023-09-22,151916,quant Manufacturing Fund - Growth Option - Direct Plan,10.7221
2023-09-22,151917,NJ Flexi Cap Fund - Direct Plan - Growth Option,10.04
2023-09-22,151918,NJ Flexi Cap Fund - Direct Plan - IDCW Option,10.04
2023-09-22,151919,NJ Flexi Cap Fund - Regular Plan - IDCW Option,10.03
2023-09-22,151920,NJ Flexi Cap Fund - Regular Plan - Growth Option,10.03
2023-09-22,151927,LIC MF Liquid Fund-Regular Plan-Weekly IDCW,1000.5547
2023-09-22,151928,LIC MF Liquid Fund-Regular Plan-Monthly IDCW,1010.3057
2023-09-22,151930,LIC MF Liquid Fund-Direct Plan-Monthly IDCW,1025.1656
2023-09-22,151932,LIC MF Liquid Fund-Direct Plan-Weekly IDCW,1015.0655
2023-09-22,151935,LIC MF Nifty Next 50 Index Fund-Regular Plan-Growth,33.6856
2023-09-22,151936,LIC MF Nifty Next 50 Index Fund-Regular Plan-IDCW,33.6856
2023-09-22,151937,LIC MF Nifty Next 50 Index Fund-Direct Plan-Growth,36.5664
2023-09-22,151938,LIC MF Nifty Next 50 Index Fund-Direct Plan-IDCW,36.5664
2023-09-22,151949,LIC MF Equity Savings Fund-Regular Plan-Monthly IDCW,18.0823
2023-09-22,151950,LIC MF Equity Savings Fund-Regular Plan-Growth,22.9508
2023-09-22,151951,LIC MF Equity Savings Fund-Regular Plan-Quarterly IDCW,17.096
2023-09-22,151952,LIC MF Equity Savings Fund-Direct Plan-Growth,25.4243
2023-09-22,151953,LIC MF Equity Savings Fund-Direct Plan-Monthly IDCW,17.1796
2023-09-22,151954,LIC MF Equity Savings Fund-Direct Plan-Quarterly IDCW,14.1696
2023-09-22,151955,LIC MF Short Duration Fund-Regular Plan-Monthly IDCW,12.7882
2023-09-22,151956,LIC MF Short Duration Fund-Regular Plan-Weekly IDCW,12.688
2023-09-22,151959,LIC MF Short Duration Fund-Direct Plan-Monthly IDCW,13.4278
2023-09-22,151960,LIC MF Short Duration Fund-Direct Plan-Weekly IDCW,13.4278
2023-09-22,151961,LIC MF Gold Exchange Traded Fund,5407.8343
2023-09-22,151973,LIC MF Gold ETF Fund of Fund-Regular Plan-Growth,15.8552
2023-09-22,151974,LIC MF Gold ETF Fund of Fund-Direct Plan-Growth,16.5869
2023-09-22,151986,LIC MF Medium to Long Duration Fund-Regular Plan-Quarterly IDCW,13.7956
2023-09-22,151988,LIC MF Medium to Long Duration Fund-Direct Plan-Quarterly IDCW,16.0961
2023-09-22,151989,LIC MF Medium to Long Duration Fund-Regular Plan-Annual IDCW,13.7956
2023-09-22,151990,LIC MF Medium to Long Duration Fund-Direct Plan-Annual IDCW,16.0961
2023-09-22,151999,LIC MF Mid Cap Fund-Direct Plan-IDCW,20.6083
2023-09-22,152000,LIC MF Mid Cap Fund-Regular Plan-IDCW,18.7378
2023-09-22,152001,LIC MF Mid Cap Fund-Regular Plan-Growth,19.9652
2023-09-22,152002,LIC MF Mid Cap Fund-Direct Plan-Growth,21.9172
2023-09-22,152003,LIC MF Small Cap Fund-Regular Plan-Growth,21.6246
2023-09-22,152004,LIC MF Small Cap Fund-Direct Plan-Growth,23.7019
2023-09-22,152005,LIC MF Small Cap Fund-Direct Plan-IDCW,23.7023
2023-09-22,152006,LIC MF Small Cap Fund-Regular Plan-IDCW,21.6245
2023-09-22,152007,LIC MF Focused Fund-Regular Plan-IDCW,17.1336
2023-09-22,152008,LIC MF Focused Fund-Direct Plan-IDCW,18.5044
2023-09-22,152009,LIC MF Focused Fund-Regular Plan-Growth,17.1338
2023-09-22,152010,LIC MF Focused Fund-Direct Plan-Growth,18.5042
2023-09-22,152015,LIC MF Value Fund-Direct Plan-IDCW,19.2874
2023-09-22,152016,LIC MF Value Fund-Regular Plan-Growth,18.2806
2023-09-22,152017,LIC MF Value Fund-Regular Plan-IDCW,18.2808
2023-09-22,152018,LIC MF Value Fund-Direct Plan-Growth,19.2888
2023-09-22,152019,LIC MF Dividend Yield Fund-Regular Plan-Growth,20.1672
2023-09-22,152020,LIC MF Dividend Yield Fund-Regular Plan-IDCW,20.1671
2023-09-22,152021,LIC MF Dividend Yield Fund-Direct Plan-IDCW,21.3568
2023-09-22,152022,LIC MF Dividend Yield Fund-Direct Plan-Growth,21.3563
2023-09-22,152023,LIC MF Healthcare Fund-Direct Plan-IDCW,20.0685
2023-09-22,152024,LIC MF Healthcare Fund-Direct Plan-Growth,20.0693
2023-09-22,152025,LIC MF Healthcare Fund-Regular Plan-Growth,18.8033
2023-09-22,152026,LIC MF Healthcare Fund-Regular Plan-IDCW,18.8035
2023-09-22,152027,HSBC Consumption Fund - Regular Growth,10.023
2023-09-22,152028,HSBC Consumption Fund - Direct IDCW,10.0317
2023-09-22,152030,HSBC Consumption Fund - Regular IDCW,10.023
2023-09-22,152032,HSBC Consumption Fund - Direct Growth,10.0317
2023-09-22,152033,Nippon India Innovation Fund-Direct Plan-Growth Option,10.1383
2023-09-22,152034,Nippon India Innovation Fund-Regular Plan-Growth Option,10.1285
2023-09-22,152035,Nippon India Innovation Fund-Direct Plan-IDCW Option,10.1383
2023-09-22,152036,Nippon India Innovation Fund-Regular Plan-IDCW Option,10.1285
2023-09-22,152037,Kotak BSE Housing Index Fund - Direct Plan - IDCW Option,10.193
2023-09-22,152038,Kotak  BSE Housing Index Fund - Regular Plan - Growth Option,10.188
2023-09-22,152039,Kotak BSE Housing Index Fund - Direct Plan - Growth Option,10.193
2023-09-22,152040,Kotak  BSE Housing Index Fund - Regular Plan - IDCW Option,10.188
2023-09-22,152041,Bandhan Nifty IT Index Fund - Direct Plan - Growth,10.5444
2023-09-22,152042,Bandhan Nifty IT Index Fund - Direct Plan - IDCW,10.5444
2023-09-22,152043,Bandhan Nifty IT Index Fund - Regular Plan - Growth,10.5402
2023-09-22,152044,Bandhan Nifty IT Index Fund - Regular Plan - IDCW,10.5401
2023-09-22,152045,Mahindra Manulife Business Cycle Fund - Direct Plan - Growth,9.9718
2023-09-22,152046,Mahindra Manulife Business Cycle Fund-  Regular Plan - Growth,9.9655
2023-09-22,152047,Mahindra Manulife Business Cycle Fund - Regular Plan - IDCW,9.9669
2023-09-22,152048,Mahindra Manulife Business Cycle Fund - Direct Plan - IDCW,9.9718
2023-09-22,152049,HDFC NIFTY 1D RATE LIQUID ETF,1000.0
2023-09-22,152050,UTI Nifty Midcap 150 Exchange Traded Fund,149.7516
2023-09-22,152051,Shriram Multi Asset Allocation Fund - Direct Growth,9.982
2023-09-22,152052,Shriram Multi Asset Allocation Fund - Regular Growth,9.974
2023-09-22,152057,HDFC Technology Fund - IDCW Option,10.048
2023-09-22,152058,HDFC Technology Fund - Growth Option,10.048
2023-09-22,152059,HDFC Technology Fund - Growth Option - Direct Plan,10.053
2023-09-22,152060,HDFC Technology Fund - IDCW Option - Direct Plan,10.053
2023-09-22,152061,NAVI BSE SENSEX INDEX FUND - REGULAR PLAN - GROWTH,10.0324
2023-09-22,152062,NAVI BSE SENSEX INDEX FUND - DIRECT PLAN - GROWTH,10.0362
2023-09-22,152067,quant Teck Fund - Growth Option - Direct Plan,9.9456
2023-09-22,152068,quant Teck Fund - IDCW Option - Direct Plan,9.9456
2023-09-22,152069,quant Teck Fund - IDCW Option - Regular Plan,9.9404
2023-09-22,152070,quant Teck Fund - Growth Option - Regular Plan,9.9404
2023-09-22,152077,Bajaj Finserv Arbitrage Fund-Direct Plan-Growth,10.014
2023-09-22,152078,Bajaj Finserv Arbitrage Fund- Regular Plan-Growth,10.012
2023-09-22,152079,Bajaj Finserv Arbitrage Fund-Regular Plan-IDCW,10.012
2023-09-22,152080,Bajaj Finserv Arbitrage Fund- Direct Plan-IDCW,10.014
2023-09-22,152085,NAVI NIFTY 50 ETF,196.7815
